,thetas,k1,k2,Qk,Bk
0,1.565796305961329,0.005,0.5,1.530295848867891,11212919.403835652
1,1.563848793432321,0.006947477471865687,0.5,1.4043152861317265,12143415.914156346
2,1.5611426882096773,0.009653488644416248,0.5,1.1155691204540992,10872342.748053951
3,1.5573824455572347,0.013413478976398628,0.5,1.1538392431356126,14930886.111137953
4,1.5521572789673859,0.018637968601574698,0.5,1.1054718907179297,14516203.690693488
5,1.5448960577424569,0.02589737339615605,0.5,1.1701346567359885,15257960.156840153
6,1.5348042727960247,0.035984283650057604,0.5,1.133926816828083,12520281.600249715
7,1.5207754699891265,0.049999999999999996,0.5,1.1741254566650925,10331228.002738822
8,1.5012655408366449,0.06947477471865687,0.5,1.1742660815292385,8205386.284569445
9,1.474110873568703,0.09653488644416247,0.5,1.2650674126983548,6000887.190602747
10,1.4362560163972982,0.1341347897639862,0.5,1.2871737001312658,4202686.615733155
11,1.383320358687044,0.186379686015747,0.5,1.4546075704137782,3124218.223230877
12,1.308836789867778,0.2589737339615605,0.5,1.56223121379644,2231168.5002713334
13,1.2026968861204101,0.3598428365005759,0.5,1.760913830875766,1755754.3233173054
14,1.0471975511965976,0.5,0.5,1.8883377533821546,1468589.1545989846
