,theta,Qk,Bk
0,0.0,0.38818630853370456,4585269455.013159
1,0.2243994752564138,0.38154000123716947,4498433455.182566
2,0.4487989505128276,0.3866761553404188,4526351690.871566
3,0.6731984257692414,0.3895769868931913,4511276441.532346
4,0.8975979010256552,0.38463132320694365,4395434844.335103
5,1.121997376282069,0.3861630631395143,4337305304.431091
6,1.3463968515384828,0.38846297543109287,4284217241.6654024
7,1.5707963267948966,0.3936834828965862,4256546912.330153
8,1.7951958020513104,0.39299486009808454,4170291894.7184305
9,2.019595277307724,0.3944702945901464,4113518915.760346
10,2.243994752564138,0.3963000129506664,4065745161.5253353
11,2.4683942278205517,0.40006523914411446,4053028601.023688
12,2.6927937030769655,0.4033574102172633,4048555426.6901345
13,2.9171931783333793,0.4096157748195804,4087167261.196458
14,3.141592653589793,0.40748524115613716,4056625966.607092
