,theta,Qk,Bk
0,0.0,1.9019194324144628,20335114.340476032
1,0.3490658503988659,1.8844982999666433,20044719.80368882
2,0.6981317007977318,1.8685842781631519,19554212.8189609
3,1.0471975511965976,1.8260184426016715,18631682.2592061
4,1.3962634015954636,1.8175832648725605,18068370.242784332
5,1.7453292519943295,1.7921544717084859,17467951.25793793
6,2.0943951023931953,1.8571617464846808,17897311.70697097
7,2.443460952792061,1.885941759899715,18090016.08393719
8,2.792526803190927,1.975946186912438,18948203.62359819
9,3.141592653589793,2.016958670851485,19338655.75315165
