,theta,Qk,Bk
0,0.0,2.3732371039782825,13251349.185139934
1,0.2243994752564138,2.3333047688476913,13043196.884732574
2,0.4487989505128276,2.257740861788822,12648204.739388345
3,0.6731984257692414,2.1085972181315533,11874948.977952901
4,0.8975979010256552,1.9734426124282483,11181852.136841182
5,1.121997376282069,1.8514589439602036,10584959.212767702
6,1.3463968515384828,1.7369596169151247,10020894.40875581
7,1.5707963267948966,1.7239761492474275,10066560.482847037
8,1.7951958020513104,1.7376805000501172,10249112.187280124
9,2.019595277307724,1.8250195327645093,10891747.634356856
10,2.243994752564138,1.9159812404710908,11563146.050985392
11,2.4683942278205517,2.084726856439354,12701295.734873904
12,2.6927937030769655,2.233295698929837,13699189.064108083
13,2.9171931783333793,2.408929991270428,14863021.331918247
14,3.141592653589793,2.4015178976150287,14829787.34326726
