,theta,Qk,Bk
0,0.0,1.9963215921723443,4419519.004181203
1,0.2243994752564138,1.9801837532478201,4387289.380993146
2,0.4487989505128276,1.8891193383803653,4195305.739984921
3,0.6731984257692414,1.7449933667591606,3890290.7981090522
4,0.8975979010256552,1.5890563729070137,3564753.0503451796
5,1.121997376282069,1.5097630891452474,3410284.1461762087
6,1.3463968515384828,1.440300955640826,3281656.6417637975
7,1.5707963267948966,1.3716197817283047,3152480.1967741903
8,1.7951958020513104,1.387981145159183,3221948.33367689
9,2.019595277307724,1.4397015385499867,3378678.4565384183
10,2.243994752564138,1.5700823586851382,3719339.5439432915
11,2.4683942278205517,1.705395993570001,4073433.652121582
12,2.6927937030769655,1.8443321494570843,4436660.670560715
13,2.9171931783333793,1.97293947816386,4763038.091361287
14,3.141592653589793,1.9410915302621614,4694667.616421271
