,theta,Qk,Bk
0,0.0,1.8384024720079948,2926757.1905931635
1,0.2243994752564138,1.8581838803073192,2961786.9551448324
2,0.4487989505128276,1.7971447696943703,2871415.233882437
3,0.6731984257692414,1.6733953473437029,2682502.280411483
4,0.8975979010256552,1.527574913502165,2463877.3827167535
5,1.121997376282069,1.4222284448446527,2309192.4668002157
6,1.3463968515384828,1.30109034295004,2129590.477126936
7,1.5707963267948966,1.2642559524935635,2088906.9076719482
8,1.7951958020513104,1.2992528037853484,2167317.0947607253
9,2.019595277307724,1.374544392518534,2315562.6523447856
10,2.243994752564138,1.4983655197564258,2548118.2066008346
11,2.4683942278205517,1.6343940710392968,2803943.608377058
12,2.6927937030769655,1.7548180248427407,3030615.7953191167
13,2.9171931783333793,1.8872908982230647,3274374.1211023442
14,3.141592653589793,1.8929612201373973,3290668.587389681
