,thetas,k1,k2,Qk,Bk
0,1.565796305961329,0.005,0.5,1.432888190722738,150156389.70156065
1,1.563848793432321,0.006947477471865687,0.5,1.5181529862353647,156277504.0354048
2,1.5611426882096773,0.009653488644416248,0.5,1.360931573254237,130230109.31878744
3,1.5573824455572347,0.013413478976398628,0.5,1.263955690330902,136532819.20500088
4,1.5521572789673859,0.018637968601574698,0.5,1.4015872437836467,138600451.0968297
5,1.5448960577424569,0.02589737339615605,0.5,1.3320762545788023,93349296.89784499
6,1.5348042727960247,0.035984283650057604,0.5,1.3746824211203157,62477482.838720016
7,1.5207754699891265,0.049999999999999996,0.5,1.3659982507035124,41253088.28237336
8,1.5012655408366449,0.06947477471865687,0.5,1.48374455127472,33960790.66720318
9,1.474110873568703,0.09653488644416247,0.5,1.6717704573602303,20567318.41960828
10,1.4362560163972982,0.1341347897639862,0.5,1.7488588876178237,14524932.241866115
11,1.383320358687044,0.186379686015747,0.5,2.1230856573140855,11087744.560666692
12,1.308836789867778,0.2589737339615605,0.5,2.3722570262639633,8131734.990132418
13,1.2026968861204101,0.3598428365005759,0.5,2.642497468403103,6379333.458424135
14,1.0471975511965976,0.5,0.5,2.748416310459455,5192906.159217757
