,thetas,k1,k2,Qk,Bk
0,1.565796305961329,0.005,0.5,1.658420517042001,771215399.1044455
1,1.563848793432321,0.006947477471865687,0.5,1.5993652332980295,874319786.1976104
2,1.5611426882096773,0.009653488644416248,0.5,1.542483532005504,843812368.5662858
3,1.5573824455572347,0.013413478976398628,0.5,1.4993471038655914,686623570.8062769
4,1.5521572789673859,0.018637968601574698,0.5,1.51945500282857,513252868.4733262
5,1.5448960577424569,0.02589737339615605,0.5,1.6195901375184543,299249382.0392361
6,1.5348042727960247,0.035984283650057604,0.5,1.7465510800724133,130545412.15484187
7,1.5207754699891265,0.049999999999999996,0.5,1.8237102400973748,73621601.58021033
8,1.5012655408366449,0.06947477471865687,0.5,1.7869502367070114,73320476.74299452
9,1.474110873568703,0.09653488644416247,0.5,2.3697420799999227,42616272.9378145
10,1.4362560163972982,0.1341347897639862,0.5,2.487912385743281,31525301.896827713
11,1.383320358687044,0.186379686015747,0.5,3.016853223842923,22748910.740395553
12,1.308836789867778,0.2589737339615605,0.5,3.566612457857859,17688232.190135613
13,1.2026968861204101,0.3598428365005759,0.5,4.0421715388685024,13956051.236878997
14,1.0471975511965976,0.5,0.5,4.107944811172622,10986585.690170359
