,theta,Qk,Bk
0,0.0,1.8593666407434142,6452335.803976064
1,0.2243994752564138,1.8449302824071125,6406884.608470656
2,0.4487989505128276,1.7929455984746405,6242792.433034159
3,0.6731984257692414,1.6818282578371457,5883154.67381061
4,0.8975979010256552,1.5655569044070963,5508817.042928257
5,1.121997376282069,1.4538012955941801,5151337.727586012
6,1.3463968515384828,1.3636938942142989,4871901.112774406
7,1.5707963267948966,1.3362644672073165,4823146.851157392
8,1.7951958020513104,1.361618318169976,4959900.405012579
9,2.019595277307724,1.4176826998150702,5220713.059961991
10,2.243994752564138,1.52728994031996,5680537.247602142
11,2.4683942278205517,1.6695665066622372,6260029.315961259
12,2.6927937030769655,1.7805238312699339,6719485.946393464
13,2.9171931783333793,1.8835457309487915,7141696.685234883
14,3.141592653589793,1.8661529056283603,7087712.9393795105
