,theta,Qk,Bk
0,0.0,1.5214593828247167,4635351.572761969
1,0.3490658503988659,1.4960147624935247,4533473.623775921
2,0.6981317007977318,1.4630338756034944,4354062.32416147
3,1.0471975511965976,1.4426277759791382,4182143.654509368
4,1.3962634015954636,1.3477656922654784,3801759.924152238
5,1.7453292519943295,1.3539228605786695,3731706.7804254256
6,2.0943951023931953,1.4332325980419816,3898037.61904969
7,2.443460952792061,1.5043673222711533,4063482.541370016
8,2.792526803190927,1.5128046712418273,4084575.6199607174
9,3.141592653589793,1.5679340159433537,4230858.115248218
