,theta,Qk,Bk
0,0.0,1.9388290300168227,22093796.71619181
1,0.2243994752564138,1.9170473233200256,21868098.64558152
2,0.4487989505128276,1.8802304316936997,21515946.789150033
3,0.6731984257692414,1.7525112638669613,20162967.316494722
4,0.8975979010256552,1.6714766971921637,19365909.65990807
5,1.121997376282069,1.60183240092175,18732239.967089083
6,1.3463968515384828,1.506310681063293,17797480.600140035
7,1.5707963267948966,1.509729018541932,18048310.556107678
8,1.7951958020513104,1.4965980812671182,18096317.149693325
9,2.019595277307724,1.5530733898452893,19017565.730853375
10,2.243994752564138,1.635995745006178,20252523.1980598
11,2.4683942278205517,1.7814553931907713,22287155.912633948
12,2.6927937030769655,1.8922686735948044,23846258.691284373
13,2.9171931783333793,1.9761433641319797,25034466.962721616
14,3.141592653589793,1.9895964318214685,25233783.60841674
