,theta,Qk,Bk
0,0.0,1.4781961188775714,9903874.99870723
1,0.3490658503988659,1.480956607865605,9864030.407333707
2,0.6981317007977318,1.5594957688302105,10200141.89630706
3,1.0471975511965976,1.5018567529954832,9572065.255135477
4,1.3962634015954636,1.4035363560967231,8691781.560131447
5,1.7453292519943295,1.4036750183816775,8502838.024900062
6,2.0943951023931953,1.4553065754865586,8703703.038963137
7,2.443460952792061,1.4986438113062994,8904467.632342028
8,2.792526803190927,1.5923158046779513,9447023.014333721
9,3.141592653589793,1.5354049407477115,9104343.552446494
