,theta,Qk,Bk
0,0.0,0.4237564842622772,5833883415.857416
1,0.2243994752564138,0.4223549250922136,5802016740.505406
2,0.4487989505128276,0.4175730615189938,5694590502.794551
3,0.6731984257692414,0.41750538595901765,5635752949.754246
4,0.8975979010256552,0.41915905488554456,5579526679.691405
5,1.121997376282069,0.4198152197718236,5501677426.343546
6,1.3463968515384828,0.4237979832900368,5450715509.642059
7,1.5707963267948966,0.4218482156101364,5323898239.835786
8,1.7951958020513104,0.4221695345638747,5232455649.835791
9,2.019595277307724,0.43016042879875765,5242009295.363766
10,2.243994752564138,0.4316767699327226,5181298428.631543
11,2.4683942278205517,0.4350196247415031,5154561300.416661
12,2.6927937030769655,0.4346470829377927,5103655195.0586605
13,2.9171931783333793,0.4416625042110421,5154010188.94692
14,3.141592653589793,0.4380962042138419,5100799499.002653
