,theta,Qk,Bk
0,0.0,1.6002037200874937,6775236.039919005
1,0.3490658503988659,1.4911752704752133,6270197.67261038
2,0.6981317007977318,1.6043468664916065,6631235.875806396
3,1.0471975511965976,1.5298719904539124,6160275.558964121
4,1.3962634015954636,1.4743605672313924,5778664.529458114
5,1.7453292519943295,1.4335201264369053,5488349.195223628
6,2.0943951023931953,1.5306712492662755,5792147.059171241
7,2.443460952792061,1.5163397246491883,5701441.94643788
8,2.792526803190927,1.6235970666420658,6097297.8580809785
9,3.141592653589793,1.6302399444708513,6117200.003452453
