,thetas,k1,k2,Qk,Bk
0,1.565796305961329,0.005,0.5,1.3204324646109644,108643334.77506767
1,1.563848793432321,0.006947477471865687,0.5,1.2453404540681956,116582671.88167265
2,1.5611426882096773,0.009653488644416248,0.5,1.2766158185217114,126605759.08437006
3,1.5573824455572347,0.013413478976398628,0.5,1.319908959513433,138021737.15357986
4,1.5521572789673859,0.018637968601574698,0.5,1.2708901632595102,127419550.71103767
5,1.5448960577424569,0.02589737339615605,0.5,1.2949864014123376,117849806.07835402
6,1.5348042727960247,0.035984283650057604,0.5,1.2956249460133262,86247390.90640064
7,1.5207754699891265,0.049999999999999996,0.5,1.2862890314079534,68760724.0148784
8,1.5012655408366449,0.06947477471865687,0.5,1.3752072640702906,52149813.282428496
9,1.474110873568703,0.09653488644416247,0.5,1.4385558402784646,35576827.249115676
10,1.4362560163972982,0.1341347897639862,0.5,1.5982420247350437,26536708.967840407
11,1.383320358687044,0.186379686015747,0.5,1.7955145936067722,19911191.655387282
12,1.308836789867778,0.2589737339615605,0.5,2.0597870895727257,15804813.867036542
13,1.2026968861204101,0.3598428365005759,0.5,2.2267647712898717,12483514.392070621
14,1.0471975511965976,0.5,0.5,2.1903644948917007,9944364.991315925
