,theta,Qk,Bk
0,0.0,1.8437390733004182,37503148.63482191
1,0.3490658503988659,1.822602779739834,36917964.68366905
2,0.6981317007977318,1.8446405541840873,36750315.50797348
3,1.0471975511965976,1.8495346697095665,36018412.70499393
4,1.3962634015954636,1.7970197120660392,34177720.84767532
5,1.7453292519943295,1.7907002390210596,33463170.22884149
6,2.0943951023931953,1.8535929590010094,34291245.40084293
7,2.443460952792061,1.869839776332174,34476025.29165909
8,2.792526803190927,1.9452678927544984,35866357.53131685
9,3.141592653589793,1.9347946403869274,35700177.91428192
