,thetas,k1,k2,Qk,Bk
0,1.565796305961329,0.005,0.5,1.0804053115091201,3090613.651401994
1,1.563848793432321,0.006947477471865687,0.5,0.7304729716998626,2739249.1721921787
2,1.5611426882096773,0.009653488644416248,0.5,0.818068250784865,3703736.7226060336
3,1.5573824455572347,0.013413478976398628,0.5,1.2057052380062312,6499972.89398202
4,1.5521572789673859,0.018637968601574698,0.5,1.0828420138920012,6615795.968789474
5,1.5448960577424569,0.02589737339615605,0.5,1.057369696029811,6843285.929379677
6,1.5348042727960247,0.035984283650057604,0.5,1.1002441418166151,6906163.78788206
7,1.5207754699891265,0.049999999999999996,0.5,1.1299174786966573,5983150.882874394
8,1.5012655408366449,0.06947477471865687,0.5,1.0841128427124804,4940590.963674764
9,1.474110873568703,0.09653488644416247,0.5,1.0788616772005555,3651167.9512209673
10,1.4362560163972982,0.1341347897639862,0.5,1.2477438070720597,3094781.3001168976
11,1.383320358687044,0.186379686015747,0.5,1.2713693589793438,2121241.861516271
12,1.308836789867778,0.2589737339615605,0.5,1.4002289421721161,1595939.1986326405
13,1.2026968861204101,0.3598428365005759,0.5,1.5588164056731162,1247848.5394883745
14,1.0471975511965976,0.5,0.5,1.6479907132941343,1029347.4701764849
