,thetas,k1,k2,Qk,Bk
0,1.565796305961329,0.005,0.5,1.196740751097125,10720538.163844952
1,1.563848793432321,0.006947477471865687,0.5,1.1686407538594326,13865346.583360294
2,1.5611426882096773,0.009653488644416248,0.5,1.0837518132815824,15955025.487146026
3,1.5573824455572347,0.013413478976398628,0.5,1.1609943108105407,21804132.763604082
4,1.5521572789673859,0.018637968601574698,0.5,1.093147807323921,22711340.337948743
5,1.5448960577424569,0.02589737339615605,0.5,1.1415730018441552,22939167.806177713
6,1.5348042727960247,0.035984283650057604,0.5,1.161666151196487,19155648.10685535
7,1.5207754699891265,0.049999999999999996,0.5,1.117756674773104,14345924.848435542
8,1.5012655408366449,0.06947477471865687,0.5,1.1808522877523957,12264979.664345656
9,1.474110873568703,0.09653488644416247,0.5,1.264591972957336,9316551.008125922
10,1.4362560163972982,0.1341347897639862,0.5,1.2973087521466888,6416796.340239957
11,1.383320358687044,0.186379686015747,0.5,1.4489329615482105,4757169.929875379
12,1.308836789867778,0.2589737339615605,0.5,1.6228073295407086,3670944.8128921036
13,1.2026968861204101,0.3598428365005759,0.5,1.7558589615284925,2860849.8976510596
14,1.0471975511965976,0.5,0.5,1.8133717134324547,2358731.935668335
