,theta,Qk,Bk
0,0.0,0.5279484814975786,12507419093.826767
1,0.2243994752564138,0.5300263754206818,12522763895.16309
2,0.4487989505128276,0.5225721526823098,12273391617.509817
3,0.6731984257692414,0.5186109755452123,12063635406.634577
4,0.8975979010256552,0.5241081348846549,12034188586.006046
5,1.121997376282069,0.5205351885765286,11771243642.128084
6,1.3463968515384828,0.5215606698487262,11587938458.141747
7,1.5707963267948966,0.5227373808143003,11413206817.30728
8,1.7951958020513104,0.5287772422994833,11349748911.874754
9,2.019595277307724,0.5305038331044377,11204658747.050352
10,2.243994752564138,0.5340803519799779,11107513955.023067
11,2.4683942278205517,0.5393663361022556,11095444306.666164
12,2.6927937030769655,0.5458725164284828,11127810299.715578
13,2.9171931783333793,0.548855285054486,11135162770.214832
14,3.141592653589793,0.5499935491346075,11138506285.69227
