,theta,Qk,Bk
0,0.0,2.072558540139038,1768034.206019599
1,0.2243994752564138,2.055181064548662,1755144.773234831
2,0.4487989505128276,1.9552060620139284,1672931.1857334103
3,0.6731984257692414,1.809802984092538,1555083.2583186573
4,0.8975979010256552,1.65696961630944,1432283.7568769292
5,1.121997376282069,1.5211613916086988,1324990.9428313347
6,1.3463968515384828,1.3550685753575291,1190635.97150987
7,1.5707963267948966,1.3287242601017615,1178777.0712239998
8,1.7951958020513104,1.352413093673859,1212716.5521813494
9,2.019595277307724,1.4489628147848812,1313911.971589481
10,2.243994752564138,1.5794878303198872,1446932.0337508465
11,2.4683942278205517,1.771018578526792,1637045.3124239463
12,2.6927937030769655,2.004251890475946,1866274.4366987206
13,2.9171931783333793,2.093038678246377,1957128.773905115
14,3.141592653589793,2.101144111341131,1968170.5779658572
