,theta,Qk,Bk
0,0.0,1.6747030797077502,2665631.978577964
1,0.3490658503988659,1.6179583313244217,2563934.83984298
2,0.6981317007977318,1.620483374783649,2524627.4852938945
3,1.0471975511965976,1.5155582925440527,2303580.6623719516
4,1.3962634015954636,1.4877949196008327,2201876.0793575197
5,1.7453292519943295,1.4748449608206768,2140045.8239467666
6,2.0943951023931953,1.5030197466869282,2158699.0212241616
7,2.443460952792061,1.5697109386901216,2244240.9451378006
8,2.792526803190927,1.5900008777252248,2273566.844517414
9,3.141592653589793,1.6992423323715933,2430011.4479878186
