,theta,Qk,Bk
0,0.0,2.6198346296591546,37177426.338015124
1,0.3490658503988659,2.576464948591941,36434746.538376026
2,0.6981317007977318,2.489362422211048,34627098.29202458
3,1.0471975511965976,2.4431570777982357,33171330.576428402
4,1.3962634015954636,2.4269863238444924,32196566.90863032
5,1.7453292519943295,2.4408814005574593,31828976.200596932
6,2.0943951023931953,2.4833335922517357,32095096.70837227
7,2.443460952792061,2.535092873074052,32698715.354712017
8,2.792526803190927,2.6557795905979713,34240224.07997135
9,3.141592653589793,2.7480172746071188,35461334.98574619
