,theta,Qk,Bk
0,0.0,1.5993777376214557,6679271.744828992
1,0.3490658503988659,1.495102303855284,6201928.943642879
2,0.6981317007977318,1.6098636073621302,6565416.390931475
3,1.0471975511965976,1.5364697996351913,6106276.854753194
4,1.3962634015954636,1.4787231445879414,5723166.18424366
5,1.7453292519943295,1.440524298123755,5448635.110158647
6,2.0943951023931953,1.534848737085807,5739635.0493925605
7,2.443460952792061,1.519642989398145,5648987.837659973
8,2.792526803190927,1.6217821424609888,6022902.875991732
9,3.141592653589793,1.6329699121185914,6059657.061110626
