,theta,Qk,Bk
0,0.0,1.6693866248963956,2634406.934183605
1,0.3490658503988659,1.6156703283195901,2538578.5771404123
2,0.6981317007977318,1.6229161544283062,2507478.544511496
3,1.0471975511965976,1.5255445764751079,2299975.1719927858
4,1.3962634015954636,1.495195792873027,2195801.4229681822
5,1.7453292519943295,1.478739141190543,2130184.232240746
6,2.0943951023931953,1.511884173769663,2156408.835944533
7,2.443460952792061,1.573077819540066,2234140.767396738
8,2.792526803190927,1.591792025607362,2261490.7505486496
9,3.141592653589793,1.6959928604866563,2410020.5000048927
