,thetas,k1,k2,Qk,Bk
0,1.565796305961329,0.005,0.5,1.3108753012525591,107084218.84280884
1,1.563848793432321,0.006947477471865687,0.5,1.2389010325003684,115092741.31379598
2,1.5611426882096773,0.009653488644416248,0.5,1.2746655038997516,125548752.88959658
3,1.5573824455572347,0.013413478976398628,0.5,1.3232981779689732,137462606.51722515
4,1.5521572789673859,0.018637968601574698,0.5,1.2704017184966132,126490727.0793966
5,1.5448960577424569,0.02589737339615605,0.5,1.2964923163165853,117188720.70451574
6,1.5348042727960247,0.035984283650057604,0.5,1.2967648509129168,85626689.83555678
7,1.5207754699891265,0.049999999999999996,0.5,1.2843163199420586,68050405.69310953
8,1.5012655408366449,0.06947477471865687,0.5,1.3738580854232758,51717164.906113796
9,1.474110873568703,0.09653488644416247,0.5,1.437767424625785,35226384.961633146
10,1.4362560163972982,0.1341347897639862,0.5,1.596429414549156,26255870.990737326
11,1.383320358687044,0.186379686015747,0.5,1.7917987084818237,19650308.96673039
12,1.308836789867778,0.2589737339615605,0.5,2.0547104368189975,15557150.298612101
13,1.2026968861204101,0.3598428365005759,0.5,2.2199903483287993,12243041.118328514
14,1.0471975511965976,0.5,0.5,2.1826758174320577,9711431.760332916
