,theta,Qk,Bk
0,0.0,1.831869420910434,2878221.2968525486
1,0.2243994752564138,1.854011579479054,2916525.216272668
2,0.4487989505128276,1.7914883160863726,2825339.331303729
3,0.6731984257692414,1.6748659556720698,2650557.5616311277
4,0.8975979010256552,1.5281815479689942,2433739.4255015994
5,1.121997376282069,1.425994605589169,2286966.383934171
6,1.3463968515384828,1.308500990603481,2115893.6929449714
7,1.5707963267948966,1.2720634265305812,2077247.3685102428
8,1.7951958020513104,1.3063871594265508,2154439.84768333
9,2.019595277307724,1.3801778915505838,2299246.442698891
10,2.243994752564138,1.5033221861519706,2528848.5931077367
11,2.4683942278205517,1.6336307108371382,2772837.460247959
12,2.6927937030769655,1.755262629887446,2999575.2132980716
13,2.9171931783333793,1.8836151382530457,3233978.2817630568
14,3.141592653589793,1.8904120766271204,3252043.532164427
