,thetas,k1,k2,Qk,Bk
0,1.565796305961329,0.005,0.5,0.9949944323757643,2442750.9012459754
1,1.563848793432321,0.006947477471865687,0.5,1.0027623217304604,2836543.352261944
2,1.5611426882096773,0.009653488644416248,0.5,1.1871234554168346,3452548.598901005
3,1.5573824455572347,0.013413478976398628,0.5,1.2705706017257439,4349068.892923207
4,1.5521572789673859,0.018637968601574698,0.5,1.1458473777902982,4307247.452294786
5,1.5448960577424569,0.02589737339615605,0.5,1.0696406005831058,4346842.254477008
6,1.5348042727960247,0.035984283650057604,0.5,1.1971136162330422,4531486.124787349
7,1.5207754699891265,0.049999999999999996,0.5,1.0817226586418753,3416302.4706259323
8,1.5012655408366449,0.06947477471865687,0.5,1.1152711183382926,2963659.3412497714
9,1.474110873568703,0.09653488644416247,0.5,1.1297677963346864,2239861.0779552176
10,1.4362560163972982,0.1341347897639862,0.5,1.2219444842781277,1655925.9158848291
11,1.383320358687044,0.186379686015747,0.5,1.3472502034138816,1202697.31365363
12,1.308836789867778,0.2589737339615605,0.5,1.3616522421856676,810780.8047861708
13,1.2026968861204101,0.3598428365005759,0.5,1.6096944033518792,650539.3729329394
14,1.0471975511965976,0.5,0.5,1.8136502615129741,545612.1186962071
