,theta,Qk,Bk
0,0.0,0.543420778120361,12819040943.18532
1,0.2243994752564138,0.5452342003247757,12827794740.714811
2,0.4487989505128276,0.5377901537745751,12574494583.394072
3,0.6731984257692414,0.5344146574220006,12382439548.47243
4,0.8975979010256552,0.5402215295070733,12349717878.080042
5,1.121997376282069,0.5373689800780197,12095377869.67615
6,1.3463968515384828,0.5366493419159345,11868064291.094776
7,1.5707963267948966,0.5415521485831628,11770846436.649668
8,1.7951958020513104,0.5453435408008414,11648994540.595396
9,2.019595277307724,0.5430381714902366,11418117267.732601
10,2.243994752564138,0.5545126269408884,11484869673.97708
11,2.4683942278205517,0.556578823111602,11401028019.945148
12,2.6927937030769655,0.5641502281443793,11448178868.606848
13,2.9171931783333793,0.5705156836303388,11519214744.977407
14,3.141592653589793,0.5678911610162637,11446740957.296675
