,theta,Qk,Bk
0,0.0,2.364804775035324,13064802.419157237
1,0.2243994752564138,2.3269329497405637,12870784.314645926
2,0.4487989505128276,2.2567148935011114,12510751.06293808
3,0.6731984257692414,2.1099225397474908,11758984.990386168
4,0.8975979010256552,1.9811574865987958,11110779.483191332
5,1.121997376282069,1.8617280248847998,10536996.748404786
6,1.3463968515384828,1.7500359214911854,9997020.61080527
7,1.5707963267948966,1.7379314062796902,10050267.585823238
8,1.7951958020513104,1.7470891655941747,10208401.679308744
9,2.019595277307724,1.8342967848400182,10846387.506462872
10,2.243994752564138,1.9237075021305536,11506081.338946605
11,2.4683942278205517,2.086226536214908,12598823.09006098
12,2.6927937030769655,2.23127739759553,13568703.894193185
13,2.9171931783333793,2.40288634330114,14697916.880169729
14,3.141592653589793,2.391469498589616,14640277.771669794
