,theta,Qk,Bk
0,0.0,0.41724533932132934,5727333993.583065
1,0.2243994752564138,0.4174090651011719,5713794000.751438
2,0.4487989505128276,0.4139661815721238,5627311836.566961
3,0.6731984257692414,0.4150010728117194,5582595335.11309
4,0.8975979010256552,0.4122813634319089,5468205018.500537
5,1.121997376282069,0.41616425993824385,5432781797.897819
6,1.3463968515384828,0.4202485524055559,5385126458.358605
7,1.5707963267948966,0.418723887121752,5265293962.939572
8,1.7951958020513104,0.41928061409417106,5176891156.762114
9,2.019595277307724,0.42618908129861355,5172820397.078582
10,2.243994752564138,0.4266437303175717,5099638317.064723
11,2.4683942278205517,0.42800194780795064,5048528580.661459
12,2.6927937030769655,0.428890839144042,5013460172.035374
13,2.9171931783333793,0.435985984889686,5063625140.033075
14,3.141592653589793,0.4339990440400851,5030020993.71411
