,theta,Qk,Bk
0,0.0,0.41147521981012397,5760209643.883887
1,0.2243994752564138,0.41460210119824525,5788870668.045083
2,0.4487989505128276,0.42276755172467273,5862261076.32737
3,0.6731984257692414,0.4196755704360569,5760363168.012011
4,0.8975979010256552,0.42233843594409215,5720325569.665581
5,1.121997376282069,0.41965643835202737,5588881025.336402
6,1.3463968515384828,0.42348070506807706,5537830379.738689
7,1.5707963267948966,0.41978115210011085,5385542809.582939
8,1.7951958020513104,0.4305840739403354,5423499567.290345
9,2.019595277307724,0.4308606254025115,5335266660.423193
10,2.243994752564138,0.42968674247898786,5238909029.508314
11,2.4683942278205517,0.4366421672628867,5258569411.370826
12,2.6927937030769655,0.4379354855269565,5223613410.202775
13,2.9171931783333793,0.44240387711832546,5247128969.858712
14,3.141592653589793,0.4274765036780045,5058205795.711458
