,theta,Qk,Bk
0,0.0,1.9922311976942038,4355421.299085339
1,0.2243994752564138,1.9786896815531307,4329256.19012844
2,0.4487989505128276,1.8849738404011056,4134471.502658039
3,0.6731984257692414,1.7468063031778682,3846853.4754838017
4,0.8975979010256552,1.5920927372063411,3528814.156886598
5,1.121997376282069,1.5147150615575025,3381373.166124689
6,1.3463968515384828,1.446525770012954,3258075.922045853
7,1.5707963267948966,1.3781200671554485,3131918.428166883
8,1.7951958020513104,1.3946173121839813,3202142.904352701
9,2.019595277307724,1.4450405343981951,3355107.927223008
10,2.243994752564138,1.572211548852538,3685536.113966194
11,2.4683942278205517,1.7053275585085614,4031801.9791494394
12,2.6927937030769655,1.8440056649277952,4391384.451880091
13,2.9171931783333793,1.9679490403769329,4703869.768539039
14,3.141592653589793,1.937808351815245,4640324.443571575
