,theta,Qk,Bk
0,0.0,2.308891544187892,24189007.884628154
1,0.2243994752564138,2.288523090149263,24000605.09947157
2,0.4487989505128276,2.1718002412063635,22856284.127599187
3,0.6731984257692414,2.0816129073788368,22034980.37873639
4,0.8975979010256552,1.9636857315184135,20939528.543628473
5,1.121997376282069,1.8681426363579259,20110377.49226405
6,1.3463968515384828,1.7895261705618497,19483596.96188165
7,1.5707963267948966,1.7801049102134308,19611173.221691657
8,1.7951958020513104,1.7918367412794773,19998968.846260436
9,2.019595277307724,1.8319981468922792,20721037.210469574
10,2.243994752564138,1.941379970674843,22213138.323600832
11,2.4683942278205517,2.075480915109422,24008739.876055095
12,2.6927937030769655,2.2311727857005987,26012716.079734433
13,2.9171931783333793,2.3497347684503938,27552188.5774411
14,3.141592653589793,2.3710376138196634,27856132.085018806
