,theta,Qk,Bk
0,0.0,2.0666245517577084,1750097.0667484447
1,0.2243994752564138,2.0492431396716517,1737393.0777032403
2,0.4487989505128276,1.954310148992407,1660112.8107419664
3,0.6731984257692414,1.8137939297878505,1547526.7969784571
4,0.8975979010256552,1.6631754787493238,1427777.046733455
5,1.121997376282069,1.523959407108608,1318543.5666460746
6,1.3463968515384828,1.3621493031774703,1189119.1320171317
7,1.5707963267948966,1.3418415044851015,1183061.6507787188
8,1.7951958020513104,1.3602962885962842,1212592.6153897916
9,2.019595277307724,1.4533344056128175,1310376.6913133585
10,2.243994752564138,1.5820927009918242,1441365.5694503014
11,2.4683942278205517,1.770675793414968,1627946.6684751909
12,2.6927937030769655,2.003392066117277,1855773.949828893
13,2.9171931783333793,2.0862471888296805,1940735.589557369
14,3.141592653589793,2.091552872698165,1949174.747611272
