,theta,Qk,Bk
0,0.0,0.5116161066658538,10753923971.877544
1,0.2243994752564138,0.5095516711785001,10687983880.79162
2,0.4487989505128276,0.5147619039979648,10718835316.742458
3,0.6731984257692414,0.504089412493079,10398170119.301441
4,0.8975979010256552,0.5116552953028242,10408139325.36216
5,1.121997376282069,0.5068478451675389,10158548299.563606
6,1.3463968515384828,0.5092535735032655,10022583913.577944
7,1.5707963267948966,0.5078561652014802,9829257468.403246
8,1.7951958020513104,0.5096477039254677,9687042065.538097
9,2.019595277307724,0.5206369816452103,9730814115.303555
10,2.243994752564138,0.5197076907294854,9576883003.023855
11,2.4683942278205517,0.5220949369404955,9514671541.441103
12,2.6927937030769655,0.527460817106357,9524090010.637766
13,2.9171931783333793,0.5378978936636755,9660413930.682945
14,3.141592653589793,0.5337779929608021,9557210223.285543
