,theta,Qk,Bk
0,0.0,1.849145599001976,37073750.42931362
1,0.3490658503988659,1.8290153674229481,36511199.258197814
2,0.6981317007977318,1.8441554047333346,36211019.798872784
3,1.0471975511965976,1.8528249319054781,35569218.9239029
4,1.3962634015954636,1.801934318649478,33792800.99539617
5,1.7453292519943295,1.7978270223170956,33130604.82080289
6,2.0943951023931953,1.860580900438802,33955040.63012691
7,2.443460952792061,1.8733037545078863,34079380.04669588
8,2.792526803190927,1.9463795226623861,35416269.06739026
9,3.141592653589793,1.931125113776406,35159550.44435174
