,thetas,k1,k2,Qk,Bk
0,1.565796305961329,0.005,0.5,1.2141118171621277,195836700.33799556
1,1.563848793432321,0.006947477471865687,0.5,1.2843037778539759,252444005.59753498
2,1.5611426882096773,0.009653488644416248,0.5,1.3620539970097194,326208947.7744824
3,1.5573824455572347,0.013413478976398628,0.5,1.3330362254446326,317577954.161634
4,1.5521572789673859,0.018637968601574698,0.5,1.4065617039207876,289196892.12601113
5,1.5448960577424569,0.02589737339615605,0.5,1.3784209518624613,206196332.7453975
6,1.5348042727960247,0.035984283650057604,0.5,1.3910715511836993,127670852.0121944
7,1.5207754699891265,0.049999999999999996,0.5,1.4745379826003486,85606531.552211
8,1.5012655408366449,0.06947477471865687,0.5,1.5300602669845902,69808198.5131214
9,1.474110873568703,0.09653488644416247,0.5,1.6866798696595973,40784268.8867386
10,1.4362560163972982,0.1341347897639862,0.5,1.8822174183959952,31649588.963110734
11,1.383320358687044,0.186379686015747,0.5,2.1834474277275966,23428935.065935362
12,1.308836789867778,0.2589737339615605,0.5,2.5226160748593682,18244646.82539738
13,1.2026968861204101,0.3598428365005759,0.5,2.778962724052983,14396003.990799716
14,1.0471975511965976,0.5,0.5,2.792008785027034,11458913.400328837
