,theta,Qk,Bk
0,0.0,1.8554470897338595,6338499.554240131
1,0.2243994752564138,1.8410287966024508,6294149.384643026
2,0.4487989505128276,1.7902527534242916,6137079.801809257
3,0.6731984257692414,1.6827235109183174,5796058.450634261
4,0.8975979010256552,1.5689626031209403,5437362.361562364
5,1.121997376282069,1.4579816940636598,5089105.073090044
6,1.3463968515384828,1.3709574649300582,4826498.48199021
7,1.5707963267948966,1.346416204412173,4790401.209012999
8,1.7951958020513104,1.3678523208008193,4912705.641294908
9,2.019595277307724,1.423901714103027,5171631.045206153
10,2.243994752564138,1.5323968438515132,5622918.508537726
11,2.4683942278205517,1.6704099841289055,6179854.86937325
12,2.6927937030769655,1.7774905640972738,6620334.414325616
13,2.9171931783333793,1.8790236484423417,7031957.960334471
14,3.141592653589793,1.8609570557285582,6976229.659882293
