,theta,Qk,Bk
0,0.0,3.0692127259001554,22806980.10906294
1,0.2243994752564138,3.0842497975596226,22955354.25935677
2,0.4487989505128276,2.9583041706884456,22085920.555187307
3,0.6731984257692414,2.763237395039613,20745095.890729796
4,0.8975979010256552,2.6420645954445505,19982978.12138573
5,1.121997376282069,2.4775545960445826,18908726.944010776
6,1.3463968515384828,2.4136937137521004,18632221.57973028
7,1.5707963267948966,2.3668583343904674,18505578.47795063
8,1.7951958020513104,2.41094371785448,19090363.70089658
9,2.019595277307724,2.447624892927954,19632129.49102012
10,2.243994752564138,2.6067667957278475,21173636.00970367
11,2.4683942278205517,2.7911780790666056,22916135.70694912
12,2.6927937030769655,3.0034401787446683,24878983.924133252
13,2.9171931783333793,3.1430262435351883,26170979.317755904
14,3.141592653589793,3.1402578059143496,26203781.37683663
