,theta,Qk,Bk
0,0.0,1.904678737040461,20127733.703836504
1,0.3490658503988659,1.8923942503050424,19894328.560165122
2,0.6981317007977318,1.8720816715577957,19367094.623156108
3,1.0471975511965976,1.8331704547987477,18495987.58177527
4,1.3962634015954636,1.8299080631396123,17993483.487794027
5,1.7453292519943295,1.8008668702160064,17369072.155243624
6,2.0943951023931953,1.8603724267972956,17746201.257460494
7,2.443460952792061,1.88965906435608,17946625.584147897
8,2.792526803190927,1.9783569606076152,18786514.172390945
9,3.141592653589793,2.019441547784743,19174409.854694188
