,thetas,k1,k2,Qk,Bk
0,1.565796305961329,0.005,0.5,1.0877711347661998,3100452.1427357974
1,1.563848793432321,0.006947477471865687,0.5,0.7298637809654758,2727843.237228724
2,1.5611426882096773,0.009653488644416248,0.5,0.8207980658444454,3703841.531116337
3,1.5573824455572347,0.013413478976398628,0.5,1.1989702563028566,6444331.332679859
4,1.5521572789673859,0.018637968601574698,0.5,1.0833117304584796,6595467.499402499
5,1.5448960577424569,0.02589737339615605,0.5,1.0650263282977088,6869422.630439385
6,1.5348042727960247,0.035984283650057604,0.5,1.1057231497880462,6916754.196077886
7,1.5207754699891265,0.049999999999999996,0.5,1.1321597438785835,5973068.503141706
8,1.5012655408366449,0.06947477471865687,0.5,1.0878776523968778,4940690.049242214
9,1.474110873568703,0.09653488644416247,0.5,1.0804487297573309,3642393.407296271
10,1.4362560163972982,0.1341347897639862,0.5,1.2527068366035217,3094967.8541723797
11,1.383320358687044,0.186379686015747,0.5,1.2718807293346504,2112650.5187101825
12,1.308836789867778,0.2589737339615605,0.5,1.4030089413057159,1591300.999884161
13,1.2026968861204101,0.3598428365005759,0.5,1.5591762415935786,1240534.6599585856
14,1.0471975511965976,0.5,0.5,1.650723978014642,1022233.0082472774
