,theta,Qk,Bk
0,0.0,1.5856877001813046,34041481.39451768
1,0.3490658503988659,1.5803467724559974,33788030.89801667
2,0.6981317007977318,1.5300685386657509,32206153.362449788
3,1.0471975511965976,1.5515899978392522,31872458.37831181
4,1.3962634015954636,1.5230176016789994,30529867.28842852
5,1.7453292519943295,1.553696212030739,30594252.330383006
6,2.0943951023931953,1.5535885287652322,30257675.208945878
7,2.443460952792061,1.6012922590922691,31068794.009691034
8,2.792526803190927,1.6552073797809355,32079761.780456267
9,3.141592653589793,1.692690322872273,32801495.134610154
