,thetas,k1,k2,Qk,Bk
0,1.565796305961329,0.005,0.5,1.1977535659584282,10707490.498221118
1,1.563848793432321,0.006947477471865687,0.5,1.1723750437319922,13859532.570589885
2,1.5611426882096773,0.009653488644416248,0.5,1.080875898403517,15834897.15299035
3,1.5573824455572347,0.013413478976398628,0.5,1.1632550656313563,21748000.183382023
4,1.5521572789673859,0.018637968601574698,0.5,1.0940895335055205,22630236.514301077
5,1.5448960577424569,0.02589737339615605,0.5,1.1424099347905172,22863227.475332085
6,1.5348042727960247,0.035984283650057604,0.5,1.1619407757319682,19072661.613135308
7,1.5207754699891265,0.049999999999999996,0.5,1.1196754957062223,14298131.182455946
8,1.5012655408366449,0.06947477471865687,0.5,1.1832054396491245,12234742.010558344
9,1.474110873568703,0.09653488644416247,0.5,1.2672103765873595,9285273.0334787
10,1.4362560163972982,0.1341347897639862,0.5,1.2999260972822837,6394151.976769419
11,1.383320358687044,0.186379686015747,0.5,1.4510148166242915,4732983.485695657
12,1.308836789867778,0.2589737339615605,0.5,1.6239159789247162,3645619.5208333367
13,1.2026968861204101,0.3598428365005759,0.5,1.7572949187824003,2835605.7013051505
14,1.0471975511965976,0.5,0.5,1.818347807954727,2334669.33336022
