,theta,Qk,Bk
0,0.0,0.6349189731901111,19512879690.198467
1,0.2243994752564138,0.6428147087341582,19722112431.503056
2,0.4487989505128276,0.6415175555771653,19552795538.311516
3,0.6731984257692414,0.6373212275079615,19236071731.546074
4,0.8975979010256552,0.6405044147967439,19087324177.840572
5,1.121997376282069,0.6329195061010563,18582793305.716072
6,1.3463968515384828,0.6383008615483037,18438722701.5989
7,1.5707963267948966,0.639097580029499,18157039675.72251
8,1.7951958020513104,0.6416248773220732,17909880790.794296
9,2.019595277307724,0.6421852608215326,17666651747.308376
10,2.243994752564138,0.651664143476654,17670297233.72863
11,2.4683942278205517,0.6598143787190057,17684018364.15603
12,2.6927937030769655,0.6691688666074734,17799112885.595566
13,2.9171931783333793,0.6667176354827046,17646833760.265633
14,3.141592653589793,0.6585713837324411,17396395193.995678
