,theta,Qk,Bk
0,0.0,1.5212770653393108,4567624.58161739
1,0.3490658503988659,1.498009405280426,4474573.693149274
2,0.6981317007977318,1.4694980435891638,4311795.405175085
3,1.0471975511965976,1.447653249898857,4138827.6411433853
4,1.3962634015954636,1.355919489830728,3773936.5365746915
5,1.7453292519943295,1.3609854843271827,3702834.8224981762
6,2.0943951023931953,1.4408535119575236,3870469.602383881
7,2.443460952792061,1.5059867678039562,4019181.5780727
8,2.792526803190927,1.5100016605806752,4028646.2742201677
9,3.141592653589793,1.571251315333068,4189914.7981701475
