,thetas,k1,k2,Qk,Bk
0,1.565796305961329,0.005,0.5,1.4299091029110345,149475365.2966977
1,1.563848793432321,0.006947477471865687,0.5,1.5166513354732867,155783716.82331628
2,1.5611426882096773,0.009653488644416248,0.5,1.3599191327519708,129851481.14178467
3,1.5573824455572347,0.013413478976398628,0.5,1.2635539123989985,136260719.54277036
4,1.5521572789673859,0.018637968601574698,0.5,1.4006163471751227,138293769.50502208
5,1.5448960577424569,0.02589737339615605,0.5,1.329808203951799,93058050.18670584
6,1.5348042727960247,0.035984283650057604,0.5,1.3741236571811557,62263499.73834411
7,1.5207754699891265,0.049999999999999996,0.5,1.3648467881593174,41079154.67112933
8,1.5012655408366449,0.06947477471865687,0.5,1.484549221765892,33932946.63398819
9,1.474110873568703,0.09653488644416247,0.5,1.6703137195583868,20481356.257467266
10,1.4362560163972982,0.1341347897639862,0.5,1.7475146858286064,14466028.317056725
11,1.383320358687044,0.186379686015747,0.5,2.1203924952623563,11031036.448423585
12,1.308836789867778,0.2589737339615605,0.5,2.367961784856746,8078253.491045171
13,1.2026968861204101,0.3598428365005759,0.5,2.6353906672476803,6322227.055280956
14,1.0471975511965976,0.5,0.5,2.7411171029544676,5133301.691817848
