,theta,Qk,Bk
0,0.0,0.38110149595511217,4511609379.375679
1,0.2243994752564138,0.38130718073082503,4507598718.913294
2,0.4487989505128276,0.3879029962061561,4551000817.1792
3,0.6731984257692414,0.3851631123351912,4473753345.8122835
4,0.8975979010256552,0.3834784230997185,4392278617.914807
5,1.121997376282069,0.3841488211138567,4325107118.898102
6,1.3463968515384828,0.3880786007066414,4287947782.4882717
7,1.5707963267948966,0.38928612509067423,4219632946.7090464
8,1.7951958020513104,0.3923815060562908,4171491301.594642
9,2.019595277307724,0.3915695121391796,4089899189.79797
10,2.243994752564138,0.39240040242087837,4032435950.0679
11,2.4683942278205517,0.39570433234797797,4014523608.7007446
12,2.6927937030769655,0.40467451373083574,4065711841.1610756
13,2.9171931783333793,0.4052242610307173,4049144146.6189814
14,3.141592653589793,0.4012683907671768,4002523445.940322
