,binsE,binsN,numN,numE
0,10000000000000.0,10000000000000.0,13851851,14609169
1,10722672220103.254,10722672220103.254,13491797,14419519
2,11497569953977.355,11497569953977.355,13059498,14178955
3,12328467394420.684,12328467394420.684,12557813,13883005
4,13219411484660.287,13219411484660.287,12004001,13520855
5,14174741629268.076,14174741629268.076,11419248,13087464
6,15199110829529.33,15199110829529.33,10256387,12051199
7,16297508346206.467,16297508346206.467,9709757,11474683
8,17475284000076.83,17475284000076.83,9201551,10875578
9,18738174228603.867,18738174228603.867,8312699,9826727
10,20092330025650.457,20092330025650.457,7921398,9365721
11,21544346900318.867,21544346900318.867,7228570,8547031
12,23101297000831.58,23101297000831.58,6633504,7839775
13,24770763559917.137,24770763559917.137,6114973,7223586
14,26560877829466.84,26560877829466.84,5660106,6682531
15,28480358684358.047,28480358684358.047,5257437,6203298
16,30538555088334.12,30538555088334.12,4736004,5579232
17,32745491628777.316,32745491628777.316,4293088,5045805
18,35111917342151.277,35111917342151.277,4033192,4732986
19,37649358067924.71,37649358067924.71,3687440,4316477
20,40370172585965.49,40370172585965.49,3293607,3840112
21,43287612810830.62,43287612810830.62,3038978,3532413
22,46415888336127.73,46415888336127.73,2743402,3174948
23,49770235643321.14,49770235643321.14,2489870,2866871
24,53366992312063.016,53366992312063.016,2269447,2601107
25,57223676593502.2,57223676593502.2,2033759,2316951
26,61359072734131.625,61359072734131.625,1831713,2074491
27,65793322465756.82,65793322465756.82,1657658,1867384
28,70548023107186.31,70548023107186.31,1479454,1654786
29,75646332755462.9,75646332755462.9,1327214,1475000
30,81113083078968.89,81113083078968.89,1197114,1321911
31,86974900261778.34,86974900261778.34,1066537,1170583
32,93260334688321.8,93260334688321.8,940617,1025773
33,100000000000000.0,100000000000000.0,834447,904506
34,107226722201032.53,107226722201032.53,744358,802697
35,114975699539773.56,114975699539773.56,649877,696048
36,123284673944206.33,123284673944206.33,570374,607610
37,132194114846602.88,132194114846602.88,502993,534107
38,141747416292680.78,141747416292680.78,435767,460801
39,151991108295293.3,151991108295293.3,379934,400253
40,162975083462064.66,162975083462064.66,329277,345818
41,174752840000768.28,174752840000768.28,284449,297553
42,187381742286038.7,187381742286038.7,244798,255464
43,200923300256504.6,200923300256504.6,209652,218514
44,215443469003188.66,215443469003188.66,177734,184854
45,231012970008315.8,231012970008315.8,151415,157158
46,247707635599171.38,247707635599171.38,127746,132399
47,265608778294668.4,265608778294668.4,107732,111223
48,284803586843580.5,284803586843580.5,89931,92893
49,305385550883341.2,305385550883341.2,74295,76670
50,327454916287773.1,327454916287773.1,61336,63318
51,351119173421512.75,351119173421512.75,50334,51925
52,376493580679247.1,376493580679247.1,40838,42015
53,403701725859655.0,403701725859655.0,33134,34082
54,432876128108306.2,432876128108306.2,26692,27458
55,464158883361277.25,464158883361277.25,21355,21962
56,497702356433211.4,497702356433211.4,16821,17308
57,533669923120630.1,533669923120630.1,13188,13601
58,572236765935022.0,572236765935022.0,10368,10674
59,613590727341316.2,613590727341316.2,7997,8227
60,657933224657568.1,657933224657568.1,6120,6314
61,705480231071863.1,705480231071863.1,4561,4714
62,756463327554629.0,756463327554629.0,3364,3511
63,811130830789689.0,811130830789689.0,2474,2528
64,869749002617783.4,869749002617783.4,1770,1819
65,932603346883218.0,932603346883218.0,1282,1319
66,1000000000000000.0,1000000000000000.0,894,909
67,1072267222010325.4,1072267222010325.4,604,609
68,1149756995397735.8,1149756995397735.8,436,437
69,1232846739442063.5,1232846739442063.5,288,288
70,1321941148466028.5,1321941148466028.5,192,202
71,1417474162926807.5,1417474162926807.5,128,129
72,1519911082952933.0,1519911082952933.0,89,91
73,1629750834620647.0,1629750834620647.0,62,62
74,1747528400007682.8,1747528400007682.8,38,35
75,1873817422860386.8,1873817422860386.8,18,19
76,2009233002565045.8,2009233002565045.8,10,13
77,2154434690031886.5,2154434690031886.5,4,3
78,2310129700083158.0,2310129700083158.0,3,2
79,2477076355991714.0,2477076355991714.0,2,2
80,2656087782946683.5,2656087782946683.5,2,2
81,2848035868435804.5,2848035868435804.5,0,0
82,3053855508833412.0,3053855508833412.0,0,0
83,3274549162877732.0,3274549162877732.0,0,0
84,3511191734215127.0,3511191734215127.0,0,0
85,3764935806792471.0,3764935806792471.0,0,0
86,4037017258596549.5,4037017258596549.5,0,0
87,4328761281083062.0,4328761281083062.0,0,0
88,4641588833612792.0,4641588833612792.0,0,0
89,4977023564332114.0,4977023564332114.0,0,0
90,5336699231206301.0,5336699231206301.0,0,0
91,5722367659350220.0,5722367659350220.0,0,0
92,6135907273413188.0,6135907273413188.0,0,0
93,6579332246575683.0,6579332246575683.0,0,0
94,7054802310718631.0,7054802310718631.0,0,0
95,7564633275546290.0,7564633275546290.0,0,0
96,8111308307896889.0,8111308307896889.0,0,0
97,8697490026177835.0,8697490026177835.0,0,0
98,9326033468832180.0,9326033468832180.0,0,0
99,1e+16,1e+16,0,0
