,binsE,binsN,numN,numE
0,10000000000000.0,10000000000000.0,13665031,14458131
1,10722672220103.254,10722672220103.254,13168512,14150282
2,11497569953977.355,11497569953977.355,12618698,13782901
3,12328467394420.684,12328467394420.684,12039395,13351581
4,13219411484660.287,13219411484660.287,11452541,12868646
5,14174741629268.076,14174741629268.076,10879851,12344003
6,15199110829529.33,15199110829529.33,10332659,11789476
7,16297508346206.467,16297508346206.467,9360638,10697040
8,17475284000076.83,17475284000076.83,8933194,10217316
9,18738174228603.867,18738174228603.867,8177655,9366807
10,20092330025650.457,20092330025650.457,7530080,8635607
11,21544346900318.867,21544346900318.867,6968814,7997377
12,23101297000831.58,23101297000831.58,6476213,7436474
13,24770763559917.137,24770763559917.137,6040839,6941550
14,26560877829466.84,26560877829466.84,5653179,6498391
15,28480358684358.047,28480358684358.047,5146257,5918035
16,30538555088334.12,30538555088334.12,4849345,5577461
17,32745491628777.316,32745491628777.316,4455073,5123364
18,35111917342151.277,35111917342151.277,4111865,4724709
19,37649358067924.71,37649358067924.71,3717882,4265787
20,40370172585965.49,40370172585965.49,3460719,3967509
21,43287612810830.62,43287612810830.62,3160601,3616902
22,46415888336127.73,46415888336127.73,2900663,3312668
23,49770235643321.14,49770235643321.14,2620154,2983570
24,53366992312063.016,53366992312063.016,2426144,2755151
25,57223676593502.2,57223676593502.2,2213327,2504414
26,61359072734131.625,61359072734131.625,1994539,2247199
27,65793322465756.82,65793322465756.82,1807848,2026969
28,70548023107186.31,70548023107186.31,1646211,1838615
29,75646332755462.9,75646332755462.9,1505629,1675919
30,81113083078968.89,81113083078968.89,1345800,1489556
31,86974900261778.34,86974900261778.34,1225264,1350536
32,93260334688321.8,93260334688321.8,1106737,1214545
33,100000000000000.0,100000000000000.0,992342,1083968
34,107226722201032.53,107226722201032.53,884535,962444
35,114975699539773.56,114975699539773.56,792821,859517
36,123284673944206.33,123284673944206.33,707183,763261
37,132194114846602.88,132194114846602.88,634136,681958
38,141747416292680.78,141747416292680.78,561417,601558
39,151991108295293.3,151991108295293.3,499880,533724
40,162975083462064.66,162975083462064.66,439799,468287
41,174752840000768.28,174752840000768.28,389277,413739
42,187381742286038.7,187381742286038.7,343701,364526
43,200923300256504.6,200923300256504.6,300562,318196
44,215443469003188.66,215443469003188.66,262643,277443
45,231012970008315.8,231012970008315.8,227662,240196
46,247707635599171.38,247707635599171.38,198757,209094
47,265608778294668.4,265608778294668.4,171222,179840
48,284803586843580.5,284803586843580.5,147692,155037
49,305385550883341.2,305385550883341.2,126608,132819
50,327454916287773.1,327454916287773.1,108379,113439
51,351119173421512.75,351119173421512.75,92256,96457
52,376493580679247.1,376493580679247.1,78057,81672
53,403701725859655.0,403701725859655.0,65883,68979
54,432876128108306.2,432876128108306.2,55329,57928
55,464158883361277.25,464158883361277.25,46351,48427
56,497702356433211.4,497702356433211.4,38381,40208
57,533669923120630.1,533669923120630.1,31620,33085
58,572236765935022.0,572236765935022.0,26006,27230
59,613590727341316.2,613590727341316.2,21306,22274
60,657933224657568.1,657933224657568.1,17214,18090
61,705480231071863.1,705480231071863.1,13801,14519
62,756463327554629.0,756463327554629.0,11105,11630
63,811130830789689.0,811130830789689.0,8803,9236
64,869749002617783.4,869749002617783.4,6906,7237
65,932603346883218.0,932603346883218.0,5348,5664
66,1000000000000000.0,1000000000000000.0,4113,4346
67,1072267222010325.4,1072267222010325.4,3180,3327
68,1149756995397735.8,1149756995397735.8,2359,2472
69,1232846739442063.5,1232846739442063.5,1745,1825
70,1321941148466028.5,1321941148466028.5,1278,1331
71,1417474162926807.5,1417474162926807.5,936,977
72,1519911082952933.0,1519911082952933.0,701,728
73,1629750834620647.0,1629750834620647.0,501,536
74,1747528400007682.8,1747528400007682.8,374,387
75,1873817422860386.8,1873817422860386.8,257,256
76,2009233002565045.8,2009233002565045.8,170,182
77,2154434690031886.5,2154434690031886.5,126,118
78,2310129700083158.0,2310129700083158.0,77,75
79,2477076355991714.0,2477076355991714.0,45,47
80,2656087782946683.5,2656087782946683.5,31,27
81,2848035868435804.5,2848035868435804.5,18,19
82,3053855508833412.0,3053855508833412.0,9,10
83,3274549162877732.0,3274549162877732.0,2,4
84,3511191734215127.0,3511191734215127.0,2,3
85,3764935806792471.0,3764935806792471.0,1,1
86,4037017258596549.5,4037017258596549.5,1,0
87,4328761281083062.0,4328761281083062.0,0,0
88,4641588833612792.0,4641588833612792.0,0,0
89,4977023564332114.0,4977023564332114.0,0,0
90,5336699231206301.0,5336699231206301.0,0,0
91,5722367659350220.0,5722367659350220.0,0,0
92,6135907273413188.0,6135907273413188.0,0,0
93,6579332246575683.0,6579332246575683.0,0,0
94,7054802310718631.0,7054802310718631.0,0,0
95,7564633275546290.0,7564633275546290.0,0,0
96,8111308307896889.0,8111308307896889.0,0,0
97,8697490026177835.0,8697490026177835.0,0,0
98,9326033468832180.0,9326033468832180.0,0,0
99,1e+16,1e+16,0,0
