,binsE,binsN,numN,numE
0,10000000000000.0,10000000000000.0,11384289,12104180
1,10722672220103.254,10722672220103.254,11118805,11983479
2,11497569953977.355,11497569953977.355,10777022,11815694
3,12328467394420.684,12328467394420.684,10777022,11815694
4,13219411484660.287,13219411484660.287,10375903,11601363
5,14174741629268.076,14174741629268.076,9925621,11333947
6,15199110829529.33,15199110829529.33,8936866,10614252
7,16297508346206.467,16297508346206.467,8436013,10164410
8,17475284000076.83,17475284000076.83,7952228,9675563
9,18738174228603.867,18738174228603.867,7496767,9163097
10,20092330025650.457,20092330025650.457,6689409,8155051
11,21544346900318.867,21544346900318.867,6337778,7717410
12,23101297000831.58,23101297000831.58,5720049,6947924
13,24770763559917.137,24770763559917.137,5195156,6293746
14,26560877829466.84,26560877829466.84,4962091,6001858
15,28480358684358.047,28480358684358.047,4542170,5479451
16,30538555088334.12,30538555088334.12,4009318,4814958
17,32745491628777.316,32745491628777.316,3707029,4437042
18,35111917342151.277,35111917342151.277,3437027,4100721
19,37649358067924.71,37649358067924.71,3086889,3663668
20,40370172585965.49,40370172585965.49,2787391,3290692
21,43287612810830.62,43287612810830.62,2530394,2968811
22,46415888336127.73,46415888336127.73,2307246,2691023
23,49770235643321.14,49770235643321.14,2052217,2374060
24,53366992312063.016,53366992312063.016,1836066,2106715
25,57223676593502.2,57223676593502.2,1650835,1879667
26,61359072734131.625,61359072734131.625,1492145,1685552
27,65793322465756.82,65793322465756.82,1322585,1479890
28,70548023107186.31,70548023107186.31,1178632,1307259
29,75646332755462.9,75646332755462.9,1055573,1161185
30,81113083078968.89,81113083078968.89,930639,1014540
31,86974900261778.34,86974900261778.34,825586,891550
32,93260334688321.8,93260334688321.8,722184,772769
33,100000000000000.0,100000000000000.0,635108,674847
34,107226722201032.53,107226722201032.53,561845,593237
35,114975699539773.56,114975699539773.56,483626,506600
36,123284673944206.33,123284673944206.33,425666,443208
37,132194114846602.88,132194114846602.88,365535,378597
38,141747416292680.78,141747416292680.78,316266,325262
39,151991108295293.3,151991108295293.3,271380,277519
40,162975083462064.66,162975083462064.66,234420,238751
41,174752840000768.28,174752840000768.28,198277,201426
42,187381742286038.7,187381742286038.7,168818,170843
43,200923300256504.6,200923300256504.6,143148,144528
44,215443469003188.66,215443469003188.66,120850,121622
45,231012970008315.8,231012970008315.8,100497,100987
46,247707635599171.38,247707635599171.38,84079,84361
47,265608778294668.4,265608778294668.4,69464,69660
48,284803586843580.5,284803586843580.5,57333,57261
49,305385550883341.2,305385550883341.2,46689,46619
50,327454916287773.1,327454916287773.1,38034,37883
51,351119173421512.75,351119173421512.75,30571,30368
52,376493580679247.1,376493580679247.1,24516,24270
53,403701725859655.0,403701725859655.0,19379,19201
54,432876128108306.2,432876128108306.2,15331,15195
55,464158883361277.25,464158883361277.25,12038,11894
56,497702356433211.4,497702356433211.4,9246,9177
57,533669923120630.1,533669923120630.1,7036,6992
58,572236765935022.0,572236765935022.0,5364,5318
59,613590727341316.2,613590727341316.2,4069,3990
60,657933224657568.1,657933224657568.1,2999,2960
61,705480231071863.1,705480231071863.1,2236,2203
62,756463327554629.0,756463327554629.0,1657,1626
63,811130830789689.0,811130830789689.0,1195,1158
64,869749002617783.4,869749002617783.4,848,841
65,932603346883218.0,932603346883218.0,579,577
66,1000000000000000.0,1000000000000000.0,406,395
67,1072267222010325.4,1072267222010325.4,287,279
68,1149756995397735.8,1149756995397735.8,210,202
69,1232846739442063.5,1232846739442063.5,145,136
70,1321941148466028.5,1321941148466028.5,91,90
71,1417474162926807.5,1417474162926807.5,57,52
72,1519911082952933.0,1519911082952933.0,36,33
73,1629750834620647.0,1629750834620647.0,19,13
74,1747528400007682.8,1747528400007682.8,8,8
75,1873817422860386.8,1873817422860386.8,3,4
76,2009233002565045.8,2009233002565045.8,1,1
77,2154434690031886.5,2154434690031886.5,0,0
78,2310129700083158.0,2310129700083158.0,0,0
79,2477076355991714.0,2477076355991714.0,0,0
80,2656087782946683.5,2656087782946683.5,0,0
81,2848035868435804.5,2848035868435804.5,0,0
82,3053855508833412.0,3053855508833412.0,0,0
83,3274549162877732.0,3274549162877732.0,0,0
84,3511191734215127.0,3511191734215127.0,0,0
85,3764935806792471.0,3764935806792471.0,0,0
86,4037017258596549.5,4037017258596549.5,0,0
87,4328761281083062.0,4328761281083062.0,0,0
88,4641588833612792.0,4641588833612792.0,0,0
89,4977023564332114.0,4977023564332114.0,0,0
90,5336699231206301.0,5336699231206301.0,0,0
91,5722367659350220.0,5722367659350220.0,0,0
92,6135907273413188.0,6135907273413188.0,0,0
93,6579332246575683.0,6579332246575683.0,0,0
94,7054802310718631.0,7054802310718631.0,0,0
95,7564633275546290.0,7564633275546290.0,0,0
96,8111308307896889.0,8111308307896889.0,0,0
97,8697490026177835.0,8697490026177835.0,0,0
98,9326033468832180.0,9326033468832180.0,0,0
99,1e+16,1e+16,0,0
