,binsE,binsN,numN,numE
0,10000000000000.0,10000000000000.0,9936093,10614550
1,10722672220103.254,10722672220103.254,9483254,10205790
2,11497569953977.355,11497569953977.355,9056381,9788852
3,12328467394420.684,12328467394420.684,8296333,8998477
4,13219411484660.287,13219411484660.287,7962866,8648946
5,14174741629268.076,14174741629268.076,7369405,8027338
6,15199110829529.33,15199110829529.33,6856259,7489236
7,16297508346206.467,16297508346206.467,6624887,7245041
8,17475284000076.83,17475284000076.83,6204842,6802023
9,18738174228603.867,18738174228603.867,5661346,6227816
10,20092330025650.457,20092330025650.457,5345726,5892879
11,21544346900318.867,21544346900318.867,5062127,5590566
12,23101297000831.58,23101297000831.58,4684174,5186024
13,24770763559917.137,24770763559917.137,4356253,4831977
14,26560877829466.84,26560877829466.84,4067707,4519999
15,28480358684358.047,28480358684358.047,3811777,4242450
16,30538555088334.12,30538555088334.12,3511598,3915754
17,32745491628777.316,32745491628777.316,3251031,3629728
18,35111917342151.277,35111917342151.277,3023219,3377923
19,37649358067924.71,37649358067924.71,2822525,3154748
20,40370172585965.49,40370172585965.49,2603432,2909037
21,43287612810830.62,43287612810830.62,2411929,2693929
22,46415888336127.73,46415888336127.73,2243786,2503878
23,49770235643321.14,49770235643321.14,2066823,2303383
24,53366992312063.016,53366992312063.016,1912428,2128488
25,57223676593502.2,57223676593502.2,1756148,1950214
26,61359072734131.625,61359072734131.625,1620590,1796479
27,65793322465756.82,65793322465756.82,1501704,1660832
28,70548023107186.31,70548023107186.31,1382499,1525209
29,75646332755462.9,75646332755462.9,1266075,1393526
30,81113083078968.89,81113083078968.89,1165163,1279171
31,86974900261778.34,86974900261778.34,1058310,1158646
32,93260334688321.8,93260334688321.8,974742,1064571
33,100000000000000.0,100000000000000.0,887563,966915
34,107226722201032.53,107226722201032.53,812578,882479
35,114975699539773.56,114975699539773.56,741962,803758
36,123284673944206.33,123284673944206.33,671998,725995
37,132194114846602.88,132194114846602.88,612149,659113
38,141747416292680.78,141747416292680.78,556470,598043
39,151991108295293.3,151991108295293.3,503099,539334
40,162975083462064.66,162975083462064.66,454483,486292
41,174752840000768.28,174752840000768.28,410545,438588
42,187381742286038.7,187381742286038.7,369665,393883
43,200923300256504.6,200923300256504.6,332987,354000
44,215443469003188.66,215443469003188.66,298938,317452
45,231012970008315.8,231012970008315.8,268621,284931
46,247707635599171.38,247707635599171.38,240028,254315
47,265608778294668.4,265608778294668.4,213902,226094
48,284803586843580.5,284803586843580.5,190886,201653
49,305385550883341.2,305385550883341.2,169197,178520
50,327454916287773.1,327454916287773.1,149847,157952
51,351119173421512.75,351119173421512.75,132760,139828
52,376493580679247.1,376493580679247.1,116591,122763
53,403701725859655.0,403701725859655.0,102795,108101
54,432876128108306.2,432876128108306.2,90036,94696
55,464158883361277.25,464158883361277.25,78292,82726
56,497702356433211.4,497702356433211.4,68296,72113
57,533669923120630.1,533669923120630.1,59302,62550
58,572236765935022.0,572236765935022.0,51214,54129
59,613590727341316.2,613590727341316.2,44242,46519
60,657933224657568.1,657933224657568.1,37946,40029
61,705480231071863.1,705480231071863.1,32414,34217
62,756463327554629.0,756463327554629.0,27522,29098
63,811130830789689.0,811130830789689.0,23398,24841
64,869749002617783.4,869749002617783.4,19667,20867
65,932603346883218.0,932603346883218.0,16516,17561
66,1000000000000000.0,1000000000000000.0,13873,14674
67,1072267222010325.4,1072267222010325.4,11391,12218
68,1149756995397735.8,1149756995397735.8,9361,10092
69,1232846739442063.5,1232846739442063.5,7656,8247
70,1321941148466028.5,1321941148466028.5,6241,6696
71,1417474162926807.5,1417474162926807.5,5057,5425
72,1519911082952933.0,1519911082952933.0,4078,4382
73,1629750834620647.0,1629750834620647.0,3231,3492
74,1747528400007682.8,1747528400007682.8,2600,2790
75,1873817422860386.8,1873817422860386.8,2000,2208
76,2009233002565045.8,2009233002565045.8,1578,1719
77,2154434690031886.5,2154434690031886.5,1219,1341
78,2310129700083158.0,2310129700083158.0,936,1020
79,2477076355991714.0,2477076355991714.0,693,766
80,2656087782946683.5,2656087782946683.5,519,599
81,2848035868435804.5,2848035868435804.5,398,443
82,3053855508833412.0,3053855508833412.0,301,323
83,3274549162877732.0,3274549162877732.0,221,243
84,3511191734215127.0,3511191734215127.0,161,173
85,3764935806792471.0,3764935806792471.0,121,132
86,4037017258596549.5,4037017258596549.5,86,92
87,4328761281083062.0,4328761281083062.0,56,68
88,4641588833612792.0,4641588833612792.0,43,50
89,4977023564332114.0,4977023564332114.0,25,34
90,5336699231206301.0,5336699231206301.0,17,21
91,5722367659350220.0,5722367659350220.0,8,10
92,6135907273413188.0,6135907273413188.0,4,4
93,6579332246575683.0,6579332246575683.0,3,3
94,7054802310718631.0,7054802310718631.0,2,2
95,7564633275546290.0,7564633275546290.0,0,0
96,8111308307896889.0,8111308307896889.0,0,0
97,8697490026177835.0,8697490026177835.0,0,0
98,9326033468832180.0,9326033468832180.0,0,0
99,1e+16,1e+16,0,0
