,binsE,binsN,numN,numE
0,10000000000000.0,10000000000000.0,5679171,6579362
1,10722672220103.254,10722672220103.254,5245389,6080817
2,11497569953977.355,11497569953977.355,4868865,5646350
3,12328467394420.684,12328467394420.684,4538702,5265123
4,13219411484660.287,13219411484660.287,4245672,4927987
5,14174741629268.076,14174741629268.076,3986146,4626582
6,15199110829529.33,15199110829529.33,3644070,4231872
7,16297508346206.467,16297508346206.467,3351735,3890836
8,17475284000076.83,17475284000076.83,3096903,3594092
9,18738174228603.867,18738174228603.867,2873845,3334233
10,20092330025650.457,20092330025650.457,2676900,3103201
11,21544346900318.867,21544346900318.867,2447976,2833662
12,23101297000831.58,23101297000831.58,2297128,2656907
13,24770763559917.137,24770763559917.137,2120033,2446666
14,26560877829466.84,26560877829466.84,1928793,2220249
15,28480358684358.047,28480358684358.047,1764934,2025736
16,30538555088334.12,30538555088334.12,1622903,1857240
17,32745491628777.316,32745491628777.316,1499157,1710650
18,35111917342151.277,35111917342151.277,1369521,1557198
19,37649358067924.71,37649358067924.71,1257129,1424802
20,40370172585965.49,40370172585965.49,1144150,1291585
21,43287612810830.62,43287612810830.62,1047130,1176554
22,46415888336127.73,46415888336127.73,951054,1064527
23,49770235643321.14,49770235643321.14,868338,967850
24,53366992312063.016,53366992312063.016,788445,875256
25,57223676593502.2,57223676593502.2,719783,795674
26,61359072734131.625,61359072734131.625,653880,719973
27,65793322465756.82,65793322465756.82,591580,648679
28,70548023107186.31,70548023107186.31,533548,582491
29,75646332755462.9,75646332755462.9,480154,522025
30,81113083078968.89,81113083078968.89,434261,470660
31,86974900261778.34,86974900261778.34,389511,420590
32,93260334688321.8,93260334688321.8,351246,378148
33,100000000000000.0,100000000000000.0,314322,337118
34,107226722201032.53,107226722201032.53,282930,302688
35,114975699539773.56,114975699539773.56,252867,269834
36,123284673944206.33,123284673944206.33,224884,238972
37,132194114846602.88,132194114846602.88,200220,212169
38,141747416292680.78,141747416292680.78,178562,188558
39,151991108295293.3,151991108295293.3,157887,166354
40,162975083462064.66,162975083462064.66,139562,147106
41,174752840000768.28,174752840000768.28,123212,129536
42,187381742286038.7,187381742286038.7,108723,114015
43,200923300256504.6,200923300256504.6,95632,100020
44,215443469003188.66,215443469003188.66,83678,87525
45,231012970008315.8,231012970008315.8,73293,76383
46,247707635599171.38,247707635599171.38,63966,66494
47,265608778294668.4,265608778294668.4,55524,57772
48,284803586843580.5,284803586843580.5,48066,50062
49,305385550883341.2,305385550883341.2,41535,43142
50,327454916287773.1,327454916287773.1,35756,37158
51,351119173421512.75,351119173421512.75,30797,31836
52,376493580679247.1,376493580679247.1,26288,27209
53,403701725859655.0,403701725859655.0,22248,23120
54,432876128108306.2,432876128108306.2,18933,19627
55,464158883361277.25,464158883361277.25,16021,16660
56,497702356433211.4,497702356433211.4,13502,13979
57,533669923120630.1,533669923120630.1,11253,11750
58,572236765935022.0,572236765935022.0,9392,9807
59,613590727341316.2,613590727341316.2,7781,8154
60,657933224657568.1,657933224657568.1,6448,6756
61,705480231071863.1,705480231071863.1,5313,5532
62,756463327554629.0,756463327554629.0,4334,4555
63,811130830789689.0,811130830789689.0,3514,3687
64,869749002617783.4,869749002617783.4,2839,2979
65,932603346883218.0,932603346883218.0,2306,2382
66,1000000000000000.0,1000000000000000.0,1827,1911
67,1072267222010325.4,1072267222010325.4,1445,1477
68,1149756995397735.8,1149756995397735.8,1151,1187
69,1232846739442063.5,1232846739442063.5,902,931
70,1321941148466028.5,1321941148466028.5,706,734
71,1417474162926807.5,1417474162926807.5,531,565
72,1519911082952933.0,1519911082952933.0,399,428
73,1629750834620647.0,1629750834620647.0,311,321
74,1747528400007682.8,1747528400007682.8,229,247
75,1873817422860386.8,1873817422860386.8,175,182
76,2009233002565045.8,2009233002565045.8,120,138
77,2154434690031886.5,2154434690031886.5,84,90
78,2310129700083158.0,2310129700083158.0,58,59
79,2477076355991714.0,2477076355991714.0,39,40
80,2656087782946683.5,2656087782946683.5,28,25
81,2848035868435804.5,2848035868435804.5,20,23
82,3053855508833412.0,3053855508833412.0,15,16
83,3274549162877732.0,3274549162877732.0,12,12
84,3511191734215127.0,3511191734215127.0,5,7
85,3764935806792471.0,3764935806792471.0,4,3
86,4037017258596549.5,4037017258596549.5,2,2
87,4328761281083062.0,4328761281083062.0,2,2
88,4641588833612792.0,4641588833612792.0,2,2
89,4977023564332114.0,4977023564332114.0,2,1
90,5336699231206301.0,5336699231206301.0,1,1
91,5722367659350220.0,5722367659350220.0,1,1
92,6135907273413188.0,6135907273413188.0,0,0
93,6579332246575683.0,6579332246575683.0,0,0
94,7054802310718631.0,7054802310718631.0,0,0
95,7564633275546290.0,7564633275546290.0,0,0
96,8111308307896889.0,8111308307896889.0,0,0
97,8697490026177835.0,8697490026177835.0,0,0
98,9326033468832180.0,9326033468832180.0,0,0
99,1e+16,1e+16,0,0
