,k,Pk0,Pk2
0,0.0029665470748989845,321679.04286632815,221758.6391968856
1,0.005026374055021859,386671.3743548274,131067.7777532191
2,0.007149300621522788,508261.8719479775,-112808.76481999875
3,0.009278869254964255,608885.9950153669,95780.18103929026
4,0.011450332619344701,656376.7807681432,-225457.29542676627
5,0.013492955871419151,660069.3985101335,96699.7342130962
6,0.01558905561191893,569140.1747527441,-20995.936222140303
7,0.017694083672553172,586697.0075881038,-4746.250561466538
8,0.019817874803135297,534954.3356745436,-25470.81557016654
9,0.02192074938196264,506735.5668600079,-6526.988891743956
10,0.02398877635566245,451565.68962063675,5050.035722274833
11,0.026092869718961156,403918.2395863923,-50737.89165272102
12,0.028234663152781798,397252.9143585887,36138.487624041634
13,0.03032284873509123,315661.9805006084,46767.1105764318
14,0.03240263258943404,304914.5060758297,-22532.391133401343
15,0.03449210129864554,279848.20987139957,-10008.558645024788
16,0.03658588147515197,259926.74218350384,-4037.3585054262
17,0.038684769492669774,243289.35783211677,-7190.549138462279
18,0.040788988884582836,217959.3340016401,-7792.284752034729
19,0.04289390876967646,208014.77214227515,-18218.418100873336
20,0.04498336005546935,201232.86580143438,9458.371827405983
21,0.047064985294738244,187770.2679953032,755.2904288141739
22,0.04917111919158227,185825.00362468642,-9108.470923561677
23,0.051262169141742274,175836.64838602074,-2170.074276854768
24,0.05335525146837034,179431.94036996533,3454.995136569123
25,0.05546637228956934,167146.4122402971,12625.609146626395
26,0.057573188192548086,171738.19350883388,-5102.634113993349
27,0.05965884044590281,162684.3575817304,16839.253150663815
28,0.061745123021595065,163427.6337002885,-2842.7108859411405
29,0.0638268929113719,163335.47907526634,-160.8572114333895
30,0.06592966228838451,160678.04761831617,-11651.880767371964
31,0.06803125784825748,158188.43649223502,-7900.367465644477
32,0.07013131008699486,151911.16778400834,-5838.611646988694
33,0.07223032366074338,149184.92378213143,-5849.769642006113
34,0.07432334270720506,144605.15845684777,967.9366297915794
35,0.07642066756954473,138793.14944964112,-11997.751217297618
36,0.07850471694556041,136371.4202377803,6474.817714816752
37,0.08059701946059529,129564.77584063757,3197.2829401842914
38,0.08269521798132064,124010.85829166698,-4967.3280237005765
39,0.08478307522909848,120153.55295720178,1097.9756687099216
40,0.08687780839616016,116451.68719160509,-3836.9618604567927
41,0.08897524569656534,110401.49699647048,-2388.6904755828914
42,0.09108077810470518,107283.72937535928,4359.994708590986
43,0.09318432266948053,103437.49421404982,5892.12662811619
44,0.0952788764104831,101049.5708391805,195.3606961737166
45,0.09736254237981037,100066.84498306895,1030.8971150410493
46,0.09944832814799408,97112.9128885757,4969.934059677438
47,0.1015460879802399,94644.54119819881,3864.7482898579105
48,0.10364263756677322,95341.62917925623,1295.833807324156
49,0.10573893905394659,91504.36464871178,811.8871209293709
50,0.10783958559814742,90795.6208434322,519.0113016993297
51,0.10993894058501318,90829.52202638202,2062.372843785031
52,0.11203921431523854,90123.08359337607,-1099.2552379519423
53,0.11412334585697578,89468.39406313843,974.0574662368881
54,0.1162159397555423,88668.43274904187,3175.55457887148
55,0.11831372048037725,88401.30774675119,1769.4039194965524
56,0.12039723118070132,87944.27874897628,5831.918227473029
57,0.12249223631878574,86655.41002132268,-4234.843260038856
58,0.12458825984258635,85447.10694322926,-3255.737369119109
59,0.12668846771583772,86367.19812146472,2380.17303118111
60,0.1287846620419941,83769.73513397713,2790.60391640301
61,0.13087133937881498,83926.47589339559,3803.0647904669563
62,0.13297548334406448,82923.84211621278,256.29473029215205
63,0.13506910815256093,81688.18354161186,-63.15965997902123
64,0.13716388258568254,80063.85118505986,634.8679743399191
65,0.13926047573721634,79470.26885765907,2291.8508991217304
66,0.14134668829083769,78599.93276698321,-895.9568260125449
67,0.1434475230090064,77543.55662157596,1740.0279586746026
68,0.14554528534185418,76093.00134024261,1087.7047590227828
69,0.14763320610735878,75598.5255914936,1144.6399892049308
70,0.14972114728432864,74139.0484268824,508.45410480239934
71,0.15181380487515775,74520.26579423255,1387.6684484575728
72,0.15392114901003526,72662.30036157058,124.75555425880684
73,0.15602147473412367,72388.0398418276,-778.9582617841104
74,0.15811617475881218,72020.24356159254,551.4946718425463
75,0.16021187122717997,71529.18685653103,2239.743378018763
76,0.1623006419462899,70804.18478803064,3196.829924340441
77,0.1643899033199985,70089.98788429672,-572.3970708872534
78,0.16648355823815117,69734.93980014388,1234.6455770110942
79,0.16857196837784735,70103.6792812894,2266.2025215675667
80,0.17066413320893647,69132.79003372003,1092.8431274662207
81,0.17277086992561352,68768.80944935455,1761.8314986134667
82,0.17486965460096995,67583.06651529267,210.63940591728993
83,0.17695857694944453,67811.09830753939,-1510.3220897691372
84,0.17905245093155753,66976.82128185361,192.16284129040878
85,0.18115265212612636,67009.122007766,342.2328278311885
86,0.1832476884130739,66792.49072616143,261.7996154772054
87,0.1853312475833926,66369.22423238851,2079.0057153732314
88,0.1874284892203219,65942.32335399326,228.64465996673457
89,0.1895337179075755,65305.024222109,48.98573099493188
90,0.1916268196474026,65190.99289472425,49.993970942164125
91,0.1937183403446853,65147.44408428224,526.9302051054411
92,0.1958131498886989,64605.553934402116,-316.35601180039123
93,0.19790587400989662,64086.36634899999,806.2510243629212
94,0.19999906515978938,63454.91561082326,792.0959562087071
95,0.2020893038374759,63206.68738337392,-188.12344516122246
96,0.2041823192148178,62960.935244087814,-432.32238392861814
97,0.2062825911013838,63032.675320350056,-9.602488234782749
98,0.20837701891459662,62677.936949388175,1181.6221153752176
99,0.21046758167944032,61997.67534774058,-780.566035804213
100,0.21256678542440183,61939.50634562408,-15.162741902857467
101,0.2146619261104852,61840.80568810636,653.0915248450202
102,0.21675618057220372,61567.08409034721,2655.224261300705
103,0.2188528705899679,60889.551993027024,-1081.271748063898
104,0.22094564274530842,60951.86774521524,-395.9443314239622
105,0.2230395148320731,60320.41684966216,-445.9554846262752
106,0.22513567328585352,60473.2412742262,696.4761533772197
107,0.22722785048644015,60149.44686776499,499.82071943722605
108,0.22931975112872324,60215.313769744775,501.4911137910113
109,0.23141147723465103,59753.843187722305,435.9048697570984
110,0.23350584674782457,59330.880075339715,931.1679067883368
111,0.23560416522029054,59631.3262644978,318.3030441405083
112,0.2377006336558307,58937.75531590744,74.13779149104272
113,0.23979727503904752,58989.610262946284,484.72215568611716
114,0.2418944602532704,59034.53338180111,349.2376059082803
115,0.2439884227569783,58503.31097786147,-143.46035105960212
116,0.24608359968283072,58579.084047106124,1124.0291788062511
117,0.24817552807053123,58402.246810322125,-269.1863402887505
118,0.25026237006475704,58283.993098156156,606.2032024037712
119,0.25235861551053484,57818.49895703162,408.14603787098434
120,0.25445470778669854,57636.632778013874,543.2334527486136
121,0.2565487653287422,57866.9070241765,840.9784637295911
122,0.2586464955058471,57902.51403268133,-349.6592670101087
123,0.2607443047329862,57485.61990802367,707.7621051857109
124,0.26284383121734134,57108.04345643377,-413.0280476720688
125,0.264929885565984,57084.222264557306,449.90255499170894
126,0.2670163698864118,56745.9957772002,633.145569375578
127,0.269112135390912,56868.909995792965,-204.2403814701642
128,0.27120764961246213,56555.65901997342,426.64866887558554
129,0.27330509996536784,56535.710750286766,787.5951357930182
130,0.27539842121309294,56775.410890284,738.35150615803
131,0.27749656900268016,56459.62758973618,898.424111859335
132,0.27959864364035925,56134.205990134826,1488.1783297475426
133,0.2816878213234348,56451.228378882304,622.8046414368634
134,0.28377609558542155,55955.8951420789,1070.1188737721307
135,0.2858732754634003,56024.43069427967,749.8035921747278
136,0.28796861590208045,55992.879367712274,554.3575515021765
137,0.2900612915162532,55674.26383934182,1073.9300367895783
138,0.2921547032025089,55712.156581701194,148.79017801996702
139,0.2942501291133245,55440.176414349284,-827.9757342521318
140,0.2963444256131289,55700.2392521859,657.5392705340212
141,0.2984361415704375,55549.832871468025,452.4493481005387
142,0.3005318840555698,55544.529521404635,378.36231589077386
143,0.30262777760316095,55075.738064844794,1193.824646102643
144,0.3047248035439954,55188.61585468942,805.4877531651781
145,0.3068210272572538,55189.908542096804,259.3097936094495
146,0.3089144805088237,54674.64356889047,1150.8187802722182
147,0.31101080657849756,55029.789337931354,229.43887056381377
148,0.31310885951912926,55013.18803388684,614.8711098299848
149,0.3151991603466065,54735.92117886982,194.1164978455044
150,0.317288667284839,54818.464907778995,198.43384000861
151,0.31938044185106124,54623.42743295718,1011.5134918175817
152,0.3214783648369702,54711.04064384601,679.1568549973175
153,0.3235785211189416,54361.8844337914,677.9403874026626
154,0.32566935894833426,54612.12423724879,1324.830157563096
155,0.32776077751211374,54418.91099142592,45.667589642253354
156,0.3298523230655558,54613.99015952706,826.8946792561024
157,0.3319485433973702,54370.80851608411,551.473910460471
158,0.33404540358127904,54110.596584100684,-318.6159034280673
159,0.33613494177837844,54391.881949589326,209.90901610255432
160,0.3382313832787478,54196.32046737634,416.73648803555307
161,0.3403308518124324,54112.64396497572,465.6773723980809
162,0.3424246601457981,53959.91662958493,1029.7021185748672
163,0.3445197272986724,54069.670594994284,-158.53021625331849
164,0.3466158524641983,53816.30018430961,458.01954604126433
165,0.3487089916477683,53868.93181571784,148.28184861807603
166,0.35080114560367615,54033.45123397677,444.8221032294944
167,0.35289356821720286,53855.18440069452,-125.81745348888154
168,0.3549881110219297,53869.98651079007,829.603949601302
169,0.35708559248027844,53685.246274872785,212.18144505585107
170,0.3591813496003593,53669.06480312827,219.049997441304
171,0.3612749400626811,53770.18814688318,402.9522887308383
172,0.3633693413142722,53738.51443239949,871.3809632606691
173,0.3654632219855477,53626.08672200163,1196.2063070764657
174,0.3675603773529471,53513.816397402916,97.72085887633031
175,0.36965434919829326,53414.893676317755,346.1623456992663
176,0.3717418094879197,53281.72862970333,580.0675586295854
177,0.37383404253825586,53478.73619280298,424.7069734077066
178,0.3759308579415973,53665.34506935691,953.0767795995115
179,0.37802985088946095,53610.93898300277,726.1535048381343
180,0.3801213498834686,53565.36683364505,569.1309062905291
181,0.38221306010699313,53511.724524693236,737.7730811851011
182,0.3843141376638833,53456.24388889166,515.7908189559104
183,0.3864096355836929,53504.972130530754,622.237562823475
184,0.388502907295756,53342.648553072264,597.2046197669757
185,0.39059769208540335,53299.55105632358,260.37691598767526
186,0.3926958121232196,53276.0189764881,646.3651234871846
187,0.39478921808384226,53495.341646955116,-176.66078035458972
188,0.39687821409975554,53317.09661023871,1137.3924573250927
189,0.39897073627813356,53426.715483533226,430.22398683203295
190,0.401067192451382,53386.6199903297,246.5534671363177
191,0.40316228148056854,53375.99725337656,484.1583177436127
192,0.4052546340249366,53125.63710149296,905.1871273666362
193,0.4073499183903822,53182.48765137712,940.3828380958741
194,0.4094468722071623,53287.51179128372,55.547965865213754
195,0.41154432885897757,53315.979985698075,436.6602123058525
196,0.41363408239228544,53275.72833444389,1049.2672191995835
197,0.41572494638156243,53095.07790435532,151.31512550328313
198,0.41782181997781404,53160.47927069645,1080.6436620472773
199,0.4199166506307261,53293.18248692326,852.9037892135607
200,0.4220107143757513,53209.782951484405,376.44238565838555
201,0.42410542949066876,53146.73843677295,463.5536823112478
202,0.4262013850195404,53149.72083422406,155.02613733624912
203,0.4282955296445312,53041.36563062017,896.3907472710769
204,0.430391806688861,53243.57791418668,220.4158213309554
205,0.432488575457924,53163.167191216395,109.76638225893284
206,0.4345806090039814,53348.52368050552,696.437008463253
207,0.43667244097425384,53292.4990050179,1130.1764280429638
208,0.4387671492209622,53265.98661828384,455.32034651783823
209,0.4408622534544343,53249.127583830574,1.3322876324288981
210,0.44295516415095815,53284.88115729893,476.04739831291386
211,0.4450482683181851,53415.547871716626,655.5751248047444
212,0.44714683875742495,53339.39311874725,156.17111500382023
213,0.44924362280569813,53326.39535287676,497.7993802036035
214,0.4513338633316258,53279.98617318301,443.72301226143117
215,0.45342753643259276,53435.91859695778,654.7403419130102
216,0.45552189548586586,53443.766005582875,451.9735013267442
217,0.45761716616081083,53487.758492784815,65.08132396681866
218,0.4597117909764672,53418.852366210915,86.74614466115706
219,0.4618031890496857,53420.75619270868,-425.8111531284878
220,0.4638995470730997,53261.75039830605,69.95825252759026
221,0.4659948171464902,53546.47882285516,220.30433583429001
222,0.46808929446972725,53505.45537912205,114.43692864314266
223,0.47018492649495636,53508.45271601293,69.78759424838792
224,0.4722792778491551,53609.07229487893,100.06865496655114
225,0.47437272572904565,53564.26606731693,606.3428206017727
226,0.47646593372141327,53515.56648636158,46.27606263760427
227,0.47856230727426236,53476.28018928519,158.48079252328674
228,0.48065904058976644,53541.70304069474,-347.38044992660485
229,0.4827512226177774,53777.78157108709,1227.6803368762185
230,0.4848441163240575,53566.711805755,437.94249406095366
231,0.4869397730506266,53664.62566164854,-402.2404539698968
232,0.48903678813400875,53686.26056988607,568.8571031309568
233,0.49113096964965397,53637.78771167596,187.6886674859116
234,0.49322332174786626,53718.02038089118,764.249125593385
235,0.4953187148676145,53626.47827741366,292.0315517185188
236,0.49741120358770496,53861.557320152315,260.8391873603211
237,0.49950082345999325,53990.88588907301,-78.58752963639336
238,0.5015952506837275,53935.37560694558,-74.22709471944603
239,0.5036919972981919,54013.10334945181,-77.01791175270957
240,0.5057872116617207,53919.6168735647,803.5889678328826
241,0.5078828569897101,53926.37144768782,649.2136393585336
242,0.5099793452386306,54043.17409310309,-4.277139435051199
243,0.5120767256379639,54090.4592779882,-189.0668899349214
244,0.5141702395931294,53957.26813114751,341.55976668168364
245,0.51626132102766,54069.48075748179,-86.29493749965377
246,0.5183576899265504,54197.47136932276,295.05500664016967
247,0.5204524416424112,54200.477218060805,109.15572579439204
248,0.5225430403510469,54362.628588835774,107.85800043356107
249,0.5246378991347941,54254.40009297493,488.40355013088873
250,0.5267345150769579,54250.91086622316,317.3486117523257
251,0.5288284644781793,54395.92116077005,211.98533717500544
252,0.5309200047543352,54393.66641962658,372.17670464780764
253,0.5330154787982235,54304.843852460435,55.45575983718103
254,0.5351140455458262,54341.10292740247,291.0684957024862
255,0.5372066203065362,54557.35289693408,-67.47082503851608
256,0.5392991990272246,54483.72029270245,270.4015174310726
257,0.5413944118270408,54405.69263477729,80.1589372563759
258,0.5434881995106379,54619.238875951225,317.6561165603366
259,0.5455829952492127,54744.898239256065,485.40075040952524
260,0.5476769745662954,54838.27852546683,197.76519059139272
261,0.5497697255495043,54738.73813169695,102.35815694900921
262,0.5518645446467839,54899.04994687727,48.92397612959362
263,0.5539598571350287,54949.72953575172,625.7840758355909
264,0.5560564538950566,54932.790889700555,129.82607493457888
265,0.5581500505101624,55045.25213196483,220.57040866221377
266,0.5602409063261653,54963.44594251714,220.45603559628864
267,0.5623379637803174,55096.943710192856,498.4075134151437
268,0.5644363283026402,55096.20547635419,81.98446239764225
269,0.5665273824761494,55151.26887688989,86.01082372624423
270,0.568621249018378,55163.2345812939,425.8982578266973
271,0.5707181447612965,55288.71504734255,458.30042180120495
272,0.5728127938597997,55366.91190313282,377.1909572566237
273,0.5749070881546879,55336.61525798973,148.4748350220276
274,0.5769991470923068,55398.42857793277,163.12120127595747
275,0.5790956911760897,55379.24325608497,107.86089684172387
276,0.5811893306261757,55588.21210969148,358.6038943314721
277,0.5832802267374103,55604.97863017746,478.06380487976986
278,0.5853761830306536,55714.37722306292,389.85386288964884
279,0.5874711784415975,55717.18299048979,-24.54582148824581
280,0.5895653958899879,55813.79609728063,129.8484687128015
281,0.591659786459685,55736.46230676861,423.5004535515366
282,0.5937551851921442,55828.00929678786,262.4009720379914
283,0.5958498092767481,55911.75914758461,467.10901790338585
284,0.5979447066705442,55910.55045656654,248.9274805948296
285,0.6000383505174957,55904.70769193024,623.8604498778436
286,0.6021313016181767,56167.343322354434,-139.30306938250524
287,0.6042246965556944,56038.33053789922,226.59039904940795
288,0.6063189733697846,56175.04011679886,186.59232325224932
289,0.6084147213727373,56350.75431026398,107.32157208441862
290,0.6105090855473989,56363.40876464912,141.96160945064744
291,0.6126037649785722,56322.57083998718,962.8294888421765
292,0.6147002391370655,56426.97499848511,212.34000033591397
293,0.616794938930829,56577.85025094661,314.87522617375316
294,0.6188886865784012,56613.04643989234,305.93775719882126
295,0.6209825762252046,56619.94039384096,265.9795186717362
296,0.6230764414889526,56801.07328521182,236.04026377401533
297,0.6251725389343245,56907.81263212036,403.2520956708631
298,0.627266923011265,56930.47365230497,135.01894617313465
299,0.6293596211388142,56990.324943032494,304.04106183882277
300,0.6314513250607457,57041.77934170515,418.1232212280912
301,0.6335475720513941,57062.395114043575,275.3897954789835
302,0.6356444982495617,57108.6532875591,247.83762075048156
303,0.6377358562255245,57313.75852111586,-170.19184906432247
304,0.6398302949107263,57224.07218927341,362.9573868736103
305,0.6419256185614247,57315.761877372395,217.76741920946495
306,0.6440214843206593,57490.96156452169,367.71091715069525
307,0.6461142033434962,57333.68134424932,462.5985076932775
308,0.6482061138478032,57587.804071929764,162.7503104236696
309,0.6503020867345045,57603.1644291204,362.9653635911656
310,0.652398185537932,57706.59865203942,530.914195620273
311,0.6544932048530038,57793.732242237864,324.50646094535074
312,0.6565867871776386,57863.521422233476,213.2635742433229
313,0.6586827890115348,58044.32421022961,231.29017223320656
314,0.6607793300725506,58064.165529330865,679.5210235477018
315,0.6628724964198541,58155.568862316286,550.4199323361872
316,0.6649654402217313,58211.036113825496,569.857358552726
317,0.667059865407609,58202.18903187051,-260.6956659566761
318,0.6691532523078332,58315.79243593297,249.66615189227912
319,0.6712457992597233,58441.71073606221,317.37627203271836
320,0.6733390782258323,58555.850959563824,133.02513198510846
321,0.6754367503383576,58699.88581714084,577.4300553313307
322,0.6775335143160066,58723.8298473153,160.87961691874068
323,0.679624621064033,58833.503458347746,282.8338653241867
324,0.6817180292738917,58910.34249883239,209.91341251415423
325,0.6838149015047629,58941.271978663695,388.2570680523578
326,0.6859101434268815,58928.546879087546,638.7423184127318
327,0.6880046468184081,59078.36632356319,412.7802399806403
328,0.6900999637264865,59105.7927236439,388.4710507462399
329,0.6921965733216279,59245.33865173935,458.7825431188731
330,0.6942884945981568,59382.025611136145,-14.86617930335928
331,0.6963781649531228,59328.97641302522,159.0880868351889
332,0.6984747371200234,59678.67427965155,-259.48569935530924
333,0.7005690388882679,59680.55587088961,281.5902549915899
334,0.7026621579778546,59899.228813275906,338.99916528188555
335,0.704757268847954,59793.042454910414,355.80546524347756
336,0.7068509057629639,59909.84616143492,401.8729292551512
337,0.708945644402387,60070.53983091971,-84.52529385219233
338,0.7110406815970572,59965.25116193055,8.786650607372843
339,0.7131372373036142,60123.66618041312,372.32539094742214
340,0.7152323589250973,60405.80400784344,224.20834919474726
341,0.7173245162021571,60398.676829748765,616.5599126269099
342,0.7194199711852413,60359.86373823853,74.92840834515263
343,0.7215151322330351,60488.006212436434,478.2952202403821
344,0.7236102334592447,60738.867119549075,280.3186784152863
345,0.7257047129497166,60741.83912790103,323.3392793182104
346,0.7277958825256088,60847.975702253425,146.52845716976333
347,0.7298900912292255,60924.87538600014,276.7930440369903
348,0.7319867159780691,61154.786626813846,612.8417861085795
349,0.7340808521059053,61166.90753980209,233.60500148762577
350,0.7361738853270124,61299.64595497144,612.1275869262715
351,0.7382682123604443,61337.8819835577,171.69658054419725
352,0.7403641944498084,61428.42661615217,77.66289565339838
353,0.7424576311971561,61538.782086690284,283.25886300681935
354,0.7445523870480827,61583.56486204614,519.951423404586
355,0.7466478284648128,61806.96671514811,194.0725214319168
356,0.7487413917548734,61791.21607297,460.9830204017417
357,0.7508354594737505,61917.111200788335,96.83325766231033
358,0.7529278056847568,62098.327006335545,-66.67026263783931
359,0.7550230257904859,62042.943714935245,-108.59914109827183
360,0.7571167923480437,62262.18452745229,464.3559887457444
361,0.7592113317151179,62352.711494803916,-214.20353801495892
362,0.7613074731933067,62394.36934655084,518.7213651418563
363,0.7634009581307508,62429.05856064711,453.7571176774691
364,0.7654969266569684,62762.41936161726,101.31316561178939
365,0.7675905899780763,62855.61299825394,359.45844418594214
366,0.7696837880547684,62931.16077764224,364.1385744802404
367,0.7717795008463626,62976.03996561265,138.1517507800635
368,0.7738757788346248,63137.618063946284,202.60970749389242
369,0.7759706260990727,63160.703252756815,394.0099572788273
370,0.7780620795267656,63430.526595527524,394.1255335274573
371,0.7801559906208961,63413.627245976786,249.77557367377287
372,0.7822523136569128,63639.72834883096,179.91254341736135
373,0.7843481481853999,63702.50877239848,225.46708945590564
374,0.7864425511046899,63759.34522054086,166.72638030523194
375,0.7885343495966205,64062.28491385272,301.72934940618546
376,0.7906286372458883,64050.5158493375,355.0579969316929
377,0.7927244345313397,64224.23048405332,187.51250443121566
378,0.794818005513127,64279.91290797392,125.69976747176601
379,0.7969121491149282,64513.84077582427,254.87807337593375
380,0.7990047112993173,64432.47708139707,139.37729986503444
381,0.8010984966914405,64601.5841862739,254.33418842347112
382,0.8031950165575023,64786.59711918152,714.560487328558
383,0.8052905677217739,64824.76989936177,420.69029729291344
384,0.8073868841230295,65142.745509772256,97.93438007845786
385,0.8094800557409162,65122.86265147824,375.26883310160383
386,0.8115724907946299,65297.01834006725,142.27202604239955
387,0.8136674854006812,65480.96156090767,598.6629589040978
388,0.8157633267681768,65580.15533394838,2.056200082130059
389,0.8178572815764139,65740.6218673059,527.8637337143962
390,0.8199509017046862,65763.31211981442,126.94379771579554
391,0.8220464110750062,65948.15677152855,213.04111628548097
392,0.8241406544737637,66014.58655381204,442.21396584135454
393,0.8262328397247414,66167.46083567796,556.5150708792687
394,0.8283269471334518,66422.8294227774,235.93001250436225
395,0.8304231064697798,66469.74695017393,106.81189128729774
396,0.8325161683796762,66590.20976820348,227.7846058080398
397,0.8346105557242035,66704.47505970567,678.6928862019266
398,0.8367059794413102,66828.48417629855,2.714693939233734
399,0.8388002445604258,66995.89058357954,503.88233929910257
400,0.8408960756111226,67083.8170092444,162.10141835419546
401,0.8429905652842218,67052.27093668052,789.0364938660041
402,0.84508401313589,67345.2867191512,489.3320333304984
403,0.8471791713809247,67456.4629363878,418.306932526279
404,0.8492743362825239,67648.23738141931,109.49339579389634
405,0.8513668888602299,67745.75629087776,498.024818404865
406,0.8534589296280589,67916.55587716837,276.395956719703
407,0.8555558405338324,68023.61122044502,507.42861794562526
408,0.8576516874123633,68121.57048890005,673.1029729121043
409,0.859744590599333,68372.49896273088,915.9331130798266
410,0.8618400547669827,68426.99829864329,453.60848296678824
411,0.8639350434441438,68690.03407538836,380.05403353196397
412,0.8660280248974203,68681.53270833797,645.5024909583838
413,0.8681201347325478,68900.07020793839,262.38052583026194
414,0.8702157283801463,69050.63441130442,580.5424972935311
415,0.872310621353091,69130.46736181999,-176.9159837772816
416,0.8744020359703552,69247.99018107181,229.4505565614988
417,0.8764972088477568,69395.56762383241,260.90999410810514
418,0.878592835994214,69534.14706957406,714.4857739956432
419,0.8806870131084201,69760.5646881777,576.6584699930538
420,0.8827812802431019,69844.47637961406,689.6011192571219
421,0.884877279658285,70018.79916234226,162.71802082742462
422,0.8869730004154345,70271.74430419003,230.29870240482146
423,0.8890661750433553,70405.52149192944,897.6917132928684
424,0.891161435679344,70488.86936142383,345.02569797260037
425,0.8932577960179496,70732.08383267642,731.8165294767507
426,0.8953527392107627,70762.42774985619,407.80501718893885
427,0.8974462460666859,71044.326871094,802.0329403861749
428,0.899539340962409,71106.24509630252,510.82420420304857
429,0.9016318169027592,71354.74731848034,906.6594105502675
430,0.9037252249745606,71408.58291050285,705.938411695148
431,0.9058199443223193,71664.71533811986,585.9181379187337
432,0.907915243986348,71734.92577431127,874.1309288481903
433,0.9100128049501981,71879.9788019371,870.7659219448661
434,0.9121059966002629,72025.89113425037,308.62383472142267
435,0.9141972861830797,72253.44009054532,1102.909132492743
436,0.9162932496702593,72349.14749057664,345.61298886372117
437,0.9183878012752863,72656.04527174073,809.7570590756371
438,0.9204823185419505,72817.44808464225,317.94629305145565
439,0.9225773629784582,72930.36384223046,773.358925992565
440,0.9246718174739146,73036.72101041465,554.5923644874161
441,0.926766211900197,73151.28061031271,355.0075662557809
442,0.9288591582540804,73481.3692549223,641.2946547163262
443,0.9309526610700547,73595.5548262146,729.0190991228499
444,0.9330479303067369,73636.14850097467,453.9030923850678
445,0.9351433527997749,73972.42747974492,822.4210470672259
446,0.9372383527365933,74013.89275549188,671.8632534450654
447,0.939329757499591,74099.46245851925,784.0507275556371
448,0.9414230571985791,74394.96185745817,300.9304809950894
449,0.9435210054806012,74537.62707490254,572.3945245473544
450,0.9456162503172072,74759.59007529829,469.05111281883103
451,0.9477100092887099,75001.02278270977,440.2621481531291
452,0.9498046323041349,75164.85400657948,708.0374280765445
453,0.9518991548408083,75346.22654897028,461.070571591283
454,0.9539929332702277,75401.40228286438,673.4977079991447
455,0.9560874898052096,75610.93156619857,459.88968753037216
456,0.9581824530689178,75776.41927088134,873.0241718689296
457,0.9602770371571748,76019.50015631478,929.097109891462
458,0.9623710723241273,76338.18818319765,287.6106551074716
459,0.9644648349083941,76329.65789530493,755.0208410829873
460,0.966557887379011,76649.12782284942,-25.697397199193524
461,0.9686513195291268,76816.94829083217,785.7360169929855
462,0.9707470393683869,77006.28605097858,251.03464954110763
463,0.9728419987888902,77130.00650800997,1291.2410633673112
464,0.9749363451418961,77292.4492605354,684.7739354094012
465,0.9770319720978949,77538.46711502215,363.7198948393024
466,0.9791260608689247,77638.65858648393,800.7903111569966
467,0.981219993418123,77962.46927120985,844.5711909316351
468,0.9833154848012966,78073.5587687058,517.8581295621699
469,0.985409217900734,78289.41916708338,744.5801393016815
470,0.9875034929558208,78550.61876958304,1040.781835026596
471,0.989598845059814,78727.95374184227,774.9119099796815
472,0.9916925524589582,78935.16048347697,677.8192229131765
473,0.9937866222530743,79244.70202279573,1014.0814888664629
474,0.9958822538585521,79306.25786888468,846.519325154006
475,0.9979763461234663,79595.60353053625,891.3984486874388
476,1.0000687382803208,79651.55842563535,890.528815604345
477,1.0021620574674717,79916.54130091889,958.2036907315653
478,1.0042566040705312,80062.98266974895,892.5667911113245
479,1.0063510481087232,80271.9555455494,738.3746793369162
480,1.0084458017147504,80531.92797228307,1045.341251363721
481,1.0105412449330358,80752.78571664613,1002.3483636532253
482,1.0126363206852906,81086.00664311352,645.2372914469609
483,1.014731689048677,81131.85459702066,1220.5897477063043
484,1.0168251811607234,81318.51891806892,722.1537984636552
485,1.0189183181794257,81665.16549191666,673.846178748284
486,1.0210135131858313,81742.39046393525,1434.967599500162
487,1.023107899818119,82020.3127664064,999.4336423085531
488,1.0252035642142994,82128.84620689564,932.2023501865596
489,1.0272979326699727,82368.09091035317,1053.6018818965993
490,1.0293915165160124,82601.10193002463,978.5190091680057
491,1.0314862118776227,82911.97907502082,1139.7204886963866
492,1.0335813276438528,83093.70172677598,918.3224242180708
493,1.0356760372494827,83317.6781750904,1367.94479012391
494,1.0377697665518313,83513.93922591626,1490.4013629722804
495,1.0398635542890804,83710.07631032754,1066.4869172173903
496,1.0419580022733907,83909.1356128552,675.6355643330166
497,1.0440530837182007,84158.68978760942,773.887598565563
498,1.0461463909219801,84505.16009597365,869.2810565322566
499,1.048241289239942,84652.92719515236,1266.042437736553
500,1.0503346504195201,84884.76403637919,1302.5463397982185
501,1.0524278880438542,85051.49439955145,1407.1062223858705
502,1.0545231057279465,85283.16599111908,1277.258584909141
503,1.0566172205725972,85581.95020282091,1172.9529160472239
504,1.0587125681053644,85805.48856064881,1451.6624382440457
505,1.060806974942881,86039.12582949303,1247.1255451104196
506,1.062900937291859,86215.51320974849,915.0277125899012
507,1.0649968400029963,86441.41600159588,1053.3981539049726
508,1.0670917748856612,86826.8969411473,1022.0493080287605
509,1.0691837840599538,87050.25571987696,1414.9159667741555
510,1.0712784055790137,87327.23584490815,1553.951075712375
511,1.0733741944109443,87604.70043322489,1202.3705871866216
512,1.0754689143080451,87700.95863461909,1691.5462793873976
513,1.0775625935653539,88024.08099706082,1371.1462560930916
514,1.079656551776009,88299.3672856756,1593.514568861636
515,1.081751759033872,88263.61671459967,1165.440421782413
516,1.0838450038800544,88714.59801023005,1298.7125188578595
517,1.0859393346043436,88983.43309331979,1173.0444607285335
518,1.0880340737032612,89125.17966721057,1106.9292954085063
519,1.0901280973397867,89430.04109450318,1804.9173457535228
520,1.0922232205093443,89723.29871627649,1255.4417722825385
521,1.0943183198095006,89966.59390604972,1475.897138537987
522,1.0964124680620808,90149.36578969866,1634.8660616635004
523,1.0985066965945804,90491.45642152341,1789.5190108676882
524,1.1006022506925348,90739.51747658354,1541.1126571222069
525,1.1026960746069068,91011.7786491174,1679.6168904306787
526,1.104789420523433,91349.39548321288,1228.5138111570493
527,1.1068841457204943,91526.38930556175,1465.0695941190233
528,1.1089772649904681,91835.8991009441,1673.730473914785
529,1.1110723868790173,91981.63590236517,1657.497107600333
530,1.113168427194727,92345.9541351477,1506.7680988811787
531,1.1152626776337078,92633.46232854981,1467.8095889255787
532,1.1173574051129724,92959.84364002974,1398.1027139584455
533,1.119450573697561,93168.27443723948,1599.1653788362357
534,1.1215436337779248,93404.72932712796,1895.709489884523
535,1.1236390334415942,93742.01139233583,1935.4770873265084
536,1.1257332200225998,94067.8405215026,1663.8726970593098
537,1.1278283378211404,94327.01743720823,1495.603351203899
538,1.1299238131648552,94539.08992369052,1517.6710252193054
539,1.132017447124327,94825.55316502592,1615.8604046010857
540,1.134110650036949,95228.86775394187,1974.526004913621
541,1.1362036259959787,95452.01152337196,1747.8164459343272
542,1.1382991427598659,95756.46604047627,1861.8066145115652
543,1.1403936066737896,95846.41469607234,2351.0053529955635
544,1.1424878264606209,96248.58115401356,1813.9058142469676
545,1.1445836717483504,96530.22802264962,1734.0237748451864
546,1.1466778755714095,96973.04311919837,1924.404026091253
547,1.1487715351237628,97113.03316317694,1860.6882913774693
548,1.1508672245306748,97586.78472037797,1706.3271630918186
549,1.152961670034179,97688.24777562515,1731.0392719742808
550,1.1550551275418117,98094.14569877685,1856.1276693220132
551,1.1571500620004906,98393.70003213531,2450.35071549418
552,1.1592451155989445,98792.15950025976,1815.8960104569067
553,1.1613401484055899,98907.50460180348,2479.104375666561
554,1.1634328135986687,99291.40771155106,2087.9615597032516
555,1.1655280225544649,99605.06647356888,2052.381714323006
556,1.1676232414157608,99877.440816713,1644.6265955813258
557,1.1697157183635434,100207.22824513279,1802.0087124354684
558,1.171809765164966,100369.65598223465,2117.802398673523
559,1.1739036754657965,100774.87128446354,2399.127279525296
560,1.1759974618047027,101125.91275998257,2137.318231418805
561,1.1780927342002254,101359.5174959258,2146.130285665965
562,1.1801886215978319,101786.2463400293,2145.789709444658
563,1.1822824649467334,102070.64546931251,2660.019099479864
564,1.1843777187054296,102477.00424103676,1944.7526673075015
565,1.1864731317277017,102642.05695350555,2424.333419865579
566,1.1885662199882188,103227.04312591882,2524.0638446151174
567,1.1906603290984812,103390.03932604557,2515.3557931541877
568,1.1927560449071208,103772.5262087453,2541.0010333163023
569,1.1948501301675682,104148.96938831138,2224.7464601760375
570,1.196942866326464,104436.98074188815,2612.0160465054228
571,1.1990363434731066,104737.63961854496,2561.442604551436
572,1.2011315528209288,105040.18337669829,2297.8263122297467
573,1.2032252726398727,105473.6720099131,2825.8627838531947
574,1.205319131714267,105764.98917886992,2760.315920044542
575,1.2074143429200774,106014.35692163074,2483.2921334733537
576,1.2095073316728018,106357.23555122109,3070.570737864225
577,1.211602159357548,106785.89260802174,3096.956894105722
578,1.2136984428310558,107136.85841458311,2699.8073046919435
579,1.2157943340364452,107458.60848951354,2580.94695188636
580,1.217888268816351,107765.91230578192,3007.872927576726
581,1.2199821909033837,108064.2178187917,2520.88803377278
582,1.2220779372220854,108608.37971680355,3171.3290222143046
583,1.2241720630448372,108824.95400478643,3116.635644212186
584,1.2262656486341297,109176.80968249048,2913.180974562884
585,1.2283602712023978,109592.42613179193,3256.7808206374393
586,1.230453847781421,109977.0574435,3045.458543217053
587,1.2325484279288663,110352.64144641542,3019.576660965692
588,1.2346427330328844,110757.35398643427,3269.439571587087
589,1.2367368340043534,111041.37421871927,2755.8636796816895
590,1.2388320989568682,111493.45119381878,3561.272803825393
591,1.2409254956441091,111781.18994829724,3259.3620773957587
592,1.2430201387037565,112250.67036859175,3499.859177143203
593,1.2451147141570293,112590.18095371009,3162.88397656592
594,1.2472087367784284,112713.0728907053,3472.5309425105083
595,1.249302614173833,113228.67105529798,3021.836180516276
596,1.2513971052845823,113716.90827601562,3641.7703422425593
597,1.2534931066319515,114031.53717472123,3426.708965715846
598,1.2555863817711985,114500.25222010195,3346.006001675274
599,1.257678969059161,114724.21084315986,3041.718728992171
600,1.2597748382104277,115345.1085852014,3337.881007017961
601,1.2618698898493887,115678.19283980229,3181.931714565876
602,1.2639640740660565,116158.21102033096,3440.3161440100803
603,1.266059176034634,116444.1101414505,3643.214516368205
604,1.26815329738596,116914.23716659006,3773.2044864927893
605,1.2702469827768745,117410.89090133389,4270.685053796094
606,1.272341439773769,117527.64888447158,3679.2847024309754
607,1.2744361591580655,118135.24329157559,3037.2797728798464
608,1.2765301570381213,118428.90038888765,3986.8629749656334
609,1.2786243195908502,118796.47192528845,4051.948432230291
610,1.2807201779848052,119337.10483901818,3989.425947693605
611,1.2828149770647865,119766.49048968931,4176.489109470892
612,1.28490831046805,120108.4808917412,3914.2927771953878
613,1.2870024746125797,120608.0008374852,4155.281151752187
614,1.2890960788179595,120878.64863513107,4398.677837103402
615,1.2911903407610128,121508.23909503728,4302.553534240621
616,1.2932847299377603,121914.55550201252,4325.521795064487
617,1.295379834193548,122225.0926363167,3959.6628684665716
618,1.2974743412448833,122796.51947812941,4476.214781134643
619,1.299568838606027,123091.2981805135,4487.953385350442
620,1.3016640567270552,123677.88562632723,4347.307526000178
621,1.3037578272673165,124024.67148183165,4172.401241521017
622,1.3058518980796576,124405.91704233391,4278.0848403194195
623,1.3079469520711469,125020.61916049248,4193.665692087896
624,1.3100414674631762,125433.9896592438,4271.183604093086
625,1.3121343419146885,125953.18104085319,4605.554636460223
626,1.3142291157646366,126176.22831852276,4526.98469972851
627,1.3163249547628966,126757.1912281552,4549.6008727299695
628,1.3184204308819243,127265.12357584668,4714.164087869275
629,1.320514045081714,127640.97357332685,4784.366968244707
630,1.322607731116918,127975.00599447191,4835.753697721536
631,1.3247030067977636,128765.20026054324,5165.802757673472
632,1.3267964975071294,129060.62422317041,4944.478373753947
633,1.3288900457896358,129670.82313710077,4734.333923170266
634,1.3309846323229146,129976.86143760101,5054.7488610372875
635,1.3330795391690438,130489.03906567213,5263.937066507688
636,1.335173949560825,131159.9144711866,5121.2717956025335
637,1.3372672428845813,131498.2074585523,5007.452742331756
638,1.3393616502777206,132079.71210418266,4847.865434524567
639,1.3414564546808454,132398.34549381773,5398.109810501385
640,1.3435497634465539,132860.73979979704,5005.946221294965
641,1.3456439095281743,133450.5184968902,5216.549934439265
642,1.3477398961804745,133989.80126468927,5263.870910600155
643,1.3498356331361778,134396.203687942,5839.558973744643
644,1.3519291222201564,134995.37999811163,5203.246091750862
645,1.3540221824451044,135522.77973087862,5571.520732087207
646,1.3561174165883387,136012.70180864504,5382.582709361404
647,1.3582118000666776,136389.65928488094,5885.491305140293
648,1.360305548489477,137217.15057931258,6063.671853808114
649,1.3624016471705516,137579.04402045775,5552.7450261960375
650,1.364496581524498,138125.15540309963,5932.764624539496
651,1.366589927521404,138519.4889582271,5736.7595376987965
652,1.3686839345616666,139198.1313507032,6150.739629871028
653,1.3707785136744248,139592.15122562984,6179.28808279793
654,1.3728736781569988,140285.7158263062,6258.753599535594
655,1.3749673745335222,140597.17926911335,6674.117051537441
656,1.3770602631292597,141387.84781852612,6098.479360499987
657,1.379155717578164,141712.72050781522,6852.4225696356425
658,1.3812508039107998,142316.81507687838,5866.461836776402
659,1.3833453325862841,142798.35266819582,6625.80942441471
660,1.3854396647384786,143513.15797637167,6172.9056893551815
661,1.387533616953471,143915.27450245,6782.439773322558
662,1.389628935147901,144604.54292062315,6007.764300229096
663,1.3917230672721894,145160.02790392042,6604.838011543511
664,1.3938172778813163,145566.91977529012,6293.561783866963
665,1.3959128506087028,146321.12089120215,6371.701166430574
666,1.3980069894682674,146729.65053943926,6955.414513561697
667,1.400100032768225,147481.51691282273,7028.365810448915
668,1.4021942273095422,148015.58359002203,6798.688889979643
669,1.4042879724639459,148759.139204116,7205.147032064981
670,1.4063822250727482,149156.7753399399,7032.994600691033
671,1.4084777998796327,149770.12849716324,6742.662111518475
672,1.4105725454065003,150396.8889839843,7503.544569620626
673,1.412666035757187,151086.7438969751,7421.299612881538
674,1.4147597581950535,151506.6110289046,7432.7615478575
675,1.4168552493745823,152093.2660878153,7734.892313633423
676,1.4189502707585735,152796.64932503458,7736.935334450545
677,1.4210439871962917,153464.8698559861,8185.015925207874
678,1.4231379588066748,153950.770687196,7383.806806745255
679,1.4252323843784174,154809.86804429913,7966.322768102519
680,1.4273263645812686,155291.01026813543,7801.432025252339
681,1.4294209343777806,155691.87432976495,8130.690274383236
682,1.4315160587565352,156361.8360165732,8416.313375928168
683,1.4336101809254245,157173.65586263267,8805.886271225952
684,1.4357047233292217,157684.0904344877,8180.17858408322
685,1.4377991034950037,158625.31697601854,8545.487441759424
686,1.439893269172154,159028.64844379763,8622.414807506733
687,1.4419870983325702,159746.38135292573,8761.41676249296
688,1.4440820971476513,160494.17127349172,9435.1593623719
689,1.4461780146809415,161001.7680921765,9256.76275775546
690,1.4482723645441788,161588.8460530893,8508.91061032982
691,1.4503661519067539,162350.98467376202,9601.834062213191
692,1.4524608997459605,163124.99332116958,8498.877697320591
693,1.454556191478353,163660.2848390059,9112.147728611171
694,1.4566505605195028,164293.4840720519,9603.74789027086
695,1.4587435672120013,165132.7555196284,9225.828650216934
696,1.460836376274075,165573.71057506025,9146.582495115657
697,1.4629315024559504,166215.37792596902,9333.202663340155
698,1.465026115161985,167103.5585651776,9437.443545326785
699,1.4671201905708728,167725.02647133882,9470.475836820626
700,1.4692142550197365,168636.10404162304,9368.949358312286
701,1.4713085109511452,169362.64619213284,9901.271289779588
702,1.4734040883627781,169841.7019452917,9747.568169184035
703,1.4754983077923518,170623.05871735053,10046.291077647706
704,1.4775927333883283,171375.83107794466,9756.60733675727
705,1.479686516386449,171878.31227987265,10859.63880538465
706,1.4817805445745025,172751.16819848685,10595.4392355488
707,1.483876051193717,173600.22166805196,10456.865996955883
708,1.4859713583510508,174262.55572207435,10074.658756973748
709,1.4880662760111125,175154.33396770025,10415.082806084241
710,1.4901603423423662,175768.49799703003,11203.691989722713
711,1.4922546168830801,176553.00595836286,10910.178154905629
712,1.4943493508016918,177184.73761212794,10555.172695567244
713,1.4964436549031517,178029.80673110578,11219.732851465316
714,1.4985372426394363,178736.77556276054,11771.152987464078
715,1.5006303537214591,179508.1885249114,11315.593666140168
716,1.5027246941647125,180199.60816956605,11126.01026545269
717,1.5048198674391857,181183.56254094813,11142.69678647215
718,1.5069136003861163,182071.0515283437,11501.366000252794
719,1.5090076377683221,182646.94097709362,11872.410353393323
720,1.5111026723067662,183432.3237066025,12444.943954453396
721,1.5131971028762412,184267.14495527023,11836.113947181017
722,1.5152912609041667,184968.1314784737,12458.542224904062
723,1.5173854934463344,185904.20674357566,11808.751810451015
724,1.5194808793753787,186707.08420362082,12217.919544988115
725,1.5215756259285513,187558.9836152929,13072.173825721502
726,1.5236695807770564,188336.3649504554,13081.699941111638
727,1.5257641081783464,189303.15114481564,13137.031410081116
728,1.5278584873608179,189948.82342404829,13451.376889789195
729,1.5299536435991428,190700.90829285057,12684.761913718174
730,1.5320476585044298,191701.34000661544,12355.762553443376
731,1.5341414384393777,192353.12001092866,13011.412347420513
732,1.536236950937659,193403.65178629497,13405.632767664403
733,1.5383317033374695,194228.85344981228,14033.628467047432
734,1.5404255753841434,194996.43917062742,12786.18481726323
735,1.5425198393431812,196007.52878957457,13868.310930215772
736,1.5446136227526486,196932.4158163579,14123.300209471676
737,1.5467072285753283,197673.50799530596,14173.514601432704
738,1.5488013111816905,198663.07075552017,14012.566874129488
739,1.550896674249749,199641.00537264865,14645.949730203254
740,1.552991701547339,200612.70281098658,14561.375559885424
741,1.5550856629518366,201478.64901124092,15235.808429292489
742,1.5571801051512508,202256.45657656158,15145.03972749202
743,1.559274417579796,203213.73037486526,14766.011887610417
744,1.5613691533539047,204100.27487155807,15253.560244149023
745,1.5634631934261796,205093.67330387322,16039.964850302595
746,1.5655577892497892,205827.08954587195,15287.381943258244
747,1.5676527275763066,206880.0116345711,14977.802150902182
748,1.5697461748764228,207774.2685769772,16548.127828437187
749,1.5718402189801153,208910.27920314725,16363.11234434963
750,1.5739346218160084,209835.54863326353,16061.2013093474
751,1.5760295037244485,210681.42931377603,16330.10944624854
752,1.5781239238326052,211762.0966102433,16875.11060464802
753,1.5802176736109215,212673.7605641787,17034.62937335432
754,1.5823123941098438,213795.9370052746,17210.54577492628
755,1.5844068047546922,214528.920772443,16157.85430549936
756,1.5864996832696292,215526.9185205886,17576.282104890237
757,1.5885944598128996,216540.31851282506,17399.24210448958
758,1.5906903325437156,217522.32843529835,17646.834358923858
759,1.592784689092666,218840.990688699,17979.969006639934
760,1.5948796873290236,219542.990279107,18159.79324647153
761,1.5969745597395735,220797.38352935508,18284.754209934872
762,1.5990689218084002,221586.4435607528,18062.77594064259
763,1.6011633213632455,222713.42823566764,18774.784453754182
764,1.6032577776043084,223631.4035961749,18860.923606727247
765,1.6053514020964894,224968.73379834968,19489.034887764872
766,1.607445093072501,225691.47066917282,20033.145393861465
767,1.6095393086936036,226732.83258936807,16914.116866939046
768,1.6116336711357766,227937.8186108192,12249.117466681912
769,1.6137279918528686,228717.49417386422,7779.900402576594
770,1.6158221116449558,229886.87112657982,3019.1990373578637
771,1.6179176229648538,230806.66325006558,-3751.701875672939
772,1.6200131612431772,231956.31880410638,-6760.2713718245
773,1.6221069236192778,232890.9846591933,-11676.407004570983
774,1.6242011307622557,234099.10340470079,-16761.870887007375
775,1.6262960841945175,235061.94873325454,-20724.095989808826
776,1.6283896203498047,235998.22503664048,-27411.6615897106
777,1.6304834947928883,236867.9501545291,-31146.339939210895
778,1.632578127710653,238368.26228482724,-35160.705124875116
779,1.6346731813158608,239058.20750979387,-40998.223850227245
780,1.636767172365261,240182.47738216416,-45751.388824070906
781,1.6388603779595408,241307.75417749234,-51162.175323042415
782,1.6409563605892468,242157.78698941309,-54984.20837738335
783,1.643050621284035,243843.59251812362,-59979.84961611737
784,1.645144102645386,244728.25537614,-65066.91714697799
785,1.6472395726584623,245909.03101661388,-69795.16611279435
786,1.6493331318477138,246800.90985955132,-75432.3565073262
787,1.6514277435583298,248111.37121524202,-79052.92244689238
788,1.6535225655624404,249024.4312682036,-84507.36520500932
789,1.655616100487628,250299.35002769605,-89434.34448836319
790,1.6577106071833263,251263.20585445705,-94340.85442295467
791,1.6598050724476994,252667.26657423278,-99262.1001680535
792,1.6619001395524664,253749.56531575514,-103806.7621305855
793,1.6639948642035431,254559.04139670817,-109468.02587200774
794,1.6660882997554614,255902.73242939572,-114355.548718366
795,1.6681827329415837,257133.8620952648,-118314.01029958388
796,1.6702780557373313,258491.44012788162,-123498.63930628129
797,1.6723710846745943,259431.6388023557,-129014.05044584224
798,1.6744651718920411,261161.07470340002,-134478.3932020684
799,1.6765602044792516,261985.00338821934,-139405.2262002763
800,1.6786535596079524,263068.07535523426,-143736.39756590585
801,1.6807491745425278,264174.0457016178,-148537.40396812023
802,1.6828445761171116,265797.1211398511,-154601.0197369086
803,1.6849386388007168,266958.7656616097,-159542.3676284135
804,1.6870339476475265,268290.53721726965,-164834.16370709238
805,1.6891280758541645,269269.6975770068,-169072.93528059957
806,1.691221272327691,270524.008291596,-173983.70621295084
807,1.6933141346742315,271700.33076448797,-179299.29008561876
808,1.6954090930463133,273190.6037871093,-184347.94633830126
809,1.6975047078021417,274537.9782449195,-189898.01076857277
810,1.6995991246970055,275773.78681565047,-195300.97355461857
811,1.7016934918813407,276844.58135346824,-200076.5462121009
812,1.703786903721137,278046.1372076028,-204644.39312119252
813,1.7058818292953146,279394.3984411422,-209497.22893154915
814,1.7079768740006063,281117.5349574867,-214788.257608506
815,1.710070845319196,282362.9858209558,-220478.22305265325
816,1.7121645316176712,283644.734844041,-225277.24375987065
817,1.7142597272321454,285070.7694264051,-231012.1305322105
818,1.7163549406546734,286360.1449882579,-235996.07276549333
819,1.7184482195940645,287810.65018405084,-241530.25359957316
820,1.7205423072627637,289280.055052096,-247382.33669122565
821,1.7226374847113666,290382.3252318312,-251405.643619837
822,1.7247323233526113,291626.2529333908,-256878.78557900593
823,1.7268266901810085,293273.40140628844,-262256.1974182444
824,1.72892134476467,294549.622171338,-267710.4618150037
825,1.7310153629662073,296016.3917319505,-273389.9179771107
826,1.7331087353021186,297359.47321492236,-278194.8160544067
827,1.7352028820270462,298546.9358936177,-283400.47943114076
828,1.737297419510233,300001.5614431603,-289132.5597272955
829,1.7393924268721555,301422.06032473274,-293765.57278174366
830,1.7414865202316776,303356.9290618689,-300424.807287382
831,1.7435798385311778,305243.490234375,-305647.77749865735
832,1.7456747741592018,306239.32467649865,-311735.28919175745
833,1.7477707733578058,307729.86099785194,-316052.40306946734
834,1.7498644151299778,309338.80052753823,-321150.63805230195
835,1.7519579294274097,310910.55632434355,-327131.2788348799
836,1.754052537005875,312216.22482460336,-332767.72912501683
837,1.756146014277543,313713.7698312046,-338384.4672668279
838,1.7582399685899122,315659.5019227987,-344097.80826110835
839,1.760335124398212,316589.4212299084,-349496.55046589393
840,1.7624306374180432,318439.1130235487,-355337.66247349395
841,1.764524733445493,319756.2013169997,-361233.3689364603
842,1.7666195957988082,321752.3141295286,-366036.61220078846
843,1.7687146552767006,323376.6278621663,-372628.05827581504
844,1.7708085687106505,324690.66740723496,-377599.5290826766
845,1.7729026984403262,326176.8056486031,-383216.4887075846
846,1.7749968373222131,327989.6539659736,-389788.2534560078
847,1.7770919795414395,329890.3989697182,-394831.4055215576
848,1.7791866891650514,331251.80052903923,-400542.9619450908
849,1.7812805740714612,332759.4126630085,-405320.85126250907
850,1.7833749145944944,334811.849439949,-412401.4945893369
851,1.7854698174814119,336005.61729326827,-418071.8870054054
852,1.7875649050000997,337959.77493846987,-423362.74457669246
853,1.7896586091751823,339535.3759097866,-429667.53692015493
854,1.7917528105223397,341296.78697940067,-435703.31436456495
855,1.7938472619734778,342917.493757068,-441468.2175600758
856,1.7959410333998334,344584.16438753397,-446995.10614990816
857,1.7980353139963554,346290.7495942925,-452634.9156375382
858,1.8001292949050451,348185.6121983153,-460375.2823164808
859,1.8022240144636215,349856.3551781713,-465020.8011362746
860,1.8043180357006787,351631.5777869857,-471207.59433189454
861,1.8064120149556366,353414.1818523551,-476692.92959219386
862,1.808507216693214,354652.33124624845,-481547.89363392687
863,1.8106012235056632,356717.5107786739,-488304.8310878499
864,1.8126961076333348,358814.1276571916,-494858.2023060746
865,1.8147906359659112,360761.70753376436,-503027.0071476123
866,1.816885013662702,362577.8291263106,-508229.9300711648
867,1.8189799788179999,364068.5047061513,-513596.3229519976
868,1.8210733357472892,366381.6366316741,-520718.406300654
869,1.8231675363973032,368334.1220170414,-527112.7861484002
870,1.8252628639859947,370210.5585758113,-533575.8176912459
871,1.8273578690890415,371874.41837898345,-538619.5000478276
872,1.8294529153678178,373899.450858556,-545958.2319946775
873,1.8315468366202061,375728.6637513745,-552300.391354397
874,1.8336403420201965,377488.0485721497,-557544.4668863846
875,1.8357342642631629,379554.3489136358,-564916.9267322605
876,1.837828606636473,381334.2664302711,-571029.1877918435
877,1.8399232687279,383407.4577540118,-577391.9304682491
878,1.8420169361094605,385766.3031203166,-585102.5122960971
879,1.8441103454239045,387498.16625940375,-591314.7900541519
880,1.8462047113551943,389692.4555832424,-597916.3696107985
881,1.848300337583767,391692.6061476701,-603748.0914838918
882,1.850395118058644,393237.6745550708,-610089.4806133053
883,1.8524895015648957,395858.150681311,-617375.8837609439
884,1.85458435317291,398195.87293226545,-624772.4074001615
885,1.8566786691854407,399327.95751071465,-630477.2984251986
886,1.8587722962005393,402111.86461022095,-636719.0700582268
887,1.8608667292143481,403867.1432826802,-644096.8133858528
888,1.8629623979972338,405953.7096220611,-650997.326186067
889,1.8650575007618033,408634.0149129348,-658582.4781271628
890,1.8671515757398978,410410.42216057907,-665518.3170255977
891,1.86924567270883,412548.7005519537,-672800.2826713782
892,1.8713402290883943,414637.8118230609,-679016.7267476266
893,1.8734333441485889,416806.823725812,-686195.9567984497
894,1.8755274569663687,419246.6823894513,-693854.2033669507
895,1.8776226584010878,421765.57425825024,-700844.5551539928
896,1.8797156234954413,423382.6865542854,-706625.2101037715
897,1.8818097674713492,426532.94491518574,-715060.9270490522
898,1.8839051205157094,428152.5504155329,-722272.9411032704
899,1.886000042933448,431118.84430369857,-730319.8819828522
900,1.8880949075451439,433319.01210066065,-737439.1818437552
901,1.8901881584759161,435685.4325164295,-745550.3171888544
902,1.892283217936019,438590.71536412707,-753238.8479970038
903,1.8943782680554568,439712.7769476011,-758411.9864183881
904,1.8964720473710392,442542.180499493,-765346.9149756107
905,1.8985668668489433,445402.3195342655,-775106.4467857865
906,1.9006612809862096,447450.7580892623,-781436.4537698504
907,1.902755719587151,449674.2951544734,-788748.2384702227
908,1.904849757588545,452524.198828533,-797430.1493258548
909,1.9069430754605277,455006.01477411436,-804642.9645147887
910,1.9090378340013505,457647.23200031026,-814478.4436650061
911,1.9111324914183263,459506.7223089853,-819288.0822589406
912,1.913226965923519,462112.13698338275,-826788.9838883005
913,1.915321381331026,464413.4416327788,-835137.9329721947
914,1.9174162748437817,467452.44171336934,-844384.7653914916
915,1.91951096404297,470172.9333604701,-852371.9790458801
916,1.9216039358616672,472726.655150918,-859699.063774448
917,1.9236986253914137,475681.03314610594,-867890.069787135
918,1.9257933066276691,478164.8785501136,-877422.761223649
919,1.9278873651498682,480387.915146989,-884078.9850708621
920,1.9299807661659822,483365.4314559105,-891467.5698858118
921,1.9320760482648573,485835.0906614124,-900439.5751825239
922,1.934171767524072,487890.1345322714,-908686.0682134798
923,1.9362651059315399,490886.58175226126,-917762.9357440316
924,1.938359138419254,493659.01326017064,-924222.3047113157
925,1.9404538735984294,496709.0576755285,-934046.3193765326
926,1.9425479146608418,499215.3629080544,-942537.5363387334
927,1.9446418189559174,502622.72604349797,-951902.6983102226
928,1.9467371502259871,504645.17751778156,-957959.8525532229
929,1.9488329760684335,508224.5518633125,-969722.4634142851
930,1.9509268120448882,510908.70016651106,-977182.922703931
931,1.953019609354344,513691.96639918163,-985839.2806096006
932,1.9551147244404972,516966.7083722738,-996842.5016111934
933,1.957209950604826,519223.6320464034,-1003301.9672588902
934,1.9593041179655175,522853.072513305,-1014845.213894835
935,1.9613980124620214,524860.7315132598,-1020934.1219691616
936,1.9634920823781827,528750.8182104969,-1031761.9131286516
937,1.9655870316775599,531406.989812807,-1040128.8185036284
938,1.9676813106463258,534205.5574471931,-1048077.8777504353
939,1.9697755380711686,537490.9079894191,-1056600.992746339
940,1.9718704076888727,540377.0478221033,-1068650.3649983343
941,1.9739643213778544,544326.3186455339,-1078281.9946236247
942,1.9760582139073395,546349.7805261343,-1086061.2624968565
943,1.9781533744008393,550161.8282847599,-1096252.864347751
944,1.980249297656676,552769.8609070585,-1105111.850892538
945,1.9823436902775773,556494.8792341126,-1116641.881505514
946,1.9844363854611324,559372.3798072312,-1123270.494762753
947,1.986530057736426,561430.8643254904,-1132940.1759244155
948,1.988624138262085,565882.885871918,-1142137.827320767
949,1.9907191302641989,568636.0222585234,-1152580.9071682086
950,1.9928140678397719,572077.8313290713,-1162422.257786852
951,1.994908057158038,576296.2887377912,-1176820.9623925663
952,1.9970037235567513,579102.3454407073,-1184097.7798053103
953,1.999098539119481,582867.5242647708,-1194071.3419390041
954,2.001191245179364,585161.1886048821,-1202645.3924167254
955,2.003285465781134,589688.363373883,-1214901.644861624
956,2.005380090953843,592774.5597270641,-1224824.3369296845
957,2.007473757612322,596879.7726032104,-1236096.7587093194
958,2.0095674385752345,600242.1046705919,-1248982.3242616388
959,2.0116620669227445,603120.3787661451,-1258367.4195914732
960,2.0137574654124313,606290.7573717367,-1266827.0203964426
961,2.015851542299029,609390.0999484666,-1278724.4175210535
962,2.017945842236743,613607.4915695474,-1288598.0323656138
963,2.0200414078173843,617384.8337180035,-1299992.5962952736
964,2.0221364472105585,620529.4685619422,-1309129.4297377497
965,2.0242304661583193,624670.3305250301,-1320905.0512370951
966,2.0263241213554704,628349.8742668526,-1334073.7443817551
967,2.028418169537371,631618.1961982282,-1341728.8964669504
968,2.030512126699397,635775.151681019,-1355040.509825554
969,2.032607257696191,639662.6909907771,-1366947.6033326674
970,2.0347026748788237,642519.3563034715,-1377247.2436699355
971,2.036797432049628,647268.4598100203,-1390063.8496401731
972,2.0388917803566513,650512.6931446744,-1399376.8918604844
973,2.0409854404727548,654847.5924682191,-1414494.8222154735
974,2.043079158497923,658998.225529108,-1424605.8528327532
975,2.0451737042342053,662362.3338185123,-1434261.4516250486
976,2.047267957686092,666397.5360515286,-1448011.2265904895
977,2.0493625921646865,670011.2688273201,-1458598.0608165485
978,2.051458159400133,674303.4606780772,-1472969.8925219297
979,2.0535521918605197,679087.4535492357,-1485088.3005103695
980,2.055645062675616,682649.371302303,-1496530.6292066497
981,2.0577393587752955,686685.0533058849,-1509448.6946405815
982,2.059834437786395,690958.3591818232,-1522980.8147044226
983,2.061928055170489,695609.3721421375,-1535623.3941949443
984,2.0640226957402352,699590.5137233421,-1547962.5017179
985,2.066118258189404,702815.5081111,-1558244.6582539398
986,2.068213196804832,707390.8355108255,-1571029.8830746564
987,2.0703072818107917,711789.0927893044,-1585691.1685361664
988,2.072400931462771,715997.4114517539,-1599618.892201542
989,2.074494103322103,720858.178871685,-1612775.5311201892
990,2.076588647294614,725639.9973819078,-1627804.604116865
991,2.0786837571325223,729777.4083137711,-1640094.7769846045
992,2.0807786951127576,733670.5999859709,-1651143.006341507
993,2.0828733611799306,738226.0749442985,-1665805.3883055628
994,2.0849676047315464,741886.386787702,-1676659.5122454509
995,2.08706191167589,746085.0085040118,-1692790.4457959132
996,2.0891552570733616,752174.8861186248,-1707639.5628901923
997,2.0912498961643236,755238.4425002661,-1719407.7505581928
998,2.0933446561638878,760482.9849577446,-1736229.6829531887
999,2.0954387435644386,766015.9792589605,-1752801.890746623
1000,2.0975335870618825,770024.2293104235,-1765744.6638150178
1001,2.099629070349723,776300.0045063931,-1781905.370048687
1002,2.1017228492895934,780132.1130832941,-1794924.499762395
1003,2.1038170482062775,783513.0571318088,-1807927.8961742236
1004,2.1059122372778973,789729.2435436895,-1825047.3102689548
1005,2.10800554057148,794746.1394896989,-1843202.7103930486
1006,2.110098599114947,798892.5248244954,-1853062.5744435801
1007,2.1121927216235163,803734.7337352893,-1872545.1865657473
1008,2.1142879182187984,808549.7792554786,-1885201.0357703771
1009,2.1163820759811065,814352.3796796238,-1902381.3451985412
1010,2.118476597123504,819453.0040883847,-1919664.5201481995
1011,2.120572077635568,823041.24621907,-1930474.523472479
1012,2.122666143506846,829329.8867423132,-1950195.3151180593
1013,2.12475947440395,833953.2801822122,-1963498.546175611
1014,2.1268549228070284,839971.6052706556,-1985292.747072796
1015,2.1289503858580807,845147.9155368112,-2001072.6102544917
1016,2.131043274916299,850726.7547977279,-2014513.5497925659
1017,2.1331378502136085,855525.4665536552,-2030647.2541395896
1018,2.135233020544507,860437.9629347671,-2046801.0088703823
1019,2.137327211773404,866154.8090267117,-2066507.7748712746
1020,2.1394213678417553,870642.7198177868,-2076660.7395155772
1021,2.1415151935265153,877040.1203326044,-2100993.724645105
1022,2.143609686067666,882078.3119208423,-2117917.3290980384
1023,2.1457039096890913,887341.2589205846,-2132899.4962204946
1024,2.1477977892281794,893271.7141353262,-2155194.895532423
1025,2.149892773795189,899822.8247496791,-2171554.2780442764
1026,2.151988207011953,905507.8547319801,-2192832.1864697207
1027,2.154083430042502,912385.7202463187,-2213050.7605639924
1028,2.1561769020273363,916880.5120045609,-2229840.290193166
1029,2.158269727638565,921527.6409518843,-2246676.859396442
1030,2.1603643338266334,928447.1367915946,-2262895.7643027385
1031,2.1624594611960894,933141.1731998733,-2287180.6422289973
1032,2.1645538445620423,940707.8687233638,-2309154.972347278
1033,2.166649266160557,946099.7129279316,-2326031.580693809
1034,2.1687438965600263,953210.9161514599,-2352827.988955264
1035,2.1708363804402464,956626.0128638428,-2361711.93444563
1036,2.17292939543057,963885.1745408938,-2381272.1673325757
1037,2.1750246621139153,969726.7276684642,-2403107.3177843746
1038,2.1771189095943266,976179.852845762,-2426086.9445409877
1039,2.179212962470575,982812.3288741024,-2444691.1071802536
1040,2.1813066434396426,987838.8800502319,-2465332.784232945
1041,2.183402629792164,994189.0777525216,-2488935.4975551274
1042,2.185498119455816,1002629.6848748631,-2512649.212905112
1043,2.1875916200185137,1006945.2849328273,-2534494.3205971364
1044,2.189686441120868,1013340.6151802371,-2553434.9717576564
1045,2.191781413276182,1020522.8067822919,-2578876.5220975
1046,2.193875147711239,1027199.727100743,-2600588.640298407
1047,2.1959686613130316,1033983.208283293,-2620841.347827705
1048,2.198063923558019,1039472.3425032918,-2646571.4052127535
1049,2.2001595001532226,1045867.6584915683,-2663462.6020933646
1050,2.202253779153767,1053845.6741899704,-2697367.6059431
1051,2.2043460760907565,1060332.0825317989,-2717550.930304813
1052,2.206440891990371,1066677.4773744005,-2738316.0505488403
1053,2.2085356491852317,1072853.835322345,-2766644.3290776
1054,2.2106277016542335,1082119.8249707215,-2789534.241244939
1055,2.212721958545959,1086902.26207357,-2816872.813705584
1056,2.2148185083900422,1093809.3876475329,-2839997.991674035
1057,2.216913061952383,1101928.4831860845,-2867147.383733563
1058,2.219006160150891,1108990.661506512,-2898946.171058059
1059,2.2211007684745443,1115822.0710506085,-2920538.4799964773
1060,2.2231966067711273,1123188.3478864685,-2948430.1589775556
1061,2.2252915180225106,1131174.975790688,-2977761.497961926
1062,2.2273849286831946,1138385.7380317445,-3005366.5488811773
1063,2.2294794057777056,1144677.0120353259,-3027292.9843909545
1064,2.231574082226972,1156521.535570482,-3063864.58903241
1065,2.2336675726385264,1160480.7458393998,-3094590.7514389497
1066,2.2357616690730993,1167438.9883854522,-3114570.6693028114
1067,2.237857388038379,1176416.2975158573,-3150147.1410554564
1068,2.2399520699736297,1183763.861571165,-3181521.918725536
1069,2.2420449617357057,1188913.3642720154,-3205184.4085491374
1070,2.2441391380853632,1195931.395062885,-3237497.169451547
1071,2.2462342793770116,1204924.4171101826,-3267342.776135083
1072,2.248330004000319,1211432.123935722,-3295773.235010813
1073,2.2504234986669656,1222030.213933935,-3330962.31273384
1074,2.2525166459790467,1227694.942298623,-3365255.367121951
1075,2.254612702557845,1235401.4504190248,-3397291.7385994736
1076,2.2567074239010356,1243516.5699557457,-3431712.2585220267
1077,2.25879926569608,1252085.5126300892,-3472133.7458472447
1078,2.2608934332232278,1259082.0688222672,-3499322.4579173764
1079,2.2629890832862967,1266151.8151429996,-3535809.6439169715
1080,2.2650815906481947,1276908.6224265571,-3573220.8118942957
1081,2.26717631551426,1282769.4032550754,-3607744.481740422
1082,2.2692717091510235,1290755.5423217607,-3645543.6232457897
1083,2.2713660430599174,1301292.1035791864,-3690832.9502695776
1084,2.273460830916725,1307338.3626843677,-3719577.178018291
1085,2.2755552510450507,1314247.0405471236,-3762830.0042524035
1086,2.2776502981151867,1326013.7277524117,-3805938.8250556393
1087,2.2797428242388995,1330265.2942108954,-3829754.4386283625
1088,2.281836092329788,1339148.787636712,-3866970.7680451125
1089,2.283933556285596,1350000.9154112644,-3917094.4087829064
1090,2.286028868050817,1360062.601911733,-3956064.0811364385
1091,2.2881212248812486,1367357.07385579,-3989626.827015339
1092,2.290215014848569,1377003.388901852,-4027549.6592365764
1093,2.292310229911211,1381623.260385625,-4053855.562372575
1094,2.2944051456334345,1394600.4780943978,-4103194.9501408786
1095,2.2964983471898495,1400663.9646771508,-4131713.604322159
1096,2.2985921024349003,1412491.3710636017,-4177335.6049163807
1097,2.3006888643809247,1421184.8813356503,-4217776.324503361
1098,2.302783634096356,1432377.4484277647,-4256770.420444286
1099,2.3048756698218886,1442040.032154604,-4297943.9669601405
1100,2.3069695720010412,1450728.5769915134,-4332195.612887763
1101,2.3090651112173397,1457434.6727530668,-4363601.941236304
1102,2.311158495429861,1469359.0322442057,-4407457.080140618
1103,2.3132509513768182,1478410.447650631,-4445646.770077013
1104,2.31534766594442,1488371.4632743767,-4492406.538035368
1105,2.3174438092641236,1499546.4444911755,-4527439.461423811
1106,2.3195366518474128,1509115.2586156984,-4571562.041644947
1107,2.321631141204296,1517536.080417325,-4601479.460183409
1108,2.323727832694395,1529461.9840335178,-4646778.895813238
1109,2.3258211826493147,1536099.5039679774,-4682673.942516148
1110,2.3279133966950116,1549555.0952057636,-4726878.680537349
1111,2.330008120458155,1559840.135196491,-4770117.142176447
1112,2.332103956675321,1566749.6373880894,-4801248.953811038
1113,2.334197579452735,1580770.928678563,-4854701.298437466
1114,2.336290017181209,1595195.5986272853,-4908216.789264784
1115,2.338385505091734,1599992.302744396,-4933758.81198958
1116,2.340480189114194,1614812.4711271327,-4985186.6434358535
1117,2.342573391055059,1626435.4633245803,-5031026.320542966
1118,2.344667848677038,1631352.6469715417,-5053129.25924887
1119,2.3467629878884537,1645425.845025717,-5109734.253166303
1120,2.348858220839854,1656179.1883678548,-5149463.452280574
1121,2.35095250082758,1671562.626514626,-5207604.989731325
1122,2.3530449396760944,1679828.1872265057,-5239811.1302217785
1123,2.355141499104623,1691326.4342091545,-5284329.325402352
1124,2.3572378412451434,1706925.2548101726,-5343411.058414963
1125,2.3593294861259198,1714854.9666270453,-5379553.554010466
1126,2.3614224992004984,1723174.2697344483,-5411383.8179469025
1127,2.363517948981548,1738556.8656292576,-5468063.592996257
1128,2.3656139136423477,1751903.9541386326,-5513422.231257087
1129,2.367706660383537,1763401.9597530747,-5563811.8357581375
1130,2.3698014470222093,1772128.0126128232,-5600504.739779848
1131,2.3718977582075165,1790955.457961404,-5665245.543024169
1132,2.3739899214574836,1801534.1802721983,-5705625.540337727
1133,2.3760825194215927,1813083.302660558,-5754702.071505431
1134,2.378179070039863,1824397.1559505428,-5801576.58315733
1135,2.380273759058959,1838482.7028315745,-5848349.061269443
1136,2.382365673610318,1848669.274383177,-5887514.453390227
1137,2.3844604460166168,1862861.667228907,-5943547.186604427
1138,2.3865571190304595,1878379.2559319776,-6005474.356719394
1139,2.3886520978255446,1896109.7606780364,-6066313.31588781
1140,2.3907442891236066,1904391.2958005026,-6099003.723715534
1141,2.3928386457990913,1917852.605742972,-6152133.909460274
1142,2.394934562690242,1936308.4436131197,-6222743.387008919
1143,2.397029599690107,1948312.2512592294,-6265187.771114071
1144,2.3991222591305954,1955449.9182396317,-6298370.5342479525
1145,2.401217024080888,1970408.597038031,-6354484.948151105
1146,2.403314513026698,1990032.5800659044,-6431918.562268251
1147,2.4054081911284184,2005618.3595416157,-6482598.515760516
1148,2.4075011183217048,2008680.7295509726,-6503655.127218128
1149,2.4095960074264258,2029873.0479813328,-6577793.361355598
1150,2.4116926326559978,2034997.44373537,-6597129.953801447
1151,2.41378425055939,2059852.0070423477,-6684900.570226699
1152,2.415877382497087,2076722.5043765018,-6755916.180140963
1153,2.4179783678062123,2088199.7692053865,-6795970.999946165
1154,2.4200733739460714,2103908.6292806957,-6857947.544366856
1155,2.422162501290004,2114962.9740456915,-6899080.438944968
1156,2.424257158180454,2130652.857204335,-6956479.4379336955
1157,2.426355368807169,2150245.262160884,-7022120.369385034
1158,2.4284477900186845,2161832.9651096403,-7074068.210312799
1159,2.43053883847394,2177602.4595913664,-7135654.07334403
1160,2.4326356353293934,2197732.553261763,-7207085.315397245
1161,2.434732612021302,2213162.6353438706,-7263594.507418209
1162,2.4368252927922227,2226249.127811109,-7312925.999296021
1163,2.43891890863681,2243564.905245288,-7378555.745206341
1164,2.441014895314609,2262817.1845986587,-7447902.321265268
1165,2.4431105244568765,2273220.268931119,-7490176.844852245
1166,2.4452031167440684,2293535.730350461,-7558634.308568732
1167,2.4472938786799143,2313951.5524154166,-7642319.022674176
1168,2.4493915902413868,2323772.3068582006,-7677230.346628768
1169,2.4514877943094935,2343488.1954480745,-7754691.762090721
1170,2.4535774837073663,2366303.049449849,-7832137.152013468
1171,2.4556717453467782,2383322.0755458623,-7901800.109131618
1172,2.457770725968573,2400038.555262601,-7960730.142206803
1173,2.459865450868259,2418589.380689705,-8031359.544768004
1174,2.461954843714291,2427801.4563620486,-8067405.209938583
1175,2.464051305962942,2451079.06545599,-8147437.04216982
1176,2.4661493201186655,2478135.536457009,-8243937.344485471
1177,2.468239991051035,2483739.8963924865,-8272485.3522431245
1178,2.4703335941159144,2502847.64878206,-8344684.875464947
1179,2.472432426226094,2527294.870726391,-8432776.11505933
1180,2.47452690434623,2535260.427295686,-8461907.683783073
1181,2.476615373809059,2563358.4420727296,-8562061.878887692
1182,2.478710457672189,2581440.6441471716,-8638939.373635923
1183,2.48080966574444,2600925.630421396,-8702729.91907169
1184,2.48290090100287,2616885.238109884,-8758825.223307606
1185,2.4849923340191187,2637866.558588175,-8844579.712714586
1186,2.4870897130294636,2659019.0344377873,-8924186.281865086
1187,2.4891862386660164,2677381.027283337,-8993953.523285821
1188,2.491278235985619,2692692.891073215,-9042051.669301124
1189,2.4933690456944357,2724049.5020079417,-9159117.629653828
1190,2.495466543397291,2746656.8035150287,-9243514.703499183
1191,2.497563830960505,2756056.2420886825,-9281587.936804464
1192,2.499654519205421,2784117.858122329,-9383648.811548203
1193,2.5017479497353943,2802593.3645450813,-9448748.7343896
1194,2.5038480054516667,2829292.2481349567,-9544470.335619291
1195,2.505943433921919,2848990.543875912,-9619752.683911636
1196,2.5080284861327207,2856455.777395547,-9642398.496759698
1197,2.510123955773609,2897610.805344168,-9797555.890810598
1198,2.5122261646694253,2910832.0213445476,-9851384.207254976
1199,2.5143177674343575,2937362.92551635,-9943356.481910827
1200,2.516405803072155,2960797.7955284445,-10030456.933909195
1201,2.5185026929964116,2980811.3007701626,-10097090.916360948
1202,2.5206041831245063,3006963.2140975115,-10202832.011761071
1203,2.5226964757648327,3027187.291492212,-10267523.658744663
1204,2.5247869961159406,3049809.440665646,-10357823.661571166
1205,2.5268843920051487,3087227.002265923,-10483197.787080487
1206,2.528980483597168,3095629.41638721,-10521805.513150768
1207,2.5310684597394695,3129654.3554243837,-10645506.212959278
1208,2.533161718042206,3138500.8598399726,-10680319.012248168
1209,2.53526488574662,3171898.860634621,-10798594.586923601
1210,2.5373603920777454,3210211.671634709,-10938577.877268735
1211,2.539445749963502,3212082.7791799614,-10951037.100385178
1212,2.5415417180131348,3240326.470374022,-11054456.412156964
1213,2.5436457679371425,3262591.751123977,-11133316.114438051
1214,2.545736808475733,3295978.1049645203,-11256140.858387178
1215,2.5478233832874237,3322920.9377217325,-11344455.982511604
1216,2.54992085584226,3333505.2206577975,-11395213.930670997
1217,2.5520207655356866,3379973.124308136,-11555369.960206937
1218,2.5541098448110064,3388795.0232799756,-11585408.020684302
1219,2.5562002600365847,3439841.210475263,-11766285.807934199
1220,2.558305455724291,3463095.210735045,-11852952.189460073
1221,2.5604026511470312,3462443.6961366897,-11854661.693679387
1222,2.5624826414852553,3514320.656248509,-12038116.636951625
1223,2.564574391949512,3536544.3232205915,-12120315.208621232
1224,2.5666808497683498,3576365.118741337,-12269392.430213062
1225,2.5687773451615423,3600343.39018156,-12352268.165553436
1226,2.5708608935170316,3619536.6045646835,-12419655.692408286
1227,2.5729575952355885,3641583.0027749757,-12504882.16363494
1228,2.575060651513359,3681700.6336965323,-12651168.649932602
1229,2.577148431575012,3700023.4821457113,-12717249.432016546
1230,2.5792346077561192,3718800.261018096,-12784478.288982414
1231,2.5813352493894732,3752992.0523126293,-12914436.400802154
1232,2.5834369526956515,3770688.077863208,-12969924.789541228
1233,2.5855218346006232,3830577.1872076527,-13180675.689679462
1234,2.587610713900489,3854556.0618235427,-13277104.82677849
1235,2.5897186990593415,3896292.774077166,-13424309.337849319
1236,2.5918181690667126,3909649.0599327018,-13469610.23114398
1237,2.5938985009385314,3956133.983614287,-13639666.771582691
1238,2.5959901966325076,3955249.893379415,-13638050.624182673
1239,2.5980970827886534,4003969.810015154,-13810518.892704125
1240,2.6001911974764487,4042396.0137972184,-13950054.484282464
1241,2.6022734575046016,4081035.8342969543,-14082079.84996571
1242,2.604374761438423,4103857.1199013097,-14174288.603082564
1243,2.606480077670044,4139408.677934729,-14297194.174436767
1244,2.6085618800169397,4146684.864567122,-14333351.809992729
1245,2.610646200048581,4187642.031261662,-14479111.364728024
1246,2.6127580952497533,4253257.36965899,-14708788.19507336
1247,2.6148609257992828,4290591.4520572685,-14841169.195717866
1248,2.616933454172155,4313651.9408276845,-14924844.728264032
1249,2.619020659870304,4349341.883217738,-15053879.023626966
1250,2.6211346279669097,4378372.918116405,-15158432.612991966
1251,2.623236503452788,4420161.686464941,-15311506.662670277
1252,2.6253090562225565,4463113.222753885,-15468003.953980064
1253,2.6274000701334055,4513709.25099611,-15646043.335616915
1254,2.629513118467727,4538994.650856838,-15738604.462106928
1255,2.631604301330356,4561211.557071558,-15811786.182897048
1256,2.633685254021577,4607458.529881101,-15976557.50870869
1257,2.6357889797673804,4659716.08972669,-16176238.290581308
1258,2.637895874321367,4697203.714354039,-16288075.074472465
1259,2.6399747081141895,4686659.504355256,-16259844.19801996
1260,2.6420591747927733,4733281.49218816,-16441090.402661242
1261,2.6441764666284318,4809497.067357592,-16695347.674755767
1262,2.6462775406423154,4857221.909630579,-16870895.533232365
1263,2.6483402943393326,4859788.828020305,-16885720.55493322
1264,2.650428729148096,4921700.353434307,-17104929.84629843
1265,2.652562718674548,4973771.888122993,-17293594.819120158
1266,2.654664088292312,4966635.570275356,-17270095.854752503
1267,2.656712651557163,5092714.727521781,-17706797.198247403
1268,2.6588106765908748,5090326.572769092,-17706702.665594444
1269,2.6609452450324915,5129158.888992325,-17852306.31126731
1270,2.663032290426174,5167364.787946257,-17989400.625953365
1271,2.6650914877184944,5204215.355988246,-18106847.985768992
1272,2.6671986225603375,5247857.404261612,-18276818.955488063
1273,2.6693218160411916,5336552.7992337905,-18578789.68440129
1274,2.6714003686163363,5326778.3754286645,-18543644.18055534
1275,2.673473653710363,5389298.2837419035,-18773168.08913788
1276,2.675588689124729,5469978.940813688,-19067220.004306737
1277,2.6776964003773744,5478642.143687213,-19097457.362007715
1278,2.6797534796790945,5570339.769355945,-19404187.470515404
1279,2.681845016836506,5587867.535733213,-19482206.109183352
1280,2.6839785543392702,5687482.346600013,-19831807.547954064
1281,2.6860638705482365,5633471.417002967,-19649735.543153297
1282,2.688115580192901,5724398.469723286,-19968207.856574953
1283,2.6902421071216107,5762294.357740419,-20104868.22348799
1284,2.6923784453538007,5816455.065256707,-20292368.90027735
1285,2.6944235266222867,5861491.035522673,-20453316.12536779
1286,2.6964818302236213,5937197.929191932,-20718025.529676516
1287,2.698646249049189,5877881.560389886,-20518817.32885097
1288,2.7007725953070936,6000592.902393815,-20953895.406247046
1289,2.7027692368507834,6105309.379835802,-21307955.43056097
1290,2.7048443440936585,6113648.5818325095,-21353255.667162847
1291,2.7070515904059915,6262793.820908672,-21865613.3678108
1292,2.7091632832728005,6240589.311204875,-21814634.38134945
1293,2.7110832098570423,6287730.4517883565,-21954631.95107888
1294,2.713194248534394,6353326.144415899,-22194150.328783035
1295,2.7154564422347596,6397007.353321081,-22335340.057471823
1296,2.7175455830902693,6538297.384950575,-22848172.0795614
1297,2.7194409477796717,6625548.993073422,-23159225.37328486
1298,2.72159410281056,6551653.433336132,-22896201.307328664
1299,2.723868494276683,6562078.781607246,-22942491.19363955
1300,2.725905473691433,6668044.422450434,-23301501.221582886
1301,2.7277938720843573,6738810.598474146,-23554537.564574644
1302,2.730005424734083,6645925.239987178,-23233211.846947916
1303,2.7322910595910366,6822291.872848775,-23861475.211280905
1304,2.7342323934891035,6837400.502779458,-23903932.711099952
1305,2.7361123669415965,6980350.835113921,-24397186.985341165
1306,2.73841292247591,7080894.487479574,-24767389.533610888
1307,2.7407262152838343,7183300.935320578,-25127981.047099233
1308,2.7424923562337074,7299613.698902012,-25524021.191828057
1309,2.7444202272828333,7315189.701108466,-25589322.95408469
1310,2.7468188489948773,7274284.889634889,-25451748.295919094
1311,2.7491571251284848,7385921.975306653,-25844877.135572817
1312,2.7509012180135843,7587405.459439204,-26538646.95042202
1313,2.7528220566885997,7299159.080924611,-25542084.91865989
1314,2.7552245852341666,7604487.317065784,-26609102.608481407
1315,2.7575799064734774,7684870.802605083,-26895149.118266243
1316,2.7593246433872425,8217005.549566825,-28757733.00920734
1317,2.761234187120032,7840814.101410783,-27433813.396408584
1318,2.7636390504715083,7946652.257392306,-27806394.80761408
1319,2.765948826576436,8056931.144965041,-28186569.28519695
1320,2.7676191435751902,7911674.5509416675,-27693665.599668913
1321,2.769651838220211,7774071.88694173,-27209706.55122578
1322,2.772055945845228,8154071.648110397,-28518089.105245955
1323,2.7739175955497957,8742771.227311468,-30600234.649350133
1324,2.775657495525559,8602070.649804685,-30110288.66378191
1325,2.7780509401576134,9278657.438260559,-32477835.86546257
1326,2.7804282678176238,8349404.312909794,-29223307.59411223
1327,2.7823699672164355,15314792.06177428,-53574904.26058803
1328,2.7838806433920418,13430769.040671384,-46997626.93292502
1329,2.7859958234637583,3327807.2285410613,-11647325.299893714
