,k,Pk0,Pk2
0,0.0029665470748989845,3270.392923374684,-5451.504455854935
1,0.005026374055021859,4108.061253708847,-344.5003167235763
2,0.007149300621522788,4667.050908839927,417.2285707992507
3,0.009278869254964255,6089.920841421628,-3343.4635454429035
4,0.011450332619344701,7102.521660094931,1507.0293773993524
5,0.013492955871419151,7672.875459857749,1927.5794519202075
6,0.01558905561191893,8488.645247949964,-812.2628793699505
7,0.017694083672553172,8871.588786145596,925.4920612113883
8,0.019817874803135297,8753.47866017948,-2302.9951056002246
9,0.02192074938196264,9420.32060991331,761.4384709893462
10,0.02398877635566245,9617.787981591262,-661.8607589206597
11,0.026092869718961156,9039.592832038881,-708.7018643075727
12,0.028234663152781798,9280.884669356281,2345.1424547899805
13,0.03032284873509123,9101.95636492709,-342.77648947067377
14,0.03240263258943404,9600.93131752218,919.7980161912556
15,0.03449210129864554,9037.243414415707,-82.5769799990371
16,0.03658588147515197,9164.229550180124,-713.0083272591788
17,0.038684769492669774,8436.723094769677,-38.4733596703189
18,0.040788988884582836,8270.062036643674,1270.3702608916285
19,0.04289390876967646,8002.789558911346,141.50102828314832
20,0.04498336005546935,7909.999899402125,-285.11145068798663
21,0.047064985294738244,7985.503451504682,-455.87775728059216
22,0.04917111919158227,7562.800086143529,-130.71530267296487
23,0.051262169141742274,7321.984250677522,-374.26402024925915
24,0.05335525146837034,7428.971393767469,897.8398231203129
25,0.05546637228956934,7257.941097204233,1095.528464728944
26,0.057573188192548086,7056.164852068898,250.22427901057452
27,0.05965884044590281,6869.519060088519,802.547377349171
28,0.061745123021595065,6814.857645664189,258.1202714613763
29,0.0638268929113719,6726.41202390126,632.6596899986841
30,0.06592966228838451,6523.455262038049,-185.63975214616048
31,0.06803125784825748,6306.817656183792,530.2826104703107
32,0.07013131008699486,6293.497827187523,206.15575047584727
33,0.07223032366074338,6111.892576622488,342.71509928011216
34,0.07432334270720506,6071.268782462026,3.956407654648571
35,0.07642066756954473,5953.4839299382575,516.0468105324095
36,0.07850471694556041,5743.980250798833,329.37844876326477
37,0.08059701946059529,5539.964981430524,198.5653378318182
38,0.08269521798132064,5429.253035247406,77.57770993883393
39,0.08478307522909848,5281.504718713266,498.4048603798787
40,0.08687780839616016,5231.790237818885,-46.56772449922147
41,0.08897524569656534,5000.084962325123,233.67130154074957
42,0.09108077810470518,4814.921346111198,460.30372911267835
43,0.09318432266948053,4711.942758850377,108.38068856253709
44,0.0952788764104831,4615.858923849725,42.2255374431031
45,0.09736254237981037,4423.680392872822,321.8053215356581
46,0.09944832814799408,4359.323522879917,174.85203607356735
47,0.1015460879802399,4306.802527739983,243.31703221896382
48,0.10364263756677322,4192.607173467778,78.92165339194032
49,0.10573893905394659,4051.7665019688043,134.56213369367367
50,0.10783958559814742,3933.454069605701,258.4153370706862
51,0.10993894058501318,3874.77280083127,356.2937206271098
52,0.11203921431523854,3758.671286322338,95.69709360543732
53,0.11412334585697578,3788.4635431957913,299.99837382643136
54,0.1162159397555423,3651.1295169465957,290.48664742710105
55,0.11831372048037725,3548.163782546513,102.41932094167855
56,0.12039723118070132,3491.253056120326,285.76587241712247
57,0.12249223631878574,3482.5604562865597,35.078878682458985
58,0.12458825984258635,3408.9049993276803,235.12050413289512
59,0.12668846771583772,3332.274689357138,133.92501087063624
60,0.1287846620419941,3257.38660914039,184.16724320250674
61,0.13087133937881498,3245.7314904332766,168.23459581465622
62,0.13297548334406448,3127.30716116476,200.2448319660323
63,0.13506910815256093,3092.6577551909822,153.28805657519328
64,0.13716388258568254,3026.354625040433,145.7557194501788
65,0.13926047573721634,2971.8027321126956,65.61280153152904
66,0.14134668829083769,2917.8722240347915,158.29628712435647
67,0.1434475230090064,2858.6796727202177,119.87213666423094
68,0.14554528534185418,2789.5742625189464,234.21315314204713
69,0.14763320610735878,2718.3500309915826,159.41217265048863
70,0.14972114728432864,2653.4397863647914,134.8002081238766
71,0.15181380487515775,2617.4502108200054,140.1599857667442
72,0.15392114901003526,2549.8634792673015,185.46740155492154
73,0.15602147473412367,2515.583989038107,190.04686649658794
74,0.15811617475881218,2458.7071015293463,122.72893045585491
75,0.16021187122717997,2411.791617789288,154.93900288932412
76,0.1623006419462899,2335.4588702240985,239.0070147070481
77,0.1643899033199985,2307.0573366252816,61.94631426287573
78,0.16648355823815117,2253.006880864168,185.05602000780436
79,0.16857196837784735,2229.8814514186247,203.38633550429356
80,0.17066413320893647,2187.965884094426,184.15913484564143
81,0.17277086992561352,2132.2165127930443,64.92913954638226
82,0.17486965460096995,2098.5532949087624,161.84567112226443
83,0.17695857694944453,2065.3539820923393,176.7256409876168
84,0.17905245093155753,2038.4407737752142,151.81574215071925
85,0.18115265212612636,2006.4681873871161,147.87353154066412
86,0.1832476884130739,1984.6265841348668,101.51990004768153
87,0.1853312475833926,1926.896559251108,196.81092042764607
88,0.1874284892203219,1905.6737366371551,106.03949497821858
89,0.1895337179075755,1878.578140072778,111.63159692433298
90,0.1916268196474026,1855.1335952043798,164.84859694170376
91,0.1937183403446853,1822.14073495481,177.13994637051286
92,0.1958131498886989,1792.857400877361,159.8415433454921
93,0.19790587400989662,1770.9341473456145,124.91087019763015
94,0.19999906515978938,1735.7431382605798,133.08475207702352
95,0.2020893038374759,1716.6092706319866,161.4070026669751
96,0.2041823192148178,1678.4487964431007,107.5533948165595
97,0.2062825911013838,1653.2853407705,156.48215768143163
98,0.20837701891459662,1625.4172547742962,146.1693402078252
99,0.21046758167944032,1594.596729578256,143.6863467505617
100,0.21256678542440183,1583.7057200493196,142.10285533392795
101,0.2146619261104852,1551.9332474370867,131.4438021375452
102,0.21675618057220372,1536.9446798792396,151.00427808390802
103,0.2188528705899679,1508.2451540537218,96.50192640517149
104,0.22094564274530842,1469.230889161167,150.64034725928033
105,0.2230395148320731,1447.3368494216338,153.98181150080984
106,0.22513567328585352,1436.5258687510234,158.36396573469594
107,0.22722785048644015,1404.9529306090417,132.74466545602712
108,0.22931975112872324,1390.0103950496864,145.47665916517943
109,0.23141147723465103,1369.4356732322613,152.01229703468306
110,0.23350584674782457,1346.0526367296254,155.55440087126001
111,0.23560416522029054,1321.1717375598932,155.7311985489321
112,0.2377006336558307,1306.5466048503315,143.95453629602767
113,0.23979727503904752,1281.548297521626,130.06199243333404
114,0.2418944602532704,1266.8787119289148,184.3492618957692
115,0.2439884227569783,1251.9487107594402,126.4284279444345
116,0.24608359968283072,1229.6126720428388,156.84365262530244
117,0.24817552807053123,1208.702494781449,164.08737544842512
118,0.25026237006475704,1200.6791108024745,172.06875435095031
119,0.25235861551053484,1184.548236434631,148.64832797277086
120,0.25445470778669854,1168.965599634391,162.46750406620225
121,0.2565487653287422,1156.7523628592126,175.66218340426678
122,0.2586464955058471,1144.3735292149931,139.3893183354515
123,0.2607443047329862,1122.0404983790324,152.42001220977286
124,0.26284383121734134,1106.0771193658602,130.63267018877795
125,0.264929885565984,1085.3212634303015,155.20369851379834
126,0.2670163698864118,1077.6311816896186,126.4496293411925
127,0.269112135390912,1061.4675031423453,142.5401748163147
128,0.27120764961246213,1048.9292132857465,158.96879002026256
129,0.27330509996536784,1040.9051547094898,169.1570516672238
130,0.27539842121309294,1019.9442192504627,160.41622778428098
131,0.27749656900268016,1013.6092809018551,154.26264921092627
132,0.27959864364035925,991.5736889208996,154.44495412699436
133,0.2816878213234348,985.4610431261173,150.80943629347178
134,0.28377609558542155,972.2798286139953,156.03201290497412
135,0.2858732754634003,959.3588268276194,168.927685052484
136,0.28796861590208045,948.2514315543776,170.21222038961315
137,0.2900612915162532,932.8977912298154,161.46899984410803
138,0.2921547032025089,923.2568179748206,173.82760642490334
139,0.2942501291133245,913.4640499197534,149.322605420925
140,0.2963444256131289,904.8804581009682,164.30853623999494
141,0.2984361415704375,886.0866665140559,151.69692225739095
142,0.3005318840555698,877.3841051929625,166.15361013577856
143,0.30262777760316095,863.2138445254318,159.1332180666699
144,0.3047248035439954,856.7180508820414,160.44940566573382
145,0.3068210272572538,845.8587316739416,157.00992199603763
146,0.3089144805088237,835.9076244914753,158.08676680584318
147,0.31101080657849756,823.2574506846876,171.46931739193673
148,0.31310885951912926,816.0382431722538,158.71444183914892
149,0.3151991603466065,810.1644315726488,163.86856704473163
150,0.317288667284839,795.8907968755783,159.8639999297292
151,0.31938044185106124,788.8039093887974,170.82591854713993
152,0.3214783648369702,782.8739663298514,158.25176756490904
153,0.3235785211189416,769.6729002662184,159.63735456011705
154,0.32566935894833426,760.7535848100246,163.7517203951281
155,0.32776077751211374,751.0076204668418,156.56203421397439
156,0.3298523230655558,742.5912769496565,161.61330807345004
157,0.3319485433973702,733.4144447017343,146.1440573931427
158,0.33404540358127904,730.3578283885503,165.50167164424016
159,0.33613494177837844,718.7881289715875,160.35125634324837
160,0.3382313832787478,709.8049367971095,161.39286452686397
161,0.3403308518124324,704.399220833429,154.048949783058
162,0.3424246601457981,697.9286509607334,162.0144322255019
163,0.3445197272986724,687.7882515663878,152.09955050735527
164,0.3466158524641983,679.1759952676449,157.01741011295778
165,0.3487089916477683,672.5383429815537,156.76288125218105
166,0.35080114560367615,666.0291664194569,157.18371814160773
167,0.35289356821720286,659.7458633661219,156.41110492728552
168,0.3549881110219297,653.2571737507752,159.70928687817164
169,0.35708559248027844,644.8617464574583,158.90022722625213
170,0.3591813496003593,639.254308868414,157.4047877365003
171,0.3612749400626811,630.6545034968032,163.00862340341857
172,0.3633693413142722,623.6747216701111,159.9068384759566
173,0.3654632219855477,619.9764466197623,169.08634870268017
174,0.3675603773529471,612.9002444056919,163.58939653218803
175,0.36965434919829326,604.5100152960986,164.02996863891408
176,0.3717418094879197,597.9986988024134,163.87832916200963
177,0.37383404253825586,592.520827097035,161.42882402722242
178,0.3759308579415973,586.8925818867318,161.5953362143036
179,0.37802985088946095,581.9382028062972,156.46551516485246
180,0.3801213498834686,576.6255367375707,157.15794801846675
181,0.38221306010699313,568.0500549018143,162.0146919301464
182,0.3843141376638833,562.5930601519448,162.61843222356373
183,0.3864096355836929,557.9309136719545,165.6649086596114
184,0.388502907295756,550.93355852171,157.1362642008618
185,0.39059769208540335,547.6578564555407,162.70741277376098
186,0.3926958121232196,541.3311861976906,159.7200724571018
187,0.39478921808384226,534.4433483008102,161.0873163505974
188,0.39687821409975554,532.0890168172394,165.55744088505583
189,0.39897073627813356,525.8818731561238,156.72035845557562
190,0.401067192451382,520.3371798916631,161.82299016695765
191,0.40316228148056854,517.9023320939308,164.28646217350803
192,0.4052546340249366,511.46346069022263,158.74036828737763
193,0.4073499183903822,507.3571587203094,159.26906351141542
194,0.4094468722071623,500.7172247812151,161.93490217721478
195,0.41154432885897757,497.28032323321105,164.86777131534353
196,0.41363408239228544,490.3259713851084,166.5879995280412
197,0.41572494638156243,486.9622014414709,158.36255735689707
198,0.41782181997781404,481.6021790050929,164.13384441858116
199,0.4199166506307261,478.51233634706455,161.86635887462492
200,0.4220107143757513,473.23352486904105,163.61379430710588
201,0.42410542949066876,468.24309233601394,157.85182024231426
202,0.4262013850195404,465.0249959596809,160.30565733760076
203,0.4282955296445312,461.92904782464285,166.0913583495393
204,0.430391806688861,457.20225435655004,155.56987369608837
205,0.432488575457924,452.3363545724089,162.7741207287173
206,0.4345806090039814,447.86282432201233,156.12836035450968
207,0.43667244097425384,444.4464663146742,160.9058636626083
208,0.4387671492209622,440.9667298398444,158.28609023463278
209,0.4408622534544343,436.9519594787401,159.57503503209136
210,0.44295516415095815,433.9928599171611,156.19091709700726
211,0.4450482683181851,429.66552983203604,155.44009802321835
212,0.44714683875742495,426.862960515936,163.20596936131628
213,0.44924362280569813,421.8681249647379,160.34857389908348
214,0.4513338633316258,419.38645991986397,160.3528636928957
215,0.45342753643259276,415.72279140738107,160.76854725350339
216,0.45552189548586586,410.60158908211264,161.37737008583605
217,0.45761716616081083,409.5487469433641,156.5934898571181
218,0.4597117909764672,404.3323577100981,159.2395249036962
219,0.4618031890496857,401.27988132811436,157.16896964035936
220,0.4638995470730997,397.850182830009,157.9234802106727
221,0.4659948171464902,394.2712401826283,161.87899473481292
222,0.46808929446972725,390.4869325689369,160.1249091973414
223,0.47018492649495636,387.9440489761604,160.85719853793273
224,0.4722792778491551,385.05078443951356,160.53830150168227
225,0.47437272572904565,381.23289801543774,159.58152525933136
226,0.47646593372141327,377.9818278008199,157.28478268208625
227,0.47856230727426236,374.56070691213694,159.4672472600799
228,0.48065904058976644,372.84144618694626,156.65742126296783
229,0.4827512226177774,368.20908418214873,159.60347103813288
230,0.4848441163240575,366.419087658208,160.2238803894374
231,0.4869397730506266,361.70122092213217,155.74497089418333
232,0.48903678813400875,359.9617832068993,156.61907337259746
233,0.49113096964965397,357.10196742554797,158.77826002668368
234,0.49322332174786626,355.3781849795556,158.98724672206166
235,0.4953187148676145,351.49946275413197,158.09475847620968
236,0.49741120358770496,349.8092554049511,156.50764038099905
237,0.49950082345999325,346.5957859998661,157.74089664856047
238,0.5015952506837275,344.03031968360494,159.30141791397838
239,0.5036919972981919,341.07184539280007,155.9740452636304
240,0.5057872116617207,337.3314036139209,157.16703382035675
241,0.5078828569897101,335.8915242564122,153.59486937383548
242,0.5099793452386306,333.78570299554565,154.629507717031
243,0.5120767256379639,330.7174070712044,157.87715375650885
244,0.5141702395931294,328.12355969146995,154.7068814368391
245,0.51626132102766,326.83117406711267,157.0594751269684
246,0.5183576899265504,324.08192693768,157.14190071914615
247,0.5204524416424112,321.36875408837744,157.48073810801142
248,0.5225430403510469,317.5368682477234,155.58644654690661
249,0.5246378991347941,317.2624228152575,159.09849492527593
250,0.5267345150769579,314.0507245647886,154.8127779852426
251,0.5288284644781793,312.4258248327655,156.75136041968352
252,0.5309200047543352,309.15533909079426,157.63202717578855
253,0.5330154787982235,308.006308079578,158.06292402137186
254,0.5351140455458262,305.71943608874653,157.2783624246037
255,0.5372066203065362,303.53529729367955,158.18194047078964
256,0.5392991990272246,301.4890841639856,156.60573471224222
257,0.5413944118270408,299.37580669390286,155.71057112817593
258,0.5434881995106379,297.08867958811305,155.52896828924113
259,0.5455829952492127,294.33844397537143,155.9956826925065
260,0.5476769745662954,293.0003984091798,152.5561612149425
261,0.5497697255495043,290.1961133282506,155.57526778160505
262,0.5518645446467839,288.40505431074644,155.30715596062618
263,0.5539598571350287,287.214647441112,157.33239799621867
264,0.5560564538950566,285.2140716919129,154.19618795260084
265,0.5581500505101624,283.5927435964986,155.3016426286117
266,0.5602409063261653,281.2651357149519,157.46690224863138
267,0.5623379637803174,280.2003301690741,155.10903454953996
268,0.5644363283026402,277.5743598472755,153.7226482312441
269,0.5665273824761494,274.96258335948505,153.75029735084948
270,0.568621249018378,274.3122139298435,154.18899314539092
271,0.5707181447612965,272.4226630965477,156.22672268284578
272,0.5728127938597997,270.5748938476506,154.73820998952948
273,0.5749070881546879,269.632208360473,155.9295807338011
274,0.5769991470923068,266.80845914407956,155.5836618064083
275,0.5790956911760897,265.0254652661771,152.79295235958543
276,0.5811893306261757,264.03849783583075,157.0045858889465
277,0.5832802267374103,262.39990816502535,155.754395282057
278,0.5853761830306536,260.0899140228733,154.33117548745912
279,0.5874711784415975,259.2441798502668,155.262250249136
280,0.5895653958899879,257.4151340353305,154.73381057410796
281,0.591659786459685,255.82452930453826,153.3637597102896
282,0.5937551851921442,254.81963365228924,155.47266684792788
283,0.5958498092767481,253.23730798962802,156.2999179906042
284,0.5979447066705442,251.37965023441197,153.8859054202883
285,0.6000383505174957,249.85550632825425,155.93122610861403
286,0.6021313016181767,248.05677469457686,153.35996290005616
287,0.6042246965556944,247.07722440462885,156.64633364615753
288,0.6063189733697846,245.24524138571545,155.0164477812036
289,0.6084147213727373,244.1243485460392,156.91931178368324
290,0.6105090855473989,242.53917938989156,156.01299736084337
291,0.6126037649785722,241.1613984346879,156.9963362668029
292,0.6147002391370655,239.9026869162971,157.8693644145935
293,0.616794938930829,238.28487823355738,155.7499994683826
294,0.6188886865784012,237.13992553644826,154.47996272171417
295,0.6209825762252046,236.19207084592915,157.5428017562576
296,0.6230764414889526,234.4224842860179,156.22825768303298
297,0.6251725389343245,233.44283048955722,156.7296801734633
298,0.627266923011265,232.15783285551456,154.75099587862658
299,0.6293596211388142,231.54302819650005,156.9222637726369
300,0.6314513250607457,230.1649039585929,157.65069418530913
301,0.6335475720513941,228.97959690387032,157.10817222412118
302,0.6356444982495617,227.49166019751135,157.74735275065672
303,0.6377358562255245,226.90744954302318,157.96491827324374
304,0.6398302949107263,225.1704223676364,157.03223196971229
305,0.6419256185614247,223.80199219811865,156.40034079773739
306,0.6440214843206593,223.31398733139022,157.71812927250278
307,0.6461142033434962,222.26433802557688,159.12677045223182
308,0.6482061138478032,221.06910729814558,158.55233112574314
309,0.6503020867345045,220.01168270909326,158.817548739268
310,0.652398185537932,218.6066259760509,158.45405377869164
311,0.6544932048530038,218.31882441809964,158.79980954031336
312,0.6565867871776386,216.95458249597607,161.2917752941031
313,0.6586827890115348,216.69152009890269,160.69989810486925
314,0.6607793300725506,214.8757597619931,160.29005117960625
315,0.6628724964198541,213.81736659750078,160.00069359300178
316,0.6649654402217313,213.1885798983974,159.67842084826492
317,0.667059865407609,211.88307319648158,159.61148624194809
318,0.6691532523078332,211.2202609489225,160.58193337956968
319,0.6712457992597233,210.32279451969148,161.36979878263077
320,0.6733390782258323,209.72406505673948,161.73955077798112
321,0.6754367503383576,208.8570544960004,161.57789778092578
322,0.6775335143160066,207.93197155282766,162.7493879604825
323,0.679624621064033,206.6907513419198,162.70778540495928
324,0.6817180292738917,206.24183633218178,164.6159917031225
325,0.6838149015047629,205.76740096110763,164.3022679196742
326,0.6859101434268815,205.1101915324393,164.02531571839074
327,0.6880046468184081,204.23284258702793,166.27501757888177
328,0.6900999637264865,203.52799833486193,166.14706457532188
329,0.6921965733216279,202.8691348229585,166.9181286209258
330,0.6942884945981568,202.1816111205558,167.76940337540324
331,0.6963781649531228,201.3580565519122,166.2576627118359
332,0.6984747371200234,200.33709953449818,168.2969541476619
333,0.7005690388882679,199.38860544110383,166.47138927340356
334,0.7026621579778546,199.38588483008388,169.22591190140372
335,0.704757268847954,198.7024507844371,168.9739804779637
336,0.7068509057629639,198.04456876251382,168.64568638050997
337,0.708945644402387,197.56960799971674,170.47923048821815
338,0.7110406815970572,197.27690757513662,171.9911652961168
339,0.7131372373036142,196.75294606555013,172.4790826181519
340,0.7152323589250973,195.47297451354507,172.2228537409946
341,0.7173245162021571,195.6464897529499,174.4338153407855
342,0.7194199711852413,194.84272948177596,173.2518272682658
343,0.7215151322330351,194.2501914267971,173.52776822621746
344,0.7236102334592447,194.33066392367957,175.53027749621316
345,0.7257047129497166,193.44523237291838,176.13687055811826
346,0.7277958825256088,193.75685289909399,178.36322287333508
347,0.7298900912292255,193.0963311458799,178.3765925525083
348,0.7319867159780691,192.18272968729565,178.36548759290713
349,0.7340808521059053,192.04821537119307,179.7792666265953
350,0.7361738853270124,191.67480648437058,181.0322070991818
351,0.7382682123604443,191.25542143145094,181.97320845662924
352,0.7403641944498084,191.15010312571664,182.80648106623102
353,0.7424576311971561,190.8198855792731,182.66442332912823
354,0.7445523870480827,190.78667066996178,186.09575627161416
355,0.7466478284648128,189.74005783544334,186.52348569601475
356,0.7487413917548734,190.10056754370586,188.3365135925343
357,0.7508354594737505,189.75746975968246,188.69535246515156
358,0.7529278056847568,189.67181425101967,189.55275982398504
359,0.7550230257904859,189.16000115975513,190.478314486569
360,0.7571167923480437,189.60072257397263,193.95243097301653
361,0.7592113317151179,189.17899132717554,193.47230319997593
362,0.7613074731933067,188.82830782376794,194.32672680389567
363,0.7634009581307508,188.93445823699903,197.00416472249725
364,0.7654969266569684,188.98937965173397,198.5926182821048
365,0.7675905899780763,188.67858119127843,198.6767153861161
366,0.7696837880547684,188.37480967997402,199.58433330697562
367,0.7717795008463626,188.63483070227784,201.373239362238
368,0.7738757788346248,188.68825285004397,203.8560755424029
369,0.7759706260990727,188.3987788517441,204.5124771812383
370,0.7780620795267656,188.54807052190114,206.03734270033382
371,0.7801559906208961,188.68079828325983,208.1807908553459
372,0.7822523136569128,188.6302554001688,210.51361757833013
373,0.7843481481853999,188.81153775849876,211.71020677189856
374,0.7864425511046899,188.96166543891528,213.78094876027598
375,0.7885343495966205,189.08155151156842,215.25630447253624
376,0.7906286372458883,189.52339640234925,217.6412788338139
377,0.7927244345313397,189.42060957514025,220.5926181426771
378,0.794818005513127,189.95432629273915,221.51607190846195
379,0.7969121491149282,189.9307463628553,223.87048453512642
380,0.7990047112993173,190.11023858077505,225.0983808579975
381,0.8010984966914405,190.43604229706506,227.33687368186267
382,0.8031950165575023,191.28477892271778,231.29002731216033
383,0.80529055904954,190.38321204303466,226.5731698140924
384,0.8073868607794276,188.19194388417432,215.06268680333235
385,0.8094799923089985,186.046713775953,203.8645131844272
386,0.8115723232550889,184.12865939100882,192.19325623727667
387,0.8136672975922271,182.77107266850587,183.01859766655153
388,0.8157631100610689,181.4262931531443,174.7938709430783
389,0.8178569790142735,179.32031207896014,165.7956040299356
390,0.8199506303068442,178.12298231597023,157.61607871131227
391,0.8220462665916841,176.61704733723448,149.3254856700793
392,0.8241405937791958,174.45859779140088,141.0287726471537
393,0.8262325853224312,173.72982504687667,134.55464348970463
394,0.8283265675885274,171.84568951768765,126.11419476089957
395,0.8304231027322762,171.19392869806538,121.2638563029359
396,0.832516312308734,169.44418410227283,114.02355650341727
397,0.8346104967180491,168.1935939240191,107.56116659098771
398,0.8367055646585567,167.31634964183493,101.39485882106997
399,0.8387997810841866,166.1170988929704,95.9590456504966
400,0.8408959249120883,165.0491900740824,90.34675986342108
401,0.8429902851163829,163.44594165666,83.8848749299509
402,0.8450834013034724,162.6733600241066,79.93996708208266
403,0.8471787052036875,161.70798545530516,73.87391916780365
404,0.8492741754489669,160.78075855567027,69.16680600997235
405,0.8513666186650054,159.75898194170918,64.96595512910345
406,0.8534586558453424,158.45442403403308,59.03764893875937
407,0.8555555147205227,157.83423757905044,56.32289098190784
408,0.8576510528712873,156.97935041759348,51.44571125188132
409,0.8597438531231701,155.88706065145047,47.74409166042098
410,0.8618396600787528,154.59130672577268,42.619468156292164
411,0.8639352641137702,154.06550860184439,39.016710475468805
412,0.8660278348127696,153.03815722757466,35.52960187884092
413,0.8681190723532742,152.4016187480641,31.875581942545036
414,0.8702145301226206,151.71849622838116,27.73086642669598
415,0.8723097299260473,150.72953645295834,23.471231274999102
416,0.8744009465527449,149.75483537773093,20.67613885651903
417,0.8764962014565297,148.75588680647553,16.992776945537035
418,0.8785921785819074,148.17201671059874,13.635970257518007
419,0.8806862529738079,148.24682849576277,12.692143014371888
420,0.8827803474942315,147.39082014144728,9.14279164203709
421,0.884876552415157,146.30385746474383,5.162303592530903
422,0.8869727619955021,145.87867868862182,4.257680246808595
423,0.8890661549276524,145.14466827287927,0.5360418323734172
424,0.8911606435626759,144.40198992618568,-2.734505677460407
425,0.8932564177642083,143.69286864009098,-5.75230419238148
426,0.8953515942364704,143.02750554447383,-7.504559657804355
427,0.8974449590572777,142.63012699928362,-9.886582758104485
428,0.8995380126042275,141.4845366388359,-14.11631205353863
429,0.9016308480731973,141.0167810601236,-15.166481130416102
430,0.9037248205752632,140.82916421744926,-17.460946607799723
431,0.9058194398636225,139.96178346360858,-19.138873105944022
432,0.9079139093175219,139.63826445778054,-22.480606650396506
433,0.910011764746055,139.11236932551247,-23.994902684749327
434,0.9121056647167038,138.30834699334554,-26.08458384225234
435,0.9141967683902507,137.81004534351604,-28.506700352858758
436,0.9162922424058753,137.20575058255216,-29.994536732404722
437,0.9183868595164038,136.7621657762598,-32.547865833838735
438,0.9204815946523948,136.75290141363857,-32.902190573177094
439,0.9225765682279964,136.2176944573491,-36.112182057231315
440,0.9246708776548578,135.6537454931652,-37.35402645330186
441,0.9267650233208798,134.63736554115022,-39.534451314065
442,0.9288581102404102,134.6590544625333,-41.217194593668545
443,0.9309518934142385,134.13186948730754,-42.07538837161128
444,0.9330469160925099,133.87977056268937,-44.06470852009523
445,0.9351415764644654,133.42533211397745,-44.96046933255427
446,0.9372369506587555,133.03440592583794,-46.70165781164703
447,0.9393287530448476,132.48224211200258,-48.71712574760073
448,0.9414229216419412,132.32001319477433,-48.96793702772929
449,0.9435209341962445,131.66432983130298,-52.75035782740023
450,0.9456148252799238,131.56098827532696,-52.66352643000849
451,0.9477091255207061,131.28925899892877,-54.05178677515728
452,0.9498037238864095,130.6650035314718,-56.572367883218
453,0.9518981043411001,130.46755703378477,-56.875966005199665
454,0.9539914706287521,130.15285334104263,-58.55719223355534
455,0.9560859977890608,129.98302207517767,-58.504042944144075
456,0.9581821096695351,129.74371776121686,-60.46165439578913
457,0.9602755737793266,129.42855859933996,-62.32897051867507
458,0.9623691838562978,129.13010170093017,-63.75642077437385
459,0.9644636726355348,128.5970144498282,-65.2886839278797
460,0.9665572681340019,128.2261362461305,-65.11062171473331
461,0.9686506726657692,128.51983363096454,-66.32002781289104
462,0.9707453651438224,128.25158830787035,-68.70818630759486
463,0.9728397447984573,127.75876196576486,-69.20322970658587
464,0.9749341599912872,127.7648469796837,-70.91974331217997
465,0.9770309382258842,127.58635863891152,-69.98496128422867
466,0.9791243621626365,127.06256612328697,-73.6135752562168
467,0.9812186011668534,127.13276969987241,-74.3785358502753
468,0.9833152549762485,127.04232878361188,-74.08254321942583
469,0.9854083366977224,126.47542334492248,-74.64275793986808
470,0.9875013366256304,126.58978479369726,-76.07875981192213
471,0.9895964031766183,126.52070296265592,-77.87789456431254
472,0.9916911272506032,126.04167735493972,-79.8879600680372
473,0.9937856031740195,126.14632239457225,-79.81589219269088
474,0.9958807301039379,125.7750279485184,-81.261421177751
475,0.9979746323874407,125.92739837797193,-81.44551989637425
476,1.0000664008054638,125.53845412608074,-83.66660153848115
477,1.0021595314674534,125.90626625945313,-83.12970170048617
478,1.0042547648495364,125.80829585544346,-84.33639837793373
479,1.006349085630113,125.52189500799298,-86.46468350968739
480,1.0084443367657523,125.0088122791049,-86.84450273234961
481,1.0105398481990022,124.94838382027527,-88.70087435146372
482,1.0126348213072522,125.10659196242369,-89.50073353544174
483,1.0147293432188107,125.1335185076532,-90.2586697130072
484,1.0168223222913106,125.35620528580974,-89.58241128012446
485,1.0189181991118834,124.98353957227549,-91.80747974933934
486,1.0210135889667047,124.91699797581873,-94.15661613540952
487,1.023105517395174,125.28401055899107,-93.96658288060152
488,1.0251997072975425,124.80753146549738,-96.52620252821639
489,1.0272950549324347,125.13613705807869,-95.55967503995677
490,1.0293904044607038,124.45372968402624,-98.53053748963362
491,1.0314847550764672,125.03032548807909,-98.343083889302
492,1.0335791521913305,124.53091164558134,-99.75239612287021
493,1.035674282724225,124.36207377706066,-101.7356695042852
494,1.0377683744197583,124.93501018020102,-101.1364712909857
495,1.0398611358062981,124.6544943351418,-103.26656705046439
496,1.0419559810580585,124.85619117390254,-103.41071927213027
497,1.0440519355231435,125.02807121261473,-105.71929633085583
498,1.0461442665368221,124.82036251798598,-107.40652006437854
499,1.048238151325366,125.17011297121907,-107.68731449394149
500,1.0503312794335307,124.77834148103553,-109.79056842616093
501,1.0524262698953144,125.51921628099764,-110.85572870666296
502,1.0545208315883745,125.34256126284191,-111.53425311384672
503,1.0566150350094698,125.32626287753655,-113.65400131081961
504,1.058711440318921,125.43189542996812,-113.94875054025471
505,1.060803734980524,124.8347046782335,-116.84899448908557
506,1.0628970711462522,126.01150002154603,-116.33478003090488
507,1.0649945592352892,125.16364756033106,-120.28757137477052
508,1.0670895920886003,125.64327555155022,-120.47373049420727
509,1.0691815189460832,125.567193295011,-122.13917513489386
510,1.0712752972137536,125.06013961897386,-125.56620640016467
511,1.073371173619778,125.92544095741444,-124.05613964472809
512,1.0754657024825272,125.63408840310314,-130.2514218835909
513,1.077559391113827,126.16011518719756,-127.43400117000763
514,1.079654167044188,125.10025621288993,-131.67781682200635
515,1.081749685406742,124.99138933585964,-135.414290839148
516,1.0838429051818583,125.94260292115553,-134.91039315896796
517,1.0859346611894292,125.41501460646651,-138.19078046269777
518,1.0880274765489322,125.75094441457786,-138.37466880429798
519,1.0901226378244568,125.34902493543807,-141.81213982878234
520,1.092218906510469,125.07604357237112,-145.03056100907284
521,1.0943142405516277,125.62339685810443,-146.50202855032452
522,1.0964083656069452,124.09856345015362,-152.6655148689126
523,1.098504575117021,125.40605028504442,-148.91866104206986
524,1.100598880587325,124.09890553010415,-156.1525932426543
525,1.1026907648634887,124.84813234766791,-155.70288174859328
526,1.1047864761829782,123.96957431843877,-159.67343970280047
527,1.1068805633882368,123.70355273440454,-164.0024980059752
528,1.1089715885079452,124.04376538312958,-167.01829433841348
529,1.1110674731376504,122.23461884296466,-174.73913787505518
530,1.1131638031712348,123.4897680749277,-171.336476382779
531,1.1152567400703868,121.5586117254492,-180.77054689735232
532,1.1173518797395834,121.65440180254687,-180.69357846685332
533,1.1194466841667583,120.47180290079635,-188.51797933183036
534,1.1215386388653605,118.75692707875957,-194.16494094276814
535,1.1236321502294464,119.23752205046934,-196.3548730795732
536,1.1257265608788465,117.1677634623177,-203.81898267217707
537,1.127823511019811,117.09050413615341,-206.28951173445535
538,1.1299186917312898,115.51351329541536,-215.56682692895947
539,1.1320102853860914,113.49834256534379,-220.0406330817906
540,1.1341022265777971,112.36256331219545,-226.83097971222801
541,1.136196488705377,110.57338517681563,-232.9092444971197
542,1.1382919496812383,108.8122897225015,-241.13490869640518
543,1.1403848113573067,107.17851407766963,-245.02722548542928
544,1.1424801205078854,106.62009053151655,-249.75498239411507
545,1.144579099546908,105.4970844123374,-253.19575577170522
546,1.1466743733674984,104.98112947063984,-257.7277666738922
547,1.1487627957344069,104.0934534845305,-260.64355492969906
548,1.1508586543248278,103.65466853960305,-262.4684890457026
549,1.1529561980713183,103.29799521521457,-266.8875207761837
550,1.1550454984226184,102.87908098341923,-268.84200530290354
551,1.1571409429142046,102.4728307175472,-271.2817858780439
552,1.159240859340017,102.17734470392963,-274.7736607720689
553,1.1613355832020602,101.75582396471997,-275.6445912758562
554,1.163423871831942,101.88318332129374,-278.5995267265309
555,1.1655188736812345,100.84476925915048,-280.0464770510499
556,1.1676174368768866,100.88983134465285,-281.2801756469088
557,1.1697080797153998,100.84319830107407,-283.54373666092624
558,1.171800206369591,100.8224503335941,-286.58773543394994
559,1.17389591489135,100.10050973189556,-287.25335472920995
560,1.1759888523797297,100.65170282643663,-290.8488337276093
561,1.1780809947202961,100.74043454873419,-292.1309333658343
562,1.1801761196344618,100.55886540875454,-294.4663521405061
563,1.1822736635654147,100.3175594153763,-295.2036759277955
564,1.1843710306693693,101.06450458421718,-299.19548063750256
565,1.1864625384002512,100.36602274385926,-299.5839055102796
566,1.1885545198904406,100.18501410168028,-300.2807408874375
567,1.1906522613678343,100.71261859013171,-303.34879718260015
568,1.192750069492095,100.24809931253873,-303.7372115322417
569,1.1948381381583106,100.2501747691376,-305.3752360942658
570,1.1969297222624806,100.36422628092245,-307.54859024250885
571,1.1990290164311135,101.43354376247848,-312.0937788374905
572,1.2011243924560484,100.999753194615,-312.18543887411636
573,1.2032149592826593,101.33216088892566,-314.1321822646311
574,1.2053132365828256,101.04931566866844,-315.068457086854
575,1.20741576508926,101.63219814326102,-318.854238488867
576,1.2095030565711475,101.26529084449,-318.5697452786909
577,1.2115949657999687,101.89640606232611,-321.9849397092647
578,1.2136960046145377,101.67316026244421,-322.9246726872449
579,1.2157928316049589,102.67513989957622,-326.5771610855175
580,1.21787984102748,102.2378698053335,-326.36043803004833
581,1.2199725120701903,102.51309743509438,-328.02468118737005
582,1.2220773486348555,103.36071136634126,-332.03486376501854
583,1.2241717280648772,103.53048248025561,-333.21408751042316
584,1.2262574809145717,104.511017767691,-336.9598894134139
585,1.22835205989159,104.26690801219681,-338.6285377155071
586,1.2304511070315651,104.07278489983571,-338.0360566425145
587,1.2325439941641703,105.31689131278846,-343.1246411359909
588,1.2346327282165248,105.56436637161849,-345.01970139982734
589,1.2367296121231413,106.20854645439549,-348.85888774241056
590,1.238832433751825,106.98521793441921,-351.53626425772967
591,1.2409238541102623,106.92927584223644,-352.3478852139665
592,1.243012379245932,107.0289584306796,-353.00716220523867
593,1.2451094606314712,107.81476872780893,-356.9766160102607
594,1.2472066170026377,108.64032589628376,-360.214181846571
595,1.2492929515805862,109.28031211483574,-362.5665146794217
596,1.2513843202334647,109.29754865505001,-364.1462010540085
597,1.2534920777891505,110.40024823120145,-368.4999567489244
598,1.2555889180496558,109.63116884686922,-365.9717144416082
599,1.257667580798784,111.27583683723287,-372.587250963621
600,1.2597632986068967,111.8979143714088,-376.0195253801551
601,1.2618709074503869,112.71566221058772,-379.18699387159
602,1.2639618917954016,112.71873004466951,-379.4579383238293
603,1.2660463256389345,113.85989861657045,-384.2074351127664
604,1.268151380164154,114.909988697676,-388.3419469671636
605,1.2702573897615381,114.19806287656075,-385.94018147669584
606,1.2723329096911193,116.91522395337007,-396.1971108504468
607,1.2744197010315288,116.21162677359597,-394.2609403237307
608,1.2765327006010119,115.87142191844758,-393.69461709254404
609,1.2786342467193723,119.70160258240703,-407.05721029398677
610,1.280707182799757,119.84686668312663,-408.3992170391446
611,1.2827931530633179,119.06601432468325,-405.8830323284115
612,1.2849085387747612,121.04213826302856,-413.94406453501585
613,1.287000364654089,122.02487092095123,-416.65752682703055
614,1.2890781709908103,124.5488354016587,-426.1334573988292
615,1.2911842108955598,124.05628274422234,-425.71567046840784
616,1.2932965864662813,124.47615592115375,-427.22788935337053
617,1.2953774115066516,127.59703374043809,-438.3785057147827
618,1.2974494068131983,127.35264105095237,-437.8914044567736
619,1.2995653278098822,129.1841067048164,-444.2522741693204
620,1.3016791376111048,130.56730436075583,-449.6623439605616
621,1.3037423234004764,132.000300188547,-454.75771743469403
622,1.3058199114096363,131.3728849174784,-453.578595454989
623,1.3079467955462118,134.01080441922275,-463.1187044063521
624,1.3100601882305882,133.46866062423774,-460.9689078383746
625,1.312113308135768,137.33104496221236,-475.05610010981974
626,1.3141962752176515,135.89910823342626,-470.2331856270826
627,1.3163277077674513,139.24723923505746,-482.6835643413206
628,1.3184175493918626,139.60731870216236,-483.63659621010737
629,1.3204856618221223,141.82593407783077,-491.87656965998866
630,1.3225968812824558,142.1536997465291,-493.09413376433594
631,1.324712528812616,147.59818826239535,-512.2182492749354
632,1.3267701241226586,147.7860328220254,-513.5869946578615
633,1.3288455369869492,149.8065944053939,-520.5195958179233
634,1.331007859279665,150.98723041890915,-524.9907275967815
635,1.3331193077637633,150.88512361314002,-524.8759926248495
636,1.335111114646517,157.10925113044595,-546.2696092400984
637,1.3372000138113185,153.85547017073253,-535.6064324594944
638,1.3394207042773567,158.86202162060707,-553.2298012596176
639,1.3415191831855293,162.4449631707558,-566.1307710591738
640,1.343419658472025,162.6602074094893,-566.8574033757537
641,1.3455475267642247,167.4725935927952,-583.9169898231066
642,1.3478257671998863,168.24187143469373,-586.9498864331875
643,1.349910545699746,164.06909299289035,-571.9999786288901
644,1.3517701887420612,176.34886180398323,-615.8976081135701
645,1.3539417100377606,178.45760725488765,-623.487915156612
646,1.3562514521124112,181.97296974720024,-635.509591934656
647,1.3583044750242828,177.4001486793275,-619.6287642706097
648,1.3600937081391848,179.54988154989312,-627.1726695606844
649,1.362315666351114,186.63379927593047,-652.200080781348
650,1.3646739887244697,194.8052339856701,-680.9442069458828
651,1.3666040349314283,183.4183310895964,-640.6658566443472
652,1.3683585203137423,195.40232280718746,-683.1489453029378
653,1.3706879171444677,194.25007511221528,-679.4154074789636
654,1.3730812726720756,202.71524881394083,-708.9658304886132
655,1.3749143385354152,205.34573132656206,-717.8958622369719
656,1.376679031839902,213.40983362176596,-746.6898270163597
657,1.3790764132796052,197.94492273132082,-692.5270582269892
658,1.3814727924700456,228.148548245135,-798.4420592040784
659,1.3833424067073374,240.62828977169195,-841.213627131806
660,1.3850593718572481,253.39852939876414,-886.2036003501833
661,1.387433769507078,225.7624922263693,-789.8541425013264
662,1.3897620281243455,265.48036105810075,-928.6104516570764
663,1.3917897627196847,52.96497887039314,-185.52586417152594
664,1.3929979117318791,7.689160265554577,-26.912060929441015
