,k,Pk0,Pk2
0,0.0029665470748989845,40901.61681348177,-15194.278657597251
1,0.005026374055021859,51323.377532500424,8538.741910602292
2,0.007149300621522788,45506.714462145595,12858.454759862472
3,0.009278869254964255,61282.835715172456,-40947.03291197059
4,0.011450332619344701,65991.61930565261,-3297.928181545788
5,0.013492955871419151,79862.97139390059,3864.347897403411
6,0.01558905561191893,85152.11220644132,-381.71614921987475
7,0.017694083672553172,84924.2704635525,2585.258205903584
8,0.019817874803135297,80453.83424884814,-23080.56198765148
9,0.02192074938196264,87918.29803001825,11421.837846524022
10,0.02398877635566245,86073.63395787426,-19747.46386340672
11,0.026092869718961156,89616.0851942214,-23248.668568681856
12,0.028234663152781798,88261.86340378676,11848.588148045163
13,0.03032284873509123,86361.52402251652,-3310.23523896987
14,0.03240263258943404,88508.05581893594,1302.1553517554555
15,0.03449210129864554,87700.61700303685,-7091.2938126885465
16,0.03658588147515197,88382.01871908318,-5747.4747826414805
17,0.038684769492669774,83213.38256055517,-3384.863482671878
18,0.040788988884582836,80419.60941152692,2077.194785552578
19,0.04289390876967646,80191.66242260399,-10795.906659414073
20,0.04498336005546935,79563.17542642451,-4732.338491455977
21,0.047064985294738244,79162.98462358028,-2861.030802505934
22,0.04917111919158227,77752.01922977768,1450.657492287647
23,0.051262169141742274,75250.5705028327,-7253.072592571567
24,0.05335525146837034,77531.661312334,3926.3836995311995
25,0.05546637228956934,75710.82396175241,4553.540535259665
26,0.057573188192548086,73335.46382080263,-1741.3886664116117
27,0.05965884044590281,72787.64426666904,1249.796890899325
28,0.061745123021595065,72741.07661392158,-3324.9462867209745
29,0.0638268929113719,73605.97251144494,1946.2363693612012
30,0.06592966228838451,70999.7442047663,-3112.640415206077
31,0.06803125784825748,70118.18684585809,-1254.1432597276732
32,0.07013131008699486,70621.28478084448,2070.8919753204373
33,0.07223032366074338,69762.2760406336,903.6149746018864
34,0.07432334270720506,68832.62881419763,-770.5882780967974
35,0.07642066756954473,67595.85511135403,230.04664332146186
36,0.07850471694556041,67537.69426817451,-235.95775355303417
37,0.08059701946059529,65395.319234030285,-1661.2506582254891
38,0.08269521798132064,64545.04346502021,-1792.1456092068165
39,0.08478307522909848,63475.55060861266,3223.600807357818
40,0.08687780839616016,63419.09221101122,-1167.0203522416248
41,0.08897524569656534,63034.85940408406,-296.1592030179646
42,0.09108077810470518,61425.41394151747,3321.113390452097
43,0.09318432266948053,60301.38228933081,958.7186247389039
44,0.0952788764104831,59981.10172546868,-1402.8054818296584
45,0.09736254237981037,58358.432998289885,2782.7874508858595
46,0.09944832814799408,57453.98198273455,105.0577896759765
47,0.1015460879802399,57955.60914978489,1709.3051324958763
48,0.10364263756677322,57047.38642668183,-1247.9291068349025
49,0.10573893905394659,56386.736877774325,-234.3554027625132
50,0.10783958559814742,55703.514969189404,2693.130778771347
51,0.10993894058501318,55623.38230784327,70.43097107987025
52,0.11203921431523854,54281.26229452473,-458.59379720076214
53,0.11412334585697578,54865.19666930467,798.9493861523347
54,0.1162159397555423,54141.66945282353,1112.4093055804108
55,0.11831372048037725,53304.53173689605,-1379.5917097374236
56,0.12039723118070132,53274.590699630164,1002.9273965190606
57,0.12249223631878574,53475.59180992055,-2611.448598205438
58,0.12458825984258635,52412.48074835727,1474.714724822411
59,0.12668846771583772,52272.342304951795,-833.2686149035261
60,0.1287846620419941,52061.17759586795,817.790559618051
61,0.13087133937881498,52172.17883358131,-660.694079321046
62,0.13297548334406448,50697.98310892496,1381.4412684912088
63,0.13506910815256093,51115.239034392,-205.1079291178463
64,0.13716388258568254,51226.86209870847,1730.859461042047
65,0.13926047573721634,50230.77396496476,-55.6855926517169
66,0.14134668829083769,49940.4978474907,-553.0573941571159
67,0.1434475230090064,49581.325625528334,557.1520979784513
68,0.14554528534185418,49604.70132028104,2242.94244759767
69,0.14763320610735878,48805.71803937141,2368.4408839888583
70,0.14972114728432864,48147.6316382926,-1027.089767703134
71,0.15181380487515775,48073.553900808365,1068.1718615997186
72,0.15392114901003526,47607.76303340533,165.59545039794085
73,0.15602147473412367,47833.04705628234,596.1291400631543
74,0.15811617475881218,47605.5404696806,-1115.714659719261
75,0.16021187122717997,47050.89796610554,522.3908594989665
76,0.1623006419462899,46459.01463424327,2885.5742213710487
77,0.1643899033199985,45870.7230803332,-698.6132527944806
78,0.16648355823815117,46413.38479265326,-605.114457314685
79,0.16857196837784735,46295.58128851427,529.9980559514429
80,0.17066413320893647,45849.17206744942,575.0298775168167
81,0.17277086992561352,45370.59843515251,-862.8685571584786
82,0.17486965460096995,45366.86158738326,1018.1196091446393
83,0.17695857694944453,45067.98101682684,630.2514988290179
84,0.17905245093155753,45027.2066188325,-150.99362963000945
85,0.18115265212612636,44923.487592758545,-561.5698482962069
86,0.1832476884130739,44638.44187668519,-368.7984393399549
87,0.1853312475833926,44151.378573010436,1211.7009869925882
88,0.1874284892203219,44459.66226034622,162.1485885355313
89,0.1895337179075755,43839.918848958725,-934.6916943022871
90,0.1916268196474026,43894.358529628444,673.7523967688124
91,0.1937183403446853,43467.5432057888,254.4737940433208
92,0.1958131498886989,43654.911993815585,835.8454562373006
93,0.19790587400989662,43517.84218572072,288.581340915924
94,0.19999906515978938,43434.15891803593,1181.7085053686442
95,0.2020893038374759,43024.06074439068,934.807551669972
96,0.2041823192148178,43057.898770662054,-452.746221187253
97,0.2062825911013838,43084.33479213339,163.90862700475867
98,0.20837701891459662,42566.01743199514,402.4364651658293
99,0.21046758167944032,42510.04959835049,170.14562519222366
100,0.21256678542440183,42484.653347866195,175.35569145781696
101,0.2146619261104852,42515.82623718585,562.9976182923249
102,0.21675618057220372,42432.355650168676,494.5095093990917
103,0.2188528705899679,42422.48542043832,20.411883197219705
104,0.22094564274530842,42008.443216991436,649.7832093843737
105,0.2230395148320731,41819.31579166668,484.0839530360974
106,0.22513567328585352,42104.48872283149,431.8641961913108
107,0.22722785048644015,41859.69043897536,818.619418120457
108,0.22931975112872324,41748.33807133715,721.4382977703303
109,0.23141147723465103,41486.2685627621,486.1361025587504
110,0.23350584674782457,41341.78638508668,425.9982236002513
111,0.23560416522029054,41184.0030931721,1226.298305270336
112,0.2377006336558307,41197.17844716865,1362.4059148273795
113,0.23979727503904752,40981.76463321157,1242.1228653405178
114,0.2418944602532704,40891.71567385746,722.3223448689856
115,0.2439884227569783,40998.537760238236,279.08435405260917
116,0.24608359968283072,40846.708616853255,456.15855110499126
117,0.24817552807053123,40700.279112726676,468.40669943829676
118,0.25026237006475704,40761.071814404786,950.5061547230389
119,0.25235861551053484,40750.96368400391,631.6780312316029
120,0.25445470778669854,40400.85847000042,620.9034324995421
121,0.2565487653287422,40427.41905523932,838.4083500186109
122,0.2586464955058471,40595.16428594003,-211.8472997181885
123,0.2607443047329862,40496.682769688785,1019.0876060654278
124,0.26284383121734134,40207.49735300657,-259.78718629325255
125,0.264929885565984,40417.61289399763,624.8734665511513
126,0.2670163698864118,40082.17564692638,-346.95261453064563
127,0.269112135390912,40228.46308923509,307.90913174085256
128,0.27120764961246213,39959.006555460684,251.15583978197597
129,0.27330509996536784,40056.458059713324,1260.6492220514554
130,0.27539842121309294,40058.58752476614,365.19610900701554
131,0.27749656900268016,40099.12197077737,465.8818649131671
132,0.27959864364035925,39640.61200867337,638.705722951839
133,0.2816878213234348,39858.60187773724,381.31301666695646
134,0.28377609558542155,39776.029602539755,590.2577234229173
135,0.2858732754634003,39715.01795962787,570.0243950590453
136,0.28796861590208045,39756.05738682293,1160.8032900252583
137,0.2900612915162532,39592.566629842586,1051.365047845768
138,0.2921547032025089,39566.356884162895,913.2180352430105
139,0.2942501291133245,39688.5882789747,257.4998824593573
140,0.2963444256131289,39827.47060354281,768.6998755518084
141,0.2984361415704375,39339.4377566873,408.39594092229714
142,0.3005318840555698,39480.02079839299,974.1739289750539
143,0.30262777760316095,39188.39486938723,1311.0445795494625
144,0.3047248035439954,39381.35262618871,480.7805716306644
145,0.3068210272572538,39196.148394614014,696.7521632786313
146,0.3089144805088237,39353.253510207294,465.6242264462024
147,0.31101080657849756,39179.828484051584,654.6972188652812
148,0.31310885951912926,39075.61191943381,694.7093319187784
149,0.3151991603466065,39207.98353645675,377.090097471963
150,0.317288667284839,39187.77721221396,281.616925284602
151,0.31938044185106124,39083.460474890526,1081.2903354311916
152,0.3214783648369702,39191.07063369252,268.57682786460515
153,0.3235785211189416,39084.37069005534,496.0902362969251
154,0.32566935894833426,39051.086838306044,306.5679571554018
155,0.32776077751211374,38700.07578604929,658.9991938644641
156,0.3298523230655558,38863.45559665363,754.1265927998566
157,0.3319485433973702,38859.3403710788,166.32226923318612
158,0.33404540358127904,38901.69312968651,807.4736396265641
159,0.33613494177837844,38690.40412231731,125.18783448265225
160,0.3382313832787478,38890.165851591744,774.6906220814768
161,0.3403308518124324,38833.740287617424,629.7535931461871
162,0.3424246601457981,38956.71847150901,499.52569154916637
163,0.3445197272986724,38813.95376516908,679.3835540180971
164,0.3466158524641983,38783.20984349852,399.64974857454257
165,0.3487089916477683,38957.72920333185,646.1055906972723
166,0.35080114560367615,38886.03153882785,272.2939566360928
167,0.35289356821720286,38879.621252862475,133.76792590714012
168,0.3549881110219297,38732.44263507806,417.66382915754826
169,0.35708559248027844,38850.85798806677,891.2022556545874
170,0.3591813496003593,38722.80555712951,494.93133507534526
171,0.3612749400626811,38700.287995318955,726.9208840940752
172,0.3633693413142722,38681.11198589934,488.668062791017
173,0.3654632219855477,38852.72321167605,675.3373864053575
174,0.3675603773529471,38749.790508457634,312.894241855643
175,0.36965434919829326,38653.692288287784,160.08053560564127
176,0.3717418094879197,38815.35450027035,643.1839068284131
177,0.37383404253825586,38670.555149674066,705.483081051715
178,0.3759308579415973,38748.7996264587,245.00707642398947
179,0.37802985088946095,38517.468519840564,741.8211649050788
180,0.3801213498834686,38664.59889615668,95.9358129969174
181,0.38221306010699313,38713.41539901687,1076.4292908919736
182,0.3843141376638833,38721.93826006174,472.79659430687315
183,0.3864096355836929,38776.05422366938,412.30176439292984
184,0.388502907295756,38613.90180035877,717.5691072634517
185,0.39059769208540335,38833.55381168525,866.7810610566744
186,0.3926958121232196,38748.52651701122,165.51437701865058
187,0.39478921808384226,38752.90549748538,357.98940182655326
188,0.39687821409975554,38912.89142001584,570.6985601975197
189,0.39897073627813356,38917.08785525478,334.2075484218318
190,0.401067192451382,38568.86875720909,229.0572559203857
191,0.40316228148056854,38704.75105260084,399.3914675600242
192,0.4052546340249366,38731.46008195603,389.50057234862226
193,0.4073499183903822,38706.61033505098,330.0394545297245
194,0.4094468722071623,38819.299874390206,529.4044056876878
195,0.41154432885897757,38747.42671379357,669.0023304869235
196,0.41363408239228544,38690.43497203173,797.8365112332817
197,0.41572494638156243,38766.7585404331,37.84397575788578
198,0.41782181997781404,38671.44415347558,685.1602318947874
199,0.4199166506307261,38708.40205313707,374.25523850251153
200,0.4220107143757513,38725.02894881831,119.28059715794656
201,0.42410542949066876,38740.37145293744,378.3160770229825
202,0.4262013850195404,38884.1598880498,242.63944958271554
203,0.4282955296445312,38713.45935893361,785.7406934239197
204,0.430391806688861,38776.00713894198,499.43577231988695
205,0.432488575457924,38920.001550227214,484.00266720241797
206,0.4345806090039814,38821.95635782691,368.6481202565827
207,0.43667244097425384,38945.80820115677,768.9110650495882
208,0.4387671492209622,38917.38768032463,86.26530857645587
209,0.4408622534544343,39060.83367333796,-159.18320415992207
210,0.44295516415095815,38991.965714085316,417.3143779109128
211,0.4450482683181851,38959.90972803311,918.2827819087444
212,0.44714683875742495,39088.96723888237,648.3736590723321
213,0.44924362280569813,38944.89295650582,827.7517871439134
214,0.4513338633316258,39078.47118694475,810.508004786162
215,0.45342753643259276,39025.686972428564,456.7130612326065
216,0.45552189548586586,39006.844877797674,691.7269500042638
217,0.45761716616081083,39192.55958235526,638.9215737989966
218,0.4597117909764672,39126.56373264505,628.3753835764082
219,0.4618031890496857,39149.16740101925,135.46446796229714
220,0.4638995470730997,39240.11279482276,665.4794771806617
221,0.4659948171464902,39311.33948833463,543.2048969106974
222,0.46808929446972725,39156.29013067406,313.43991782629905
223,0.47018492649495636,39336.809482866214,394.7477511059296
224,0.4722792778491551,39216.209962620334,748.1005095439178
225,0.47437272572904565,39271.991150288355,520.5271591735736
226,0.47646593372141327,39219.16591466799,43.61403444342895
227,0.47856230727426236,39325.526129905236,980.1506378803795
228,0.48065904058976644,39425.38411392535,255.06689568443912
229,0.4827512226177774,39333.785629974256,878.0616236035899
230,0.4848441163240575,39489.97670324974,374.7505956190789
231,0.4869397730506266,39478.25198422113,236.14808885690763
232,0.48903678813400875,39580.48278487074,267.7102352905464
233,0.49113096964965397,39577.17278093312,309.15347144237995
234,0.49322332174786626,39642.851303721705,602.2849079452782
235,0.4953187148676145,39511.77497268953,708.6328143513454
236,0.49741120358770496,39714.79270636621,513.8598131659509
237,0.49950082345999325,39490.406192600385,403.9026155669113
238,0.5015952506837275,39649.809687160654,515.8307873248465
239,0.5036919972981919,39587.38710047291,118.36034195469517
240,0.5057872116617207,39741.479601520914,721.6467800143881
241,0.5078828569897101,39643.020095054075,74.46972303611032
242,0.5099793452386306,39822.95699428106,356.68102740028405
243,0.5120767256379639,39891.8420244106,215.73805354784903
244,0.5141702395931294,39871.94221690022,573.6230731634319
245,0.51626132102766,39932.22522104394,490.3731406238247
246,0.5183576899265504,39882.114633379155,499.9723865146454
247,0.5204524416424112,39839.931023650715,384.2027174040088
248,0.5225430403510469,40067.6190466072,412.8331186149378
249,0.5246378991347941,40055.253992435624,699.6637757761737
250,0.5267345150769579,39982.21960899606,269.23077362290013
251,0.5288284644781793,40223.83903172764,379.2404698812408
252,0.5309200047543352,40154.54307118189,398.12396637387525
253,0.5330154787982235,40317.56728949,647.5224454022693
254,0.5351140455458262,40166.14338238699,524.802724483099
255,0.5372066203065362,40274.9030829264,471.50789780661097
256,0.5392991990272246,40412.842150205666,739.1826243503245
257,0.5413944118270408,40340.88764736496,-22.951074269721136
258,0.5434881995106379,40480.18387573082,635.232110200306
259,0.5455829952492127,40475.2430602715,583.7460727217486
260,0.5476769745662954,40510.86764871726,405.23900081254965
261,0.5497697255495043,40416.46868242253,324.5462811737733
262,0.5518645446467839,40517.497165391615,80.23367601252194
263,0.5539598571350287,40645.12185776631,509.43649519569726
264,0.5560564538950566,40701.23988645648,73.63787596709804
265,0.5581500505101624,40731.655276169775,264.2850178292195
266,0.5602409063261653,40733.03443559355,661.5684751942647
267,0.5623379637803174,40764.71180837818,422.7135211175091
268,0.5644363283026402,40941.48987592598,277.18635260409127
269,0.5665273824761494,40855.69284895551,632.6600045835686
270,0.568621249018378,41017.97885581605,321.01958459759254
271,0.5707181447612965,41011.26810255653,721.596768317701
272,0.5728127938597997,41010.70916831777,278.41803844675724
273,0.5749070881546879,40981.98716624331,302.85547911972156
274,0.5769991470923068,41119.84267967918,597.3739365356985
275,0.5790956911760897,41073.64660434492,299.8625672475064
276,0.5811893306261757,41178.2740092062,515.4472178490181
277,0.5832802267374103,41243.80642077373,480.2915543447913
278,0.5853761830306536,41266.495594770364,500.6826994203084
279,0.5874711784415975,41356.94375571005,383.35110945453454
280,0.5895653958899879,41547.58468223771,492.20271382706505
281,0.591659786459685,41510.20616743639,-190.47604478447116
282,0.5937551851921442,41453.30923794631,128.26090445606008
283,0.5958498092767481,41599.70493841431,642.6597470755469
284,0.5979447066705442,41707.43384979838,51.12340633207311
285,0.6000383505174957,41721.74220267872,225.83532353032936
286,0.6021313016181767,41737.15329291673,442.05736592805704
287,0.6042246965556944,41731.6546784081,365.578667739092
288,0.6063189733697846,41842.76705643133,120.160170250751
289,0.6084147213727373,41746.27475549296,681.9800900611044
290,0.6105090855473989,41912.17330264517,565.6431365838113
291,0.6126037649785722,42015.82502165533,291.9562522996523
292,0.6147002391370655,42071.57052796072,501.2871930387016
293,0.616794938930829,42120.22274932251,184.12945481840757
294,0.6188886865784012,42118.20090072218,172.0727354922355
295,0.6209825762252046,42234.83437784333,592.5192943748443
296,0.6230764414889526,42241.67593977307,367.1401156154026
297,0.6251725389343245,42319.17083782666,111.62346045829953
298,0.627266923011265,42504.1638233371,262.5073359121263
299,0.6293596211388142,42379.44263949348,628.7527233635636
300,0.6314513250607457,42448.26404168054,350.54919565350673
301,0.6335475720513941,42645.61177669765,685.0948064543306
302,0.6356444982495617,42717.03040358622,577.8519035281053
303,0.6377358562255245,42713.90076184756,446.2708635279912
304,0.6398302949107263,42823.31727499725,259.5749325181619
305,0.6419256185614247,42846.61489841569,153.31580485523187
306,0.6440214843206593,42888.15404326367,221.80357810827596
307,0.6461142033434962,42904.98740226731,549.7942214069961
308,0.6482061138478032,43013.074760905845,162.8711901545365
309,0.6503020867345045,43001.416945239354,521.2084525012449
310,0.652398185537932,43012.807001178466,655.1267132718732
311,0.6544932048530038,43187.988048196545,-142.70269028160178
312,0.6565867871776386,43238.507573385396,551.2768130113435
313,0.6586827890115348,43401.32601134372,356.3849434903211
314,0.6607793300725506,43425.4105325357,511.09603582027665
315,0.6628724964198541,43440.587131778586,390.1871280749714
316,0.6649654402217313,43490.994158778325,588.5687882122971
317,0.667059865407609,43622.16401863965,291.7966832688952
318,0.6691532523078332,43742.63355822016,514.857211448576
319,0.6712457992597233,43763.73662121751,425.4042009846238
320,0.6733390782258323,43745.01867778886,414.0760169305452
321,0.6754367503383576,43875.531679405285,192.60543806095893
322,0.6775335143160066,43871.04542582214,516.1732729807493
323,0.679624621064033,43978.38722076751,137.44075307430577
324,0.6817180292738917,44097.96070212907,394.2557500855797
325,0.6838149015047629,44056.44057427903,611.1374333284292
326,0.6859101434268815,44188.69327804709,439.5373508698108
327,0.6880046468184081,44233.368988127986,333.75119762001435
328,0.6900999637264865,44292.729524840644,117.63662504539688
329,0.6921965733216279,44427.72591166312,582.0558116227197
330,0.6942884945981568,44436.56850290792,109.4673682823439
331,0.6963781649531228,44623.57009984648,411.3124142467499
332,0.6984747371200234,44668.753735271515,575.6006816729656
333,0.7005690388882679,44646.385788677944,363.5611673198295
334,0.7026621579778546,44855.22202480664,403.6822072244577
335,0.704757268847954,44882.56062499118,-70.03338494024561
336,0.7068509057629639,44788.26727600778,48.54871073584879
337,0.708945644402387,44992.72792465166,247.95804858254687
338,0.7110406815970572,45009.28798592886,776.7178717703728
339,0.7131372373036142,45072.94830004469,146.22785360823573
340,0.7152323589250973,45188.85924854345,-8.878892998723533
341,0.7173245162021571,45400.12328253285,782.839638688289
342,0.7194199711852413,45413.36520356167,361.87575155653764
343,0.7215151322330351,45436.72767286986,472.72802157846394
344,0.7236102334592447,45562.31193123019,308.03905404084395
345,0.7257047129497166,45605.81190885104,385.1638101586526
346,0.7277958825256088,45742.361093910644,532.4896142372806
347,0.7298900912292255,45802.37960377655,539.2033914112982
348,0.7319867159780691,45831.92324387131,310.661138885431
349,0.7340808521059053,45959.55939641052,397.4537716040308
350,0.7361738853270124,46015.47911790781,438.73080759328013
351,0.7382682123604443,46077.10907155468,627.0664519626537
352,0.7403641944498084,46206.34580447995,248.1156008399989
353,0.7424576311971561,46309.016984830036,322.41734894333297
354,0.7445523870480827,46448.67931435268,250.15482337289004
355,0.7466478284648128,46406.477273874516,531.7507202937721
356,0.7487413917548734,46520.18281959572,322.86703921955666
357,0.7508354594737505,46574.62362519661,487.3907849392227
358,0.7529278056847568,46771.700148223754,453.5794394795063
359,0.7550230257904859,46851.28670082295,824.4728006927882
360,0.7571167923480437,46853.762338991684,426.3458985721506
361,0.7592113317151179,46949.80305111996,348.16915190381116
362,0.7613074731933067,47106.138227465046,801.3694466367606
363,0.7634009581307508,47144.513690769774,539.3883263680711
364,0.7654969266569684,47167.650370461146,547.497384634191
365,0.7675905899780763,47402.6012241339,481.20266972234634
366,0.7696837880547684,47467.73683558617,278.96406000348395
367,0.7717795008463626,47495.026864871405,403.29736622045306
368,0.7738757788346248,47607.297990692634,413.81474752242775
369,0.7759706260990727,47726.42165057785,638.4701887808345
370,0.7780620795267656,47865.14856814378,467.53051151815595
371,0.7801559906208961,47918.08934286855,120.42187877444638
372,0.7822523136569128,48013.10334586746,725.1307806042951
373,0.7843481481853999,48041.788277968575,322.2075691968318
374,0.7864425511046899,48186.64725995395,467.263150163288
375,0.7885343495966205,48227.99396317315,497.5473302070029
376,0.7906286372458883,48340.64032085296,243.61489895269784
377,0.7927244345313397,48470.31836224089,310.1368298541974
378,0.794818005513127,48604.874453977216,463.611512603903
379,0.7969121491149282,48618.675616538385,285.11956644248767
380,0.7990047112993173,48752.61635435687,374.86992751777905
381,0.8010984966914405,48790.45927334491,271.9108864811693
382,0.8031950165575023,48935.9568938643,481.9759215032259
383,0.8052905677217739,49070.93235862872,299.23889449368994
384,0.8073868841230295,49179.38807464269,578.2690858636629
385,0.8094800557409162,49208.28480657343,781.6325442689441
386,0.8115724907946299,49298.89748742346,19.93238073137225
387,0.8136674854006812,49453.67873590809,746.6815409139033
388,0.8157633267681768,49546.5119427489,655.3162141259663
389,0.8178572815764139,49720.96246649533,658.9773281950265
390,0.8199509017046862,49696.32472133167,262.3444923432464
391,0.8220464110750062,49856.35296672145,462.8502678706489
392,0.8241406544737637,49832.95334657166,278.2473508058878
393,0.8262328397247414,49984.57266409888,558.6935500901774
394,0.8283269471334518,50099.89631461908,711.7563151978097
395,0.8304231064697798,50211.362995977746,481.4711742745124
396,0.8325161683796762,50396.230385484036,430.1207724633556
397,0.8346105557242035,50414.1379523888,517.4130895968844
398,0.8367059794413102,50555.557561371585,213.05742444340467
399,0.8388002445604258,50628.07985064614,401.0031291913836
400,0.8408960756111226,50842.11722509498,373.5632726560943
401,0.8429905652842218,50920.560373385626,967.423592411334
402,0.84508401313589,51000.68018310504,274.33372900701085
403,0.8471791713809247,51142.96846364827,431.2475453957431
404,0.8492743362825239,51254.95928995784,278.6975214456851
405,0.8513668888602299,51362.25361816537,409.6640897011145
406,0.8534589296280589,51404.332753899536,540.0513181804507
407,0.8555558405338324,51513.92446910106,408.94754486504644
408,0.8576516874123633,51719.58499691483,743.8457859281091
409,0.859744590599333,51801.34880355595,405.140800085706
410,0.8618400547669827,51932.67707894246,161.88084635412966
411,0.8639350434441438,52065.3443167212,590.1565570852889
412,0.8660280248974203,52122.804119015775,350.89711017405335
413,0.8681201347325478,52236.409349601374,234.82083872018634
414,0.8702157283801463,52365.31659369739,215.62586572166256
415,0.872310621353091,52534.75724285123,428.20217862630363
416,0.8744020359703552,52559.333190645586,1002.5654011052706
417,0.8764972088477568,52683.58779069746,169.3913154500993
418,0.878592835994214,52911.013141878815,440.2360563479802
419,0.8806870131084201,52999.18899454062,521.8834312271797
420,0.8827812802431019,53025.374876783135,709.7133671474813
421,0.884877279658285,53192.51279357706,478.8634966593749
422,0.8869730004154345,53354.508991968716,578.004157782096
423,0.8890661750433553,53506.78997515692,690.2117663744679
424,0.891161435679344,53542.41960445967,776.8986140290936
425,0.8932577960179496,53688.87828689449,643.3094272344341
426,0.8953527392107627,53852.00859680644,449.5880987687441
427,0.8974462460666859,53952.91828393498,537.8779442916414
428,0.899539340962409,54096.43230868495,715.2420940539677
429,0.9016318169027592,54221.93404839885,436.2219233434754
430,0.9037252249745606,54334.806551420545,792.4642295275496
431,0.9058199443223193,54504.323331299944,479.0473364254253
432,0.907915243986348,54609.394391290654,476.29413071819334
433,0.9100128049501981,54686.72742622903,563.0106864948691
434,0.9121059966002629,54926.05146647478,616.1177189378595
435,0.9141972861830797,55031.21728799433,696.36158434736
436,0.9162932496702593,55111.300080144894,696.0736928227822
437,0.9183878012752863,55240.965625706034,475.9962522810889
438,0.9204823185419505,55415.355960689165,457.6057486906067
439,0.9225773629784582,55484.84872045546,700.9642005123236
440,0.9246718174739146,55630.38268434181,567.1037617663833
441,0.926766211900197,55759.9797394447,536.3624155012411
442,0.9288591582540804,55918.870746203655,423.0208059195851
443,0.9309526610700547,56153.078649996205,646.5476942024627
444,0.9330479303067369,56227.929160518885,752.2860151345428
445,0.9351433527997749,56239.2229493372,378.4687215291455
446,0.9372383527365933,56501.180201675896,677.6402818019717
447,0.939329757499591,56561.74703196766,517.7229615293838
448,0.9414230571985791,56665.71685089778,394.38436276445464
449,0.9435210054806012,56863.355602365795,747.0753467709209
450,0.9456162503172072,56977.58172187958,747.5066676421299
451,0.9477100092887099,57135.10218887983,332.705982015317
452,0.9498046323041349,57266.678390150155,946.0449066448347
453,0.9518991548408083,57483.80400788921,640.9054305974257
454,0.9539929332702277,57537.78242208303,615.2707953943167
455,0.9560874898052096,57765.79838672705,587.0191159100464
456,0.9581824530689178,57905.08543623402,824.9060553643699
457,0.9602770371571748,58028.276192981335,834.6646636681592
458,0.9623710723241273,58178.380816731136,705.4130725591712
459,0.9644648349083941,58359.21429121996,600.2768697036392
460,0.966557887379011,58535.18609586051,829.171067149976
461,0.9686513195291268,58515.84089560507,746.8962689664628
462,0.9707470393683869,58780.11740354195,940.8722311810953
463,0.9728419987888902,58976.38158661041,587.9358631608328
464,0.9749363451418961,59059.172987399186,862.9080069721847
465,0.9770319720978949,59201.01593158659,739.799936277072
466,0.9791260608689247,59404.267024058565,580.5675466782315
467,0.981219993418123,59527.82826227757,517.4988746578045
468,0.9833154848012966,59661.413570055345,954.616923885655
469,0.985409217900734,59830.27017874493,688.0705234594299
470,0.9875034929558208,59961.391427025796,943.6674325652519
471,0.989598845059814,60133.62812907942,586.4113179446288
472,0.9916925524589582,60355.5240830316,498.3859034678162
473,0.9937866222530743,60451.32826946132,520.6465758283857
474,0.9958822538585521,60589.50261859102,465.66415289039895
475,0.9979763461234663,60815.44661607767,768.1060533315579
476,1.0000687382803208,60977.813945342714,824.6969028231697
477,1.0021620574674717,61204.93153744398,405.4815401142597
478,1.0042566040705312,61142.34612308086,1126.7723055285953
479,1.0063510481087232,61503.00251874001,623.4332343251484
480,1.0084458017147504,61667.346022128426,766.0253020833125
481,1.0105412449330358,61804.87074465959,678.6233780283069
482,1.0126363206852906,61926.00068777503,951.3756302403895
483,1.014731689048677,62174.71055061044,1021.5160578087457
484,1.0168251811607234,62275.37146630752,670.8370774372885
485,1.0189183181794257,62385.11128694478,878.897468885316
486,1.0210135131858313,62646.84742704571,919.1652706689366
487,1.023107899818119,62745.25020705317,782.8521804033262
488,1.0252035642142994,63014.52770935993,791.0446091948312
489,1.0272979326699727,63133.0225199543,799.042648314956
490,1.0293915165160124,63330.44426237197,825.8182211460091
491,1.0314862118776227,63548.912623810415,982.549758952025
492,1.0335813276438528,63636.241552202664,1099.6592941258857
493,1.0356760372494827,63803.35773369747,834.6265070066918
494,1.0377697665518313,64052.02413317264,838.9016956054502
495,1.0398635542890804,64178.15045575718,938.3720777603322
496,1.0419580022733907,64413.36740502148,792.2393797381062
497,1.0440530837182007,64578.88824342224,968.469247903168
498,1.0461463909219801,64760.700801813764,936.5600118404001
499,1.048241289239942,64915.64003706813,950.5700900620075
500,1.0503346504195201,65054.06027194498,1024.3244498851166
501,1.0524278880438542,65382.423829082654,898.3138226817082
502,1.0545231057279465,65388.01674301501,875.4625062161472
503,1.0566172205725972,65720.55439294246,545.7362971054181
504,1.0587125681053644,65831.69694699085,918.3801445251164
505,1.060806974942881,66073.6429276112,1425.4419044319116
506,1.062900937291859,66225.60688654361,606.4154553897031
507,1.0649968400029963,66526.8972706358,1004.7505461132523
508,1.0670917748856612,66594.86120682473,913.4425531576996
509,1.0691837840599538,66797.24122002524,1137.6801541560637
510,1.0712784055790137,67065.525206176,944.211514909057
511,1.0733741944109443,67179.4176628323,642.467601717693
512,1.0754689143080451,67335.87167803005,1338.09959706912
513,1.0775625935653539,67530.0086778288,1088.265603106416
514,1.079656551776009,67722.77933338388,1110.2148355594888
515,1.081751759033872,68027.09030383546,1039.053170712763
516,1.0838450038800544,68259.98976537086,958.7070994464827
517,1.0859393346043436,68298.32679198912,1090.736970665038
518,1.0880340737032612,68602.93729346225,787.503509988481
519,1.0901280973397867,68755.19836415786,1129.1121656951661
520,1.0922232205093443,68932.55803442709,1230.3292604308617
521,1.0943183198095006,69202.7661769113,1193.7590221835396
522,1.0964124680620808,69387.98361586961,765.8069675914065
523,1.0985066965945804,69639.00386860724,1155.0828032491004
524,1.1006022506925348,69803.00294860228,1194.1632490107268
525,1.1026960746069068,69966.9856235077,1153.359033297434
526,1.104789420523433,70250.04178700093,856.7864897637099
527,1.1068841457204943,70391.2694640831,1203.1161326108652
528,1.1089772649904681,70676.15457760933,1075.7901965878923
529,1.1110723868790173,70920.52788975168,1223.797691125572
530,1.113168427194727,71171.89128272407,1065.9224823156753
531,1.1152626776337078,71285.16068929817,1375.496569692464
532,1.1173574051129724,71480.6908644734,1051.7918739172317
533,1.119450573697561,71710.10043852999,1080.1857860055632
534,1.1215436337779248,71981.4840006205,1259.9295241408242
535,1.1236390334415942,72152.10181393583,1085.169660401871
536,1.1257332200225998,72378.30662483866,1517.676580994008
537,1.1278283378211404,72683.03371654695,1505.7430455502483
538,1.1299238131648552,72803.8412390865,1497.3201129728911
539,1.132017447124327,73073.86054626657,1353.078056212264
540,1.134110650036949,73323.65503387459,1578.5604526456825
541,1.1362036259959787,73507.10690449826,1482.44992822678
542,1.1382991427598659,73742.56972890791,1163.8383477836767
543,1.1403936066737896,73963.63699977937,1340.9389333828876
544,1.1424878264606209,74244.49295366828,1170.1246548972729
545,1.1445836717483504,74478.86430997163,1131.0729770008975
546,1.1466778755714095,74675.6792657214,1563.2222314809799
547,1.1487715351237628,74747.52029853921,1183.2457877342342
548,1.1508672245306748,75139.24486128258,1339.7467333950801
549,1.152961670034179,75354.23840222602,1573.3795452150696
550,1.1550551275418117,75581.70445664549,1292.3299322666992
551,1.1571500620004906,75869.7998503637,1491.7829039770645
552,1.1592451155989445,76079.07489100524,1484.129734881565
553,1.1613401484055899,76344.00160311884,1389.6509504721594
554,1.1634328135986687,76554.16229658265,1494.7753648978694
555,1.1655280225544649,76770.8677478066,1264.6768117139204
556,1.1676232414157608,77113.20837720942,1780.8493528010024
557,1.1697157183635434,77307.09909393195,1215.3840446113913
558,1.171809765164966,77489.80772425632,1830.5520525406378
559,1.1739036754657965,77841.39070538623,1780.0831038596548
560,1.1759974618047027,78052.06003781056,1623.8025260630018
561,1.1780927342002254,78401.78989825466,1558.0335181443102
562,1.1801886215978319,78570.19732841231,1859.3039157133544
563,1.1822824649467334,78822.01262094967,1896.3655112206602
564,1.1843777187054296,79170.85519657223,1389.925429611739
565,1.1864731317277017,79294.79201553839,1588.5334594403191
566,1.1885662199882188,79624.26644724581,1873.3492998062377
567,1.1906603290984812,79856.83205424715,1522.3647136558889
568,1.1927560449071208,80096.39196616923,2104.4946088026045
569,1.1948501301675682,80438.20912271162,1941.3282824607077
570,1.196942866326464,80745.3476149176,1889.6459791237103
571,1.1990363434731066,80996.72591581088,1794.897380980811
572,1.2011315528209288,81165.51847349294,1943.1396518383199
573,1.2032252726398727,81483.14141255328,1764.067105778215
574,1.205319131714267,81848.14035604207,1587.9678089247798
575,1.2074143429200774,81950.03417449965,2024.8785202406073
576,1.2095073316728018,82378.05849080157,2131.513504165969
577,1.211602159357548,82557.383863516,1990.574029738607
578,1.2136984428310558,82760.50294564843,2016.2060746575746
579,1.2157943340364452,83213.25435796629,2214.56851764429
580,1.217888268816351,83367.8466528925,1863.7701577803641
581,1.2199821909033837,83730.09615081047,2139.858382032123
582,1.2220779372220854,84102.66677168837,2080.3169022977186
583,1.2241720630448372,84402.10358299014,2032.6265963967521
584,1.2262656486341297,84457.8802126562,1943.2025977510662
585,1.2283602712023978,84844.09686588985,1944.2107849263693
586,1.230453847781421,85282.76954286874,1986.8178914766663
587,1.2325484279288663,85414.92322821097,2126.0462948453837
588,1.2346427330328844,85683.49860217242,2138.2017483089394
589,1.2367368340043534,86024.46002250447,2013.5810858001341
590,1.2388320989568682,86277.08349794938,2267.800098598719
591,1.2409254956441091,86562.80024659309,1914.8801954708574
592,1.2430201387037565,86815.2284904592,2572.915689148343
593,1.2451147141570293,87236.93793324624,2117.251267632357
594,1.2472087367784284,87498.56036491762,2307.245668841075
595,1.249302614173833,87822.44468105023,2252.664265315551
596,1.2513971052845823,88086.2491462599,2135.59144888834
597,1.2534931066319515,88406.56915944556,2359.1410389867315
598,1.2555863817711985,88772.60381137526,2201.307750851564
599,1.257678969059161,89023.65415504182,2310.015327211833
600,1.2597748382104277,89318.00722946142,2144.5390948434697
601,1.2618698898493887,89698.15820988573,2461.351773347461
602,1.2639640740660565,89909.65152796565,2750.702392599538
603,1.266059176034634,90231.93860176462,2499.9075607873574
604,1.26815329738596,90626.46819118645,2509.0318966958516
605,1.2702469827768745,90955.72470998127,2380.915971851455
606,1.272341439773769,91188.45864902843,2965.564671538784
607,1.2744361591580655,91557.78575600575,2350.8172702117413
608,1.2765301570381213,91945.15115722215,2383.8308671079712
609,1.2786243195908502,92272.12358790226,2844.419270285579
610,1.2807201779848052,92617.93807548152,2631.819697481648
611,1.2828149770647865,92855.97283945234,2760.4401663980248
612,1.28490831046805,93186.47975700836,2496.2450514382735
613,1.2870024746125797,93518.5689153408,3010.697040608086
614,1.2890960788179595,93947.16772453902,2932.8885070164492
615,1.2911903407610128,94231.39425516268,2824.0390301302486
616,1.2932847299377603,94638.05823492506,2919.5748695082257
617,1.295379834193548,95105.22010459907,2836.043622690101
618,1.2974743412448833,95360.83485444763,3236.3860707866806
619,1.299568838606027,95595.47030031789,2875.115596400065
620,1.3016640567270552,95978.45474737561,2769.273989278525
621,1.3037578272673165,96385.55458288045,3409.4796712388156
622,1.3058518980796576,96717.13452414447,3087.9908297217166
623,1.3079469520711469,97013.99634548058,2810.547043886619
624,1.3100414674631762,97495.31625780245,3240.680330301166
625,1.3121343419146885,97918.72296298479,3279.7677634965357
626,1.3142291157646366,98221.58136628338,2832.145206190505
627,1.3163249547628966,98543.16287552648,2593.117078557962
628,1.3184204308819243,98843.68065827143,3642.290432325978
629,1.320514045081714,99197.76955343867,3428.8866434032766
630,1.322607731116918,99529.89674569243,2975.4106329863685
631,1.3247030067977636,100002.37191449826,3411.210514446094
632,1.3267964975071294,100474.33447633311,3331.4684795111307
633,1.3288900457896358,100684.38139983876,3314.0671696842874
634,1.3309846323229146,101091.27783691626,3236.1198315908246
635,1.3330795391690438,101558.78536896713,3538.4511472300787
636,1.335173949560825,101812.66768117831,3470.804674747662
637,1.3372672428845813,102334.44397496943,3309.3347397559087
638,1.3393616502777206,102611.15326346026,3337.7280885216182
639,1.3414564546808454,103046.89720733705,3946.6258402992516
640,1.3435497634465539,103447.37081599911,3729.546537880709
641,1.3456439095281743,103988.94146585216,3922.2569487002183
642,1.3477398961804745,104279.08512396253,3772.166533293398
643,1.3498356331361778,104754.36631659945,3624.436923958818
644,1.3519291222201564,105058.66292900623,3644.827868362153
645,1.3540221824451044,105515.55034752897,4030.6258794160212
646,1.3561174165883387,105820.12520226132,3908.102944141222
647,1.3582118000666776,106270.68247870936,4509.951499698322
648,1.360305548489477,106647.53338540005,3877.4291757256883
649,1.3624016471705516,107037.30119048264,3677.305256661961
650,1.364496581524498,107409.75259785655,3608.8768819952606
651,1.366589927521404,107914.48696173514,3742.083895113415
652,1.3686839345616666,108413.5149247076,4257.7550965959845
653,1.3707785136744248,108768.41301593582,4071.214871757167
654,1.3728736781569988,109227.99061149942,4377.857721775795
655,1.3749673745335222,109755.56351155814,4337.216945503231
656,1.3770602631292597,110098.14969161441,4091.116914159343
657,1.379155717578164,110527.20934450449,4366.157338033301
658,1.3812508039107998,110859.35581771996,3943.030245786845
659,1.3833453325862841,111489.4993274458,4407.049422600761
660,1.3854396647384786,111851.20842774778,4252.694444159561
661,1.387533616953471,112187.4220974625,3711.832088007046
662,1.389628935147901,112729.81249434574,4421.287994458258
663,1.3917230672721894,113203.90103310741,4544.6102693651255
664,1.3938172778813163,113653.67979317562,4477.709842147443
665,1.3959128506087028,114092.70746691927,4675.029743148755
666,1.3980069894682674,114484.57602379196,4809.172777909891
667,1.400100032768225,114922.72725617838,4731.47764405967
668,1.4021942273095422,115299.5242301351,4792.506874907947
669,1.4042879724639459,115865.18095794362,4463.3223597720025
670,1.4063822250727482,116408.59568673657,5382.578408858917
671,1.4084777998796327,116847.66234736692,4731.98098536281
672,1.4105725454065003,117186.31410974404,5038.806096663121
673,1.412666035757187,117764.31033268405,5272.190124119124
674,1.4147597581950535,118271.3619611649,5047.305232813435
675,1.4168552493745823,118554.2839993243,5506.73621491737
676,1.4189502707585735,119162.59008168729,5104.089876397524
677,1.4210439871962917,119676.4161904825,5499.711281922778
678,1.4231379588066748,120151.41113873765,5127.0794102141
679,1.4252323843784174,120593.12982481896,5622.058190345276
680,1.4273263645812686,121183.160420162,5218.013268100228
681,1.4294209343777806,121558.93164537527,5743.973873407166
682,1.4315160587565352,122158.3343192649,5400.0244181657745
683,1.4336101809254245,122736.18436366477,5852.613578489405
684,1.4357047233292217,123278.70155202429,5193.048048520302
685,1.4377991034950037,123698.92110668113,5745.6864773210045
686,1.439893269172154,124279.52851250362,5752.45830126928
687,1.4419870983325702,124736.89979639185,5578.376381030202
688,1.4440820971476513,125173.23692498046,5704.2259459156085
689,1.4461780146809415,125750.18681613018,5669.283473672853
690,1.4482723645441788,126303.43715988724,5987.728924139238
691,1.4503661519067539,126721.54757277793,6506.134185405141
692,1.4524608997459605,127237.10541354229,6234.724475408238
693,1.454556191478353,127926.46986003907,6337.638587249822
694,1.4566505605195028,128489.26892805417,6397.781723030726
695,1.4587435672120013,129024.12137778594,6140.499257338783
696,1.460836376274075,129382.08166741976,6136.870677973167
697,1.4629315024559504,130009.89768752514,6242.927364278843
698,1.465026115161985,130386.31412920126,6633.797632311214
699,1.4671201905708728,131132.32687262798,6383.967730101333
700,1.4692142550197365,131758.7535910302,6492.686259713678
701,1.4713085109511452,132372.56644871985,6694.781445132168
702,1.4734040883627781,132864.23738846518,6939.21486429877
703,1.4754983077923518,133535.59322924865,6860.783061609875
704,1.4775927333883283,134049.6157290848,7095.704404077869
705,1.479686516386449,134345.75406771575,6890.802626038057
706,1.4817805445745025,135151.70201480604,6935.969075823199
707,1.483876051193717,135730.15348396046,7572.765078148043
708,1.4859713583510508,136259.2496335736,7250.901691774292
709,1.4880662760111125,136951.56778707958,6998.921212574003
710,1.4901603423423662,137392.55385530498,7486.149607619189
711,1.4922546168830801,138135.74358436198,7222.393923859185
712,1.4943493508016918,138564.0862350474,7611.932526174864
713,1.4964436549031517,139318.4275095955,7705.776489536309
714,1.4985372426394363,139880.73359219477,7964.882171865316
715,1.5006303537214591,140587.77577609455,8061.825312215246
716,1.5027246941647125,141079.4309769255,7650.3768998728965
717,1.5048198674391857,141790.15049567577,8153.27826859762
718,1.5069136003861163,142332.12989135334,7835.729853785625
719,1.5090076377683221,142993.8958979045,8166.885096716142
720,1.5111026723067662,143565.87708615346,8168.277087198721
721,1.5131971028762412,144218.61924698492,7985.938567235414
722,1.5152912609041667,144887.40068725153,8685.16774897439
723,1.5173854934463344,145439.04741071226,8159.179571391342
724,1.5194808793753787,146063.51613136558,8496.81994003902
725,1.5215756259285513,146767.36220394066,8893.039017825897
726,1.5236695807770564,147445.7857310712,8768.830017511593
727,1.5257641081783464,148138.32203561097,8073.753733234014
728,1.5278584873608179,148817.97777170804,8998.080778190779
729,1.5299536435991428,149297.1785700621,9146.89839156589
730,1.5320476585044298,150222.0732756517,8967.247502680604
731,1.5341414384393777,150823.7736453586,8888.561522699232
732,1.536236950937659,151271.49716625988,9703.988386815134
733,1.5383317033374695,152200.93836903918,9521.275972606009
734,1.5404255753841434,152853.63291744355,9426.629544296195
735,1.5425198393431812,153537.27993356987,9582.701612755229
736,1.5446136227526486,154148.61861929783,9511.299937632506
737,1.5467072285753283,154991.40208059418,10086.007174005483
738,1.5488013111816905,155695.93568475294,9706.568713867176
739,1.550896674249749,156306.09065160315,9683.677137570156
740,1.552991701547339,157110.5013608521,9456.8547863045
741,1.5550856629518366,157851.53155843864,10877.175351761418
742,1.5571801051512508,158578.3799088854,10044.308976777711
743,1.559274417579796,159140.3509957171,10547.953721214042
744,1.5613691533539047,159930.873227201,10443.869305603379
745,1.5634631934261796,160618.3456535848,10714.03240569068
746,1.5655577892497892,161311.79228095003,10511.764968445988
747,1.5676527275763066,162130.30690111895,10455.730740235682
748,1.5697461748764228,162901.92381031744,10832.680948045
749,1.5718402189801153,163554.67097958905,10965.204727608752
750,1.5739346218160084,164371.43238395246,10961.02752734437
751,1.5760295037244485,165157.207316269,12050.107730716454
752,1.5781239238326052,165867.6275932846,11109.020551384025
753,1.5802176736109215,166754.59317116733,11656.590673852586
754,1.5823123941098438,167517.10766829044,11883.476575569426
755,1.5844068047546922,168300.6874358161,11488.364028276052
756,1.5864996832696292,169141.69381626413,12115.94561337206
757,1.5885944598128996,169902.58877579257,12088.140323057047
758,1.5906903325437156,170785.02274040508,12134.048797481624
759,1.592784689092666,171391.41392816498,12401.169352049268
760,1.5948796873290236,172323.4070411232,12225.890209558262
761,1.5969745597395735,173122.6462596976,12373.805617889999
762,1.5990689218084002,173980.51978466214,12277.24153568922
763,1.6011633213632455,174792.32121339603,13320.607054902692
764,1.6032577776043084,175431.5020258337,12409.908365608675
765,1.6053514020964894,176616.5168912353,12781.74347831958
766,1.607445093072501,177177.4284428665,13118.399058305768
767,1.6095393086936036,178120.47748191256,11285.485761218424
768,1.6116336711357766,178847.25066678436,7896.754549812324
769,1.6137279918528686,179870.34316238496,3862.4053921593068
770,1.6158221116449558,180464.37823196096,1149.0326033289934
771,1.6179176229648538,181367.66367617747,-3813.6406807816056
772,1.6200131612431772,182137.5515716872,-6855.452884777395
773,1.6221069236192778,182945.61985349684,-11381.128261209935
774,1.6242011307622557,183843.6380274978,-15140.952262934581
775,1.6262960841945175,184797.4562484373,-18694.416897709933
776,1.6283896203498047,185479.0609615922,-22363.09599694104
777,1.6304834947928883,186066.44184784673,-26392.976761151072
778,1.632578127710653,187274.26276835424,-29644.72488038943
779,1.6346731813158608,187926.93696786067,-34045.92396090311
780,1.636767172365261,188966.64290464466,-37555.741410740855
781,1.6388603779595408,189656.03734012548,-41535.87034379694
782,1.6409563605892468,190627.91228876787,-45863.15268869967
783,1.643050621284035,191467.31700273298,-49065.23673663996
784,1.645144102645386,192366.4983201346,-53466.05120267964
785,1.6472395726584623,193250.6420859568,-57069.25643127798
786,1.6493331318477138,194153.6959761663,-60569.16372247523
787,1.6514277435583298,194953.73251421083,-64791.505184179856
788,1.6535225655624404,195892.32433850237,-68173.55156108263
789,1.655616100487628,196866.50920214303,-72118.87906663724
790,1.6577106071833263,197820.30796682,-76308.33897465348
791,1.6598050724476994,198854.8852419988,-79795.60494040509
792,1.6619001395524664,199522.17731723844,-83411.94226210885
793,1.6639948642035431,200359.1611976551,-88087.84545793463
794,1.6660882997554614,201475.03365241832,-91519.07226893223
795,1.6681827329415837,202477.07118286498,-95142.3743640298
796,1.6702780557373313,203411.26252937585,-99118.45432390033
797,1.6723710846745943,204275.61488680422,-102904.42571827321
798,1.6744651718920411,205161.90074615576,-107429.34774012654
799,1.6765602044792516,206099.85213974418,-111163.87044025614
800,1.6786535596079524,207204.79879294126,-114599.23138531354
801,1.6807491745425278,208338.58002106083,-118978.5994599371
802,1.6828445761171116,209040.63553787474,-122610.71702709408
803,1.6849386388007168,210127.24582720295,-126319.43250209239
804,1.6870339476475265,211253.1215277926,-130687.08653181615
805,1.6891280758541645,212131.8378054752,-134908.21496901117
806,1.691221272327691,213183.1708418,-138514.98779521466
807,1.6933141346742315,214314.37217852173,-142651.88779191015
808,1.6954090930463133,215301.70493005845,-146392.18710130098
809,1.6975047078021417,216358.09704731466,-150473.9694423146
810,1.6995991246970055,217124.64463313483,-154943.7308547827
811,1.7016934918813407,218516.3269239428,-158697.87877045147
812,1.703786903721137,219365.05066135555,-162832.85037305276
813,1.7058818292953146,220495.89336501755,-167321.56613204555
814,1.7079768740006063,221573.54321154318,-170892.86970788852
815,1.710070845319196,222308.12655043154,-174609.09776555264
816,1.7121645316176712,223702.85715478868,-179367.48143677597
817,1.7142597272321454,224765.36478169303,-183676.02910232285
818,1.7163549406546734,225829.6168138764,-187484.56651256784
819,1.7184482195940645,226869.5715302157,-191410.82190032004
820,1.7205423072627637,228136.50401128503,-196629.74732321702
821,1.7226374847113666,229030.45077629702,-199015.88508317195
822,1.7247323233526113,230141.05614608817,-203879.83811756907
823,1.7268266901810085,231337.804590452,-207987.2561816534
824,1.72892134476467,232414.17627470053,-212899.8704925762
825,1.7310153629662073,233771.68244591635,-216442.64230976556
826,1.7331087353021186,234547.08592014018,-220532.6527156165
827,1.7352028820270462,235825.9933233885,-224471.0547247403
828,1.737297419510233,237269.6837700095,-230149.17017471365
829,1.7393924268721555,238429.9869297367,-233627.67692464506
830,1.7414865202316776,239354.71723667218,-237197.94911371625
831,1.7435798385311778,240714.2605915331,-242120.44885035147
832,1.7456747741592018,241925.44355908575,-247309.85065886527
833,1.7477707733578058,243081.08990386207,-250779.94442180236
834,1.7498644151299778,244210.31015033336,-255153.92517582775
835,1.7519579294274097,245068.81456167717,-258238.56908725944
836,1.754052537005875,246607.44470335235,-264194.3934265041
837,1.756146014277543,247858.11237301433,-268047.673730811
838,1.7582399685899122,249137.0265830938,-272590.37274843256
839,1.760335124398212,250316.91737029146,-277241.1382416382
840,1.7624306374180432,251609.17343936,-281393.60988802754
841,1.764524733445493,252803.9858090178,-285651.49272928335
842,1.7666195957988082,254131.8773416262,-290515.7722284876
843,1.7687146552767006,255396.8950932293,-296211.88197931775
844,1.7708085687106505,256418.85441676775,-298596.6096200368
845,1.7729026984403262,257824.545585136,-303590.14994890144
846,1.7749968373222131,259266.32256050644,-308808.7536612932
847,1.7770919795414395,260513.5676737196,-312692.333827704
848,1.7791866891650514,261944.1274592515,-317755.8804064435
849,1.7812805740714612,263245.4962083908,-322443.13732229074
850,1.7833749145944944,264577.7898644868,-326536.03988635674
851,1.7854698174814119,266070.0399277606,-331587.9006479456
852,1.7875649050000997,267197.14312493487,-336174.9389299462
853,1.7896586091751823,268505.51006623724,-340740.2621836611
854,1.7917528105223397,270149.1772736674,-345653.8082815411
855,1.7938472619734778,271566.13643053436,-350484.2039499072
856,1.7959410333998334,273012.28884947306,-355187.0052130833
857,1.7980353139963554,274027.020460343,-359507.9259881836
858,1.8001292949050451,275637.50089395966,-365092.6664417229
859,1.8022240144636215,276750.90141770546,-367751.70958806603
860,1.8043180357006787,278258.6807860315,-373938.0626694373
861,1.8064120149556366,279930.98690017464,-379947.77604722313
862,1.808507216693214,281422.3730916209,-383858.8561679282
863,1.8106012235056632,282519.42579388904,-387448.07305113046
864,1.8126961076333348,284238.93374847714,-392275.4744119975
865,1.8147906359659112,285803.2801406745,-398881.8696582823
866,1.816885013662702,287112.2767758745,-402202.5571406492
867,1.8189799788179999,288912.4439994888,-408544.2751149831
868,1.8210733357472892,290099.34484445245,-412739.6591144938
869,1.8231675363973032,291758.0152207898,-418210.1450536485
870,1.8252628639859947,293467.90748027264,-423314.77003719966
871,1.8273578690890415,294797.43294760864,-427980.1887725548
872,1.8294529153678178,296299.9361794364,-433385.5587306928
873,1.8315468366202061,297843.0643410815,-437437.2964343387
874,1.8336403420201965,299330.88481782784,-442845.7229986535
875,1.8357342642631629,301162.50383848295,-448908.4093164602
876,1.837828606636473,302722.9779457772,-454158.3344061575
877,1.8399232687279,304383.9848968297,-459805.0386810056
878,1.8420169361094605,305923.75563942984,-463758.2127472736
879,1.8441103454239045,307373.37638447917,-469605.186562918
880,1.8462047113551943,309051.9027092295,-473953.4233953212
881,1.848300337583767,310918.71556926303,-480097.4048115541
882,1.850395118058644,312348.7355060525,-485093.87055320526
883,1.8524895015648957,313942.6320808183,-490495.12175617355
884,1.85458435317291,315645.58003977366,-495334.4324092107
885,1.8566786691854407,317078.1795851683,-499894.98483371735
886,1.8587722962005393,318746.1062949777,-505956.33759137755
887,1.8608667292143481,321284.0295259823,-513137.15933531977
888,1.8629623979972338,322548.42572463985,-517669.2816863707
889,1.8650575007618033,324465.8572119766,-523865.49714608816
890,1.8671515757398978,325976.48100738996,-528991.0966758558
891,1.86924567270883,327728.8701435504,-534602.1940296999
892,1.8713402290883943,329531.7822057299,-540412.1820959143
893,1.8734333441485889,331241.4970366288,-545237.8062053595
894,1.8755274569663687,333299.2221854071,-551652.2042989723
895,1.8776226584010878,334525.77333281474,-556154.681380273
896,1.8797156234954413,336848.8929203504,-562798.5391435679
897,1.8818097674713492,338455.30229811405,-568237.6470365193
898,1.8839051205157094,340194.4883581466,-574375.5249817177
899,1.886000042933448,342191.54269056965,-580794.6669746925
900,1.8880949075451439,344037.52142980223,-585010.5010934009
901,1.8901881584759161,346310.52750419,-591780.8290008074
902,1.892283217936019,347628.04298957513,-597248.0268837963
903,1.8943782680554568,350144.25230045355,-604279.4035876365
904,1.8964720473710392,351358.79997055593,-608662.2059448028
905,1.8985668668489433,353329.3513617088,-615222.0479477133
906,1.9006612809862096,355289.712944026,-621170.4394744537
907,1.902755719587151,357717.7800035176,-628544.3413527868
908,1.904849757588545,359519.7148296027,-634647.3021355213
909,1.9069430754605277,361321.1714972063,-639288.6264029208
910,1.9090378340013505,363451.07984245825,-647205.7605904151
911,1.9111324914183263,365550.6363472547,-652473.4568186585
912,1.913226965923519,367429.2399775476,-658226.4625569546
913,1.915321381331026,369195.8732322485,-663606.8894511643
914,1.9174162748437817,371639.1641389678,-671022.9726878396
915,1.91951096404297,373691.00005180936,-677556.4246464988
916,1.9216039358616672,375468.57433209004,-683393.9371883392
917,1.9236986253914137,377718.8279056301,-690546.4712781587
918,1.9257933066276691,379963.90261278057,-697133.7310217287
919,1.9278873651498682,381680.97992848983,-702666.6545007381
920,1.9299807661659822,383958.74023199163,-708981.0575395285
921,1.9320760482648573,386225.7655480279,-717134.3895336494
922,1.934171767524072,388702.849426005,-723895.1401710088
923,1.9362651059315399,390547.5587215423,-729439.9794642751
924,1.938359138419254,392784.55502083304,-736456.0104323868
925,1.9404538735984294,395167.5368491959,-742975.7500548214
926,1.9425479146608418,397276.5053401788,-750792.3743523613
927,1.9446418189559174,399697.6785746442,-756558.0887898193
928,1.9467371502259871,401798.3052862695,-763345.0257026599
929,1.9488329760684335,403846.4382067572,-769781.6988898081
930,1.9509268120448882,406180.8203621699,-777994.0655097651
931,1.953019609354344,409004.7221950294,-785124.5118006085
932,1.9551147244404972,411077.98354447226,-791994.4521687566
933,1.957209950604826,413259.1391041615,-797497.4627395838
934,1.9593041179655175,415470.9908313733,-806247.0978364256
935,1.9613980124620214,418847.04118254886,-814527.1406586242
936,1.9634920823781827,420373.73164534196,-821138.9097615022
937,1.9655870316775599,422798.9105146761,-827902.7545828623
938,1.9676813106463258,425299.5475873911,-834187.0041077721
939,1.9697755380711686,427738.7907755514,-841915.2653512508
940,1.9718704076888727,429836.6120685657,-849337.5422626672
941,1.9739643213778544,432672.9115139707,-857558.0277283251
942,1.9760582139073395,434968.17249862786,-864617.0464046585
943,1.9781533744008393,437537.0502954698,-872346.0123192136
944,1.980249297656676,440540.882231174,-881454.409002308
945,1.9823436902775773,442411.9981240582,-886514.414503163
946,1.9844363854611324,445168.2797920477,-895358.3750707527
947,1.986530057736426,447933.1483484415,-903594.7187785548
948,1.988624138262085,450621.72882964776,-912427.2785951586
949,1.9907191302641989,452669.91547066823,-918463.574488168
950,1.9928140678397719,455133.9290130951,-925668.7070579507
951,1.994908057158038,458623.6358020992,-934585.9708011815
952,1.9970037235567513,461530.86099252576,-944814.2499991575
953,1.999098539119481,463954.796655011,-950643.0594223796
954,2.001191245179364,466867.4293529473,-960379.1924307327
955,2.003285465781134,469459.507830199,-968227.4696212072
956,2.005380090953843,472179.45588050893,-976664.041101544
957,2.007473757612322,475055.14397171774,-983764.0670619098
958,2.0095674385752345,476920.56285706366,-991127.0224135381
959,2.0116620669227445,480504.9313937735,-1000968.6200006518
960,2.0137574654124313,483280.52012365527,-1009215.0551669853
961,2.015851542299029,486329.95460896194,-1019099.0982301068
962,2.017945842236743,488942.78703670827,-1027939.2822120974
963,2.0200414078173843,492327.6636451618,-1037254.6291745467
964,2.0221364472105585,494760.1763648654,-1044440.7324855957
965,2.0242304661583193,497896.0421362441,-1053455.3455586603
966,2.0263241213554704,500760.35392193845,-1063133.4678143421
967,2.028418169537371,503312.7977316684,-1072669.6325747932
968,2.030512126699397,506524.8180306148,-1079665.7485299408
969,2.032607257696191,509797.93513831875,-1089803.550072039
970,2.0347026748788237,512646.3504077038,-1099029.4898536182
971,2.036797432049628,516021.46969890676,-1108748.2232494806
972,2.0388917803566513,519557.0134934972,-1118388.2451784003
973,2.0409854404727548,522340.9058464551,-1128437.4822436564
974,2.043079158497923,524954.573446258,-1135139.6796245987
975,2.0451737042342053,528360.0095998107,-1146078.3517814488
976,2.047267957686092,531972.5762899177,-1157806.9651605699
977,2.0493625921646865,535452.1782686843,-1167375.8597292881
978,2.051458159400133,538300.8343733894,-1177868.333658737
979,2.0535521918605197,541849.6127495106,-1184839.0724199652
980,2.055645062675616,544776.1438088029,-1194946.8199213513
981,2.0577393587752955,548424.4113928375,-1205719.5557545493
982,2.059834437786395,551221.5731181216,-1213179.6449346915
983,2.061928055170489,554001.1125414121,-1224201.3402726245
984,2.0640226957402352,557258.0684729221,-1233420.421834102
985,2.066118258189404,560991.8342714381,-1246572.0785544699
986,2.068213196804832,564542.8334483369,-1255657.2355970044
987,2.0703072818107917,568414.1260054677,-1266724.7121661901
988,2.072400931462771,571413.0321906353,-1277651.1916551024
989,2.074494103322103,575160.847979075,-1287345.5109243833
990,2.076588647294614,578331.4309672266,-1297653.0474227844
991,2.0786837571325223,581864.4602674666,-1310051.5715649964
992,2.0807786951127576,585269.6051588535,-1317780.1995357808
993,2.0828733611799306,589610.8557094843,-1331735.0414902833
994,2.0849676047315464,593396.0964893483,-1343405.7575399876
995,2.08706191167589,596169.881946204,-1352575.1914142265
996,2.0891552570733616,599912.440876381,-1362684.040594264
997,2.0912498961643236,603925.1305826884,-1376541.450818079
998,2.0933446561638878,607432.1651213676,-1385976.7515103756
999,2.0954387435644386,612190.8075044246,-1402352.6036739568
1000,2.0975335870618825,615445.6104695844,-1410550.4002480796
1001,2.099629070349723,619627.0802113131,-1423837.8388180449
1002,2.1017228492895934,623619.8384441154,-1434747.8461878968
1003,2.1038170482062775,626884.5064156543,-1445871.0600903332
1004,2.1059122372778973,630955.3950078663,-1459049.8005816706
1005,2.10800554057148,635438.327491459,-1473282.5870361396
1006,2.110098599114947,638543.7009834439,-1481978.7582042445
1007,2.1121927216235163,642263.5829420029,-1495896.6681794147
1008,2.1142879182187984,647208.3439314965,-1508324.5617295154
1009,2.1163820759811065,650733.8090912406,-1519775.4670192518
1010,2.118476597123504,654507.1461187635,-1532887.6712205436
1011,2.120572077635568,658854.4893269781,-1545847.829178488
1012,2.122666143506846,662710.5522134831,-1557920.0114934389
1013,2.12475947440395,666970.3970338337,-1568943.0715084155
1014,2.1268549228070284,672400.1389705038,-1589334.8161478487
1015,2.1289503858580807,676187.4060249378,-1600552.1545448946
1016,2.131043274916299,680486.4323239175,-1613772.8385731196
1017,2.1331378502136085,684230.9517787902,-1626329.8759641515
1018,2.135233020544507,689227.6557245885,-1640238.5544390809
1019,2.137327211773404,692751.0010480508,-1654780.8926750887
1020,2.1394213678417553,696650.1393387582,-1665149.0374187795
1021,2.1415151935265153,701798.3565326021,-1681411.081764602
1022,2.143609686067666,706690.7812774236,-1697430.5445966383
1023,2.1457039096890913,710618.1167793634,-1709647.5188284963
1024,2.1477977892281794,715073.8626840988,-1723601.8063211124
1025,2.149892773795189,720474.6019394319,-1740419.0738995755
1026,2.151988207011953,724898.0826580767,-1753655.4323527778
1027,2.154083430042502,728702.2075876083,-1767878.2906201768
1028,2.1561769020273363,733124.7538196145,-1781828.8217932477
1029,2.158269727638565,737667.4798096877,-1801672.8859254976
1030,2.1603643338266334,741803.0632317913,-1809732.1650143724
1031,2.1624594611960894,747604.8717171222,-1832396.4955697865
1032,2.1645538445620423,751976.9435603668,-1842616.2339669203
1033,2.166649266160557,757329.4711491084,-1861587.6649384487
1034,2.1687438965600263,761985.9521663164,-1876341.1276925087
1035,2.1708363804402464,767573.7176595217,-1893436.0923988787
1036,2.17292939543057,770999.2803821404,-1908298.374041468
1037,2.1750246621139153,776927.8671210493,-1926350.1650584491
1038,2.1771189095943266,782147.3782477984,-1946930.8299665826
1039,2.179212962470575,787909.9332083894,-1963239.2222892323
1040,2.1813066434396426,791895.3030427862,-1977218.2962169866
1041,2.183402629792164,797499.7421357081,-1999878.141966084
1042,2.185498119455816,801132.7571185157,-2009940.4273715632
1043,2.1875916200185137,806215.5400809183,-2030366.0083211055
1044,2.189686441120868,812271.7753154873,-2046125.75238029
1045,2.191781413276182,817365.1332145826,-2063713.1267089683
1046,2.193875147711239,822199.60804298,-2084097.7470251657
1047,2.1959686613130316,828493.5317352359,-2102264.385810849
1048,2.198063923558019,833786.8497537186,-2123366.4761039685
1049,2.2001595001532226,838063.225046658,-2137501.2046010485
1050,2.202253779153767,844844.1460054981,-2161385.60435203
1051,2.2043460760907565,849683.0022471854,-2180058.9506570813
1052,2.206440891990371,854846.3403449919,-2198326.8267260636
1053,2.2085356491852317,860632.5688917803,-2220829.528445153
1054,2.2106277016542335,866626.8750567969,-2238432.812871687
1055,2.212721958545959,871620.6271235942,-2258430.3922836655
1056,2.2148185083900422,876886.4206869961,-2279327.1654372765
1057,2.216913061952383,881743.9296759143,-2293934.5292201913
1058,2.219006160150891,889544.0660217474,-2326072.4993466726
1059,2.2211007684745443,894428.7227893823,-2337217.980342667
1060,2.2231966067711273,899963.4232864863,-2362574.2672381257
1061,2.2252915180225106,907669.8842460065,-2386004.199100169
1062,2.2273849286831946,910724.3763411622,-2405450.8615956823
1063,2.2294794057777056,917828.6390189398,-2433150.9017901206
1064,2.231574082226972,925033.4694970225,-2454504.8340803115
1065,2.2336675726385264,930606.0280912587,-2482400.0630409825
1066,2.2357616690730993,937550.9865526841,-2500101.1709493618
1067,2.237857388038379,941721.9238067215,-2526473.8264093045
1068,2.2399520699736297,948587.8320281454,-2545364.0667294427
1069,2.2420449617357057,954455.3588264064,-2571657.044888216
1070,2.2441391380853632,960376.8459424559,-2602295.4936337834
1071,2.2462342793770116,965897.8127507747,-2617856.768937085
1072,2.248330004000319,972066.2491608427,-2648428.4543545665
1073,2.2504234986669656,978250.7499859752,-2668397.3181042573
1074,2.2525166459790467,986885.8562489554,-2707608.730730739
1075,2.254612702557845,992184.5721969745,-2731019.9574501994
1076,2.2567074239010356,999101.9560872498,-2753608.9997316482
1077,2.25879926569608,1003888.5566980338,-2782849.097502691
1078,2.2608934332232278,1011763.6647249998,-2812777.6108617666
1079,2.2629890832862967,1015466.5202154546,-2838496.5074764765
1080,2.2650815906481947,1024861.5088946366,-2865558.771768948
1081,2.26717631551426,1030208.6152501833,-2898904.265525285
1082,2.2692717091510235,1037275.5450734968,-2927399.7739672884
1083,2.2713660430599174,1044097.0790328387,-2958835.674710876
1084,2.273460830916725,1048249.1606507815,-2986875.819593026
1085,2.2755552510450507,1056927.770264756,-3023368.309625812
1086,2.2776502981151867,1062815.3124928474,-3049547.0622176994
1087,2.2797428242388995,1069479.665717673,-3078733.6263292492
1088,2.281836092329788,1077152.0789833567,-3111657.9031885862
1089,2.283933556285596,1083480.9984280956,-3143363.644779213
1090,2.286028868050817,1091442.333288621,-3174966.886903419
1091,2.2881212248812486,1101615.343198711,-3215216.4234415353
1092,2.290215014848569,1104661.877504156,-3231505.639432175
1093,2.292310229911211,1113208.6468393202,-3268589.065576184
1094,2.2944051456334345,1118532.6105036833,-3291809.7202800806
1095,2.2964983471898495,1128160.0246640886,-3326308.1668629483
1096,2.2985921024349003,1137326.5921918869,-3361784.3056561803
1097,2.3006888643809247,1140013.8163570655,-3376951.217462153
1098,2.302783634096356,1149256.0273722948,-3413634.8628254803
1099,2.3048756698218886,1157893.1974130988,-3449064.163069805
1100,2.3069695720010412,1166416.8791164423,-3480864.760729729
1101,2.3090651112173397,1172806.305945806,-3514199.8449578406
1102,2.311158495429861,1183777.761414085,-3551869.464763599
1103,2.3132509513768182,1187899.8890292298,-3571736.804337404
1104,2.31534766594442,1198263.0413803624,-3608702.6556140194
1105,2.3174438092641236,1204865.3943151056,-3636425.9179814933
1106,2.3195366518474128,1213310.968097984,-3671213.283606734
1107,2.321631141204296,1220628.4612334878,-3702949.8859966095
1108,2.323727832694395,1230305.2688546816,-3741877.5557246255
1109,2.3258211826493147,1238719.4512708879,-3771883.2854040456
1110,2.3279133966950116,1247715.3822296653,-3808552.103233881
1111,2.330008120458155,1253977.3250416934,-3835686.9593457724
1112,2.332103956675321,1261374.5215170498,-3866722.3074713466
1113,2.334197579452735,1270006.3938293173,-3897660.895446765
1114,2.336290017181209,1280547.3383317285,-3934888.960539076
1115,2.338385505091734,1291829.8864677509,-3985231.710600421
1116,2.340480189114194,1298594.8882165423,-4008506.771967854
1117,2.342573391055059,1307665.4845755855,-4044861.5877475766
1118,2.344667848677038,1315544.9313164332,-4077258.8523636297
1119,2.3467629878884537,1324963.8034760645,-4110376.466289412
1120,2.348858220839854,1338788.8719495265,-4161118.335203326
1121,2.35095250082758,1343530.8266259623,-4184440.590853135
1122,2.3530449396760944,1351757.463794566,-4215498.808276904
1123,2.355141499104623,1364974.2229469658,-4264198.063465635
1124,2.3572378412451434,1370754.8857847438,-4290646.3249692675
1125,2.3593294861259198,1380666.9092236236,-4326888.073815267
1126,2.3614224992004984,1391193.4704274128,-4368375.438512172
1127,2.363517948981548,1401563.8599225658,-4410664.254075388
1128,2.3656139136423477,1412098.2602499449,-4449128.413701512
1129,2.367706660383537,1421043.1873016248,-4480666.040611031
1130,2.3698014470222093,1428172.229921943,-4513383.170327098
1131,2.3718977582075165,1437080.9354866701,-4545090.969568541
1132,2.3739899214574836,1449490.3872276717,-4590858.82883139
1133,2.3760825194215927,1462878.1306329102,-4646825.303116505
1134,2.378179070039863,1468159.8776815385,-4666208.206494007
1135,2.380273759058959,1481805.893489935,-4716678.56666363
1136,2.382365673610318,1486244.3452863684,-4734104.807874704
1137,2.3844604460166168,1502315.8006882535,-4796922.117130184
1138,2.3865571190304595,1511441.7539774855,-4829596.118782786
1139,2.3886520978255446,1525221.9245643183,-4879325.984256288
1140,2.3907442891236066,1530767.7433861839,-4902207.508628221
1141,2.3928386457990913,1545901.671408024,-4958593.38917927
1142,2.394934562690242,1557695.6335297686,-4999949.576411918
1143,2.397029599690107,1570952.8963113902,-5049268.798606119
1144,2.3991222591305954,1579027.5870639847,-5081686.718481443
1145,2.401217024080888,1591962.406111513,-5132991.401162311
1146,2.403314513026698,1603600.6637336721,-5176146.323628313
1147,2.4054081911284184,1609917.54204801,-5205086.552972909
1148,2.4075011183217048,1620797.1938960224,-5242849.2740574125
1149,2.4095960074264258,1632803.6470053599,-5293280.548252305
1150,2.4116926326559978,1646167.1965367312,-5338672.301698289
1151,2.41378425055939,1662245.0198023564,-5394398.588308618
1152,2.415877382497087,1675774.9392204334,-5449701.681764512
1153,2.4179783678062123,1681725.7867245676,-5471957.579492944
1154,2.4200733739460714,1687740.0059783254,-5496743.549517108
1155,2.422162501290004,1708082.167259171,-5571678.930536984
1156,2.424257158180454,1715861.9955011606,-5596868.551239331
1157,2.426355368807169,1730667.1990573732,-5655650.464513339
1158,2.4284477900186845,1751650.077706151,-5730720.346402313
1159,2.43053883847394,1758134.558750028,-5757282.997273515
1160,2.4326356353293934,1769334.8518714437,-5803309.0771432035
1161,2.434732612021302,1783400.5427743692,-5856640.876313634
1162,2.4368252927922227,1793172.0307826793,-5892768.097855968
1163,2.43891890863681,1810568.1819168413,-5955044.643930599
1164,2.441014895314609,1821972.7804513683,-5997170.5727797365
1165,2.4431105244568765,1832629.9505415722,-6034803.847019188
1166,2.4452031167440684,1850157.146346924,-6098115.588770911
1167,2.4472938786799143,1863717.6640057655,-6154210.645335118
1168,2.4493915902413868,1878694.5043879214,-6210700.384837142
1169,2.4514877943094935,1892554.1810420558,-6258578.179565712
1170,2.4535774837073663,1904204.8463781066,-6299262.736423353
1171,2.4556717453467782,1915822.5943972159,-6348082.821793259
1172,2.457770725968573,1927946.367636745,-6391589.142809212
1173,2.459865450868259,1951543.3670614222,-6476968.105387731
1174,2.461954843714291,1955753.8012385457,-6496410.091821259
1175,2.464051305962942,1980765.5836287208,-6589144.602814012
1176,2.4661493201186655,1988940.2243195926,-6619128.1799494
1177,2.468239991051035,2004116.8939901995,-6672226.3824079605
1178,2.4703335941159144,2020532.21078626,-6733939.745859582
1179,2.472432426226094,2034954.9059554157,-6786375.979344294
1180,2.47452690434623,2049281.3251295302,-6844137.427915863
1181,2.476615373809059,2064170.9375231166,-6898535.012173379
1182,2.478710457672189,2079979.3781920837,-6954825.762880245
1183,2.48080966574444,2091280.3851958292,-6999943.929869976
1184,2.48290090100287,2124899.1959521775,-7121395.4700258905
1185,2.4849923340191187,2128855.6570467316,-7130555.8237303
1186,2.4870897130294636,2151381.4980712743,-7216231.718076316
1187,2.4891862386660164,2161620.045691978,-7261697.38408751
1188,2.491278235985619,2182699.878043763,-7328510.092852631
1189,2.4933690456944357,2191353.198819042,-7362192.655985156
1190,2.495466543397291,2215984.460864698,-7458319.372369463
1191,2.497563830960505,2221412.8925647386,-7476543.638451118
1192,2.499654519205421,2242162.454261059,-7554371.31778841
1193,2.5017479497353943,2265804.5923269745,-7634001.586911652
1194,2.5038480054516667,2278393.9324239893,-7687363.371466819
1195,2.505943433921919,2293765.3479056605,-7739579.144664137
1196,2.5080284861327207,2318959.550859845,-7829349.200478826
1197,2.510123955773609,2326547.3840808915,-7864541.263141541
1198,2.5122261646694253,2346201.3908062126,-7936531.315354389
1199,2.5143177674343575,2360470.0285475594,-7985717.139885521
1200,2.516405803072155,2386898.9553865944,-8081814.327160466
1201,2.5185026929964116,2413516.3592054304,-8179061.932796688
1202,2.5206041831245063,2421582.1303062923,-8208729.322326534
1203,2.5226964757648327,2439393.8640141315,-8276503.453849733
1204,2.5247869961159406,2455193.3256745134,-8335310.663961156
1205,2.5268843920051487,2478912.521033754,-8419599.137658842
1206,2.528980483597168,2509833.8685994437,-8527101.383520821
1207,2.5310684597394695,2523648.52566183,-8573237.966637578
1208,2.533161718042206,2533624.1886748327,-8623137.340125134
1209,2.53526488574662,2548901.6983851395,-8673156.218305824
1210,2.5373603920777454,2580844.3279116726,-8789760.538791921
1211,2.539445749963502,2596463.5081901476,-8847497.61860341
1212,2.5415417180131348,2623735.584930171,-8944252.910357509
1213,2.5436457679371425,2630458.5321158995,-8974466.220825924
1214,2.545736808475733,2671718.8069145964,-9121054.508824782
1215,2.5478233832874237,2682124.4147869335,-9156031.031654201
1216,2.54992085584226,2712866.623663745,-9268248.25626251
1217,2.5520207655356866,2725662.2202794654,-9319295.29062301
1218,2.5541098448110064,2734687.3084324664,-9348714.535771852
1219,2.5562002600365847,2763147.6124369046,-9451927.037385387
1220,2.558305455724291,2791887.95878518,-9557541.440846246
1221,2.5604026511470312,2799898.3542828234,-9590982.563893229
1222,2.5624826414852553,2825387.900067142,-9677796.592375185
1223,2.564574391949512,2852451.4605174325,-9778565.445060398
1224,2.5666808497683498,2872954.3243174027,-9852114.297013396
1225,2.5687773451615423,2901042.0293422043,-9951340.452280732
1226,2.5708608935170316,2924121.333886065,-10043607.19261778
1227,2.5729575952355885,2927351.137398377,-10047714.507816784
1228,2.575060651513359,2974583.819503492,-10215462.250457702
1229,2.577148431575012,2993844.0003749505,-10293081.262051526
1230,2.5792346077561192,3011897.428811894,-10355138.243405368
1231,2.5813352493894732,3028043.7462409367,-10413705.618494472
1232,2.5834369526956515,3079308.221910928,-10595864.738829061
1233,2.5855218346006232,3100654.7442774954,-10669571.12496574
1234,2.587610713900489,3101098.0644545625,-10677061.259766849
1235,2.5897186990593415,3134865.4242054108,-10802309.789889647
1236,2.5918181690667126,3193626.2127407785,-11010310.701143306
1237,2.5938985009385314,3183491.2662967634,-10974265.492848039
1238,2.5959901966325076,3213924.29565425,-11088513.61252706
1239,2.5980970827886534,3244226.617832088,-11192912.108846975
1240,2.6001911974764487,3255942.2989562037,-11234066.159089956
1241,2.6022734575046016,3297675.71516229,-11384642.462555192
1242,2.604374761438423,3316707.0507757156,-11452389.658572806
1243,2.606480077670044,3338980.5991392382,-11534892.654174453
1244,2.6085618800169397,3400533.2366094766,-11752986.099507386
1245,2.610646200048581,3408772.9059432247,-11785499.849310668
1246,2.6127580952497533,3441962.2172087925,-11905859.195720129
1247,2.6148609257992828,3480310.5038155764,-12039084.078747349
1248,2.616933454172155,3486681.7068783604,-12067244.101685127
1249,2.619020659870304,3517975.109739335,-12177995.109950978
1250,2.6211346279669097,3537560.7636431493,-12249509.581072893
1251,2.623236503452788,3575087.526645957,-12385703.017485626
1252,2.6253090562225565,3576518.1119036064,-12385991.205417255
1253,2.6274000701334055,3651563.689575753,-12660971.454468086
1254,2.629513118467727,3672027.8776248847,-12728590.22731017
1255,2.631604301330356,3690552.8467171593,-12805133.478140065
1256,2.633685254021577,3720363.2642575135,-12906811.009589244
1257,2.6357889797673804,3752459.7447084803,-13024041.878497878
1258,2.637895874321367,3783697.315724121,-13134343.203871846
1259,2.6399747081141895,3824128.3077711654,-13273908.314004855
1260,2.6420591747927733,3845956.6824971084,-13356334.694042789
1261,2.6441764666284318,3881327.666255544,-13486954.07353927
1262,2.6462775406423154,3902924.8770161374,-13557533.619293192
1263,2.6483402943393326,3961817.045023645,-13763369.454981988
1264,2.650428729148096,3934383.760011669,-13677909.614400048
1265,2.652562718674548,4001175.2296971786,-13914175.545393318
1266,2.654664088292312,4002916.775991226,-13925251.93072622
1267,2.656712651557163,4104181.7060065623,-14276549.704868352
1268,2.6588106765908748,4102586.3220468354,-14277903.959114332
1269,2.6609452450324915,4174897.4715212313,-14525200.736329714
1270,2.663032290426174,4210681.726736753,-14650571.806887243
1271,2.6650914877184944,4201293.5605891,-14622488.033614166
1272,2.6671986225603375,4240761.240875115,-14765817.654676149
1273,2.6693218160411916,4268872.197520685,-14869207.88149049
1274,2.6714003686163363,4345699.467848055,-15134984.850586768
1275,2.673473653710363,4390433.897286027,-15293533.62318083
1276,2.675588689124729,4415638.470502475,-15387219.404229905
1277,2.6776964003773744,4426134.429168879,-15424616.139518715
1278,2.6797534796790945,4444106.715182762,-15491954.259313405
1279,2.681845016836506,4508326.946071881,-15720338.833431125
1280,2.6839785543392702,4551457.595514826,-15864138.707060603
1281,2.6860638705482365,4570711.512100215,-15932716.681773672
1282,2.688115580192901,4647375.655364021,-16214300.003239429
1283,2.6902421071216107,4680127.087114317,-16331872.384485891
1284,2.6923784453538007,4695784.756329537,-16385174.198622148
1285,2.6944235266222867,4759428.371694945,-16604482.011302143
1286,2.6964818302236213,4810534.5348556,-16789080.218607638
1287,2.698646249049189,4849806.407992899,-16937210.71224482
1288,2.7007725953070936,4941738.1064929245,-17248524.428262
1289,2.7027692368507834,4984047.807268765,-17391929.639918067
1290,2.7048443440936585,4889206.136816126,-17072118.73407079
1291,2.7070515904059915,5076550.82886545,-17732003.894377545
1292,2.7091632832728005,5064537.648768881,-17682378.92250956
1293,2.7110832098570423,5072740.899576711,-17703313.524192646
1294,2.713194248534394,5080928.421307368,-17758751.42460559
1295,2.7154564422347596,5156427.664420046,-18015801.139373384
1296,2.7175455830902693,5253955.588852662,-18364441.444973104
1297,2.7194409477796717,5259497.809017952,-18378547.016872305
1298,2.72159410281056,5270384.722816177,-18422533.4601286
1299,2.723868494276683,5352285.572192502,-18711674.165015806
1300,2.725905473691433,5343257.760694009,-18684960.578858815
1301,2.7277938720843573,5549539.726487057,-19398070.837592974
1302,2.730005424734083,5445966.585491669,-19036356.479681272
1303,2.7322910595910366,5613373.795536087,-19642747.146455985
1304,2.7342323934891035,5546684.770921508,-19392387.319833465
1305,2.7361123669415965,5589908.743299216,-19543289.46836452
1306,2.73841292247591,5665906.998224028,-19814873.32471857
1307,2.7407262152838343,5676432.327268727,-19850866.781872462
1308,2.7424923562337074,5784111.399229848,-20248570.231030904
1309,2.7444202272828333,5916622.590444047,-20696254.214733917
1310,2.7468188489948773,5853227.045189536,-20470026.25640041
1311,2.7491571251284848,5969639.883801864,-20884327.763389397
1312,2.7509012180135843,6013607.795910296,-21051152.930776536
1313,2.7528220566885997,6102089.905241933,-21353537.76505778
1314,2.7552245852341666,6291641.2881932575,-22009618.344616413
1315,2.7575799064734774,6223357.018245098,-21776743.905093085
1316,2.7593246433872425,5867639.965409657,-20522005.10530551
1317,2.761234187120032,5985078.670918151,-20946396.625384256
1318,2.7636390504715083,6445392.958442594,-22555224.533208605
1319,2.765948826576436,6310917.502846158,-22092792.638444994
1320,2.7676191435751902,6345116.204097542,-22204797.750327684
1321,2.769651838220211,6301020.351400458,-22049608.88389125
1322,2.772055945845228,6313960.515155358,-22087077.961807076
1323,2.7739175955497957,6345615.869624597,-22214742.74428429
1324,2.775657495525559,7226758.102350279,-25279523.293584615
1325,2.7780509401576134,6146314.520802701,-21510699.84856795
1326,2.7804282678176238,7209456.882623177,-25234536.212106813
1327,2.7823699672164355,2584012.54835476,-9048179.783350632
1328,2.7838806433920418,7574763.285079751,-26500716.30728885
1329,2.7859958234637583,13220.40998859811,-46271.43496009338
