,k,Pk0,Pk2
0,0.0029665470748989845,155624.1891783179,-192279.13275375904
1,0.005026374055021859,193306.87108266648,-75481.62611774816
2,0.007149300621522788,214139.11729943083,45748.57136679081
3,0.009278869254964255,257806.73178993084,35213.76907227677
4,0.011450332619344701,247589.50832450402,-35977.52779496056
5,0.013492955871419151,261011.37077060374,83827.7569903046
6,0.01558905561191893,256323.44687553414,-23092.482466099238
7,0.017694083672553172,253717.77970309785,42877.9273681072
8,0.019817874803135297,255589.20458881717,27665.499529449946
9,0.02192074938196264,246260.73338299134,3736.2238074753104
10,0.02398877635566245,241508.257487363,9014.238635452022
11,0.026092869718961156,224842.92024799675,-27586.186199262236
12,0.028234663152781798,217526.76201048447,27058.99033773263
13,0.03032284873509123,201210.4501927795,30052.0398399772
14,0.03240263258943404,196648.5330547264,-9304.512417147227
15,0.03449210129864554,185826.20201472184,-12334.087198652014
16,0.03658588147515197,170879.8628467931,9069.188128732518
17,0.038684769492669774,173570.2288322112,-9374.096909821252
18,0.040788988884582836,157750.3732857906,12107.621281772539
19,0.04289390876967646,162978.98512364068,-13642.581627927413
20,0.04498336005546935,159117.5098961007,31.38675918319753
21,0.047064985294738244,153804.26255595713,2236.0625444133325
22,0.04917111919158227,147259.7683940051,-260.52583851644147
23,0.051262169141742274,142797.47992946356,2278.9332403315525
24,0.05335525146837034,137681.9275660857,11416.343201483853
25,0.05546637228956934,141327.01071595764,3162.5148750536327
26,0.057573188192548086,131397.9655250544,-9631.041458518612
27,0.05965884044590281,131561.1098340773,8103.9012025445045
28,0.061745123021595065,125408.33053027377,-9604.34565732193
29,0.0638268929113719,126033.88798308965,684.2479634465573
30,0.06592966228838451,119765.4147728821,-2904.9056617599426
31,0.06803125784825748,115003.94814990995,853.3457191121769
32,0.07013131008699486,113438.10371360445,5561.416516864262
33,0.07223032366074338,111475.8764898022,-824.909367777497
34,0.07432334270720506,110033.19362832552,2534.619867538593
35,0.07642066756954473,104030.59117740772,794.1425699990012
36,0.07850471694556041,102276.10495190683,4140.246168226669
37,0.08059701946059529,97657.69553005685,2906.2092084715637
38,0.08269521798132064,96954.26292955401,3055.624124627276
39,0.08478307522909848,94029.10905783092,1263.681159136362
40,0.08687780839616016,93110.01278756482,1689.4929718050885
41,0.08897524569656534,91700.77898293706,-502.3146647308333
42,0.09108077810470518,88655.45065360318,-1551.124391608446
43,0.09318432266948053,88359.60964155493,331.8378516940974
44,0.0952788764104831,86786.33757512424,2975.688958966921
45,0.09736254237981037,84164.06430889254,-712.6815195451038
46,0.09944832814799408,84650.19037176883,-2845.2652192371293
47,0.1015460879802399,82255.62029589222,-2253.1871048377016
48,0.10364263756677322,81454.14737524977,-100.21228956178285
49,0.10573893905394659,79717.10824512863,2569.9484778713413
50,0.10783958559814742,79546.7734047275,2422.2371146707983
51,0.10993894058501318,79427.31899234842,-291.74117920875545
52,0.11203921431523854,77721.25815901635,-2818.284581252914
53,0.11412334585697578,75852.12865870583,-1772.2749288912735
54,0.1162159397555423,76274.65093417824,1403.1211168703953
55,0.11831372048037725,75732.56732585239,679.9590940117296
56,0.12039723118070132,74277.63984562241,2375.180226797797
57,0.12249223631878574,72199.8165828004,354.8347880595861
58,0.12458825984258635,72155.98826590349,-1238.4967673295653
59,0.12668846771583772,70504.46117169518,-95.99875502100288
60,0.1287846620419941,70743.6169405455,262.2286184407825
61,0.13087133937881498,70598.26731099123,-2495.201679597675
62,0.13297548334406448,68777.89576433924,500.74940105481204
63,0.13506910815256093,68877.06864564396,365.1996811404671
64,0.13716388258568254,67710.61368890812,-151.48756893531365
65,0.13926047573721634,67016.88756228183,715.3212138922588
66,0.14134668829083769,66391.68302952875,1029.2479731022709
67,0.1434475230090064,66111.98146802445,890.0816694615718
68,0.14554528534185418,64869.82893407049,2563.8248266056794
69,0.14763320610735878,64680.30153258182,-1047.81838056779
70,0.14972114728432864,64396.75007889768,-1295.5721379337624
71,0.15181380487515775,63311.52275766765,1209.0977801934544
72,0.15392114901003526,63045.69713199934,842.056580065757
73,0.15602147473412367,62656.29242679814,624.5749119638825
74,0.15811617475881218,62036.99962180508,230.5145415575708
75,0.16021187122717997,62051.8076340632,235.73074082058463
76,0.1623006419462899,61646.37941974834,977.2124728676803
77,0.1643899033199985,60909.46568046748,-950.2339087750668
78,0.16648355823815117,60554.10702124889,-246.32476508531735
79,0.16857196837784735,60618.60306606592,442.2838834282741
80,0.17066413320893647,59973.245824194375,1188.587146135216
81,0.17277086992561352,59732.70312721551,-211.24393462128955
82,0.17486965460096995,59256.37351668407,1363.4580053153572
83,0.17695857694944453,58540.43890017344,782.5943752406737
84,0.17905245093155753,58676.86765105203,-184.24458816524208
85,0.18115265212612636,58312.070531211,712.2299518903361
86,0.1832476884130739,57798.497120537824,78.9861310582412
87,0.1853312475833926,57719.685906536884,1032.0424480055442
88,0.1874284892203219,57165.55157859136,-528.0318797939995
89,0.1895337179075755,57369.673789484616,-774.0821235637511
90,0.1916268196474026,56781.98548091435,-467.2619415850785
91,0.1937183403446853,56111.768335345805,1090.2773445039732
92,0.1958131498886989,56241.36994733636,87.08578900536854
93,0.19790587400989662,56118.86564810001,1019.5714224054828
94,0.19999906515978938,55796.89927665986,2492.9614498836627
95,0.2020893038374759,55462.25623640379,156.3371614960751
96,0.2041823192148178,55494.2498004976,-224.04567304097282
97,0.2062825911013838,55154.988650809595,-249.22682268581255
98,0.20837701891459662,54907.743851087886,1049.230133043894
99,0.21046758167944032,54960.07091776328,616.9292190641013
100,0.21256678542440183,54498.41554590938,222.02111560054752
101,0.2146619261104852,54157.273350314164,-276.4205472026645
102,0.21675618057220372,54238.153858668826,1382.8488536384598
103,0.2188528705899679,54115.10081533878,487.50217609859305
104,0.22094564274530842,53697.249813757364,1060.0557974531484
105,0.2230395148320731,53445.113074731904,788.329278151823
106,0.22513567328585352,53782.70809949794,835.1097966170842
107,0.22722785048644015,53242.25166630683,185.26818826262027
108,0.22931975112872324,53306.608463665565,131.51271102201193
109,0.23141147723465103,53250.18169813956,1329.7728178861307
110,0.23350584674782457,52727.616135134056,190.66143407272975
111,0.23560416522029054,52772.08498125045,16.273682621142427
112,0.2377006336558307,52561.2788142656,746.4157444022775
113,0.23979727503904752,52306.024525725465,189.22820565846618
114,0.2418944602532704,52392.702796079844,146.60796337563855
115,0.2439884227569783,52013.665395145734,-512.1406300686127
116,0.24608359968283072,51935.53140394923,1043.7271516336136
117,0.24817552807053123,51710.4628296516,673.9789516423045
118,0.25026237006475704,51498.80081760979,340.94661074214264
119,0.25235861551053484,51596.82065212644,-294.2532705085431
120,0.25445470778669854,51554.80286121261,1262.7662496168189
121,0.2565487653287422,51625.843803331016,1107.1054074618232
122,0.2586464955058471,51407.014202270846,-36.912198673629376
123,0.2607443047329862,50882.17061102883,1030.3624450616321
124,0.26284383121734134,51165.59758741887,728.6849550641767
125,0.264929885565984,50816.33626610501,1293.557118913404
126,0.2670163698864118,50710.90365985474,439.02483619402807
127,0.269112135390912,50545.08396726788,825.8807106524552
128,0.27120764961246213,50626.96561256304,1405.4945409221984
129,0.27330509996536784,50513.17021775294,1703.0453239534902
130,0.27539842121309294,50775.104841892164,-230.61549103231275
131,0.27749656900268016,50539.35159715181,164.86006265902844
132,0.27959864364035925,50281.393426949806,291.5243683612861
133,0.2816878213234348,49971.23601264937,904.8540819695058
134,0.28377609558542155,50215.98715506962,-751.5966808960592
135,0.2858732754634003,50264.77644550209,1775.6960453858148
136,0.28796861590208045,49817.048333877545,595.3161234732561
137,0.2900612915162532,49895.63962667154,1079.2901765145025
138,0.2921547032025089,49647.422356413685,197.71938067581578
139,0.2942501291133245,49807.18774503711,457.0691296466523
140,0.2963444256131289,49717.731284002555,-260.51363915545846
141,0.2984361415704375,49637.40513319695,1157.7906971268285
142,0.3005318840555698,49696.78136912473,685.2875102096235
143,0.30262777760316095,49722.310927856466,800.0139019213798
144,0.3047248035439954,49187.07780919056,1197.2627104657133
145,0.3068210272572538,49187.50003137474,128.48114463909144
146,0.3089144805088237,49350.5769405863,462.4856305634238
147,0.31101080657849756,49245.84209810462,396.0731327360856
148,0.31310885951912926,49125.30567432928,-66.70879646966802
149,0.3151991603466065,49164.876656073604,484.1364196282613
150,0.317288667284839,49141.07902074956,578.9753069410225
151,0.31938044185106124,48896.13601483386,726.9165638554936
152,0.3214783648369702,48893.014162631334,4.8437512474921585
153,0.3235785211189416,48829.35053893909,883.6105729969635
154,0.32566935894833426,48957.29831145989,987.9390629496766
155,0.32776077751211374,48933.55085063028,898.1528512610626
156,0.3298523230655558,48681.83357812836,111.29340224306391
157,0.3319485433973702,48822.32179434455,39.35521410684177
158,0.33404540358127904,48699.14884451248,448.1043188018079
159,0.33613494177837844,48650.562079241274,811.214113426563
160,0.3382313832787478,48874.17302004982,1183.0945737604623
161,0.3403308518124324,48646.0882967359,459.0338839165749
162,0.3424246601457981,48750.768180799554,940.1010931871563
163,0.3445197272986724,48610.67205075315,-174.3112551833452
164,0.3466158524641983,48571.069138613864,507.2193208918099
165,0.3487089916477683,48642.33809013435,1079.3300382752873
166,0.35080114560367615,48447.27840113379,806.1146613775386
167,0.35289356821720286,48432.307360036415,302.8651068461424
168,0.3549881110219297,48495.35549846548,656.4001209511677
169,0.35708559248027844,48582.849010788115,1246.499198562034
170,0.3591813496003593,48383.520263551174,427.35108284874036
171,0.3612749400626811,48293.98252860589,-211.7775928675673
172,0.3633693413142722,48409.024786826565,869.1796847142583
173,0.3654632219855477,48383.74212509461,536.7281414642761
174,0.3675603773529471,48377.560622849895,284.69618975197835
175,0.36965434919829326,48524.523611694625,458.027810978319
176,0.3717418094879197,48195.27011906596,786.653615795438
177,0.37383404253825586,48325.69887480012,686.257678756337
178,0.3759308579415973,48358.00847191317,-500.24230785703384
179,0.37802985088946095,48414.02001560659,577.702108186627
180,0.3801213498834686,48324.59807268545,-58.89241377664562
181,0.38221306010699313,48325.47208045632,893.9627890311044
182,0.3843141376638833,48332.44485067185,81.11943712803112
183,0.3864096355836929,48354.76911487876,367.40194778894573
184,0.388502907295756,48270.70616108356,179.0880479773418
185,0.39059769208540335,48269.53761408265,164.56588713342234
186,0.3926958121232196,48130.240473472346,293.21741453145245
187,0.39478921808384226,48187.15538893106,340.91626928571344
188,0.39687821409975554,48276.94887794335,365.8938398976459
189,0.39897073627813356,48450.46331840378,288.43712721836454
190,0.401067192451382,48313.87497483206,316.65069947679984
191,0.40316228148056854,48277.4443367272,358.215746060931
192,0.4052546340249366,47990.636127061174,538.4004692866182
193,0.4073499183903822,48112.31497256979,272.9531137517961
194,0.4094468722071623,48475.366535179375,48.17400002883414
195,0.41154432885897757,48384.91724732063,-240.2382648956159
196,0.41363408239228544,48099.35424868895,234.77246214765827
197,0.41572494638156243,48246.39537422727,57.46031332324481
198,0.41782181997781404,48190.795494910046,231.25378945948026
199,0.4199166506307261,48353.46957575755,654.186536317093
200,0.4220107143757513,48200.50666574709,366.7035217798697
201,0.42410542949066876,48348.04114507075,170.7380649590829
202,0.4262013850195404,48298.60529560591,54.712176951942176
203,0.4282955296445312,48332.93146753515,121.25482138606256
204,0.430391806688861,48302.63793813341,-287.5155058001332
205,0.432488575457924,48373.070592821285,155.44634320051017
206,0.4345806090039814,48292.9358817839,176.32053143249416
207,0.43667244097425384,48527.27914494165,-381.01696739019087
208,0.4387671492209622,48333.090575435075,491.04382376460205
209,0.4408622534544343,48482.20231901786,-143.0123090231828
210,0.44295516415095815,48422.891750242736,857.5359045706324
211,0.4450482683181851,48509.78412865603,279.066507316908
212,0.44714683875742495,48544.28874469647,505.6664082985622
213,0.44924362280569813,48556.74811386302,-399.7138584760963
214,0.4513338633316258,48482.762860839764,195.10532309251747
215,0.45342753643259276,48630.51858267941,360.55464638034334
216,0.45552189548586586,48581.13110367902,277.4736037486399
217,0.45761716616081083,48518.98665576601,248.42474524365326
218,0.4597117909764672,48564.738196566075,888.5663853326
219,0.4618031890496857,48575.419177811586,-258.58549095375923
220,0.4638995470730997,48834.41420316444,-43.67978116042182
221,0.4659948171464902,48727.73546583899,613.9765291266679
222,0.46808929446972725,48720.15275169964,958.9717449398438
223,0.47018492649495636,48711.49109182307,-225.7077965513861
224,0.4722792778491551,48761.24905195494,-2.464499366789013
225,0.47437272572904565,48811.21862104432,557.7534010084695
226,0.47646593372141327,48864.19764497065,260.5521393206283
227,0.47856230727426236,48803.63494104133,150.30906307565627
228,0.48065904058976644,48917.94736774452,-291.9672661240109
229,0.4827512226177774,48981.52860468844,79.14009559579802
230,0.4848441163240575,48931.620589144986,423.44386842231467
231,0.4869397730506266,48968.29062343041,-315.837305019793
232,0.48903678813400875,49036.285178803126,-60.83732010705799
233,0.49113096964965397,49090.47346274392,437.70490528261075
234,0.49322332174786626,49117.054933679814,451.47093260624166
235,0.4953187148676145,49155.565007791374,213.32588356631888
236,0.49741120358770496,49181.521983927174,331.8428004179563
237,0.49950082345999325,49067.24831074871,598.6633741546794
238,0.5015952506837275,49275.51513985206,-529.7327997179127
239,0.5036919972981919,49095.674255535254,151.16777840191202
240,0.5057872116617207,49292.49617935461,904.1379343685229
241,0.5078828569897101,49291.97471405042,343.26800095567273
242,0.5099793452386306,49357.208372913614,416.4054479490966
243,0.5120767256379639,49344.9601774574,306.73530586384265
244,0.5141702395931294,49505.64932402364,474.6436328527192
245,0.51626132102766,49446.73066092026,386.60295678419766
246,0.5183576899265504,49629.02080875078,-215.02442438699214
247,0.5204524416424112,49624.8790600861,413.6321887222759
248,0.5225430403510469,49515.94751740028,166.32003637341867
249,0.5246378991347941,49684.660250610636,372.8754035940855
250,0.5267345150769579,49512.93262287964,36.107843480039925
251,0.5288284644781793,49926.149851202645,-104.10972492289824
252,0.5309200047543352,49687.006054209116,-30.485305042205994
253,0.5330154787982235,49888.640502945396,63.46512231449091
254,0.5351140455458262,49880.253394977924,423.3468006777882
255,0.5372066203065362,49717.072782048286,-19.7557651767798
256,0.5392991990272246,49862.910131373996,298.9987222022211
257,0.5413944118270408,50025.17316372964,-220.72123878082678
258,0.5434881995106379,49987.83786983658,20.549311672748235
259,0.5455829952492127,50043.88681711171,189.01007880430245
260,0.5476769745662954,50147.04610717487,56.21024250091848
261,0.5497697255495043,50122.50518047805,310.3836565489864
262,0.5518645446467839,50267.420163495866,139.65516116375093
263,0.5539598571350287,50233.96302759696,208.7914527598767
264,0.5560564538950566,50342.502652180614,-223.85395092583738
265,0.5581500505101624,50303.23483619412,380.5527413757137
266,0.5602409063261653,50258.40143542475,129.16046911950502
267,0.5623379637803174,50428.46129255631,254.24445995691445
268,0.5644363283026402,50374.66817006243,-64.1237178498607
269,0.5665273824761494,50647.122676728395,20.193848901785238
270,0.568621249018378,50691.520717792075,346.28722153181275
271,0.5707181447612965,50623.96772659208,-55.32592994860748
272,0.5728127938597997,50763.73058680203,312.0735694969572
273,0.5749070881546879,50819.85559995295,-0.23499832705281454
274,0.5769991470923068,50888.05845896181,311.00797781972614
275,0.5790956911760897,50866.21627231253,22.490612535618496
276,0.5811893306261757,51010.45135513253,-193.1327967909369
277,0.5832802267374103,50907.55177498655,445.4375553893939
278,0.5853761830306536,50966.31575187621,163.39130854509477
279,0.5874711784415975,51157.186168957174,16.845137137653566
280,0.5895653958899879,51160.622409782416,384.1065241704915
281,0.591659786459685,51134.93965698943,450.2869701908756
282,0.5937551851921442,51273.56918652806,103.92658220833584
283,0.5958498092767481,51430.086670975405,249.10251507981496
284,0.5979447066705442,51263.74926262944,368.6718886904641
285,0.6000383505174957,51474.98803890867,-183.79550303004174
286,0.6021313016181767,51535.853129074,-14.034124769354394
287,0.6042246965556944,51547.28350814749,-309.3413911192153
288,0.6063189733697846,51614.096184429494,-113.20992706169505
289,0.6084147213727373,51687.71304509878,470.12408891041474
290,0.6105090855473989,51799.49622804288,-124.1175052833337
291,0.6126037649785722,51800.15726862018,141.1296009989914
292,0.6147002391370655,51835.545993069834,269.41794289119946
293,0.616794938930829,52056.31301417511,475.06861063918666
294,0.6188886865784012,51968.819168259106,364.9489935858935
295,0.6209825762252046,52044.64662010544,223.45930571151592
296,0.6230764414889526,52156.896386459885,232.65896279065873
297,0.6251725389343245,52185.73134922746,89.04375525192037
298,0.627266923011265,52281.89708250336,316.7668942189181
299,0.6293596211388142,52342.07505984664,24.68393093613387
300,0.6314513250607457,52390.14013727321,600.4059893458646
301,0.6335475720513941,52469.91536654745,35.90324942261574
302,0.6356444982495617,52658.47728466205,-17.852629419773713
303,0.6377358562255245,52665.354251719065,-121.90535819204266
304,0.6398302949107263,52765.479874833836,316.1898709815578
305,0.6419256185614247,52873.2168046132,286.62017752670846
306,0.6440214843206593,52898.19944436196,325.63025466552955
307,0.6461142033434962,52953.173499618504,356.7763020632601
308,0.6482061138478032,52982.58163726211,64.22475362251129
309,0.6503020867345045,53129.066199513974,221.18655428550653
310,0.652398185537932,53200.6195549553,337.0210589648674
311,0.6544932048530038,53248.35317220985,117.28701332529555
312,0.6565867871776386,53266.2383655938,82.33460952765462
313,0.6586827890115348,53235.406281752985,-154.64399670728034
314,0.6607793300725506,53416.558394906206,893.0769556505678
315,0.6628724964198541,53453.508344340196,298.5846588174498
316,0.6649654402217313,53591.529910982,-94.881213188273
317,0.667059865407609,53773.36265796584,331.3460254512817
318,0.6691532523078332,53741.409435298134,203.00934034096608
319,0.6712457992597233,53905.897902110875,275.1696513951687
320,0.6733390782258323,54003.369166560646,158.7192992681107
321,0.6754367503383576,53981.27588648512,343.6678407342557
322,0.6775335143160066,54038.79214337302,566.586208780217
323,0.679624621064033,54049.26131533014,221.26196678909122
324,0.6817180292738917,54249.57320263189,112.72307149013393
325,0.6838149015047629,54297.89070640712,536.423094331617
326,0.6859101434268815,54415.78966572454,498.50013140279896
327,0.6880046468184081,54393.2797574897,511.9718022318966
328,0.6900999637264865,54558.84045691099,-31.957562938765292
329,0.6921965733216279,54698.12637240604,696.9551970881975
330,0.6942884945981568,54701.9798657038,107.87150562351655
331,0.6963781649531228,54815.9134171541,186.3913951945773
332,0.6984747371200234,54750.972746143445,283.818951438756
333,0.7005690388882679,54915.65271792102,354.1517978202141
334,0.7026621579778546,55112.03200343117,137.39352815624932
335,0.704757268847954,55205.94659056119,-19.615594238411354
336,0.7068509057629639,55265.37404271124,290.9109049068727
337,0.708945644402387,55269.24390846907,102.00196758556366
338,0.7110406815970572,55401.343477007875,575.8771921798262
339,0.7131372373036142,55463.118729325484,81.69868100002257
340,0.7152323589250973,55542.84002444615,-118.68189137259522
341,0.7173245162021571,55750.16277997981,157.7625307114146
342,0.7194199711852413,55786.45999209044,-233.717669310782
343,0.7215151322330351,55810.269517850684,470.4044587834161
344,0.7236102334592447,55890.181200379804,-127.71540635458516
345,0.7257047129497166,55970.544245532255,817.5970162103765
346,0.7277958825256088,56085.484211655086,294.88446790466827
347,0.7298900912292255,56290.7067204163,289.9046185182095
348,0.7319867159780691,56289.98769794453,316.42406866395214
349,0.7340808521059053,56457.38620522432,62.2958336346831
350,0.7361738853270124,56397.234654856795,371.7299793546842
351,0.7382682123604443,56546.77025584278,111.03570715687631
352,0.7403641944498084,56617.8390592664,393.6634242041139
353,0.7424576311971561,56836.102123330915,277.29971837219483
354,0.7445523870480827,56976.060374421206,501.32564813158547
355,0.7466478284648128,56927.076808243095,417.7275287294221
356,0.7487413917548734,57089.87421590841,-76.55995900128654
357,0.7508354594737505,57187.978300092465,3.585290930330521
358,0.7529278056847568,57254.90192296107,560.4187684091563
359,0.7550230257904859,57457.18336464682,146.30939876470853
360,0.7571167923480437,57373.065350311874,278.2282133481552
361,0.7592113317151179,57586.09491625016,402.2314207289481
362,0.7613074731933067,57729.22132952781,354.22150900742724
363,0.7634009581307508,57688.84004533591,338.88902870799507
364,0.7654969266569684,57908.4551203001,98.055965712925
365,0.7675905899780763,57885.60474438266,321.8664752647958
366,0.7696837880547684,57951.157679198506,213.80709345061186
367,0.7717795008463626,58240.92055519527,345.97502983004847
368,0.7738757788346248,58309.81855575032,154.61377777408444
369,0.7759706260990727,58400.48018311575,38.2565985787068
370,0.7780620795267656,58497.362279491994,438.70062010153214
371,0.7801559906208961,58651.637377252046,407.76032453694995
372,0.7822523136569128,58705.55376067405,42.48487709475195
373,0.7843481481853999,58870.31880836895,110.07204899824113
374,0.7864425511046899,58915.82857859921,539.4795883702774
375,0.7885343495966205,59042.86198278911,402.00393468173024
376,0.7906286372458883,59064.20845171182,526.5941755540399
377,0.7927244345313397,59259.27457778696,292.0233295791529
378,0.794818005513127,59323.874985526185,188.71899556544105
379,0.7969121491149282,59449.3854964997,103.63414878054152
380,0.7990047112993173,59626.50392627999,-48.28220616347021
381,0.8010984966914405,59694.636716223264,461.4501674286571
382,0.8031950165575023,59856.07322170542,542.0399205232454
383,0.8052905677217739,59974.845051964076,318.3794384564909
384,0.8073868841230295,60095.50948089145,440.369282265704
385,0.8094800557409162,60267.8163874365,603.7174506836534
386,0.8115724907946299,60355.904559606206,209.2375774676323
387,0.8136674854006812,60444.80832994607,60.13704215197701
388,0.8157633267681768,60543.705169685185,485.9908972747347
389,0.8178572815764139,60652.45076659751,452.72377475128474
390,0.8199509017046862,60857.06499400099,266.5534543354637
391,0.8220464110750062,60884.17565433672,480.6868158557016
392,0.8241406544737637,61034.04577424599,387.2512654775642
393,0.8262328397247414,61060.28759887411,777.1302494362725
394,0.8283269471334518,61325.87794866491,790.5428144537101
395,0.8304231064697798,61427.58158098194,163.36955678254648
396,0.8325161683796762,61505.30354021164,88.51865178084927
397,0.8346105557242035,61745.25856462683,540.9784693561874
398,0.8367059794413102,61728.11262999378,480.5269510769869
399,0.8388002445604258,61810.16422802711,498.6561270779511
400,0.8408960756111226,61983.75305308759,527.176567613722
401,0.8429905652842218,62080.773013841965,647.8794444604935
402,0.84508401313589,62448.69406229277,196.59369235808452
403,0.8471791713809247,62343.25950544595,527.0966261818968
404,0.8492743362825239,62504.583763393246,141.1456794063978
405,0.8513668888602299,62507.87825845527,491.4745653056598
406,0.8534589296280589,62847.50545942241,358.13816558370087
407,0.8555558405338324,62932.96253536316,319.0721320615183
408,0.8576516874123633,63033.05949827259,683.507427352647
409,0.859744590599333,63119.899754071026,509.3090038877033
410,0.8618400547669827,63354.72909740028,84.92117495206968
411,0.8639350434441438,63391.93855370873,783.9839443872763
412,0.8660280248974203,63541.059527503756,477.467471188967
413,0.8681201347325478,63820.7255271547,224.79885360597058
414,0.8702157283801463,63750.147204183835,329.09405647521857
415,0.872310621353091,63978.35205961741,241.50936082315204
416,0.8744020359703552,64129.86913575665,684.9447017260765
417,0.8764972088477568,64271.21010349995,112.14584629980507
418,0.878592835994214,64378.96801305037,746.4055235018978
419,0.8806870131084201,64581.901054103895,550.4861372088386
420,0.8827812802431019,64635.591104868894,394.3911335186788
421,0.884877279658285,64808.72572573338,344.69391431259294
422,0.8869730004154345,65054.20699181474,506.4772748590671
423,0.8890661750433553,65118.86281483786,1107.2839462815716
424,0.891161435679344,65274.706836334546,302.6481611340712
425,0.8932577960179496,65427.51648834139,934.6433986180189
426,0.8953527392107627,65456.60023811584,649.1316097279513
427,0.8974462460666859,65771.95627643562,810.6968094298903
428,0.899539340962409,65878.30344211636,459.5433351872994
429,0.9016318169027592,66010.6365879679,571.2240436968334
430,0.9037252249745606,66274.91270576301,603.6300206133352
431,0.9058199443223193,66345.81688933028,635.001623536393
432,0.907915243986348,66415.53908779945,641.9483107064165
433,0.9100128049501981,66581.23211108336,755.0763845932722
434,0.9121059966002629,66772.35855096551,750.8302633949851
435,0.9141972861830797,66846.23591753478,811.2765515144233
436,0.9162932496702593,67045.01781309015,569.5807018260631
437,0.9183878012752863,67143.85410550515,642.8197226638011
438,0.9204823185419505,67427.69834185169,637.420898993173
439,0.9225773629784582,67548.07892952439,507.42410713980036
440,0.9246718174739146,67615.75232754396,381.7664596511711
441,0.926766211900197,67981.4740474669,663.3731213709002
442,0.9288591582540804,68006.62709173252,500.3043370808536
443,0.9309526610700547,68186.72111625625,917.78860618215
444,0.9330479303067369,68362.49294628881,407.2008423493602
445,0.9351433527997749,68496.70333597912,712.8667110289348
446,0.9372383527365933,68628.1905133185,725.023707030936
447,0.939329757499591,68809.90062715714,926.0711540900087
448,0.9414230571985791,68984.41674576317,863.682096154318
449,0.9435210054806012,69046.49492534083,709.2944148441572
450,0.9456162503172072,69270.91436688256,478.423478663453
451,0.9477100092887099,69473.16541488712,474.1984129011111
452,0.9498046323041349,69575.37801565303,643.035094936585
453,0.9518991548408083,69760.32315989645,468.5061482030225
454,0.9539929332702277,69958.5085085471,792.212643437427
455,0.9560874898052096,70147.26360201919,393.8712500789538
456,0.9581824530689178,70307.57903675151,829.0194097713904
457,0.9602770371571748,70484.58748937996,680.6951943281432
458,0.9623710723241273,70626.74456996619,722.1485109614517
459,0.9644648349083941,70738.950030883,804.8545675074816
460,0.966557887379011,70902.12880721057,322.6445640752198
461,0.9686513195291268,71081.52657834103,726.8439570572637
462,0.9707470393683869,71417.74787877443,743.6688403288523
463,0.9728419987888902,71572.14845699577,763.7616116642306
464,0.9749363451418961,71704.28424060269,522.3941593899216
465,0.9770319720978949,71873.96130308622,751.115607646929
466,0.9791260608689247,72051.76939725547,926.7479083002314
467,0.981219993418123,72257.16872275033,583.2388692205603
468,0.9833154848012966,72509.77357075587,757.4810209559786
469,0.985409217900734,72720.67382758552,1047.0254997184766
470,0.9875034929558208,72920.05395447562,723.0467672343609
471,0.989598845059814,72991.30599870847,886.1933314045618
472,0.9916925524589582,73222.86569280093,923.3416361344554
473,0.9937866222530743,73409.09363827431,664.4101768303176
474,0.9958822538585521,73604.96465863124,846.3529938537636
475,0.9979763461234663,73739.89285332218,417.58136872898297
476,1.0000687382803208,73864.83643511537,1319.3583614177007
477,1.0021620574674717,74062.74647609268,534.3428070337526
478,1.0042566040705312,74322.87439655724,909.5169279348908
479,1.0063510481087232,74544.89043517226,346.2307557301225
480,1.0084458017147504,74732.13463380457,610.0797934343593
481,1.0105412449330358,74906.3410562851,675.7256921298031
482,1.0126363206852906,75058.8579454835,800.3237116137265
483,1.014731689048677,75330.2657927137,918.7828469687611
484,1.0168251811607234,75392.84954930891,1041.1030789804358
485,1.0189183181794257,75718.873631975,836.0846684271351
486,1.0210135131858313,75863.27945217957,1056.7783061411114
487,1.023107899818119,76149.17084122138,1056.0981517983485
488,1.0252035642142994,76335.45012215768,1050.0877161758326
489,1.0272979326699727,76580.67156004642,1023.4546284167604
490,1.0293915165160124,76666.66301297917,1259.857362320001
491,1.0314862118776227,76958.987032994,932.1071658255103
492,1.0335813276438528,77065.66254583669,877.5669122743795
493,1.0356760372494827,77362.49821057596,1284.7394269114488
494,1.0377697665518313,77609.0610356821,1133.0107462709689
495,1.0398635542890804,77763.72431855266,849.9787052842771
496,1.0419580022733907,78024.52878949548,1083.3635103770152
497,1.0440530837182007,78174.26718729494,1187.607673801537
498,1.0461463909219801,78359.63424904221,810.5782933461038
499,1.048241289239942,78575.52149030463,1086.7216884369534
500,1.0503346504195201,78763.47432367978,1243.252261562354
501,1.0524278880438542,79006.55006727306,1205.0132536909168
502,1.0545231057279465,79261.94142177353,855.7799589601677
503,1.0566172205725972,79422.72200679868,1280.516334757007
504,1.0587125681053644,79706.78856027777,1033.0397231889942
505,1.060806974942881,79911.36550765342,1526.936547930194
506,1.062900937291859,80221.33856304472,861.487166787167
507,1.0649968400029963,80382.50174215587,1164.9457120896805
508,1.0670917748856612,80585.17913894184,1248.9431679190975
509,1.0691837840599538,80796.7322452991,1457.4773151611632
510,1.0712784055790137,81022.71411719211,1296.8850938584326
511,1.0733741944109443,81320.8367634129,1078.8231977665152
512,1.0754689143080451,81539.77527501984,1381.8974424655532
513,1.0775625935653539,81784.42352600227,789.2391751123488
514,1.079656551776009,82013.47757280995,1285.1539255349855
515,1.081751759033872,82177.81537963488,1481.8488595859799
516,1.0838450038800544,82438.17036177023,1048.169856299517
517,1.0859393346043436,82597.99290022715,1385.9206332684896
518,1.0880340737032612,82972.83970608568,1192.9172101403224
519,1.0901280973397867,83165.75513260688,1444.732450006854
520,1.0922232205093443,83345.27023718866,1369.7904629525713
521,1.0943183198095006,83609.9790499633,1514.992083672658
522,1.0964124680620808,83768.96872473475,1543.7437814003576
523,1.0985066965945804,84056.04500155183,1295.4534278216236
524,1.1006022506925348,84392.05494522704,1616.9962936436607
525,1.1026960746069068,84577.35016686642,1293.139711138193
526,1.104789420523433,84772.07902336869,1081.1800581142916
527,1.1068841457204943,85075.83470885138,1629.083255006583
528,1.1089772649904681,85457.30856468865,1505.2226236686975
529,1.1110723868790173,85522.39671093157,1750.7020219891808
530,1.113168427194727,85906.75388807457,1610.8862113963037
531,1.1152626776337078,86045.47663595137,1533.8974226173534
532,1.1173574051129724,86245.44557461124,1521.6672838290488
533,1.119450573697561,86509.30445665645,1517.980629697166
534,1.1215436337779248,87008.8823004471,1427.2165329047389
535,1.1236390334415942,87054.21658771428,1577.6011105458301
536,1.1257332200225998,87404.06899285856,1784.0034547695348
537,1.1278283378211404,87703.69173766901,1666.134182624448
538,1.1299238131648552,87947.99416888869,1546.617725198024
539,1.132017447124327,88203.91881490272,1765.0037140673712
540,1.134110650036949,88494.85063092422,1914.179547665645
541,1.1362036259959787,88667.24450526082,1571.0609979704761
542,1.1382991427598659,88946.24549102875,1790.0682839514038
543,1.1403936066737896,89174.13998066199,1753.9033547788824
544,1.1424878264606209,89519.47494564747,1782.5912357975903
545,1.1445836717483504,89907.03762905183,1815.3076163968317
546,1.1466778755714095,90106.96875483399,1607.6116369196964
547,1.1487715351237628,90331.60374946537,1591.5546395927367
548,1.1508672245306748,90593.8040948878,1713.86984171428
549,1.152961670034179,90814.22300965292,1776.5792273874665
550,1.1550551275418117,91180.08825454983,1798.2568020985734
551,1.1571500620004906,91490.10401052007,1784.1749689517412
552,1.1592451155989445,91637.62440804862,1812.6330532835075
553,1.1613401484055899,91913.87309879376,1805.9061176914563
554,1.1634328135986687,92367.0315279066,2074.3922328631697
555,1.1655280225544649,92613.46610656404,1819.141691306528
556,1.1676232414157608,92952.7662083527,2288.3713291483195
557,1.1697157183635434,93130.23298795224,1782.2757485429943
558,1.171809765164966,93445.32165780036,2150.198375521853
559,1.1739036754657965,93834.29474031836,2295.6404947560964
560,1.1759974618047027,94168.6694601792,2281.969695118386
561,1.1780927342002254,94394.4298571147,1709.3534997147758
562,1.1801886215978319,94664.53422992212,2052.53164414348
563,1.1822824649467334,94779.71927174332,1895.355873301601
564,1.1843777187054296,95210.0537663491,1750.0368762311793
565,1.1864731317277017,95570.64160400197,2400.073117899309
566,1.1885662199882188,95776.63352221675,2251.366749718548
567,1.1906603290984812,96269.59192371598,2132.877591794198
568,1.1927560449071208,96454.85871342571,1838.7725696894333
569,1.1948501301675682,96696.20375347455,2674.564885243675
570,1.196942866326464,97092.4413688618,2491.1602086266894
571,1.1990363434731066,97432.38597816491,2050.4241022616866
572,1.2011315528209288,97712.86277692838,2548.7784497509224
573,1.2032252726398727,98069.39442594784,2179.20497105664
574,1.205319131714267,98382.8782637264,1816.2517300922236
575,1.2074143429200774,98681.4570319442,2530.9298339757934
576,1.2095073316728018,98947.23657460783,2675.465758793565
577,1.211602159357548,99252.1243567513,2126.575539494823
578,1.2136984428310558,99546.0151903828,2027.9845060444627
579,1.2157943340364452,100018.27957595346,2864.931575591423
580,1.217888268816351,100473.20979484674,2786.996754816782
581,1.2199821909033837,100592.28553359145,2454.768596592855
582,1.2220779372220854,100946.52043419999,2285.141309079031
583,1.2241720630448372,101224.32165205947,2652.3628289893563
584,1.2262656486341297,101592.05359401127,2767.9447070308424
585,1.2283602712023978,102075.92350436328,2413.2555453273067
586,1.230453847781421,102300.88871148208,2939.5008400923034
587,1.2325484279288663,102662.99809264629,2371.990214264589
588,1.2346427330328844,102923.05355035893,2465.1644834509725
589,1.2367368340043534,103403.65101111753,2380.186586734462
590,1.2388320989568682,103747.0290857002,2737.7923416766153
591,1.2409254956441091,103962.50224815731,2777.282832950907
592,1.2430201387037565,104454.11527684359,3278.153782030399
593,1.2451147141570293,104691.25673907902,2972.400370768415
594,1.2472087367784284,105120.08444618445,2996.5117149689977
595,1.249302614173833,105538.8989483737,2657.6631774034204
596,1.2513971052845823,105764.20029054658,3258.0893566654663
597,1.2534931066319515,106280.48336149608,3092.6257507141327
598,1.2555863817711985,106575.9034016788,3148.7132808059123
599,1.257678969059161,106822.74894930726,3102.670094456539
600,1.2597748382104277,107353.81133341251,2587.586511344711
601,1.2618698898493887,107581.3970308762,3237.404986138715
602,1.2639640740660565,108057.59423522415,2789.682903378298
603,1.266059176034634,108458.39713164988,3130.0125256564274
604,1.26815329738596,108747.4506938499,3176.8305219298195
605,1.2702469827768745,109149.62436525773,3052.3717126647566
606,1.272341439773769,109598.6164185759,3736.4840191761527
607,1.2744361591580655,109957.95002450519,3005.420867978413
608,1.2765301570381213,110404.5402272958,3104.3880046622467
609,1.2786243195908502,110767.95853863421,3056.859281829104
610,1.2807201779848052,111104.51549558286,3695.220493583801
611,1.2828149770647865,111457.44365366177,2949.6459800790753
612,1.28490831046805,111871.50527529948,3736.284404691319
613,1.2870024746125797,112399.87766024175,3710.6992878996753
614,1.2890960788179595,112674.34386500245,3936.6806568714687
615,1.2911903407610128,113108.4642154908,3386.2977729513736
616,1.2932847299377603,113419.79584995811,3724.269436870986
617,1.295379834193548,113937.7367165583,3559.2929965936896
618,1.2974743412448833,114244.11959189006,3882.6148211165714
619,1.299568838606027,114691.22399697328,3539.3302110107034
620,1.3016640567270552,115131.45510553804,3411.131003494189
621,1.3037578272673165,115603.16013156483,4065.1868569279973
622,1.3058518980796576,115933.84533987529,3770.493588387213
623,1.3079469520711469,116370.33202800986,3767.946530757867
624,1.3100414674631762,116870.99023199399,4022.8068913345
625,1.3121343419146885,117071.9856933767,4354.227135322596
626,1.3142291157646366,117692.27306117957,3937.1583993030413
627,1.3163249547628966,118174.77990648,3604.317882889982
628,1.3184204308819243,118466.53311471257,4543.960984766567
629,1.320514045081714,118912.29368961997,3865.3508380828343
630,1.322607731116918,119408.38790903361,4166.563760645441
631,1.3247030067977636,119777.68175477565,4255.142156288194
632,1.3267964975071294,120239.26622549609,4130.939130917488
633,1.3288900457896358,120783.97724520433,3968.5198509069787
634,1.3309846323229146,121171.90693560915,4492.507373521455
635,1.3330795391690438,121677.47436380803,4795.68093960924
636,1.335173949560825,121987.15573744349,4646.136278676984
637,1.3372672428845813,122572.86020826155,4550.920907913916
638,1.3393616502777206,122911.83637881758,4500.508113611573
639,1.3414564546808454,123521.83053559129,4771.522014083401
640,1.3435497634465539,123919.62324103524,4879.329161970427
641,1.3456439095281743,124324.80148660598,4474.621551484976
642,1.3477398961804745,124823.99387236845,4761.704978116069
643,1.3498356331361778,125275.23780213342,4910.031789634817
644,1.3519291222201564,125751.61481269571,4792.683540074719
645,1.3540221824451044,126211.75926121154,4694.11098224789
646,1.3561174165883387,126852.50489520193,4666.520687465497
647,1.3582118000666776,127321.95290461273,5240.809445114035
648,1.360305548489477,127689.6691788007,5232.004646322182
649,1.3624016471705516,128083.44670575608,4804.500031176321
650,1.364496581524498,128625.06038986087,5145.5795946235
651,1.366589927521404,129272.83811801554,5400.957587053121
652,1.3686839345616666,129644.41072307894,5023.341610857744
653,1.3707785136744248,130104.98859644156,5185.161182642609
654,1.3728736781569988,130729.54940812555,5568.7542470876515
655,1.3749673745335222,131094.6984059355,5844.117636815733
656,1.3770602631292597,131705.4918277274,5306.838060775215
657,1.379155717578164,132078.00620513348,5257.45261224562
658,1.3812508039107998,132499.62333795897,5397.438949844474
659,1.3833453325862841,133309.40629630437,5624.450415804757
660,1.3854396647384786,133707.4961223723,5295.404755687592
661,1.387533616953471,134326.3751599731,6100.852398662992
662,1.389628935147901,134859.67029361348,5690.275997421693
663,1.3917230672721894,135441.4148413117,5932.707805443804
664,1.3938172778813163,135721.79820797849,5701.730298816966
665,1.3959128506087028,136372.36529930533,5642.019133403942
666,1.3980069894682674,137002.178670022,6321.547625591336
667,1.400100032768225,137531.64484867008,5928.439230814232
668,1.4021942273095422,137925.03725193554,5782.987117457881
669,1.4042879724639459,138375.9749921619,5956.462075923584
670,1.4063822250727482,138997.91892802864,6363.825368852043
671,1.4084777998796327,139722.19980574702,6275.734584672424
672,1.4105725454065003,140168.73328621712,6915.916589178079
673,1.412666035757187,140768.3674130081,6350.733140330957
674,1.4147597581950535,141203.60909232887,6913.7976432873365
675,1.4168552493745823,141785.15180424793,6912.194452642338
676,1.4189502707585735,142351.12722436475,7035.709419153133
677,1.4210439871962917,142989.28895548295,6716.284097481702
678,1.4231379588066748,143472.42812258366,6666.33301883101
679,1.4252323843784174,144111.63302475194,7131.3793723289455
680,1.4273263645812686,144817.70220844206,6968.41330754149
681,1.4294209343777806,145372.97876324595,7146.790539722691
682,1.4315160587565352,146038.7088056559,7657.650482908058
683,1.4336101809254245,146530.9881328702,7457.160916883593
684,1.4357047233292217,147134.62107046368,7411.269574620255
685,1.4377991034950037,147803.1794081436,7359.677050631654
686,1.439893269172154,148146.25791961263,7470.89851464225
687,1.4419870983325702,148989.59425029112,7478.012150272485
688,1.4440820971476513,149655.51398926554,8050.283475416526
689,1.4461780146809415,150229.0604370959,7720.121665985117
690,1.4482723645441788,150717.86197575193,8211.915084771628
691,1.4503661519067539,151387.74828319074,7799.963739226539
692,1.4524608997459605,152019.98226363515,7866.464598596687
693,1.454556191478353,152628.15063288636,7848.398459802955
694,1.4566505605195028,153290.6349544178,8092.255780272655
695,1.4587435672120013,153856.58673840782,8867.1783270933
696,1.460836376274075,154586.8399659754,8271.133525055566
697,1.4629315024559504,155167.0305188202,8338.124786706358
698,1.465026115161985,155930.12590513803,8179.1173118418355
699,1.4671201905708728,156441.16106836178,8540.864265763888
700,1.4692142550197365,157497.98617069874,8935.498237744618
701,1.4713085109511452,157847.37255895798,9003.929049458646
702,1.4734040883627781,158459.58883763253,8942.255538644675
703,1.4754983077923518,159224.5520668957,9397.030202704982
704,1.4775927333883283,159862.1695347305,8698.353371213412
705,1.479686516386449,160429.2013238149,9648.62370534712
706,1.4817805445745025,161108.01290656478,8754.66637445058
707,1.483876051193717,161908.3268910925,9596.576247118868
708,1.4859713583510508,162570.60398772868,9105.523113881622
709,1.4880662760111125,163187.3011199294,9134.015707626817
710,1.4901603423423662,164016.05039335415,10079.013207002572
711,1.4922546168830801,164480.42484297848,9853.018182029433
712,1.4943493508016918,165487.32113928525,9975.155589504697
713,1.4964436549031517,166082.89576687262,9371.87049346409
714,1.4985372426394363,166827.72313630144,9783.837987905672
715,1.5006303537214591,167532.87285422854,10646.435789761366
716,1.5027246941647125,168266.87370941657,9848.757387346057
717,1.5048198674391857,168907.48953432305,10004.42901618483
718,1.5069136003861163,169670.93381191875,10474.008211896637
719,1.5090076377683221,170388.39182658342,10418.05344345404
720,1.5111026723067662,171150.4640142315,10539.054428180896
721,1.5131971028762412,171911.05168710745,10862.527770423856
722,1.5152912609041667,172718.27665655155,10412.768134023434
723,1.5173854934463344,173513.94125490074,10748.28016234587
724,1.5194808793753787,174097.4957229091,10829.12583521455
725,1.5215756259285513,174837.58223381234,10959.882744124203
726,1.5236695807770564,175636.28509408826,11677.568365173394
727,1.5257641081783464,176566.50922807114,11623.280916337431
728,1.5278584873608179,177345.67247272574,12051.503267548458
729,1.5299536435991428,178102.16682735324,11694.768550804474
730,1.5320476585044298,178909.03668266724,11566.360142194315
731,1.5341414384393777,179531.94685306086,11374.436369051025
732,1.536236950937659,180307.54811694912,12175.735560239624
733,1.5383317033374695,181278.49730364935,12254.885902554253
734,1.5404255753841434,181998.44887671847,12605.01469478684
735,1.5425198393431812,183080.12011497468,12261.845978114372
736,1.5446136227526486,183770.13853181363,12351.856954848803
737,1.5467072285753283,184561.62645889752,12871.858921023759
738,1.5488013111816905,185433.9899223787,12513.463661617221
739,1.550896674249749,186034.37504891347,13021.867299785712
740,1.552991701547339,187129.95623259104,12816.535166001113
741,1.5550856629518366,187834.53810020137,13573.232636655819
742,1.5571801051512508,188734.29379002005,12850.585281461465
743,1.559274417579796,189643.91969513753,13422.120089832528
744,1.5613691533539047,190566.12372755952,13565.170192694484
745,1.5634631934261796,191368.48536179026,13643.926317209267
746,1.5655577892497892,192347.388364478,13676.364504070632
747,1.5676527275763066,193228.8947139953,14273.32567249596
748,1.5697461748764228,194083.01196331417,14089.709048361648
749,1.5718402189801153,194724.9163945173,14251.137371922263
750,1.5739346218160084,195781.74743055739,14751.974245319652
751,1.5760295037244485,196595.2420717418,15012.986479555428
752,1.5781239238326052,197625.310071357,15075.917779400674
753,1.5802176736109215,198348.55598198852,14958.690540708983
754,1.5823123941098438,199583.8974486509,15058.755309222342
755,1.5844068047546922,200408.16364193344,15073.099821035747
756,1.5864996832696292,201265.30421490117,15029.266603053262
757,1.5885944598128996,202222.93985933493,15287.448694963061
758,1.5906903325437156,203039.86935935414,15801.28145232275
759,1.592784689092666,204145.0754585524,16382.223059607779
760,1.5948796873290236,204924.5353469332,16081.741744063618
761,1.5969745597395735,206080.81069407373,16636.551706299884
762,1.5990689218084002,207172.89620629122,16231.178662304581
763,1.6011633213632455,207905.09019036783,17371.548738234145
764,1.6032577776043084,208995.11552578284,16696.86173103201
765,1.6053514020964894,209830.69361041498,16466.664360162275
766,1.607445093072501,210738.1829728964,17902.143789007565
767,1.6095393086936036,211896.93113386096,14905.036909567358
768,1.6116336711357766,212826.6597201902,10323.32322759331
769,1.6137279918528686,213794.38230398187,6391.012210985683
770,1.6158221116449558,214666.68732461275,1616.2252084828153
771,1.6179176229648538,215482.45690120163,-3491.6177493807772
772,1.6200131612431772,216626.77303593524,-6814.031006320091
773,1.6221069236192778,217459.52426457376,-11834.022885559863
774,1.6242011307622557,218569.93880463825,-16395.408160179886
775,1.6262960841945175,219646.02991602742,-20763.058568751123
776,1.6283896203498047,220442.00853842194,-24932.14915574422
777,1.6304834947928883,221397.98441819055,-30485.632989806996
778,1.632578127710653,222519.52531629457,-34503.33798721508
779,1.6346731813158608,223293.39574449684,-39244.00387958832
780,1.636767172365261,224512.59935623643,-43207.58002936176
781,1.6388603779595408,225336.08157520174,-47815.72585687857
782,1.6409563605892468,226403.64458853344,-51951.24495919734
783,1.643050621284035,227434.50047929975,-56556.06815837661
784,1.645144102645386,228337.69200933896,-61531.24424541275
785,1.6472395726584623,229455.77711374013,-65831.30888049393
786,1.6493331318477138,230851.438876835,-70430.11722025632
787,1.6514277435583298,231473.95458511956,-75309.58907226716
788,1.6535225655624404,232728.2108818762,-80121.35639743345
789,1.655616100487628,233643.8230088218,-83936.2525685504
790,1.6577106071833263,234686.2412319083,-89895.22899381508
791,1.6598050724476994,235937.93502854407,-93511.64833156453
792,1.6619001395524664,237060.9309802221,-98018.84240267618
793,1.6639948642035431,238332.0755117046,-103940.78612428224
794,1.6660882997554614,239399.4310404824,-108059.1703507722
795,1.6681827329415837,240232.09605683005,-111317.41926449756
796,1.6702780557373313,241381.46974334045,-116730.49778432166
797,1.6723710846745943,242331.6347458014,-121831.83831368847
798,1.6744651718920411,243607.42259576454,-126946.44144243236
799,1.6765602044792516,244643.1147507153,-130520.15423334985
800,1.6786535596079524,245960.34769171217,-135357.1562977603
801,1.6807491745425278,246802.37854794582,-140460.04000023776
802,1.6828445761171116,247984.8196188547,-144460.80882838013
803,1.6849386388007168,249193.57160277662,-149457.22763528608
804,1.6870339476475265,250199.8465894365,-153206.83476816685
805,1.6891280758541645,251712.65649643436,-159156.66239094784
806,1.691221272327691,252859.8430725127,-163505.3561946447
807,1.6933141346742315,254397.35711495936,-168815.118358172
808,1.6954090930463133,254894.14295548524,-172390.60999534547
809,1.6975047078021417,256293.35912166355,-178448.68429932973
810,1.6995991246970055,257561.30714209235,-182379.78773264773
811,1.7016934918813407,258707.5500184111,-186678.57145921662
812,1.703786903721137,259989.29860877918,-192644.06729346185
813,1.7058818292953146,261124.98571526958,-197210.19906153504
814,1.7079768740006063,262537.28687158047,-201574.73141597156
815,1.710070845319196,263525.4519931423,-206983.90875749756
816,1.7121645316176712,265017.7224384857,-211582.1069456048
817,1.7142597272321454,266147.685579154,-216706.2188406974
818,1.7163549406546734,267536.27653053374,-221636.48231459205
819,1.7184482195940645,268800.2983179048,-225669.93049168887
820,1.7205423072627637,269924.11661977705,-231378.06298977407
821,1.7226374847113666,271281.5565914022,-235919.34479078173
822,1.7247323233526113,272850.0768324163,-241149.08899826094
823,1.7268266901810085,274057.012634991,-245364.72327226106
824,1.72892134476467,275318.76559133746,-251251.8985863126
825,1.7310153629662073,276499.41552582453,-255389.82597741764
826,1.7331087353021186,277984.5657643273,-261364.58002000893
827,1.7352028820270462,279308.50395077746,-265831.8486019192
828,1.737297419510233,280580.87070932443,-270945.3295073198
829,1.7393924268721555,281865.91961003386,-275592.0299689363
830,1.7414865202316776,283644.377837494,-281022.1825167029
831,1.7435798385311778,284828.8731696262,-285375.67773205694
832,1.7456747741592018,286117.0722589702,-292388.8138004818
833,1.7477707733578058,287689.1986292237,-295784.2386807917
834,1.7498644151299778,289055.89279331604,-302113.6426475026
835,1.7519579294274097,290425.8633725878,-306556.26237490895
836,1.754052537005875,291906.07309104345,-311105.0169302441
837,1.756146014277543,293479.27878335334,-317139.9706732569
838,1.7582399685899122,294566.58035143686,-321350.69684305054
839,1.760335124398212,296079.4442132326,-327603.8182956106
840,1.7624306374180432,297491.91394702264,-332030.74553240766
841,1.764524733445493,298965.01663319865,-337495.37218212837
842,1.7666195957988082,300687.3080015404,-342795.31934263726
843,1.7687146552767006,302150.26766792446,-348510.40380978875
844,1.7708085687106505,303943.0934653086,-354829.48557004746
845,1.7729026984403262,305090.49759478,-358392.9569766169
846,1.7749968373222131,306681.65592424374,-364278.5101338258
847,1.7770919795414395,308244.04420546535,-369546.13611245865
848,1.7791866891650514,309982.26395039324,-375854.59886897594
849,1.7812805740714612,310975.99153500143,-379879.617242578
850,1.7833749145944944,312611.10234974715,-385872.6537640303
851,1.7854698174814119,314253.0519781824,-390750.2956997162
852,1.7875649050000997,315942.639758746,-397419.3860000013
853,1.7896586091751823,317641.32505079306,-401976.609234764
854,1.7917528105223397,318991.8958588381,-408237.1802835939
855,1.7938472619734778,320719.29629796004,-413760.9425093189
856,1.7959410333998334,322745.6565631757,-419181.8518894295
857,1.7980353139963554,324013.01580668305,-424522.7328059098
858,1.8001292949050451,325532.6338012194,-430138.72350602294
859,1.8022240144636215,327591.9103942046,-436436.62321756425
860,1.8043180357006787,329279.6377107165,-441677.94215113536
861,1.8064120149556366,330855.905414164,-448093.734951856
862,1.808507216693214,332363.8689828295,-453675.482498559
863,1.8106012235056632,334253.5632575698,-458694.1653109873
864,1.8126961076333348,335586.1330077855,-464128.0444345108
865,1.8147906359659112,337334.44324505347,-470418.3382817087
866,1.816885013662702,339066.87415269105,-475490.2744760728
867,1.8189799788179999,340839.4971626693,-481531.41816369724
868,1.8210733357472892,342674.900085246,-487248.0019680053
869,1.8231675363973032,344778.3965107452,-494018.19016658637
870,1.8252628639859947,345923.74516939104,-498964.6849318722
871,1.8273578690890415,348098.4947015535,-504512.4283389501
872,1.8294529153678178,349656.25049156585,-511262.545157468
873,1.8315468366202061,352083.1624299614,-517461.00153651525
874,1.8336403420201965,353052.31980411615,-523172.19335499307
875,1.8357342642631629,355205.31495383196,-528926.7088497888
876,1.837828606636473,357217.87498670403,-535166.0533446951
877,1.8399232687279,359253.1258793568,-541935.6489051554
878,1.8420169361094605,360988.10753112583,-547021.2105974274
879,1.8441103454239045,362585.8160694826,-553192.6097202209
880,1.8462047113551943,364949.1625171988,-560888.5005727388
881,1.848300337583767,367109.6425620137,-566416.9852394924
882,1.850395118058644,368436.7360675343,-572038.5839187424
883,1.8524895015648957,370853.6399159123,-578630.1926365372
884,1.85458435317291,372383.0722507224,-584367.5380129138
885,1.8566786691854407,374579.202325553,-591405.372032748
886,1.8587722962005393,376178.44501873193,-598099.791799765
887,1.8608667292143481,378552.498288676,-605339.0227349949
888,1.8629623979972338,380686.81527532614,-611579.2988745759
889,1.8650575007618033,382437.9281176757,-616529.6124466761
890,1.8671515757398978,384619.55096962256,-623265.2885998166
891,1.86924567270883,386476.5983194759,-629990.5126378326
892,1.8713402290883943,388346.89589011826,-637004.721035207
893,1.8734333441485889,390277.85136067664,-642577.2412028982
894,1.8755274569663687,393042.59783318394,-650865.5704447511
895,1.8776226584010878,395245.16956795315,-656913.4218341165
896,1.8797156234954413,397059.81148175395,-662739.4723439387
897,1.8818097674713492,398900.7830518817,-669556.1271275018
898,1.8839051205157094,401629.57208476146,-677363.9255278326
899,1.886000042933448,403135.09726123244,-683640.6215690358
900,1.8880949075451439,405522.94399934774,-689825.27421965
901,1.8901881584759161,407988.43036350724,-698390.8614951237
902,1.892283217936019,410018.6980209066,-704620.0023268954
903,1.8943782680554568,412278.84306293074,-712583.7612750758
904,1.8964720473710392,414559.42054895125,-717408.7301832559
905,1.8985668668489433,416778.18855695793,-725997.4794400074
906,1.9006612809862096,419274.4755115353,-732973.240474488
907,1.902755719587151,421387.45381529594,-740063.0658742613
908,1.904849757588545,423816.11104135256,-747265.6049932836
909,1.9069430754605277,425984.5853343097,-753980.7575562967
910,1.9090378340013505,428657.2440384586,-762737.3807199505
911,1.9111324914183263,430701.3363253617,-768756.8084481474
912,1.913226965923519,432498.3424689203,-775054.2097802506
913,1.915321381331026,434967.8214976888,-782704.5983412856
914,1.9174162748437817,437662.40516260726,-790768.514606259
915,1.91951096404297,440352.49664382037,-797866.7919067183
916,1.9216039358616672,442520.9450210908,-805726.6691678762
917,1.9236986253914137,445302.6186244414,-814816.3588979197
918,1.9257933066276691,447208.5038611758,-820326.795726948
919,1.9278873651498682,449965.52173190954,-827844.4543597567
920,1.9299807661659822,453247.4104993362,-836660.4169882537
921,1.9320760482648573,455283.42117468064,-843712.0340149063
922,1.934171767524072,457492.6624566236,-851857.4105914739
923,1.9362651059315399,460343.06978336547,-860988.7291632536
924,1.938359138419254,462735.93430864526,-866893.2714627538
925,1.9404538735984294,465111.9086150735,-874481.609522574
926,1.9425479146608418,468298.4583261738,-884229.5410947594
927,1.9446418189559174,470604.9154730492,-891202.1884150988
928,1.9467371502259871,472555.8066609351,-899468.0242504482
929,1.9488329760684335,475605.31630656327,-906513.4806508796
930,1.9509268120448882,478219.060602888,-915313.4040567826
931,1.953019609354344,481612.99470006645,-923467.8032950956
932,1.9551147244404972,483877.09970250604,-932458.3246412893
933,1.957209950604826,486858.9157502365,-942083.0265238199
934,1.9593041179655175,489508.2998436088,-948820.5386568754
935,1.9613980124620214,492348.32352837385,-958006.2197860604
936,1.9634920823781827,494947.4788219044,-966446.1150249447
937,1.9655870316775599,498061.65075741924,-975325.2752190158
938,1.9676813106463258,500657.7301908753,-983518.4349761715
939,1.9697755380711686,503200.6823103883,-991914.9909100482
940,1.9718704076888727,506725.9019647249,-1001233.4020775439
941,1.9739643213778544,509681.1896637133,-1010397.6752301045
942,1.9760582139073395,512364.40413288336,-1019334.9318271676
943,1.9781533744008393,514825.66576031636,-1026378.0448836011
944,1.980249297656676,518346.92766148003,-1036133.8105241541
945,1.9823436902775773,521024.6006142751,-1044219.1928532983
946,1.9844363854611324,523808.9093349504,-1053502.664684762
947,1.986530057736426,526970.3756110325,-1063638.9329937128
948,1.988624138262085,529990.1990369621,-1071949.6304896914
949,1.9907191302641989,532840.6985249093,-1081552.3238620546
950,1.9928140678397719,536535.3871237705,-1092147.988424614
951,1.994908057158038,538840.3038882292,-1098359.0795333711
952,1.9970037235567513,542267.3864695542,-1110083.6859219824
953,1.999098539119481,545679.3451824066,-1119403.213864697
954,2.001191245179364,548186.4591375747,-1127959.1069458048
955,2.003285465781134,552144.8304318199,-1139064.2107824844
956,2.005380090953843,554736.35724745,-1148502.1167386693
957,2.007473757612322,557949.493931157,-1156773.7902015136
958,2.0095674385752345,561345.980264894,-1167824.7771200254
959,2.0116620669227445,564476.4778081034,-1178124.6274718677
960,2.0137574654124313,567928.6731203151,-1187631.7377046472
961,2.015851542299029,570987.8522626595,-1195121.8259788551
962,2.017945842236743,575033.0497638005,-1208682.7023910405
963,2.0200414078173843,577436.1956940945,-1216106.342078792
964,2.0221364472105585,581662.1947140136,-1228599.5334647514
965,2.0242304661583193,584392.3095555244,-1237050.7441763435
966,2.0263241213554704,588192.896055436,-1249155.8702475827
967,2.028418169537371,591851.5037952992,-1260410.20704832
968,2.030512126699397,594694.2860167535,-1269765.6981195153
969,2.032607257696191,599476.8105604312,-1281604.7048795759
970,2.0347026748788237,602407.6117969754,-1292352.9884698703
971,2.036797432049628,605704.3270208273,-1301554.9402591265
972,2.0388917803566513,609722.7427775598,-1311532.6115942444
973,2.0409854404727548,613281.2038591857,-1324762.6558127631
974,2.043079158497923,617201.2830993216,-1336273.5604099876
975,2.0451737042342053,621218.6010057359,-1348500.8479558884
976,2.047267957686092,623843.9886488464,-1356292.038261347
977,2.0493625921646865,628245.651677253,-1367927.1502258528
978,2.051458159400133,631440.5173344712,-1379467.5480102089
979,2.0535521918605197,635437.2772206324,-1389917.4761833476
980,2.055645062675616,639340.8433700101,-1403705.508699033
981,2.0577393587752955,643317.9145818796,-1415812.2790032509
982,2.059834437786395,648040.4435749998,-1427828.8921176787
983,2.061928055170489,651572.2452955788,-1439131.0047487617
984,2.0640226957402352,655916.6344401134,-1452907.3949460054
985,2.066118258189404,658508.1097243561,-1460840.4802688998
986,2.068213196804832,662453.2632254435,-1473280.2465984933
987,2.0703072818107917,668052.4052767103,-1488484.293839863
988,2.072400931462771,671657.4902950147,-1499972.9269978532
989,2.074494103322103,675440.7617512945,-1511779.837971317
990,2.076588647294614,679488.9320464423,-1524860.92050233
991,2.0786837571325223,682585.3070941665,-1534911.7693177958
992,2.0807786951127576,687781.9443670932,-1551475.4533615254
993,2.0828733611799306,692027.2900496837,-1564310.4803795384
994,2.0849676047315464,695183.2986643062,-1573305.941291391
995,2.08706191167589,699936.7145521814,-1585362.9055850178
996,2.0891552570733616,704038.3948044823,-1601963.8867374496
997,2.0912498961643236,708764.1232482549,-1613899.6368118129
998,2.0933446561638878,714791.5319672327,-1630804.5405362914
999,2.0954387435644386,716831.0182758523,-1640348.977504006
1000,2.0975335870618825,722019.1284093028,-1657068.2892414546
1001,2.099629070349723,726955.5849448835,-1669285.525189175
1002,2.1017228492895934,731342.3622169335,-1684618.9063633983
1003,2.1038170482062775,734761.1188335592,-1697291.48524184
1004,2.1059122372778973,739678.4805637121,-1711621.9983886725
1005,2.10800554057148,744181.1549183996,-1722974.9758418864
1006,2.110098599114947,748492.774848167,-1738340.8437362765
1007,2.1121927216235163,754525.7489407882,-1757573.7706748392
1008,2.1142879182187984,759152.6135669507,-1769587.3880999226
1009,2.1163820759811065,763903.3103564457,-1784732.9688598271
1010,2.118476597123504,767649.0076890689,-1798117.6219640626
1011,2.120572077635568,772452.471818978,-1813634.464774559
1012,2.122666143506846,778263.2551646476,-1833549.4617142156
1013,2.12475947440395,783013.6787857537,-1845032.5487424403
1014,2.1268549228070284,787167.7400210403,-1860393.3736934732
1015,2.1289503858580807,793061.9271910511,-1875765.6065978692
1016,2.131043274916299,797704.981483946,-1889406.557110003
1017,2.1331378502136085,803415.3156560822,-1910454.091779594
1018,2.135233020544507,807190.6767786152,-1923921.7747936998
1019,2.137327211773404,812218.9280157397,-1938329.5588699342
1020,2.1394213678417553,818200.7976534129,-1957227.4799191148
1021,2.1415151935265153,823425.0832080431,-1974280.267382339
1022,2.143609686067666,828278.7960782797,-1991189.424697843
1023,2.1457039096890913,832943.2717440665,-2003050.0967937612
1024,2.1477977892281794,838304.9095337769,-2022408.7616979193
1025,2.149892773795189,842978.497060707,-2035746.0741384786
1026,2.151988207011953,849382.1025327917,-2058553.5756011438
1027,2.154083430042502,854403.2505141211,-2069752.7807377882
1028,2.1561769020273363,859788.8230238768,-2090601.5965734404
1029,2.158269727638565,865845.8938718685,-2111373.7823356404
1030,2.1603643338266334,871100.6476549981,-2127035.5539232735
1031,2.1624594611960894,876721.4581866984,-2148415.876745552
1032,2.1645538445620423,881642.6301411978,-2160213.853053426
1033,2.166649266160557,888395.7003061197,-2187032.4917390454
1034,2.1687438965600263,891850.124486065,-2198798.3857675744
1035,2.1708363804402464,899101.8967500123,-2218059.5535542965
1036,2.17292939543057,903959.337870941,-2233080.639359647
1037,2.1750246621139153,910460.7382731902,-2257866.6837853454
1038,2.1771189095943266,915995.5657274191,-2281520.6603603936
1039,2.179212962470575,922095.1782586667,-2296452.679916855
1040,2.1813066434396426,927915.6837213185,-2318449.378211132
1041,2.183402629792164,932767.898809712,-2337404.063422242
1042,2.185498119455816,941439.6132029039,-2359362.609231503
1043,2.1875916200185137,944977.2549288488,-2378376.644054889
1044,2.189686441120868,951790.2659797418,-2396823.3263542484
1045,2.191781413276182,957407.7875399432,-2419256.1755499626
1046,2.193875147711239,962945.4895248888,-2439836.493704703
1047,2.1959686613130316,972037.200505336,-2466788.9497949076
1048,2.198063923558019,977815.1460338659,-2492323.328237857
1049,2.2001595001532226,981557.3125954628,-2504649.7543552327
1050,2.202253779153767,989684.4619804402,-2530403.0995204803
1051,2.2043460760907565,994879.571944451,-2553986.782993986
1052,2.206440891990371,1001951.564915106,-2571779.151665162
1053,2.2085356491852317,1007546.8046172556,-2595304.171237213
1054,2.2106277016542335,1012869.269265139,-2616411.2415843816
1055,2.212721958545959,1020645.9596701862,-2649114.0776168527
1056,2.2148185083900422,1028180.5877800138,-2669021.1681852126
1057,2.216913061952383,1034766.3872519799,-2693080.9180836426
1058,2.219006160150891,1041285.6155279869,-2720128.4126785593
1059,2.2211007684745443,1046664.1145032948,-2740274.684772178
1060,2.2231966067711273,1054118.5340023076,-2773495.6294248938
1061,2.2252915180225106,1059836.4540833274,-2786158.1098283855
1062,2.2273849286831946,1067440.212704213,-2819324.1480442956
1063,2.2294794057777056,1073775.3970663538,-2843620.519139491
1064,2.231574082226972,1081770.9816981372,-2869218.1509101084
1065,2.2336675726385264,1087411.3602703745,-2897508.3888965156
1066,2.2357616690730993,1097274.6986921118,-2923840.644515565
1067,2.237857388038379,1102992.2483473571,-2955237.521842241
1068,2.2399520699736297,1108656.0687136184,-2979301.363228128
1069,2.2420449617357057,1116407.9430787617,-3007149.7333773132
1070,2.2441391380853632,1123413.2097749982,-3041966.6286951536
1071,2.2462342793770116,1131958.1756260118,-3071722.163714968
1072,2.248330004000319,1138239.2132045156,-3102290.1501350175
1073,2.2504234986669656,1146516.6831303083,-3130425.8563903538
1074,2.2525166459790467,1154821.079971111,-3166378.7144300793
1075,2.254612702557845,1159938.7936654787,-3190531.536554868
1076,2.2567074239010356,1168262.3384156188,-3224013.565976875
1077,2.25879926569608,1175163.030939407,-3258227.8049610974
1078,2.2608934332232278,1181244.9009454704,-3282899.6725989906
1079,2.2629890832862967,1190328.4188508308,-3325209.988289336
1080,2.2650815906481947,1198531.5889562238,-3355298.9783747173
1081,2.26717631551426,1205671.761483132,-3394032.810679346
1082,2.2692717091510235,1212328.3602078361,-3424143.1915227454
1083,2.2713660430599174,1220099.8215459066,-3459713.982244812
1084,2.273460830916725,1227525.1672179168,-3496122.3720484893
1085,2.2755552510450507,1234830.2087401538,-3531307.033289285
1086,2.2776502981151867,1243004.4588276176,-3567743.5593778337
1087,2.2797428242388995,1252507.009713341,-3610104.4913417194
1088,2.281836092329788,1257636.2461051513,-3636519.130621719
1089,2.283933556285596,1265908.3838801354,-3669472.974687613
1090,2.286028868050817,1275205.6042760834,-3710809.255581493
1091,2.2881212248812486,1284096.4826084287,-3745004.6529945782
1092,2.290215014848569,1289090.6344909745,-3771632.123396143
1093,2.292310229911211,1301284.71533532,-3818551.438047372
1094,2.2944051456334345,1308266.5739626705,-3845161.9277422703
1095,2.2964983471898495,1318127.8064903605,-3885270.6489616428
1096,2.2985921024349003,1325079.3483321776,-3921447.230666622
1097,2.3006888643809247,1334745.809444157,-3958193.0201894054
1098,2.302783634096356,1343638.2566892025,-3997338.592296757
1099,2.3048756698218886,1352766.5579145178,-4029818.975213179
1100,2.3069695720010412,1363265.3858705987,-4071975.6166785336
1101,2.3090651112173397,1370510.4204323925,-4105118.1817112514
1102,2.311158495429861,1379124.9759744406,-4136251.7086153002
1103,2.3132509513768182,1389145.6179376817,-4180087.539065433
1104,2.31534766594442,1398596.4331565464,-4219012.0302252285
1105,2.3174438092641236,1407834.8591455615,-4251570.391978262
1106,2.3195366518474128,1413184.5525369763,-4277744.218176114
1107,2.321631141204296,1429672.1600931108,-4341711.955972535
1108,2.323727832694395,1437323.1363177083,-4372091.251050223
1109,2.3258211826493147,1446067.7360603914,-4404863.808097942
1110,2.3279133966950116,1458562.8777239344,-4453377.677899879
1111,2.330008120458155,1465958.4648317704,-4483257.359802639
1112,2.332103956675321,1473415.7621915888,-4516756.025607994
1113,2.334197579452735,1481804.4062708742,-4549442.91630167
1114,2.336290017181209,1495816.8054481486,-4601403.449350106
1115,2.338385505091734,1502706.5304357538,-4632254.4908619085
1116,2.340480189114194,1517477.005737056,-4688753.310821047
1117,2.342573391055059,1525747.9151880306,-4717169.326480904
1118,2.344667848677038,1538225.54289066,-4765292.538114523
1119,2.3467629878884537,1545621.4974192341,-4797833.342517824
1120,2.348858220839854,1558179.5762527292,-4841552.001252294
1121,2.35095250082758,1569354.935398192,-4889949.430866348
1122,2.3530449396760944,1578279.1879492255,-4921908.91794163
1123,2.355141499104623,1588666.6924134856,-4963691.507167758
1124,2.3572378412451434,1602080.8765828924,-5013270.61148508
1125,2.3593294861259198,1611210.5349252494,-5049706.377462075
1126,2.3614224992004984,1625371.421361285,-5103797.923192352
1127,2.363517948981548,1634189.9505521185,-5141168.924675616
1128,2.3656139136423477,1641624.007505618,-5172014.651614448
1129,2.367706660383537,1659832.8015360173,-5235411.705325743
1130,2.3698014470222093,1662111.1773024856,-5248172.568740557
1131,2.3718977582075165,1679193.8264411662,-5312882.999222546
1132,2.3739899214574836,1691221.646458203,-5360536.3315828275
1133,2.3760825194215927,1703025.1084137082,-5405417.607360777
1134,2.378179070039863,1717247.0627820792,-5456409.345159215
1135,2.380273759058959,1725590.2935496299,-5488520.333021599
1136,2.382365673610318,1740011.9270689196,-5549961.984482436
1137,2.3844604460166168,1752901.3368947296,-5594390.773430352
1138,2.3865571190304595,1766804.0298399478,-5644557.35379715
1139,2.3886520978255446,1779254.2457123247,-5688855.802518695
1140,2.3907442891236066,1791500.8515782228,-5738160.719944298
1141,2.3928386457990913,1801411.496955418,-5781376.184119554
1142,2.394934562690242,1815098.903918397,-5827795.398557291
1143,2.397029599690107,1834826.0991195093,-5899363.603074345
1144,2.3991222591305954,1841317.4297362159,-5929681.967849741
1145,2.401217024080888,1856805.676118359,-5989546.293021482
1146,2.403314513026698,1868412.1477170598,-6029466.951960985
1147,2.4054081911284184,1880413.3332205298,-6076119.900158237
1148,2.4075011183217048,1893907.9244431935,-6129009.260247674
1149,2.4095960074264258,1906842.628760249,-6172887.716689495
1150,2.4116926326559978,1925089.4059324563,-6244953.1646369975
1151,2.41378425055939,1936030.8379427085,-6287329.635148976
1152,2.415877382497087,1954909.2528364176,-6353287.5948591735
1153,2.4179783678062123,1959289.3575987155,-6379843.005986569
1154,2.4200733739460714,1980209.134188026,-6452989.883370092
1155,2.422162501290004,1989480.590137836,-6489715.674456887
1156,2.424257158180454,2006914.173995013,-6548490.250691172
1157,2.426355368807169,2016422.7446115122,-6588635.721856629
1158,2.4284477900186845,2031787.142075386,-6651311.473775248
1159,2.43053883847394,2055436.613812377,-6731917.133175743
1160,2.4326356353293934,2063767.6428661232,-6770833.045447881
1161,2.434732612021302,2078750.1436851167,-6823377.256659908
1162,2.4368252927922227,2091122.9972055475,-6862837.335849112
1163,2.43891890863681,2112694.8682694365,-6948354.758315915
1164,2.441014895314609,2125211.517918629,-6999246.263048605
1165,2.4431105244568765,2141865.3834488248,-7056796.799151378
1166,2.4452031167440684,2155071.293009388,-7102794.593500052
1167,2.4472938786799143,2171726.5282226927,-7171805.692142677
1168,2.4493915902413868,2180778.6175281806,-7204015.203007174
1169,2.4514877943094935,2206420.349008401,-7297459.636669283
1170,2.4535774837073663,2220221.3402918503,-7343669.83300095
1171,2.4556717453467782,2237669.706865343,-7416434.690803927
1172,2.457770725968573,2252651.0222479003,-7471855.1999525465
1173,2.459865450868259,2277162.0714765727,-7559929.6498907665
1174,2.461954843714291,2282618.730628931,-7583110.485614829
1175,2.464051305962942,2302458.5268767127,-7655601.144025967
1176,2.4661493201186655,2328097.932169309,-7748654.238386244
1177,2.468239991051035,2342928.365831498,-7800984.951824068
1178,2.4703335941159144,2359472.1358055277,-7865184.522327413
1179,2.472432426226094,2376425.80839874,-7925989.4950886145
1180,2.47452690434623,2391797.321085152,-7982574.452490393
1181,2.476615373809059,2409841.8692771117,-8050340.183377446
1182,2.478710457672189,2425637.517869199,-8117316.375404298
1183,2.48080966574444,2438484.3194996133,-8159832.472890903
1184,2.48290090100287,2464158.930502447,-8254822.880829955
1185,2.4849923340191187,2479007.4255115697,-8307365.229954916
1186,2.4870897130294636,2501365.1604731595,-8393238.198211873
1187,2.4891862386660164,2522096.283890299,-8472412.214595709
1188,2.491278235985619,2535572.028192503,-8512727.324542591
1189,2.4933690456944357,2557281.702656316,-8592738.327617329
1190,2.495466543397291,2577245.2356436225,-8676438.024625426
1191,2.497563830960505,2590566.7807317562,-8717123.444756253
1192,2.499654519205421,2622836.3729546494,-8836837.767249553
1193,2.5017479497353943,2636677.856226334,-8892950.418780599
1194,2.5038480054516667,2650906.7891366123,-8941072.192779407
1195,2.505943433921919,2677482.94971829,-9034948.270268908
1196,2.5080284861327207,2691856.895692811,-9093442.842448808
1197,2.510123955773609,2722882.779150602,-9208861.873307489
1198,2.5122261646694253,2744626.481548397,-9278704.298456687
1199,2.5143177674343575,2762368.4925449896,-9356233.989792733
1200,2.516405803072155,2775930.6513434662,-9400146.755166115
1201,2.5185026929964116,2800524.7101980746,-9488887.417170793
1202,2.5206041831245063,2820766.3842431945,-9569884.013679346
1203,2.5226964757648327,2836361.963642777,-9613641.169786684
1204,2.5247869961159406,2855011.4863180034,-9694342.51873888
1205,2.5268843920051487,2891130.7367086206,-9818460.157596845
1206,2.528980483597168,2902637.585328027,-9868777.772879886
1207,2.5310684597394695,2929426.7212416003,-9957699.171767235
1208,2.533161718042206,2950980.450732122,-10041830.44178135
1209,2.53526488574662,2981839.2517559826,-10155553.399369873
1210,2.5373603920777454,3002545.9003056665,-10230018.409953626
1211,2.539445749963502,3021866.6349978773,-10300998.56055827
1212,2.5415417180131348,3034363.0827379758,-10351804.467139471
1213,2.5436457679371425,3060885.6897747456,-10437910.760549784
1214,2.545736808475733,3090687.3966977196,-10552144.001475021
1215,2.5478233832874237,3117642.9446446346,-10653372.052971823
1216,2.54992085584226,3131401.0485216184,-10698617.214271575
1217,2.5520207655356866,3165333.628467206,-10821702.12330899
1218,2.5541098448110064,3198380.5749633554,-10939529.060493115
1219,2.5562002600365847,3207354.941970567,-10981714.750431214
1220,2.558305455724291,3248650.877580229,-11122753.045072049
1221,2.5604026511470312,3270091.913748789,-11203137.94923346
1222,2.5624826414852553,3292788.2398251803,-11284338.511666274
1223,2.564574391949512,3320504.3055792367,-11389998.41666278
1224,2.5666808497683498,3337664.0370623716,-11444440.748100521
1225,2.5687773451615423,3380551.8508080426,-11596334.311888438
1226,2.5708608935170316,3395441.815724373,-11651725.593941316
1227,2.5729575952355885,3432337.4439682076,-11787645.818194663
1228,2.575060651513359,3440080.8606912075,-11818755.636037976
1229,2.577148431575012,3470870.2794723944,-11927458.807389563
1230,2.5792346077561192,3508286.763472389,-12063814.067122057
1231,2.5813352493894732,3506500.7581163314,-12067758.065304892
1232,2.5834369526956515,3579658.425478003,-12321722.180630399
1233,2.5855218346006232,3590282.1219861405,-12367151.968183426
1234,2.587610713900489,3611364.0942353117,-12437705.33359208
1235,2.5897186990593415,3675605.415091694,-12659785.994187562
1236,2.5918181690667126,3682554.1665383345,-12692661.185054488
1237,2.5938985009385314,3703652.9620999703,-12772400.132419093
1238,2.5959901966325076,3741878.3526763297,-12903275.661753075
1239,2.5980970827886534,3752935.6633172194,-12942696.65787947
1240,2.6001911974764487,3775123.765737727,-13032844.871550249
1241,2.6022734575046016,3814379.8404068872,-13171213.247474164
1242,2.604374761438423,3852607.6198562393,-13301449.930524003
1243,2.606480077670044,3902508.7314658444,-13485229.490016026
1244,2.6085618800169397,3921684.1079225102,-13549555.155120755
1245,2.610646200048581,3989030.3415316357,-13788925.936991489
1246,2.6127580952497533,3980319.2642134177,-13766224.733979708
1247,2.6148609257992828,4011055.249672769,-13874899.558736594
1248,2.616933454172155,4072097.5156094423,-14091863.73431208
1249,2.619020659870304,4124397.952399722,-14275672.358678967
1250,2.6211346279669097,4085194.6768472344,-14155497.74693002
1251,2.623236503452788,4139984.0509678097,-14343599.964933006
1252,2.6253090562225565,4197746.124612393,-14549493.026423521
1253,2.6274000701334055,4211689.64565162,-14598129.322536176
1254,2.629513118467727,4287044.389190635,-14861315.9098806
1255,2.631604301330356,4307873.555288699,-14940708.565515738
1256,2.633685254021577,4321585.481304086,-14979658.287784943
1257,2.6357889797673804,4355464.430569925,-15113420.022190385
1258,2.637895874321367,4404818.557683466,-15287795.153275665
1259,2.6399747081141895,4407843.139954752,-15303580.052342627
1260,2.6420591747927733,4466022.537433898,-15510546.557151519
1261,2.6441764666284318,4502235.546958233,-15635453.973468665
1262,2.6462775406423154,4539750.120141923,-15772410.740811972
1263,2.6483402943393326,4582667.076335138,-15912939.334628096
1264,2.650428729148096,4579658.972027114,-15914575.745484062
1265,2.652562718674548,4673091.473355676,-16248574.479374744
1266,2.654664088292312,4715650.259655904,-16396653.185052166
1267,2.656712651557163,4716569.1277870145,-16402066.89708867
1268,2.6588106765908748,4775189.676552227,-16615582.79771893
1269,2.6609452450324915,4844593.460031764,-16854231.58961704
1270,2.663032290426174,4843403.283776774,-16857865.494749226
1271,2.6650914877184944,4895656.239235523,-17042049.622149926
1272,2.6671986225603375,4917131.292582694,-17123819.441564906
1273,2.6693218160411916,4988827.051833089,-17376181.219918974
1274,2.6714003686163363,5036045.227555837,-17542696.03956782
1275,2.673473653710363,5116453.998992519,-17817639.408143897
1276,2.675588689124729,5075308.972681206,-17685058.831128616
1277,2.6776964003773744,5149472.544497046,-17940150.94305338
1278,2.6797534796790945,5214161.36033007,-18163981.70245998
1279,2.681845016836506,5195960.885085678,-18118036.242236074
1280,2.6839785543392702,5276876.380271125,-18399443.71566514
1281,2.6860638705482365,5343858.63586443,-18636995.046139494
1282,2.688115580192901,5399802.180640496,-18828398.78664389
1283,2.6902421071216107,5398194.501503867,-18834929.877999213
1284,2.6923784453538007,5438367.219694947,-18970872.03819831
1285,2.6944235266222867,5511548.481481612,-19233538.01003168
1286,2.6964818302236213,5533342.433272952,-19321984.234691642
1287,2.698646249049189,5612142.137404303,-19584725.507588822
1288,2.7007725953070936,5643145.678455723,-19698432.78348408
1289,2.7027692368507834,5779156.3565185135,-20175905.130983673
1290,2.7048443440936585,5700303.544708889,-19907614.12171964
1291,2.7070515904059915,5745838.181949417,-20064495.3524024
1292,2.7091632832728005,5850487.165888676,-20423963.153319817
1293,2.7110832098570423,5863976.984388756,-20474107.362694275
1294,2.713194248534394,6018237.954972557,-21021178.295497157
1295,2.7154564422347596,6093915.626636227,-21292433.256145917
1296,2.7175455830902693,6110815.879866688,-21351759.486735255
1297,2.7194409477796717,6189415.2004773915,-21623707.439653255
1298,2.72159410281056,6204001.803590757,-21687328.01421446
1299,2.723868494276683,6116632.4680172745,-21373875.257694457
1300,2.725905473691433,6368121.532917439,-22256801.195302315
1301,2.7277938720843573,6267676.331068663,-21914099.32802461
1302,2.730005424734083,6413926.346387969,-22423038.281419467
1303,2.7322910595910366,6400116.343504339,-22377047.797541685
1304,2.7342323934891035,6531112.182204114,-22830865.572818615
1305,2.7361123669415965,6586388.386522996,-23028913.85252716
1306,2.73841292247591,6428267.362383557,-22487164.361097936
1307,2.7407262152838343,6914994.055635287,-24182939.37410752
1308,2.7424923562337074,6475587.086940789,-22638596.186579917
1309,2.7444202272828333,6849108.919311653,-23961019.94179728
1310,2.7468188489948773,6909862.592426553,-24177043.603107836
1311,2.7491571251284848,6994597.350517637,-24463204.96956365
1312,2.7509012180135843,7013884.806007922,-24532842.665877793
1313,2.7528220566885997,6929822.844977012,-24245822.19370344
1314,2.7552245852341666,7103368.171508811,-24854600.51787176
1315,2.7575799064734774,7238003.863921715,-25327711.742621712
1316,2.7593246433872425,7157097.959034674,-25045729.394286603
1317,2.761234187120032,7413439.8052332215,-25947342.23171741
1318,2.7636390504715083,7091018.786040066,-24809573.921182733
1319,2.765948826576436,7205789.28549373,-25211656.51014764
1320,2.7676191435751902,7259874.405412725,-25417185.12490673
1321,2.769651838220211,7844967.656401819,-27452140.84895009
1322,2.772055945845228,8056992.312361681,-28190850.45249687
1323,2.7739175955497957,7900595.400913647,-27650800.625437442
1324,2.775657495525559,7473330.004802086,-26155600.57372529
1325,2.7780509401576134,8122629.816952774,-28427711.688583784
1326,2.7804282678176238,9249550.58872502,-32368211.068328805
1327,2.7823699672164355,7339062.047239168,-25674557.13332568
1328,2.7838806433920418,12739457.408934588,-44560653.77089031
1329,2.7859958234637583,2384872.4548575925,-8347053.592001572
