,k,Pk0,Pk2
0,0.0029665470748989845,247724.877305393,15662.091391243248
1,0.005026374055021859,229864.68819448914,-25414.64692735852
2,0.007149300621522788,340904.5858634427,-18913.175183339015
3,0.009278869254964255,330919.24422436114,212283.43033198497
4,0.011450332619344701,324552.3812911207,-61297.320330536415
5,0.013492955871419151,287841.4984792976,41203.24907492813
6,0.01558905561191893,270884.40508775937,8579.561740186387
7,0.017694083672553172,214391.4863282712,13172.640533013244
8,0.019817874803135297,186177.33844745287,27358.630468338037
9,0.02192074938196264,150470.4891200628,33654.435611566376
10,0.02398877635566245,134223.25276746028,7961.171334510952
11,0.026092869718961156,112835.57380832928,2712.5900910955925
12,0.028234663152781798,89634.56730592712,21005.748413612546
13,0.03032284873509123,73627.29094862382,2420.5015028017556
14,0.03240263258943404,63733.16580188173,1403.0621704691607
15,0.03449210129864554,51217.673494868795,-3842.2800961204507
16,0.03658588147515197,44191.36744062852,-667.6744384410603
17,0.038684769492669774,38161.196491365576,103.63319903761649
18,0.040788988884582836,33856.780854364835,724.6744916518553
19,0.04289390876967646,28868.371814184826,-817.5964816615601
20,0.04498336005546935,26696.80655379828,2565.6998575051525
21,0.047064985294738244,25729.825358791342,-1488.5343187780613
22,0.04917111919158227,24458.38406210229,-322.5338530235986
23,0.051262169141742274,24617.32594029394,1487.2108005714497
24,0.05335525146837034,24100.253645781857,5.539074937352773
25,0.05546637228956934,24255.29282930891,2007.9655174101802
26,0.057573188192548086,24355.045335264942,-667.0201086071665
27,0.05965884044590281,24952.570127839575,1166.4566692808198
28,0.061745123021595065,25524.777329407538,550.4879483758024
29,0.0638268929113719,24420.49321470303,1094.6609661615216
30,0.06592966228838451,24167.33778655926,238.87157596858847
31,0.06803125784825748,24060.059118200224,1684.7600922521312
32,0.07013131008699486,23411.602989330986,-38.89320508364966
33,0.07223032366074338,22629.10755570558,769.5201757273159
34,0.07432334270720506,21392.42009811802,755.9879825717758
35,0.07642066756954473,20639.3260621715,-665.1254215876816
36,0.07850471694556041,19115.30687496698,2149.9732061744276
37,0.08059701946059529,17662.16091562497,-171.77881482279903
38,0.08269521798132064,16412.39065961847,122.42807873781844
39,0.08478307522909848,15344.82764374754,766.0337803275946
40,0.08687780839616016,14350.224506650691,200.0480650332155
41,0.08897524569656534,13193.367290830665,-204.93580425257568
42,0.09108077810470518,12030.88846923138,1450.6830546643475
43,0.09318432266948053,11638.211537339486,392.643551653272
44,0.0952788764104831,10797.79855967526,-6.208634066591342
45,0.09736254237981037,10305.891328397232,928.2783741977277
46,0.09944832814799408,9768.896741070057,500.18041905191353
47,0.1015460879802399,9512.673161309394,432.2299510702421
48,0.10364263756677322,9185.963523927829,244.90063437269444
49,0.10573893905394659,8856.446873687375,402.51186018626595
50,0.10783958559814742,8702.946576636448,583.5511698234483
51,0.10993894058501318,8402.210212231003,510.8230629830074
52,0.11203921431523854,8263.258294756055,329.5696758382353
53,0.11412334585697578,8105.10301354937,321.4819420508678
54,0.1162159397555423,8009.505103467794,641.780082623828
55,0.11831372048037725,7969.1648996028125,487.2129985206919
56,0.12039723118070132,7838.679402787687,750.9968083724358
57,0.12249223631878574,7658.515973322565,148.95128458034023
58,0.12458825984258635,7591.574485803604,525.3305800553719
59,0.12668846771583772,7422.482458661715,246.77693142759347
60,0.1287846620419941,7230.990892480486,261.88592946015495
61,0.13087133937881498,7061.867126745177,454.7485279230912
62,0.13297548334406448,6906.651237653026,473.29812665977556
63,0.13506910815256093,6673.96483135733,502.9150367155608
64,0.13716388258568254,6606.087695112189,314.72059640772284
65,0.13926047573721634,6374.7460716960295,661.9036387119863
66,0.14134668829083769,6134.419160977338,351.9072524092771
67,0.1434475230090064,5909.041532826116,356.2309692348105
68,0.14554528534185418,5734.057850141322,335.6271035703716
69,0.14763320610735878,5552.375409308221,448.18386621470484
70,0.14972114728432864,5473.209065929616,316.62591128422235
71,0.15181380487515775,5265.162872337876,425.8107524567639
72,0.15392114901003526,5193.435409588953,500.90152121317334
73,0.15602147473412367,5048.917807583477,322.11958626189994
74,0.15811617475881218,4898.048345723325,345.24913172529125
75,0.16021187122717997,4753.287230694457,347.4523743296783
76,0.1623006419462899,4645.86799556759,235.1885131769822
77,0.1643899033199985,4502.586514512409,297.34355037556276
78,0.16648355823815117,4458.16826696501,239.47610866179153
79,0.16857196837784735,4390.388324307427,361.82773572677735
80,0.17066413320893647,4242.292706040553,403.3666495430342
81,0.17277086992561352,4163.191967367519,507.3280614267872
82,0.17486965460096995,4114.897176231839,377.59035150530354
83,0.17695857694944453,4008.710369257276,379.7099561078885
84,0.17905245093155753,3964.7796669772515,306.1595438614102
85,0.18115265212612636,3890.300901694735,331.9055691221956
86,0.1832476884130739,3802.683820286742,282.8816678420997
87,0.1853312475833926,3720.966521932088,380.98452766991807
88,0.1874284892203219,3685.4101300610146,378.84074085444155
89,0.1895337179075755,3565.4566167583257,335.16635345838824
90,0.1916268196474026,3556.100276120503,269.0235831650504
91,0.1937183403446853,3453.1312971034836,420.64702877530823
92,0.1958131498886989,3387.6706810205183,355.3489394967376
93,0.19790587400989662,3330.5125004988263,342.8127268259656
94,0.19999906515978938,3272.71668077763,391.550321534386
95,0.2020893038374759,3211.673917715903,366.0531569084458
96,0.2041823192148178,3127.1891134238085,373.34271872556775
97,0.2062825911013838,3078.026547776632,381.52736035156295
98,0.20837701891459662,3037.12812162471,431.7672473753719
99,0.21046758167944032,2982.5705926298533,362.62071042483205
100,0.21256678542440183,2913.041167678732,379.30168611079523
101,0.2146619261104852,2897.576501042474,369.8295010364723
102,0.21675618057220372,2828.1816690001956,391.0817815425678
103,0.2188528705899679,2779.4257996225274,257.93095910513307
104,0.22094564274530842,2716.659315361413,349.10622260137546
105,0.2230395148320731,2695.5809490622773,383.25105698811615
106,0.22513567328585352,2627.3020556997303,378.69144133271095
107,0.22722785048644015,2604.6077220544294,351.5257334683596
108,0.22931975112872324,2561.1308927886844,387.35090979465053
109,0.23141147723465103,2522.6439678375946,365.6070574027515
110,0.23350584674782457,2478.404512198782,373.0337798001612
111,0.23560416522029054,2447.4690605412006,344.9661013389229
112,0.2377006336558307,2395.905355864478,355.20815106558024
113,0.23979727503904752,2373.9491349056193,329.84012970289115
114,0.2418944602532704,2319.7603953379826,379.8780119738803
115,0.2439884227569783,2295.7033053175946,316.1933827976665
116,0.24608359968283072,2259.7803320730377,396.5436845829924
117,0.24817552807053123,2221.826795563327,321.72638642221017
118,0.25026237006475704,2178.742977812086,336.73664929619656
119,0.25235861551053484,2146.7527232856646,316.56040508822844
120,0.25445470778669854,2109.8578099607194,373.8807760376589
121,0.2565487653287422,2090.091405944259,364.63223889149293
122,0.2586464955058471,2071.618340303792,381.14196578834185
123,0.2607443047329862,2018.7231733610524,391.33914801175695
124,0.26284383121734134,2007.9650601843746,373.55088690756145
125,0.264929885565984,1969.6218486056891,388.77261650560047
126,0.2670163698864118,1937.7577815040456,362.9855969991063
127,0.269112135390912,1919.1100643869065,380.019164544128
128,0.27120764961246213,1886.0507145729355,358.05731718048094
129,0.27330509996536784,1861.7260385202644,374.0250194053591
130,0.27539842121309294,1845.8662212947477,345.7085847958663
131,0.27749656900268016,1820.1842515181752,386.97857416444504
132,0.27959864364035925,1791.7430039263331,385.4438561680473
133,0.2816878213234348,1765.0994513213845,357.2230107357556
134,0.28377609558542155,1743.3916512488831,327.2329671509463
135,0.2858732754634003,1718.0163522501173,384.8426308489371
136,0.28796861590208045,1688.6870600086272,395.4255236031213
137,0.2900612915162532,1663.7718750127544,349.896796737682
138,0.2921547032025089,1644.1789753175362,360.81902827682967
139,0.2942501291133245,1624.641296629327,385.36447265895754
140,0.2963444256131289,1610.9128051709185,352.7561673992644
141,0.2984361415704375,1587.3225445035991,348.5310665447679
142,0.3005318840555698,1567.9935348694569,355.93050195360496
143,0.30262777760316095,1543.8365521133524,372.30468507637386
144,0.3047248035439954,1533.4917492549494,356.51866198976785
145,0.3068210272572538,1507.8570125478923,361.461494331141
146,0.3089144805088237,1488.5698222389904,361.5514898752138
147,0.31101080657849756,1472.9970410858948,377.6708243289233
148,0.31310885951912926,1447.6865771219543,387.0851383343597
149,0.3151991603466065,1435.361495962564,355.2386153979272
150,0.317288667284839,1410.8413450375326,372.79724964224596
151,0.31938044185106124,1396.765901192369,367.3820445872302
152,0.3214783648369702,1386.263620969273,375.488884605431
153,0.3235785211189416,1364.0620577198492,389.00417178361886
154,0.32566935894833426,1347.688254815999,380.86649284819805
155,0.32776077751211374,1337.9744775536783,382.64400449638805
156,0.3298523230655558,1315.9911165650274,377.10789273391936
157,0.3319485433973702,1303.4909337735173,378.645493281242
158,0.33404540358127904,1288.3599149262127,370.83807382904286
159,0.33613494177837844,1270.5187721130392,360.342406569169
160,0.3382313832787478,1255.9707041952927,363.02769817209304
161,0.3403308518124324,1242.1717928543897,365.54915155504295
162,0.3424246601457981,1227.8199069965174,372.6988856146182
163,0.3445197272986724,1215.1020859159783,370.42109825874337
164,0.3466158524641983,1197.2471985304248,356.86492500383224
165,0.3487089916477683,1185.0953230136279,370.8062783206681
166,0.35080114560367615,1176.6965126469252,372.4214477987057
167,0.35289356821720286,1161.447570510581,374.78647384528614
168,0.3549881110219297,1151.259228771001,367.8826469416792
169,0.35708559248027844,1136.7911422701973,384.6571940746686
170,0.3591813496003593,1123.632305218581,355.4414149593113
171,0.3612749400626811,1113.2081347499877,363.85224965801655
172,0.3633693413142722,1101.6506375895917,359.72748742488886
173,0.3654632219855477,1087.2066831897246,377.6289322617529
174,0.3675603773529471,1078.5004298171468,356.03738790235343
175,0.36965434919829326,1063.618339723694,347.76369426404483
176,0.3717418094879197,1053.3241239656281,362.44678138022516
177,0.37383404253825586,1046.53148499655,364.87180183686945
178,0.3759308579415973,1030.7157708875586,358.5311098267074
179,0.37802985088946095,1021.9270809489722,368.51570409556894
180,0.3801213498834686,1012.139641899432,360.32994930031845
181,0.38221306010699313,998.385967156992,360.3746918339083
182,0.3843141376638833,991.8354328883615,360.98250605584883
183,0.3864096355836929,977.909994432184,362.53920035869686
184,0.388502907295756,969.6267259157186,364.10491616165234
185,0.39059769208540335,958.0588178161332,357.6139933777708
186,0.3926958121232196,949.4405080883473,357.899137068082
187,0.39478921808384226,941.2910584720357,360.7998371301784
188,0.39687821409975554,930.4476634220272,360.48325331395074
189,0.39897073627813356,921.1975289686505,352.91329480303386
190,0.401067192451382,910.8127859040142,353.9425129073816
191,0.40316228148056854,906.5536729847641,367.40410594521666
192,0.4052546340249366,896.0530514281999,362.52014919809096
193,0.4073499183903822,889.3913549231669,360.39944087067084
194,0.4094468722071623,880.0785413469873,355.2620953640334
195,0.41154432885897757,868.262999199736,357.06281309933087
196,0.41363408239228544,865.0067215907839,370.13116426943486
197,0.41572494638156243,854.9198806844829,359.23701757468945
198,0.41782181997781404,847.2436183533707,362.4393176761726
199,0.4199166506307261,836.3569866108056,358.72212041882767
200,0.4220107143757513,829.1153538874672,352.7649797895239
201,0.42410542949066876,821.537801836197,355.65062275634
202,0.4262013850195404,815.1988578301465,354.54716295235164
203,0.4282955296445312,808.9047538843705,366.63555652650933
204,0.430391806688861,803.1205852844823,347.4659301322827
205,0.432488575457924,792.3304149402713,354.8839335850752
206,0.4345806090039814,786.1390025321914,347.95725183495296
207,0.43667244097425384,779.0102045110184,359.34388579843846
208,0.4387671492209622,771.2558273659928,347.74932625030254
209,0.4408622534544343,762.082619259753,360.27173660431947
210,0.44295516415095815,758.1027815997493,360.3974223134262
211,0.4450482683181851,752.9585444417864,355.599905560268
212,0.44714683875742495,742.8739769702194,347.0211508316816
213,0.44924362280569813,741.6903785282905,358.14498407072756
214,0.4513338633316258,732.7867253974713,351.17293023968426
215,0.45342753643259276,727.7947850238545,352.91241593690233
216,0.45552189548586586,720.1646656274348,346.55153325431104
217,0.45761716616081083,716.0595828699734,351.96799771714507
218,0.4597117909764672,709.4930229525714,352.71267877408565
219,0.4618031890496857,701.9724865689248,352.0425044140437
220,0.4638995470730997,695.1546810017002,344.28227723620114
221,0.4659948171464902,689.5579825855972,348.4170905745147
222,0.46808929446972725,683.3460904051869,335.44207757768544
223,0.47018492649495636,677.1437449093183,346.2875643108505
224,0.4722792778491551,675.6770303981048,345.11591052104166
225,0.47437272572904565,666.8381809108131,343.633989367286
226,0.47646593372141327,661.6532628359117,345.18273116549017
227,0.47856230727426236,654.447805029077,349.47836677563714
228,0.48065904058976644,651.9480203152344,341.4650753309586
229,0.4827512226177774,645.1353456118719,342.19416260296765
230,0.4848441163240575,643.8076498756843,344.6086075614892
231,0.4869397730506266,637.5058078730945,348.7045298248437
232,0.48903678813400875,630.8602104831365,339.4543187205436
233,0.49113096964965397,626.2955887770836,345.29537691594345
234,0.49322332174786626,620.9930532623334,342.62470936961796
235,0.4953187148676145,614.7681690235686,341.10608181807703
236,0.49741120358770496,611.5831965466573,340.04865243161913
237,0.49950082345999325,606.086373857678,335.42628614796234
238,0.5015952506837275,601.7247457706668,337.0775431269387
239,0.5036919972981919,598.4345400144634,339.53485433233703
240,0.5057872116617207,592.6054158649076,339.08538746787775
241,0.5078828569897101,589.4734812503402,341.7970533692905
242,0.5099793452386306,583.5835872096211,337.68673548474
243,0.5120767256379639,579.0370683337719,335.14876636399225
244,0.5141702395931294,575.5329538860797,342.6689886763704
245,0.51626132102766,570.0583345846615,337.9461453895034
246,0.5183576899265504,566.379664928518,339.89558670564827
247,0.5204524416424112,561.3462945064017,335.0174255502566
248,0.5225430403510469,558.04731864541,332.52185888921156
249,0.5246378991347941,554.5114272020345,335.3580802206761
250,0.5267345150769579,550.9698169176114,336.981557478263
251,0.5288284644781793,546.5963331342479,334.80649533514134
252,0.5309200047543352,542.737127353205,331.6426714884586
253,0.5330154787982235,537.5997810505326,334.04690406259914
254,0.5351140455458262,534.5904634094359,334.06325463082675
255,0.5372066203065362,532.240385693401,335.1976912956518
256,0.5392991990272246,528.0177130035105,336.62291672928546
257,0.5413944118270408,522.6205524573663,330.385523088404
258,0.5434881995106379,519.2621698099172,329.1716615530261
259,0.5455829952492127,517.2430945085108,331.0714349338599
260,0.5476769745662954,514.5594516049224,334.1666357955597
261,0.5497697255495043,510.8158126066733,329.4801928277957
262,0.5518645446467839,506.161557709764,332.80670013872833
263,0.5539598571350287,502.2075821366543,331.44173134374444
264,0.5560564538950566,498.5046691277488,328.2489276207595
265,0.5581500505101624,496.65996212267146,332.6295275778864
266,0.5602409063261653,493.0723530769534,329.21630303419647
267,0.5623379637803174,489.7606845963407,329.28884269967926
268,0.5644363283026402,484.83144928555095,324.55812731400124
269,0.5665273824761494,482.1076547103849,325.17972586301033
270,0.568621249018378,478.5902549532078,326.0034911808197
271,0.5707181447612965,476.17657399325856,324.1828644651934
272,0.5728127938597997,472.9637363585825,323.81792103400585
273,0.5749070881546879,471.7201234397142,325.4343396575241
274,0.5769991470923068,467.37977695079263,327.2902081484121
275,0.5790956911760897,464.4661409539843,325.32553605874944
276,0.5811893306261757,461.642889011111,322.95498723837375
277,0.5832802267374103,459.7983238631169,323.52773509702115
278,0.5853761830306536,456.0439794433248,323.4114077398276
279,0.5874711784415975,452.57818413959353,322.02243177402767
280,0.5895653958899879,450.3410183608472,324.5156942479126
281,0.591659786459685,447.46493581981684,322.3904406920391
282,0.5937551851921442,445.91813938661545,322.2275727147991
283,0.5958498092767481,441.745067694044,322.84262360517505
284,0.5979447066705442,439.3936791613705,321.1419079516527
285,0.6000383505174957,436.9061298084104,321.85241318401586
286,0.6021313016181767,433.7843392328183,320.08025014693044
287,0.6042246965556944,432.72581465879443,321.94817755306696
288,0.6063189733697846,429.9486365849731,325.30982465523647
289,0.6084147213727373,427.07657528826087,325.7235414568713
290,0.6105090855473989,425.93273576286424,323.4256552528014
291,0.6126037649785722,423.5650808306214,324.39646525806967
292,0.6147002391370655,419.7664088141086,322.611414666652
293,0.616794938930829,417.9369689139075,318.94369478282306
294,0.6188886865784012,415.30973001929925,319.62100691267614
295,0.6209825762252046,413.83184064692534,325.34296535741476
296,0.6230764414889526,410.54552875685977,322.8448748790048
297,0.6251725389343245,409.1343368811461,320.6303463497645
298,0.627266923011265,405.9621840383686,321.41101730176564
299,0.6293596211388142,403.76176365081307,322.1412295427564
300,0.6314513250607457,402.78247195035027,322.73965938226763
301,0.6335475720513941,399.5406806943325,320.1263760266139
302,0.6356444982495617,397.48850589981095,323.0625488396669
303,0.6377358562255245,395.2571201589329,322.4708255322489
304,0.6398302949107263,393.83140078578,320.9890340846218
305,0.6419256185614247,392.78966571326697,322.7089515166652
306,0.6440214843206593,390.88749530537996,322.2504173876846
307,0.6461142033434962,387.83154012586596,322.31047261027254
308,0.6482061138478032,386.7145375883619,323.69576634905474
309,0.6503020867345045,384.71928227298247,321.9933659655241
310,0.652398185537932,382.0968291930648,320.47918457910095
311,0.6544932048530038,381.31917562011216,322.39014594909344
312,0.6565867871776386,379.55790790596933,323.49236392685236
313,0.6586827890115348,377.69044628769143,324.8812574766903
314,0.6607793300725506,376.29610912318003,324.0244796685022
315,0.6628724964198541,373.9197726941397,324.38618684167875
316,0.6649654402217313,372.8868503270168,325.4010877807556
317,0.667059865407609,371.2302816842286,324.43280660281914
318,0.6691532523078332,369.16139331765146,325.1940174507106
319,0.6712457992597233,367.4071529301558,323.58533486702163
320,0.6733390782258323,366.0249787146052,324.5313765146707
321,0.6754367503383576,364.0532349837703,325.9778986635588
322,0.6775335143160066,363.44823534786394,327.7547679190713
323,0.679624621064033,362.0412092410604,326.3827203705886
324,0.6817180292738917,360.22957929818295,326.82216296969364
325,0.6838149015047629,359.218013898487,331.14096226368315
326,0.6859101434268815,357.5062515907215,329.46277365305696
327,0.6880046468184081,355.82500828537894,327.6135069315218
328,0.6900999637264865,355.69086588713367,329.12042250125546
329,0.6921965733216279,354.57782746198006,330.1524701292078
330,0.6942884945981568,352.9479493143704,329.8558439574292
331,0.6963781649531228,351.12375237619705,331.2840786284722
332,0.6984747371200234,349.9433627769791,331.1217676849739
333,0.7005690388882679,349.2827143454711,335.81821669693954
334,0.7026621579778546,348.1497291222387,335.8494103872499
335,0.704757268847954,346.59818131416597,334.7441048868563
336,0.7068509057629639,345.1694731744497,334.7465556267783
337,0.708945644402387,344.8894171495242,336.14540443337495
338,0.7110406815970572,344.14224747849875,339.74122992858605
339,0.7131372373036142,342.75422257990846,338.85554915574585
340,0.7152323589250973,341.23272638515493,338.8775468367063
341,0.7173245162021571,340.7376989226346,341.9576779656492
342,0.7194199711852413,339.9959066678889,343.4630529316841
343,0.7215151322330351,339.5009322743368,343.68304114069343
344,0.7236102334592447,338.6083916473765,345.635892368856
345,0.7257047129497166,337.81748942703643,345.6328599364951
346,0.7277958825256088,336.20211840412156,346.64203783483975
347,0.7298900912292255,335.3330538698963,347.016494649846
348,0.7319867159780691,335.10529570292937,348.8470755866256
349,0.7340808521059053,334.0659011548343,350.6897314160868
350,0.7361738853270124,333.73182241089955,351.53056877226805
351,0.7382682123604443,333.22147381011007,354.50302356547644
352,0.7403641944498084,332.9031678135268,357.9743282059853
353,0.7424576311971561,332.3649590724851,357.1469043319908
354,0.7445523870480827,331.61462684397964,358.5270881710007
355,0.7466478284648128,330.9321236885326,360.3215829689239
356,0.7487413917548734,330.5748199669273,363.8263873404635
357,0.7508354594737505,330.4255840586714,364.3474312566749
358,0.7529278056847568,329.9716514115715,366.64491618299235
359,0.7550230257904859,329.1844476751154,366.0752109588609
360,0.7571167923480437,329.03378358893815,369.54084443654784
361,0.7592113317151179,329.0192348088554,372.35006889304776
362,0.7613074731933067,328.06168290064085,371.83910625483617
363,0.7634009581307508,328.75418255816743,376.15195340505363
364,0.7654969266569684,328.8152973381186,381.1527699828756
365,0.7675905899780763,328.2719469522189,381.93271271175763
366,0.7696837880547684,328.9172926409305,386.51745075331644
367,0.7717795008463626,327.67311181195026,385.8045362214567
368,0.7738757788346248,328.1990402919491,388.6428765607347
369,0.7759706260990727,328.3873717103533,392.72901864199895
370,0.7780620795267656,328.42591195576,395.7674757680755
371,0.7801559906208961,327.8920638092246,397.252033050342
372,0.7822523136569128,327.7490694809987,398.605680205349
373,0.7843481481853999,328.51688985888234,403.4633766134603
374,0.7864425511046899,328.9371272224046,405.7303801057262
375,0.7885343495966205,328.5815926360314,407.73222877112437
376,0.7906286372458883,329.8821900685449,415.13227696103723
377,0.7927244345313397,329.3588023624385,417.2026298359327
378,0.794818005513127,330.0284647141955,419.6460978526439
379,0.7969121491149282,330.34596001605837,421.96074240302204
380,0.7990047112993173,330.04511936927946,422.7953300406352
381,0.8010984966914405,331.0300938009941,429.62815837701334
382,0.8031950165575023,332.3781720649371,434.5869290766317
383,0.80529055904954,329.5915559261986,423.4535649641581
384,0.8073868607794276,326.0904831532908,404.18763573063876
385,0.8094799923089985,321.0224478721915,383.3350606680775
386,0.8115723232550889,319.18828484533606,367.89315110858956
387,0.8136672975922271,315.71070648290856,351.03643546196304
388,0.8157631100610689,312.1031358035144,334.94083375791695
389,0.8178569790142735,309.61036570732745,318.9206082104267
390,0.8199506303068442,306.2305236803859,304.86580053857244
391,0.8220462665916841,303.4464328714177,290.41225623008205
392,0.8241405937791958,301.8450266304913,279.9213552238778
393,0.8262325853224312,297.73697858999594,264.28141337391
394,0.8283265675885274,296.38701114916336,254.9943650619015
395,0.8304231027322762,293.79827751423346,242.30439446570776
396,0.832516312308734,291.77861550115983,231.4250144187682
397,0.8346104967180491,290.36649183665537,224.7940919776992
398,0.8367055646585567,287.52549745611464,211.95684747590838
399,0.8387997810841866,284.9293804223878,200.8059478453264
400,0.8408959249120883,283.0292021586836,193.27538206934082
401,0.8429902851163829,280.7978938259981,182.1885896462769
402,0.8450834013034724,277.9981633346099,171.82335791723239
403,0.8471787052036875,278.3729221915781,166.64573472629914
404,0.8492741754489669,274.9178792574543,157.62873989746333
405,0.8513666186650054,273.6616651101623,148.56447495676423
406,0.8534586558453424,271.7464230273582,141.5749673551921
407,0.8555555147205227,270.30396839197687,135.72112953076945
408,0.8576510528712873,269.12787858199624,129.0190316708045
409,0.8597438531231701,267.0117336643846,119.83062458709244
410,0.8618396600787528,265.6530551966536,113.6682725947164
411,0.8639352641137702,263.07145354826486,104.55105619645906
412,0.8660278348127696,262.5616026766948,101.26669684178373
413,0.8681190723532742,260.4219920938653,92.84851864671039
414,0.8702145301226206,260.20845933009656,89.72279603028902
415,0.8723097299260473,258.58299163783806,83.18177142201272
416,0.8744009465527449,256.82492590496196,78.50581426446168
417,0.8764962014565297,255.01086771456386,71.2762716192864
418,0.8785921785819074,253.65821369373387,64.95438055891184
419,0.8806862529738079,252.6700736700794,62.48919718319349
420,0.8827803474942315,250.93105921735312,55.51594703325492
421,0.884876552415157,249.88082287087585,49.46977974204748
422,0.8869727619955021,248.85140104190026,45.23796958603491
423,0.8890661549276524,247.82175646117824,42.74535735039873
424,0.8911606435626759,246.444610899317,37.23357289041322
425,0.8932564177642083,244.925519677903,30.231033016947688
426,0.8953515942364704,243.56795701308894,28.399102553099915
427,0.8974449590572777,243.156635453971,24.36089656071341
428,0.8995380126042275,241.64180868455372,18.248449031006274
429,0.9016308480731973,240.9890072657033,15.2733000510215
430,0.9037248205752632,240.080982771231,12.572874454823607
431,0.9058194398636225,238.81210491747984,9.351929875774877
432,0.9079139093175219,237.89472085568684,4.413571766602784
433,0.910011764746055,237.17667500438262,1.5058274712271704
434,0.9121056647167038,235.967408750255,-2.16440792470557
435,0.9141967683902507,234.89086753959208,-6.0639647162689405
436,0.9162922424058753,233.52297912561866,-9.032790124499524
437,0.9183868595164038,233.0392682445343,-13.920854661028462
438,0.9204815946523948,232.36035607278032,-14.865587485178521
439,0.9225765682279964,231.99479394647872,-17.891255508528467
440,0.9246708776548578,229.91982074156397,-22.65471727386791
441,0.9267650233208798,229.78587091868903,-23.60422727343428
442,0.9288581102404102,228.74762030739524,-27.3790434481156
443,0.9309518934142385,228.01948106957784,-28.935150830711173
444,0.9330469160925099,226.93074303008044,-32.28185529932524
445,0.9351415764644654,226.59179814012882,-35.877042630592335
446,0.9372369506587555,225.6230786432352,-38.95476997539938
447,0.9393287530448476,224.15736916996545,-40.5886906875224
448,0.9414229216419412,224.11806418036704,-42.88683407782092
449,0.9435209341962445,223.40817577548856,-45.06018084035066
450,0.9456148252799238,223.10797750201797,-46.881172289655304
451,0.9477091255207061,221.94058492892475,-52.181199527798185
452,0.9498037238864095,221.2363381294435,-54.60446921860795
453,0.9518981043411001,220.8371224205828,-54.83746152642119
454,0.9539914706287521,219.8351172057057,-57.924651937023384
455,0.9560859977890608,219.66424196025338,-59.37568297307695
456,0.9581821096695351,219.13116311389211,-61.57764498852076
457,0.9602755737793266,218.05826648562993,-64.05237427755011
458,0.9623691838562978,218.5291079742287,-64.55558215257636
459,0.9644636726355348,217.7159148238709,-67.41490315194699
460,0.9665572681340019,217.52688427289903,-68.0675663333282
461,0.9686506726657692,216.70891502151423,-72.12953115250751
462,0.9707453651438224,215.49729302795237,-74.75535899383533
463,0.9728397447984573,215.277597827768,-75.93647885774
464,0.9749341599912872,214.32112171365185,-79.81992878511319
465,0.9770309382258842,214.4332573374525,-79.42891776841864
466,0.9791243621626365,213.3849295073129,-84.05874152021096
467,0.9812186011668534,213.85367779714053,-83.99576554920691
468,0.9833152549762485,213.09099503244607,-85.71851556464144
469,0.9854083366977224,212.3501647670229,-87.97382842754658
470,0.9875013366256304,212.59214383433255,-87.52325207133828
471,0.9895964031766183,211.94812387964092,-92.67430176340298
472,0.9916911272506032,211.97222101793227,-91.20314532622128
473,0.9937856031740195,211.13773830503507,-94.1728127946623
474,0.9958807301039379,210.6943121744631,-95.31256279258197
475,0.9979746323874407,211.124812337909,-97.26974072688594
476,1.0000664008054638,209.70051540419925,-100.71129548223884
477,1.0021595314674534,210.16665275028495,-101.05766536164941
478,1.0042547648495364,210.70347299365486,-103.30705565559953
479,1.006349085630113,209.91073176963104,-103.0277893897344
480,1.0084443367657523,208.97877351002637,-106.09953174299608
481,1.0105398481990022,208.97598372761826,-108.83276430440894
482,1.0126348213072522,209.45811345179197,-108.12861938445081
483,1.0147293432188107,208.53180189548507,-111.85524479075323
484,1.0168223222913106,208.15131204279973,-114.01997934417915
485,1.0189181991118834,208.26378238242305,-116.42007537754765
486,1.0210135889667047,207.60939927315218,-118.77662941565687
487,1.023105517395174,208.14327500716706,-118.96181903813073
488,1.0251997072975425,207.58081534439677,-121.90559519595003
489,1.0272950549324347,208.53914746996855,-120.65218342480732
490,1.0293904044607038,207.04109649980543,-124.25237649105713
491,1.0314847550764672,208.15876630915824,-125.94098594760129
492,1.0335791521913305,207.69717295008354,-124.82736397666542
493,1.035674282724225,206.95447603338036,-131.86072346011176
494,1.0377683744197583,208.15076421231296,-126.06232966154909
495,1.0398611358062981,207.30744579205813,-131.6279186521005
496,1.0419559810580585,207.95987794100543,-133.11472128750572
497,1.0440519355231435,207.5430116477214,-134.7323591650698
498,1.0461442665368221,206.4751598860608,-139.17776688972472
499,1.048238151325366,207.80628191201225,-138.02313140798398
500,1.0503312794335307,206.5612261634399,-144.9007202414317
501,1.0524262698953144,207.79629856661944,-140.30462334810565
502,1.0545208315883745,206.2244855180399,-146.19114789793028
503,1.0566150350094698,207.25153126836952,-147.7974803253913
504,1.058711440318921,206.7068685860386,-151.5380504598859
505,1.060803734980524,206.7131144981216,-154.92048383995592
506,1.0628970711462522,208.28445728932317,-150.57955764440175
507,1.0649945592352892,206.87989663242627,-157.74234849698163
508,1.0670895920886003,206.67340512908478,-158.7648191364439
509,1.0691815189460832,206.7750062465894,-161.64229849572604
510,1.0712752972137536,207.54680326940888,-164.90983309978694
511,1.073371173619778,207.54469567433702,-165.8506208186022
512,1.0754657024825272,206.8642760377656,-171.91681079669542
513,1.077559391113827,207.0388744346085,-171.2713043745302
514,1.079654167044188,206.00208215406042,-178.44475271762573
515,1.081749685406742,206.53902930005594,-180.9026200675014
516,1.0838429051818583,206.0617712809071,-184.94748014796122
517,1.0859346611894292,205.18009223090658,-190.7496215697541
518,1.0880274765489322,207.1041682554235,-186.94327933684562
519,1.0901226378244568,205.0350401537962,-196.79532542276576
520,1.092218906510469,204.20470753410683,-202.66234463631616
521,1.0943142405516277,206.59238026149703,-200.55118467027157
522,1.0964083656069452,203.2843580627699,-210.61862179629244
523,1.098504575117021,205.7412677602224,-208.59464038869052
524,1.100598880587325,202.1918626158289,-223.01597242738657
525,1.1026907648634887,203.4072337254585,-220.68298718797433
526,1.1047864761829782,201.64079559202082,-229.77514564492986
527,1.1068805633882368,201.1361756902126,-238.31921111971883
528,1.1089715885079452,202.08637337911213,-236.09904319241033
529,1.1110674731376504,198.34755850351257,-249.18867663600324
530,1.1131638031712348,200.96666515189457,-246.51720432499522
531,1.1152567400703868,198.23933277944124,-261.728314248542
532,1.1173518797395834,196.1653494735551,-264.1380073442831
533,1.1194466841667583,194.73292859378034,-275.68126485115243
534,1.1215386388653605,192.19341743505908,-283.0470263706823
535,1.1236321502294464,193.25724335330676,-286.5303978134064
536,1.1257265608788465,189.63182161393942,-303.9527389573583
537,1.127823511019811,188.2041082864041,-305.3289979984247
538,1.1299186917312898,183.55955755671462,-322.37297037867495
539,1.1320102853860914,182.73716564320486,-329.4641516703872
540,1.1341022265777971,179.91909970998938,-341.55991948654747
541,1.136196488705377,176.03615786406772,-356.1210040546856
542,1.1382919496812383,171.70438971956716,-366.1645048094941
543,1.1403848113573067,170.33547173706975,-377.9187686994807
544,1.1424801205078854,168.11623110087388,-382.8082518059432
545,1.144579099546908,166.34060795405853,-389.76563193659285
546,1.1466743733674984,164.97944220601636,-396.73034092479173
547,1.1487627957344069,163.9721078026687,-399.43568711313446
548,1.1508586543248278,163.24855824541618,-405.42535171802416
549,1.1529561980713183,162.6532686783837,-413.0623570994001
550,1.1550454984226184,161.36790009349977,-413.1713182705097
551,1.1571409429142046,161.05741227268868,-419.5613512796908
552,1.159240859340017,160.38397495537387,-422.18746157264223
553,1.1613355832020602,160.14959480668048,-426.3914198992605
554,1.163423871831942,158.49692941956067,-426.7027502561595
555,1.1655188736812345,159.42889928903043,-433.8774569598578
556,1.1676174368768866,158.4432186049036,-435.6902543372144
557,1.1697080797153998,158.08011725242434,-438.7842196323495
558,1.171800206369591,157.51300170918455,-441.9125554465492
559,1.17389591489135,156.61749333778693,-444.48178303868895
560,1.1759888523797297,156.65660184665208,-448.02709053630673
561,1.1780809947202961,157.45706902485472,-452.50636062842835
562,1.1801761196344618,155.590615594771,-452.48347239278957
563,1.1822736635654147,155.6271740342666,-454.9136586671462
564,1.1843710306693693,155.95944815066233,-457.56806404760545
565,1.1864625384002512,156.07402835980454,-460.00339460435663
566,1.1885545198904406,156.65152515672563,-464.6023113221333
567,1.1906522613678343,155.88252807458278,-466.8129285081439
568,1.192750069492095,156.39497922502372,-470.96455827560067
569,1.1948381381583106,156.31733522634434,-473.37959820016806
570,1.1969297222624806,156.8828215820181,-477.6714973045896
571,1.1990290164311135,156.36662718805673,-478.376326572844
572,1.2011243924560484,156.54605530911056,-480.0163604370076
573,1.2032149592826593,156.24219871449546,-482.5232194073914
574,1.2053132365828256,156.42729752546862,-485.1661367827833
575,1.20741576508926,156.6083415865727,-488.6613061476687
576,1.2095030565711475,157.0635056257493,-491.2409552543838
577,1.2115949657999687,156.64344992413695,-492.1022047651565
578,1.2136960046145377,157.09456638747722,-494.4594747043282
579,1.2157928316049589,158.53768471247986,-502.4686718070126
580,1.21787984102748,157.48275417838784,-499.5824379349602
581,1.2199725120701903,157.2714329216743,-502.52676759927664
582,1.2220773486348555,158.805264465278,-508.04382767254145
583,1.2241717280648772,159.27935670600382,-511.3052548922421
584,1.2262574809145717,161.11763044186608,-518.176577341542
585,1.22835205989159,159.16537244230793,-514.1507700444795
586,1.2304511070315651,161.78803049975537,-523.5706344783466
587,1.2325439941641703,162.25482944318807,-527.425281362758
588,1.2346327282165248,162.476480961183,-529.6904140692891
589,1.2367296121231413,163.14925899615662,-533.3757190046831
590,1.238832433751825,163.45216047274772,-535.6550305867871
591,1.2409238541102623,163.0266315410902,-535.9554235777595
592,1.243012379245932,162.89499645578672,-536.7720310229379
593,1.2451094606314712,164.14850233423934,-542.4901421819056
594,1.2472066170026377,165.63982547678847,-547.8411531124005
595,1.2492929515805862,166.51923625586133,-551.8057585411276
596,1.2513843202334647,167.0698206639599,-555.3910041113867
597,1.2534920777891505,166.72547985633537,-556.1186689691525
598,1.2555889180496558,169.02376350402423,-564.159961248488
599,1.257667580798784,169.3255695056006,-565.9013670084985
600,1.2597632986068967,170.67977784321516,-571.5713246215815
601,1.2618709074503869,171.95129207886154,-578.1355844187868
602,1.2639618917954016,172.7482837884254,-580.9971004939661
603,1.2660463256389345,174.06350718090025,-586.7884006537246
604,1.268151380164154,174.9064154982225,-590.2286064896797
605,1.2702573897615381,175.62410067087728,-593.1554953625581
606,1.2723329096911193,177.7043006014003,-601.5766309317905
607,1.2744197010315288,178.56131244338414,-605.7154909115405
608,1.2765327006010119,177.589643418779,-603.5067618334014
609,1.2786342467193723,178.54051731108697,-607.1930853056448
610,1.280707182799757,182.54920805667118,-621.4177380175415
611,1.2827931530633179,181.91049685638393,-619.9416124388853
612,1.2849085387747612,184.35369761935095,-629.60987209614
613,1.287000364654089,187.13089121899029,-638.631720761211
614,1.2890781709908103,189.34740933253377,-647.2803839558885
615,1.2911842108955598,190.77346118871674,-653.9928802668949
616,1.2932965864662813,190.07350298407542,-651.9585971987976
617,1.2953774115066516,191.08770899063268,-656.2269169182332
618,1.2974494068131983,194.01095076668526,-666.758076945296
619,1.2995653278098822,193.39240395070263,-666.7288504785814
620,1.3016791376111048,196.8396265524348,-677.9523765067615
621,1.3037423234004764,196.78636881665344,-677.9611907325198
622,1.3058199114096363,200.39700836101574,-690.1879611404369
623,1.3079467955462118,200.69281437194326,-693.1079849213945
624,1.3100601882305882,203.0891771776577,-701.7054666541156
625,1.312113308135768,205.66560904106547,-711.3085720343204
626,1.3141962752176515,211.28637761202285,-731.3133304009592
627,1.3163277077674513,212.54027366334606,-735.4548995282568
628,1.3184175493918626,212.49181679908824,-736.6107301070215
629,1.3204856618221223,215.67278872362772,-747.7601988505799
630,1.3225968812824558,213.83011413029598,-742.125306126824
631,1.324712528812616,216.85871205655047,-752.3607348677549
632,1.3267701241226586,221.34736788152233,-768.2671557204425
633,1.3288455369869492,226.17650864109171,-785.1974398442753
634,1.331007859279665,226.65460907389433,-787.7668025988709
635,1.3331193077637633,224.87311497774317,-783.0663482787629
636,1.335111114646517,233.4286377641024,-812.4475970449847
637,1.3372000138113185,232.19289724166455,-808.9422437047831
638,1.3394207042773567,242.62352192953392,-845.8418880419331
639,1.3415191831855293,235.58650325998525,-820.4606550576985
640,1.343419658472025,238.23941875951508,-830.2511779710856
641,1.3455475267642247,247.89074117634394,-864.4752791275587
642,1.3478257671998863,251.24278805366095,-876.7149438664621
643,1.349910545699746,253.06236690542457,-883.6124050290638
644,1.3517701887420612,254.92165699734963,-890.4469971567551
645,1.3539417100377606,256.599975444496,-896.9145276189598
646,1.3562514521124112,264.90678507711067,-925.2383118047185
647,1.3583044750242828,264.7132951538252,-925.2199792765651
648,1.3600937081391848,256.89647191396824,-897.307329671563
649,1.362315666351114,271.53059210342576,-948.0844978524664
650,1.3646739887244697,271.20212133342676,-948.9568897428868
651,1.3666040349314283,279.9644209032049,-978.5101488555339
652,1.3683585203137423,282.1633401799668,-986.577417945681
653,1.3706879171444677,306.1837416506017,-1070.3688992240086
654,1.3730812726720756,304.9800813669504,-1066.6894656727243
655,1.3749143385354152,290.1857589930117,-1014.2958052978568
656,1.376679031839902,290.4683548724377,-1016.378045647599
657,1.3790764132796052,305.97167533401904,-1070.445493431164
658,1.3814727924700456,316.4347317565311,-1106.9235538291491
659,1.3833424067073374,271.72726375876925,-951.6532996809655
660,1.3850593718572481,331.8225763486344,-1161.483796083705
661,1.387433769507078,318.1285721411296,-1112.9649384540623
662,1.3897620281243455,289.46764965203005,-1013.9712102797494
663,1.3917897627196847,307.2318734590068,-1073.9944501190303
664,1.3929979117318791,1384.0005344123288,-4844.00187044315
