,k,Pk0,Pk2
0,0.0029665470748989845,7150.497147184288,-6993.991261018742
1,0.005026374055021859,8572.254857911741,4882.055601519568
2,0.007149300621522788,9809.668817625414,-9924.99825374667
3,0.009278869254964255,12348.108359539614,5942.367780704862
4,0.011450332619344701,13547.324087754912,-6659.502586670489
5,0.013492955871419151,17630.237530319628,-0.9081230765093379
6,0.01558905561191893,16141.834548803841,-311.12210809109996
7,0.017694083672553172,15794.652050476492,-5645.329270115461
8,0.019817874803135297,17173.199661198254,6065.226703899274
9,0.02192074938196264,16671.092231314677,1945.035961956536
10,0.02398877635566245,17076.896576631363,-256.7673370287804
11,0.026092869718961156,16094.159062433946,-2443.1005795370334
12,0.028234663152781798,15615.072666229982,-896.8807008372736
13,0.03032284873509123,15424.823069489239,802.1366612675225
14,0.03240263258943404,14729.280269031515,769.2838595480738
15,0.03449210129864554,13668.837955372797,-149.8823490609813
16,0.03658588147515197,13653.830176981643,2628.4086524607205
17,0.038684769492669774,13344.247755239461,599.0382487994254
18,0.040788988884582836,12472.118780304878,39.25185355159869
19,0.04289390876967646,12147.024341946782,-149.30917266915247
20,0.04498336005546935,11573.611975879096,2229.0120700451625
21,0.047064985294738244,11291.375168925595,-299.7938245697693
22,0.04917111919158227,10843.50223582467,142.37332475388487
23,0.051262169141742274,10577.410949165876,279.70824984356847
24,0.05335525146837034,10386.246321733452,1073.237009148009
25,0.05546637228956934,9817.626005973378,-143.4662799105569
26,0.057573188192548086,9809.604064466468,918.6151504630217
27,0.05965884044590281,9341.193961304436,1017.5039373153217
28,0.061745123021595065,9427.372926927153,-37.80094678272427
29,0.0638268929113719,8927.180571186562,626.6832143153349
30,0.06592966228838451,8527.336768492656,331.67019819053036
31,0.06803125784825748,8625.672830255777,35.70249747195242
32,0.07013131008699486,8126.2507319731585,-272.5904975644363
33,0.07223032366074338,8046.347657895653,-217.12543493728938
34,0.07432334270720506,7752.006016890067,452.6929658605936
35,0.07642066756954473,7633.891982155073,187.04257278103097
36,0.07850471694556041,7428.905298642964,183.66159943875772
37,0.08059701946059529,7001.486675827493,63.522281488990416
38,0.08269521798132064,6837.114515743801,-45.11464941170034
39,0.08478307522909848,6559.914478131801,156.983543342133
40,0.08687780839616016,6399.751812127321,274.085289600542
41,0.08897524569656534,6115.4253702726855,149.22696260872962
42,0.09108077810470518,5906.552408437404,191.10352934293778
43,0.09318432266948053,5721.327858743509,148.75010998709533
44,0.0952788764104831,5592.51459940978,405.60783839117937
45,0.09736254237981037,5484.66204290685,380.77962135956597
46,0.09944832814799408,5246.860003665974,262.3480302521948
47,0.1015460879802399,5194.997070862277,136.88839362039806
48,0.10364263756677322,4956.548116858777,122.74314841660319
49,0.10573893905394659,4859.385123975622,255.1133519436281
50,0.10783958559814742,4732.242775192729,205.5365404793888
51,0.10993894058501318,4688.613785488047,397.7881504058746
52,0.11203921431523854,4473.077469209157,238.75713537336057
53,0.11412334585697578,4388.4763381568155,445.3838964062011
54,0.1162159397555423,4307.5137626367805,340.07666384293645
55,0.11831372048037725,4233.229570124028,141.9648719593716
56,0.12039723118070132,4127.305869039224,298.20700787054824
57,0.12249223631878574,4034.436297320345,138.715977414816
58,0.12458825984258635,3964.7271474326067,260.016509081455
59,0.12668846771583772,3890.77484954832,196.16250824979195
60,0.1287846620419941,3816.405012343664,143.6248981371321
61,0.13087133937881498,3719.657547556066,365.3946561075598
62,0.13297548334406448,3661.400199118905,54.205637850704406
63,0.13506910815256093,3527.176906711983,175.78595219545142
64,0.13716388258568254,3480.336791389795,207.75310622295578
65,0.13926047573721634,3378.8923221452983,205.88589230514935
66,0.14134668829083769,3324.3704053559363,76.3196678509563
67,0.1434475230090064,3209.9337508461253,249.19926043339717
68,0.14554528534185418,3171.2578694535678,162.30790310357463
69,0.14763320610735878,3113.209891502863,122.94742753901974
70,0.14972114728432864,3034.9969551948107,126.09344173654499
71,0.15181380487515775,2926.914467804411,160.50824312050733
72,0.15392114901003526,2896.1459714893617,97.50945290112222
73,0.15602147473412367,2818.305835344024,250.51674773228652
74,0.15811617475881218,2747.979947520282,88.25017236280677
75,0.16021187122717997,2721.8398414150506,137.2483693214178
76,0.1623006419462899,2639.3843839927104,188.67198069239538
77,0.1643899033199985,2577.678147640747,132.29690438077554
78,0.16648355823815117,2564.586043816675,160.30655528497863
79,0.16857196837784735,2497.8820703402816,203.3541922881594
80,0.17066413320893647,2461.465202487916,209.973764695811
81,0.17277086992561352,2436.42608588814,153.50073331756568
82,0.17486965460096995,2381.5875818748746,135.32274404678563
83,0.17695857694944453,2320.767199643437,153.08579972769047
84,0.17905245093155753,2315.346084905936,203.76127763355495
85,0.18115265212612636,2260.0739820542626,222.42286267907716
86,0.1832476884130739,2233.3556997274386,153.13899026316471
87,0.1853312475833926,2191.3894830391932,147.1983989480742
88,0.1874284892203219,2155.8456412450546,167.48394735739672
89,0.1895337179075755,2112.004857677139,174.82281111101616
90,0.1916268196474026,2081.8513474565457,178.50355715901196
91,0.1937183403446853,2028.340721001355,181.83025943754794
92,0.1958131498886989,2010.1887391471803,174.9847315967076
93,0.19790587400989662,1955.462801538985,155.22974122443946
94,0.19999906515978938,1932.5300589316214,211.74310763111842
95,0.2020893038374759,1889.0103567727788,183.05887243336227
96,0.2041823192148178,1873.7348821290807,115.59038004617415
97,0.2062825911013838,1841.2501130956568,174.4076784997032
98,0.20837701891459662,1808.9474287704927,165.59426626162377
99,0.21046758167944032,1789.4667138754935,142.32931027546744
100,0.21256678542440183,1740.4512089970456,109.69366180697382
101,0.2146619261104852,1718.1663503431528,158.11093994391592
102,0.21675618057220372,1698.115364000686,167.13506718648028
103,0.2188528705899679,1665.9930676904964,158.01641183019927
104,0.22094564274530842,1638.895217873296,173.22686917263692
105,0.2230395148320731,1614.6968943157112,160.45240057269226
106,0.22513567328585352,1588.6214245465978,170.1433300890549
107,0.22722785048644015,1570.5433316369906,160.33959492132917
108,0.22931975112872324,1544.164197442522,128.13955446371114
109,0.23141147723465103,1522.9178031918552,225.44758828806764
110,0.23350584674782457,1492.837996025308,148.98653927374906
111,0.23560416522029054,1476.5894068797463,178.83781774845517
112,0.2377006336558307,1450.6044001601524,171.06864337545682
113,0.23979727503904752,1438.7274490253567,144.00753218654864
114,0.2418944602532704,1414.0489099512217,180.58146092708554
115,0.2439884227569783,1386.4452644462497,143.4048256260741
116,0.24608359968283072,1367.7544496860726,176.43181204249916
117,0.24817552807053123,1338.2353061778174,166.93894026412522
118,0.25026237006475704,1331.6291769226398,159.9521828227087
119,0.25235861551053484,1310.4270421697872,140.15867184829293
120,0.25445470778669854,1296.0747497682726,182.17223022626303
121,0.2565487653287422,1283.264295508083,211.6715112484572
122,0.2586464955058471,1265.8346151297903,159.9611216936858
123,0.2607443047329862,1241.1929311694746,202.33173617637348
124,0.26284383121734134,1232.0512666153502,176.89776960729264
125,0.264929885565984,1208.3669257842191,160.9512586126068
126,0.2670163698864118,1197.198571705586,189.95812284640851
127,0.269112135390912,1178.523626944365,177.2856552454522
128,0.27120764961246213,1159.2708248554923,150.01924943867905
129,0.27330509996536784,1137.4157637896687,178.5624254860391
130,0.27539842121309294,1131.4285759380534,170.82128661165288
131,0.27749656900268016,1111.2249459524678,187.61668221275693
132,0.27959864364035925,1105.2365454624578,169.63559707757253
133,0.2816878213234348,1085.811078947826,191.05037402677573
134,0.28377609558542155,1075.4009905302694,158.2298440117965
135,0.2858732754634003,1058.4623534304346,175.27099072669537
136,0.28796861590208045,1042.6730028441343,170.38664740157796
137,0.2900612915162532,1029.56300775924,185.17064527231176
138,0.2921547032025089,1018.8194952182095,191.63208341824506
139,0.2942501291133245,1011.5658116536905,170.10435253641305
140,0.2963444256131289,1000.2522901613946,183.5490885621592
141,0.2984361415704375,984.9334263668868,164.27285732973596
142,0.3005318840555698,974.8716621753198,171.0256982493695
143,0.30262777760316095,958.9528967919501,183.57614530852533
144,0.3047248035439954,946.3198066995764,165.94104971797285
145,0.3068210272572538,939.3083931098482,188.68564330240034
146,0.3089144805088237,928.9786765290606,164.3199284394657
147,0.31101080657849756,917.0762273127774,170.50843516033657
148,0.31310885951912926,902.2474435400121,175.77897602028705
149,0.3151991603466065,894.1263156624225,162.75622811717162
150,0.317288667284839,887.4791743024963,165.26397474858467
151,0.31938044185106124,875.5119782661304,160.5165901870865
152,0.3214783648369702,867.4984505012487,169.88362313675816
153,0.3235785211189416,853.4697827739965,172.19766010515934
154,0.32566935894833426,843.6904605255132,174.14360240428024
155,0.32776077751211374,831.5013242057696,171.38224020609005
156,0.3298523230655558,824.2576721446936,178.5829842111161
157,0.3319485433973702,817.41971987733,173.1452817865714
158,0.33404540358127904,807.3090225623946,179.9888641840851
159,0.33613494177837844,799.5771304173896,169.66098433588712
160,0.3382313832787478,791.3547762168483,180.7387760612219
161,0.3403308518124324,779.5567189090442,172.02010069249368
162,0.3424246601457981,770.3342402794323,173.11375233992942
163,0.3445197272986724,763.0337124128267,168.65419106443514
164,0.3466158524641983,755.3870195766514,169.01197197460218
165,0.3487089916477683,744.5186443865462,170.00582335583843
166,0.35080114560367615,740.2778209656705,182.0794639920332
167,0.35289356821720286,729.9748534463407,162.4714134593782
168,0.3549881110219297,724.0710999460962,169.02251060317693
169,0.35708559248027844,716.9708869600279,172.10517965536775
170,0.3591813496003593,708.0281940149674,168.1162549001514
171,0.3612749400626811,699.9726705911843,179.15581936927694
172,0.3633693413142722,694.0039824675927,170.149315416048
173,0.3654632219855477,684.243946830033,174.92994403824298
174,0.3675603773529471,679.446513714725,170.7838385784281
175,0.36965434919829326,671.2883812071045,175.8156853705043
176,0.3717418094879197,663.9073305280937,171.20699951745428
177,0.37383404253825586,658.6598718156521,166.48320701843386
178,0.3759308579415973,652.8845080050145,175.88365103168255
179,0.37802985088946095,643.9356455635246,174.90674691684336
180,0.3801213498834686,639.7926296991931,171.79338457359145
181,0.38221306010699313,634.6325751383766,175.429297996479
182,0.3843141376638833,624.348704279864,172.62107935832051
183,0.3864096355836929,619.1452666487269,168.60327747749304
184,0.388502907295756,614.1141208391284,178.92901397433806
185,0.39059769208540335,608.2350581587478,176.58497585200348
186,0.3926958121232196,601.5465448086306,174.4350418824481
187,0.39478921808384226,597.0551061225242,171.21421989237228
188,0.39687821409975554,589.9152219084909,173.9942466254894
189,0.39897073627813356,584.8712880635111,174.46301888968955
190,0.401067192451382,579.473584423193,177.74891366772985
191,0.40316228148056854,573.1671587543681,173.76900627746897
192,0.4052546340249366,568.4615297742006,177.26815280131788
193,0.4073499183903822,563.3104634845286,173.2904260348421
194,0.4094468722071623,558.2594000763694,174.65037521123207
195,0.41154432885897757,553.2494414527639,177.60781823074174
196,0.41363408239228544,546.5849057911153,168.8492880436324
197,0.41572494638156243,541.3423946145303,168.32935626289856
198,0.41782181997781404,536.0746054576339,176.1089093511643
199,0.4199166506307261,530.1690012440284,168.74349064618286
200,0.4220107143757513,526.4612383312032,171.83935458729212
201,0.42410542949066876,522.3499253423216,171.2663436286645
202,0.4262013850195404,518.6092613497013,172.71628798875628
203,0.4282955296445312,513.0144020608763,181.59273019493725
204,0.430391806688861,509.1866905658006,170.9185804316233
205,0.432488575457924,505.12396247831595,172.72811947538543
206,0.4345806090039814,498.89532513206893,175.37720755773265
207,0.43667244097425384,497.693533712011,177.76289539904965
208,0.4387671492209622,491.04830324352855,172.38068364596964
209,0.4408622534544343,487.25164329326964,176.4803456334608
210,0.44295516415095815,483.75695315157606,173.46661721668602
211,0.4450482683181851,478.42744620488776,174.14805809972395
212,0.44714683875742495,473.2157088722165,176.59034938907254
213,0.44924362280569813,471.2010377097189,169.35897471948044
214,0.4513338633316258,466.5963367629701,173.8916624358391
215,0.45342753643259276,462.02690282883316,172.6991529920544
216,0.45552189548586586,457.1007488711913,175.6012076546721
217,0.45761716616081083,456.284825340439,170.8577432802076
218,0.4597117909764672,449.44348187193634,174.90428185437398
219,0.4618031890496857,446.72009633245335,169.1636182554817
220,0.4638995470730997,444.3206641434642,177.51474437261277
221,0.4659948171464902,440.11792848416354,175.18527104573423
222,0.46808929446972725,436.75598915134,170.53306420355133
223,0.47018492649495636,433.72368991688927,171.6922281113966
224,0.4722792778491551,430.25235403127385,174.2122743518051
225,0.47437272572904565,425.19539853046865,172.39585085572074
226,0.47646593372141327,422.226900626077,168.1362206837365
227,0.47856230727426236,418.249878140445,170.38887800813058
228,0.48065904058976644,414.98505289391727,170.88589594240293
229,0.4827512226177774,412.424522455044,168.96400132177013
230,0.4848441163240575,407.57614220506326,171.5598800291533
231,0.4869397730506266,405.20504839781614,172.24610687643573
232,0.48903678813400875,403.3835064854029,171.60745464777062
233,0.49113096964965397,398.44524436218944,171.6116304462199
234,0.49322332174786626,397.39157430485847,173.58751903360988
235,0.4953187148676145,393.9305193076582,173.55906794309226
236,0.49741120358770496,390.16261285013564,169.7019863192924
237,0.49950082345999325,385.91948795950333,170.4311030442265
238,0.5015952506837275,383.4105764927892,173.0293308114453
239,0.5036919972981919,380.74068809561845,169.00865784961272
240,0.5057872116617207,379.4521256258017,175.23828947990458
241,0.5078828569897101,375.4563349631403,171.44367355003885
242,0.5099793452386306,372.4738727029425,169.3564777152007
243,0.5120767256379639,370.86660651560345,172.88592463749137
244,0.5141702395931294,367.5668922825034,171.10120798921164
245,0.51626132102766,365.42286914387455,167.79205900971127
246,0.5183576899265504,361.39699092463474,169.36723508889492
247,0.5204524416424112,358.9492344453197,171.11532938574547
248,0.5225430403510469,356.532535709906,171.0322663970206
249,0.5246378991347941,353.1936327063982,167.1531124474135
250,0.5267345150769579,351.73781324778764,170.36714231878472
251,0.5288284644781793,347.5715797265539,168.65625199124557
252,0.5309200047543352,346.4377340339979,168.7000187781071
253,0.5330154787982235,343.8454771802287,169.44983223565077
254,0.5351140455458262,341.60104667583033,171.04732067407716
255,0.5372066203065362,339.361902232881,169.0386079519042
256,0.5392991990272246,336.3837608827337,170.09117814715182
257,0.5413944118270408,334.1163624291378,168.3896195866271
258,0.5434881995106379,332.34295977407623,170.06583899004394
259,0.5455829952492127,330.58294827297976,169.66952231164188
260,0.5476769745662954,327.72971181461475,168.1509197299818
261,0.5497697255495043,326.061416058309,169.62936818411742
262,0.5518645446467839,323.8151339826091,170.74407357007618
263,0.5539598571350287,322.1242949908207,172.07220411309854
264,0.5560564538950566,319.58252278087195,168.68761588534824
265,0.5581500505101624,316.90753782648295,172.3593488551965
266,0.5602409063261653,314.8187666191646,170.05576945493442
267,0.5623379637803174,313.26787364432596,172.96908800424882
268,0.5644363283026402,310.963243645972,167.30599340692234
269,0.5665273824761494,308.6717632037882,166.96454593378698
270,0.568621249018378,306.7114338339507,168.09469473850282
271,0.5707181447612965,304.91436806016634,170.51854700513275
272,0.5728127938597997,302.90911494608645,169.5774077739371
273,0.5749070881546879,300.55627960944844,169.23086476154694
274,0.5769991470923068,299.5856326441897,170.79435893274484
275,0.5790956911760897,297.57298489873557,167.4728135151473
276,0.5811893306261757,296.44760602047864,171.7538343077237
277,0.5832802267374103,294.0105637429089,170.51565646717094
278,0.5853761830306536,292.1355021214009,168.72980313673636
279,0.5874711784415975,289.54190321193425,170.025286704458
280,0.5895653958899879,289.0758123198245,169.07385571455242
281,0.591659786459685,286.98106104681506,167.45790226628873
282,0.5937551851921442,284.6690649671322,169.81939339208404
283,0.5958498092767481,283.6367417610229,170.8279336638024
284,0.5979447066705442,281.21398832185514,168.41133572541005
285,0.6000383505174957,280.51577492842847,168.35538478353575
286,0.6021313016181767,278.6756304477803,168.36203095635898
287,0.6042246965556944,276.6080001373081,167.72364462616935
288,0.6063189733697846,275.4554116033361,171.71238266123595
289,0.6084147213727373,275.19794038027516,172.8157515342187
290,0.6105090855473989,271.8593500959153,168.39156582388154
291,0.6126037649785722,270.65538435685,170.06947657989863
292,0.6147002391370655,270.151352900788,172.26218939008234
293,0.616794938930829,268.044087215208,167.86749712511624
294,0.6188886865784012,267.00481921886046,171.22734094283118
295,0.6209825762252046,265.41352768648244,171.8270520817844
296,0.6230764414889526,264.182958009812,172.88129032904732
297,0.6251725389343245,262.41506809809897,171.93963467757766
298,0.627266923011265,261.1320422863118,171.3698126489684
299,0.6293596211388142,260.0051242991703,171.98446787445755
300,0.6314513250607457,258.16330643276086,173.64203861933908
301,0.6335475720513941,256.2103151720187,168.29062447558178
302,0.6356444982495617,255.29126795679935,171.42927317756138
303,0.6377358562255245,254.9378121763674,173.71306009047726
304,0.6398302949107263,253.10634591502392,171.5623387298188
305,0.6419256185614247,251.7721204311014,172.24341271851154
306,0.6440214843206593,250.91713793596733,173.48022193718813
307,0.6461142033434962,249.9209425663509,174.60959098155556
308,0.6482061138478032,248.49579734451174,173.10610002736354
309,0.6503020867345045,247.28794575830702,173.03744124819954
310,0.652398185537932,246.0864152892856,174.34350697242084
311,0.6544932048530038,244.99065480014178,175.3240298515725
312,0.6565867871776386,244.24691088441102,175.90508992945863
313,0.6586827890115348,243.67906926356034,174.9639924339946
314,0.6607793300725506,242.38000729215491,177.16854669167137
315,0.6628724964198541,240.59634799071893,175.16305919415555
316,0.6649654402217313,239.9496383969774,175.3795775274368
317,0.667059865407609,239.09884309999296,178.30724295759228
318,0.6691532523078332,237.5724060918506,177.8470014067569
319,0.6712457992597233,236.27300218133342,177.61277698687167
320,0.6733390782258323,236.17138129304269,178.14321380099406
321,0.6754367503383576,234.58349964433359,176.74659096224977
322,0.6775335143160066,234.02355155308433,178.71423018605435
323,0.679624621064033,233.23711942104256,179.5204719547973
324,0.6817180292738917,232.12224045342455,179.80089534503213
325,0.6838149015047629,231.60907884236238,182.1012567371532
326,0.6859101434268815,230.46931911248365,181.2673802242651
327,0.6880046468184081,230.3638606354773,183.04529033212435
328,0.6900999637264865,228.76336394493705,180.22909066533248
329,0.6921965733216279,227.70436552595473,182.37512024251018
330,0.6942884945981568,227.6723252266095,183.57764037394952
331,0.6963781649531228,226.28485592124443,183.04861056383425
332,0.6984747371200234,225.61920121809572,184.00540313493093
333,0.7005690388882679,225.66411357934226,187.13277153107722
334,0.7026621579778546,224.36772268356606,185.72245405464966
335,0.704757268847954,223.6473856116667,184.7939782873602
336,0.7068509057629639,223.29287190720535,187.77919206678592
337,0.708945644402387,222.28141272129216,187.38253804636048
338,0.7110406815970572,222.07193902026455,189.66585309793504
339,0.7131372373036142,220.99470615791157,189.35678599410343
340,0.7152323589250973,220.57965397177267,189.76968560919173
341,0.7173245162021571,220.17601078223532,191.50568284589272
342,0.7194199711852413,219.52688117074456,190.44695067929743
343,0.7215151322330351,219.0254040756405,192.84832615265884
344,0.7236102334592447,218.50762682349432,193.3123419365634
345,0.7257047129497166,218.02013697391357,195.07360072973387
346,0.7277958825256088,218.15489509997605,197.03091541567582
347,0.7298900912292255,217.08318194599767,196.79765107121307
348,0.7319867159780691,216.9162857028662,197.75181876518783
349,0.7340808521059053,216.51850064798663,198.07173224848364
350,0.7361738853270124,215.76003811427154,198.7861903785951
351,0.7382682123604443,215.81018641177585,201.64032404344658
352,0.7403641944498084,215.1641268661452,201.911532513747
353,0.7424576311971561,214.3843415370237,203.04192254681635
354,0.7445523870480827,214.59080471228887,204.34055892195602
355,0.7466478284648128,213.97788042753302,205.20559611860398
356,0.7487413917548734,214.26501197222953,206.95551034910565
357,0.7508354594737505,214.02024497784566,208.2686114794539
358,0.7529278056847568,213.70138998355492,209.53114415809205
359,0.7550230257904859,213.5478217655888,211.2414338974229
360,0.7571167923480437,213.02839946602168,212.6578891365402
361,0.7592113317151179,213.13948138829693,213.5770228826784
362,0.7613074731933067,212.94441336324033,214.87855673806422
363,0.7634009581307508,212.70458626524288,217.3874717945389
364,0.7654969266569684,212.46815283297136,218.31468104901725
365,0.7675905899780763,212.4146134722384,219.72434609706144
366,0.7696837880547684,212.5294570285787,221.71607181182952
367,0.7717795008463626,212.39358526459728,223.12576910070527
368,0.7738757788346248,212.51662504113023,224.73862994897817
369,0.7759706260990727,212.67879166146054,226.42780985397923
370,0.7780620795267656,212.6204499266437,229.14708846816933
371,0.7801559906208961,212.93019823415096,231.43849623546785
372,0.7822523136569128,213.05904000107137,233.4774379409309
373,0.7843481481853999,212.67177375218444,234.20329560938876
374,0.7864425511046899,213.55941186681477,238.16055610002212
375,0.7885343495966205,213.119308343171,238.51523162659154
376,0.7906286372458883,213.59666697585692,240.65656435471757
377,0.7927244345313397,213.37509458039764,242.92663209122063
378,0.794818005513127,214.27851548058902,245.01421516903196
379,0.7969121491149282,213.77892345256964,247.8228215784366
380,0.7990047112993173,214.60130677341647,250.0220668630051
381,0.8010984966914405,214.61721472776577,252.92189338889227
382,0.8031950165575023,215.15699843475244,255.51668227827545
383,0.80529055904954,214.38299669678003,250.1421595944603
384,0.8073868607794276,212.2684105686732,238.0168498848681
385,0.8094799923089985,210.331439029919,226.27273859598574
386,0.8115723232550889,207.79883260679748,213.17616797940494
387,0.8136672975922271,206.40002235045773,203.31005006844103
388,0.8157631100610689,204.25954021151782,193.77169136447222
389,0.8178569790142735,202.73141355594876,184.21970586797482
390,0.8199506303068442,201.3137872516427,175.44400934841832
391,0.8220462665916841,199.4796998796326,165.41498382963536
392,0.8241405937791958,197.53857839930953,156.79213558637886
393,0.8262325853224312,196.15287625242877,148.4158044577516
394,0.8283265675885274,194.72762251496442,140.6286828206793
395,0.8304231027322762,193.47713451569695,132.77597869621994
396,0.832516312308734,191.85725787109337,125.90631134615016
397,0.8346104967180491,190.7824038390505,118.78194318914169
398,0.8367055646585567,189.0587953345714,111.76875025695104
399,0.8387997810841866,188.03262633889355,105.86544770299211
400,0.8408959249120883,186.7321334653788,98.83654395583672
401,0.8429902851163829,186.18074792686153,93.6383259362017
402,0.8450834013034724,183.96252116167733,86.54675220483198
403,0.8471787052036875,183.23763340720137,80.90078882161957
404,0.8492741754489669,181.7045397840646,75.0513335152353
405,0.8513666186650054,181.36912541260833,70.91548777887634
406,0.8534586558453424,179.4589580848728,63.37081587811756
407,0.8555555147205227,179.14306930155698,60.62567744101125
408,0.8576510528712873,178.1386788223114,55.28341854304389
409,0.8597438531231701,176.46312931396162,48.864138432504085
410,0.8618396600787528,176.06801484004743,46.4216088688112
411,0.8639352641137702,174.68897872271904,40.770137511147816
412,0.8660278348127696,174.1003141459298,37.47114054030455
413,0.8681190723532742,173.06177394753146,32.36736585733018
414,0.8702145301226206,171.93148048836133,29.03860132152788
415,0.8723097299260473,171.4524809811101,25.77931355607067
416,0.8744009465527449,170.25115673303415,20.806021774128414
417,0.8764962014565297,169.11082405976728,16.79015595733966
418,0.8785921785819074,168.7496150185506,14.790525717007903
419,0.8806862529738079,167.74897893509828,11.07271364071901
420,0.8827803474942315,167.39376743099797,7.374937583097642
421,0.884876552415157,166.00524453214584,3.1048367876214935
422,0.8869727619955021,165.85595323870763,0.12222953851022474
423,0.8890661549276524,164.6295807740469,-2.8278238368358943
424,0.8911606435626759,163.66715643233988,-5.499059618260952
425,0.8932564177642083,162.9560517337334,-9.357573041943965
426,0.8953515942364704,162.56801873543236,-11.733752862699761
427,0.8974449590572777,161.82934192492067,-14.512230329017813
428,0.8995380126042275,160.82252610084953,-17.966306924377637
429,0.9016308480731973,160.24022069740224,-20.7528923671798
430,0.9037248205752632,159.7292333843531,-23.558750442783793
431,0.9058194398636225,159.19750025555368,-24.13329528383812
432,0.9079139093175219,158.90437280221187,-27.56815702740157
433,0.910011764746055,157.9894779786808,-30.112075671875235
434,0.9121056647167038,157.46856537964098,-31.97152893318773
435,0.9141967683902507,157.04796676576328,-34.09661566549729
436,0.9162922424058753,156.20929074751396,-36.65480849625763
437,0.9183868595164038,155.83015748590645,-38.09991215522322
438,0.9204815946523948,155.1231154956156,-40.42859818381651
439,0.9225765682279964,154.80692642481858,-42.91928204009424
440,0.9246708776548578,154.32162314688452,-44.40490650099341
441,0.9267650233208798,153.56915904224581,-46.51384467946253
442,0.9288581102404102,153.5057261643851,-48.57410273123554
443,0.9309518934142385,152.92240781278284,-49.48792714242109
444,0.9330469160925099,152.18961948465002,-52.247155600445154
445,0.9351415764644654,151.7467754903149,-53.23098962801451
446,0.9372369506587555,151.65543523628025,-55.5852212767003
447,0.9393287530448476,150.93862735680227,-57.88460755133944
448,0.9414229216419412,150.64479738640307,-58.30039556852918
449,0.9435209341962445,150.09051065131587,-60.967203464279464
450,0.9456148252799238,149.50879936979769,-63.40084623884756
451,0.9477091255207061,149.49375000372774,-64.35115561124107
452,0.9498037238864095,148.8243402939075,-65.4606728679992
453,0.9518981043411001,148.77974560424002,-66.71233976446572
454,0.9539914706287521,147.66104057040675,-69.93876155319774
455,0.9560859977890608,148.03334480461766,-69.0270934192206
456,0.9581821096695351,147.3986281835754,-72.24840294268681
457,0.9602755737793266,147.11619734682375,-73.15847888628163
458,0.9623691838562978,146.90818916599278,-74.13470422554462
459,0.9644636726355348,146.23854461630623,-76.2419130439723
460,0.9665572681340019,146.8353410923214,-74.85706026459847
461,0.9686506726657692,145.90745114545902,-79.36332696150814
462,0.9707453651438224,145.65219322027642,-79.55440280356319
463,0.9728397447984573,145.5575640941568,-80.74485154034804
464,0.9749341599912872,144.8715486107445,-83.2362972178196
465,0.9770309382258842,145.17374620134632,-82.1818355121156
466,0.9791243621626365,144.84418809027662,-85.4673443595053
467,0.9812186011668534,144.937042455582,-85.82880425096667
468,0.9833152549762485,144.07371768142244,-87.40272400287238
469,0.9854083366977224,144.05699720557905,-88.59096438856933
470,0.9875013366256304,143.89060656967573,-89.06238024178654
471,0.9895964031766183,143.75918872141563,-90.34514338727648
472,0.9916911272506032,143.868107106238,-91.67499287044623
473,0.9937856031740195,143.33349219593853,-92.51006369172735
474,0.9958807301039379,143.71737667851465,-93.42967464923031
475,0.9979746323874407,143.25220822261818,-94.84703024952736
476,1.0000664008054638,142.52676125029615,-97.26509590406862
477,1.0021595314674534,142.58640052971546,-96.57601079933946
478,1.0042547648495364,142.54305406180154,-99.2875132566568
479,1.006349085630113,142.14171900854268,-99.80520672969453
480,1.0084443367657523,143.02460858189528,-100.53842213334262
481,1.0105398481990022,141.89336205847232,-103.09311159598546
482,1.0126348213072522,142.8337577590748,-102.55137796548556
483,1.0147293432188107,142.22231869652475,-105.16941103661509
484,1.0168223222913106,142.2463925795538,-105.48850384219018
485,1.0189181991118834,142.37538957815292,-106.47616976403685
486,1.0210135889667047,142.37018568993696,-107.70151597552025
487,1.023105517395174,141.94939492278596,-109.84643867519665
488,1.0251997072975425,142.54646540670075,-111.20116239430287
489,1.0272950549324347,142.07014716854556,-112.00726116800082
490,1.0293904044607038,142.24162854520537,-113.28268309488246
491,1.0314847550764672,141.9957086242246,-114.73696710612212
492,1.0335791521913305,142.43353205084182,-114.50115910226214
493,1.035674282724225,141.65962817267342,-119.47983375646034
494,1.0377683744197583,142.68050873730164,-115.630846600722
495,1.0398611358062981,141.76862693056972,-121.1069649922379
496,1.0419559810580585,142.2205136424071,-120.75617182155233
497,1.0440519355231435,142.11236291311874,-123.09320276298774
498,1.0461442665368221,142.04207074791327,-125.77514584318432
499,1.048238151325366,142.23862990327686,-125.32232561448396
500,1.0503312794335307,141.94721620827843,-127.1153069325471
501,1.0524262698953144,142.17221747150117,-127.49788837369213
502,1.0545208315883745,142.3581468151035,-130.72988970921912
503,1.0566150350094698,142.13174554000247,-130.93371827507144
504,1.058711440318921,143.00028001876674,-131.67230738370478
505,1.060803734980524,142.11979786519817,-135.72644619357897
506,1.0628970711462522,143.01781199081168,-135.50289374546048
507,1.0649945592352892,141.99408296946373,-137.1273796132962
508,1.0670895920886003,142.83597109488295,-139.32615214925127
509,1.0691815189460832,143.06173217362291,-140.68283228223063
510,1.0712752972137536,142.42787056567008,-144.28847679783271
511,1.073371173619778,143.1251937795341,-143.4374045414212
512,1.0754657024825272,142.74394928878664,-146.7807015165726
513,1.077559391113827,143.01156011039274,-148.68921155569177
514,1.079654167044188,142.71163831029574,-151.93893576299507
515,1.081749685406742,143.3930286849962,-152.03272913506896
516,1.0838429051818583,143.2579443724452,-154.05451137281355
517,1.0859346611894292,142.4108181966895,-159.820602894833
518,1.0880274765489322,143.32617557722392,-159.20519088672586
519,1.0901226378244568,142.38557620774702,-163.54839313965442
520,1.092218906510469,142.85549692796724,-165.4239549340011
521,1.0943142405516277,143.0017216651388,-165.92178274893004
522,1.0964083656069452,141.1574608551246,-174.01130982679467
523,1.098504575117021,142.9871988434972,-171.70078750349688
524,1.100598880587325,141.49436270162596,-179.25161768762248
525,1.1026907648634887,141.7931839015239,-181.12343026305624
526,1.1047864761829782,141.87689471681983,-185.2085570564272
527,1.1068805633882368,140.74472708382112,-189.9380541760251
528,1.1089715885079452,141.7510765674225,-190.8915098326646
529,1.1110674731376504,139.38398553955864,-199.21471221885648
530,1.1131638031712348,140.42851879983345,-198.58254105102426
531,1.1152567400703868,138.65005178944668,-205.05397588533293
532,1.1173518797395834,138.69352557150404,-207.71803433711466
533,1.1194466841667583,137.7349936144087,-213.59998681615966
534,1.1215386388653605,136.1653803618666,-221.83053588638933
535,1.1236321502294464,136.38843476382797,-224.07793916216124
536,1.1257265608788465,133.5977373944652,-231.3164039188829
537,1.127823511019811,133.58108024133165,-236.2204701872242
538,1.1299186917312898,131.30378667543272,-244.58027588486638
539,1.1320102853860914,130.0604247058411,-250.80849430154268
540,1.1341022265777971,127.50555254459536,-256.752270908001
541,1.136196488705377,125.75213337734914,-265.3104207897025
542,1.1382919496812383,123.86736808717285,-274.7103385889154
543,1.1403848113573067,123.12240491077006,-280.53655428636495
544,1.1424801205078854,121.48677925879437,-284.32965694297565
545,1.144579099546908,120.96111408075588,-289.2635577744992
546,1.1466743733674984,119.758451035791,-293.7318098502141
547,1.1487627957344069,118.97720819585672,-296.65496339384526
548,1.1508586543248278,118.3770247834615,-298.9871721725697
549,1.1529561980713183,117.7440116141668,-303.6049334963264
550,1.1550454984226184,117.54224529690396,-305.98896039527347
551,1.1571409429142046,116.93793360431383,-308.974100208684
552,1.159240859340017,116.73646613600965,-312.1135410166529
553,1.1613355832020602,116.4585544103079,-313.9176059089669
554,1.163423871831942,115.60361061811795,-315.0062781619207
555,1.1655188736812345,115.12718563001263,-318.77078455365216
556,1.1676174368768866,115.07614837127299,-321.0788083061426
557,1.1697080797153998,114.97744509408571,-322.9639561794076
558,1.171800206369591,114.9470755624335,-325.930952881482
559,1.17389591489135,114.61672715448674,-328.6559097704285
560,1.1759888523797297,114.59579153746843,-330.9259822005284
561,1.1780809947202961,114.59865111050297,-331.28634297844224
562,1.1801761196344618,114.04591577226401,-332.9670579360297
563,1.1822736635654147,114.46266593017329,-336.5708512602776
564,1.1843710306693693,114.03004550364724,-337.3784926156648
565,1.1864625384002512,114.12223809308493,-339.85416477581225
566,1.1885545198904406,114.07924018589856,-341.47883845268154
567,1.1906522613678343,114.7961797100279,-346.0737447653405
568,1.192750069492095,114.97287525789122,-347.7997520206418
569,1.1948381381583106,115.75227242316139,-352.26223825854413
570,1.1969297222624806,114.89236081722524,-352.3223922795376
571,1.1990290164311135,115.08975556558323,-353.27107070727374
572,1.2011243924560484,114.75935714097659,-353.7799606370617
573,1.2032149592826593,114.89367400329449,-355.96893768645833
574,1.2053132365828256,115.95630017253632,-361.69577798530815
575,1.20741576508926,115.00175846089058,-359.79434800864874
576,1.2095030565711475,116.06399934982933,-364.23476334379654
577,1.2115949657999687,115.7377254932823,-365.0951811160068
578,1.2136960046145377,116.22471421700135,-368.0406400960521
579,1.2157928316049589,116.0381032927367,-368.3514224207308
580,1.21787984102748,116.91758098028942,-372.4658711810039
581,1.2199725120701903,117.30978906308133,-375.62048594408634
582,1.2220773486348555,117.30917912753006,-376.0908043739721
583,1.2241717280648772,117.8653005571775,-379.52072391370103
584,1.2262574809145717,118.46049166581818,-382.59456939304897
585,1.22835205989159,118.29596455437921,-383.45117668761384
586,1.2304511070315651,119.10112231762714,-387.5607075305852
587,1.2325439941641703,119.69488964179382,-389.6805054976593
588,1.2346327282165248,120.1144038091714,-392.27329437746715
589,1.2367296121231413,120.14039722112554,-394.23525056771723
590,1.238832433751825,121.29207134419704,-398.06789667612156
591,1.2409238541102623,121.6642230292228,-399.63292949207994
592,1.243012379245932,122.5453566624043,-404.3022227206329
593,1.2451094606314712,122.13265681388835,-404.0250822678333
594,1.2472066170026377,122.89650026833745,-407.61769329188417
595,1.2492929515805862,123.91491363198135,-411.2824585686186
596,1.2513843202334647,125.06182834326336,-416.3394572732662
597,1.2534920777891505,125.05423484755111,-417.2152782637992
598,1.2555889180496558,124.99671346721672,-417.1392427229586
599,1.257667580798784,125.62543422521678,-420.8627184464178
600,1.2597632986068967,127.33754021986682,-427.29918205937054
601,1.2618709074503869,126.87512224713684,-426.0631394674357
602,1.2639618917954016,128.7356408713735,-432.882340691511
603,1.2660463256389345,128.49422873745357,-434.14959955033567
604,1.268151380164154,130.673162184482,-441.1900347227118
605,1.2702573897615381,131.24438807859403,-444.49484557236434
606,1.2723329096911193,131.71743017738083,-446.4266201118246
607,1.2744197010315288,131.96704518660405,-447.7720540962906
608,1.2765327006010119,133.3620059407693,-453.44022498261523
609,1.2786342467193723,134.9511650127269,-458.71297027716463
610,1.280707182799757,136.02585347362216,-463.40256976029997
611,1.2827931530633179,136.68410158853126,-466.1745429171432
612,1.2849085387747612,137.72579581619158,-470.1382284939628
613,1.287000364654089,138.18851966704338,-471.91790447606706
614,1.2890781709908103,139.77524211212003,-477.94467544193935
615,1.2911842108955598,142.32073362482566,-487.8967218449435
616,1.2932965864662813,143.53793077019571,-492.40104446808584
617,1.2953774115066516,141.88138347671432,-487.52261120086877
618,1.2974494068131983,143.9590859058593,-494.66125832162754
619,1.2995653278098822,146.98100510624226,-505.6407433049056
620,1.3016791376111048,149.28917423299035,-513.5686256299267
621,1.3037423234004764,151.3963060555933,-522.0720367022031
622,1.3058199114096363,150.64812465942504,-519.3688180287011
623,1.3079467955462118,151.16363099072518,-522.1134436844507
624,1.3100601882305882,154.41593948394998,-533.3550129955495
625,1.312113308135768,155.1772130348607,-536.5683952278392
626,1.3141962752176515,154.9049166107868,-536.0333833075731
627,1.3163277077674513,157.49125967084225,-545.9756785796641
628,1.3184175493918626,162.61949046532715,-563.1142829222558
629,1.3204856618221223,162.00862081705574,-561.5100511564718
630,1.3225968812824558,164.6773349096676,-571.236456717388
631,1.324712528812616,161.55286584355616,-560.4497394228528
632,1.3267701241226586,168.90257602637635,-586.8021439820461
633,1.3288455369869492,168.87603548424173,-586.8938014416318
634,1.331007859279665,166.6920060437213,-580.1626639095057
635,1.3331193077637633,172.68504039514312,-601.0583393033332
636,1.335111114646517,171.6557729109994,-596.6561697937494
637,1.3372000138113185,178.81458839495488,-623.1129684832297
638,1.3394207042773567,177.68108465168913,-619.0678416277
639,1.3415191831855293,184.19156529996866,-641.6319949907388
640,1.343419658472025,184.20817480488202,-642.0529140968788
641,1.3455475267642247,189.90821937260202,-661.6621145641019
642,1.3478257671998863,192.1744545757497,-670.3741557455724
643,1.349910545699746,194.40981713028893,-678.3951309927983
644,1.3517701887420612,191.1347874749143,-666.1753115987761
645,1.3539417100377606,191.5287591089048,-669.0995194947719
646,1.3562514521124112,201.96753025298358,-705.2771752886302
647,1.3583044750242828,204.42681987491898,-714.4642965928712
648,1.3600937081391848,212.1633910838235,-741.3581745822214
649,1.362315666351114,210.36996679211595,-734.967630065226
650,1.3646739887244697,211.69523713835622,-739.4131172564496
651,1.3666040349314283,214.9000509705083,-751.8075770199889
652,1.3683585203137423,225.81307273941462,-789.5426234716989
653,1.3706879171444677,227.51979335909166,-795.3422889153943
654,1.3730812726720756,230.4910356206272,-805.5232349367097
655,1.3749143385354152,250.70596166409197,-876.9697215336682
656,1.376679031839902,235.26522994883868,-823.3134762419675
657,1.3790764132796052,229.71911625658058,-804.0369756820264
658,1.3814727924700456,222.71587421876671,-779.1300002552746
659,1.3833424067073374,267.3098289008885,-934.4940770088589
660,1.3850593718572481,244.3243248409385,-854.6759378633141
661,1.387433769507078,247.48824361364225,-866.0104903899983
662,1.3897620281243455,224.32856383883657,-784.6934434149221
663,1.3917897627196847,216.26310972618762,-755.7019782533005
664,1.3929979117318791,259.9793813360794,-909.9278346762779
