,k,Pk0,Pk2
0,0.0029665470748989845,1731.1882613179273,-1168.0492956850562
1,0.005026374055021859,6565.710750345415,659.4860217968981
2,0.007149300621522788,9086.644787122234,90.65164315740712
3,0.009278869254964255,8969.18897187911,741.4577766126939
4,0.011450332619344701,11589.281254447853,-2160.655789746531
5,0.013492955871419151,12150.051831558021,-596.1502466779009
6,0.01558905561191893,14425.328402826055,3058.609578963852
7,0.017694083672553172,14712.871472500185,-1732.7083163581801
8,0.019817874803135297,13954.69475562004,-1706.4083037251967
9,0.02192074938196264,15614.933079067532,-2018.9981868449277
10,0.02398877635566245,14237.883395376377,-886.7405948762988
11,0.026092869718961156,14185.217190218236,-3913.739390230663
12,0.028234663152781798,13420.753327916462,1324.3009412670585
13,0.03032284873509123,12505.401620538585,19.248098952602327
14,0.03240263258943404,13208.964563267169,242.4133228193703
15,0.03449210129864554,12128.901902225594,-533.3234848217438
16,0.03658588147515197,11180.246910633547,-687.4697482506414
17,0.038684769492669774,10680.515933149274,442.06734669856354
18,0.040788988884582836,10795.412466753462,-141.81866520868684
19,0.04289390876967646,10010.74223673337,-404.541109768442
20,0.04498336005546935,9615.454713851883,1365.8520508387971
21,0.047064985294738244,9310.599608090684,26.486872796504976
22,0.04917111919158227,8974.788054670085,-361.0842669177395
23,0.051262169141742274,8726.758913765243,-541.6114420866031
24,0.05335525146837034,8211.33368971959,512.4995171626886
25,0.05546637228956934,8206.954077656404,-410.0913411341137
26,0.057573188192548086,7924.857152859753,-465.7277136475363
27,0.05965884044590281,7778.016059514904,-82.694747835472
28,0.061745123021595065,7568.776371798886,-432.57858521970985
29,0.0638268929113719,7609.210820654379,-54.09076104824197
30,0.06592966228838451,7163.8828196486165,-266.67698567593953
31,0.06803125784825748,7066.172456471172,-353.95756388506715
32,0.07013131008699486,7171.916638533074,355.99370264664316
33,0.07223032366074338,6952.826847827411,10.224881298829633
34,0.07432334270720506,6801.668744480741,-306.5418443479114
35,0.07642066756954473,6613.290087676346,-45.6637198319002
36,0.07850471694556041,6528.341725804799,500.4540086965043
37,0.08059701946059529,6364.873978605885,90.82675090446949
38,0.08269521798132064,6170.6828613128155,2.4195419406317606
39,0.08478307522909848,6053.882266966298,-286.521631151276
40,0.08687780839616016,5866.090996057527,56.62322447966886
41,0.08897524569656534,5766.613165955199,244.90389870930713
42,0.09108077810470518,5557.203850936555,17.427646888637817
43,0.09318432266948053,5369.560587511979,379.0691121611577
44,0.0952788764104831,5138.242136001745,-9.878524349739072
45,0.09736254237981037,4900.156381584545,222.12328429926654
46,0.09944832814799408,4796.114394428532,1.264615405670503
47,0.1015460879802399,4624.536082077061,-235.25469819025844
48,0.10364263756677322,4482.790350941447,-132.45438576626842
49,0.10573893905394659,4287.262394091633,-37.59462527340514
50,0.10783958559814742,4209.4269267008,-0.90182129205216
51,0.10993894058501318,4064.4751183830317,59.74066734746402
52,0.11203921431523854,3938.8920959929874,119.99616247158818
53,0.11412334585697578,3851.1314439670114,-41.16412238388076
54,0.1162159397555423,3774.4722659664267,-32.064592896553364
55,0.11831372048037725,3646.375443239574,-71.45635891739101
56,0.12039723118070132,3633.9473677346373,85.22960069838277
57,0.12249223631878574,3520.7208778631675,-41.548998900407724
58,0.12458825984258635,3477.041332203502,-11.544767569884966
59,0.12668846771583772,3445.1172069824597,-77.93195833449111
60,0.1287846620419941,3418.2840393594115,160.90545428363316
61,0.13087133937881498,3398.927689728772,22.642332747391414
62,0.13297548334406448,3308.5630576816357,47.32976006557012
63,0.13506910815256093,3265.7618058243925,-75.5735653678136
64,0.13716388258568254,3261.669441298778,67.7314223687462
65,0.13926047573721634,3244.3983134282953,-32.5585020413508
66,0.14134668829083769,3163.4212386284785,48.48724930467263
67,0.1434475230090064,3116.095225605734,55.91587653592457
68,0.14554528534185418,3086.699532856019,-2.4208256553685485
69,0.14763320610735878,3064.8993415740497,47.34057694111201
70,0.14972114728432864,2961.4091167821007,3.0264956826179104
71,0.15181380487515775,2913.036326579968,45.423402379150055
72,0.15392114901003526,2881.009379145216,86.42340772237206
73,0.15602147473412367,2801.117409214759,60.948345016808844
74,0.15811617475881218,2769.596752573105,-57.0292379479215
75,0.16021187122717997,2697.347609901674,103.54336079684288
76,0.1623006419462899,2645.6611334004506,32.5158285003239
77,0.1643899033199985,2577.796176356622,18.667673621666314
78,0.16648355823815117,2515.9830705575164,-6.55566005774408
79,0.16857196837784735,2477.589581351255,63.59733162292589
80,0.17066413320893647,2448.8883775566783,13.473735244599549
81,0.17277086992561352,2378.59003793796,-4.542395365298125
82,0.17486965460096995,2332.1338650565704,84.91383461266516
83,0.17695857694944453,2288.8352354009,-26.208294060964395
84,0.17905245093155753,2233.5644424864395,54.27399311929068
85,0.18115265212612636,2212.966713818929,80.04316970588937
86,0.1832476884130739,2188.6441376847415,27.56706743367527
87,0.1853312475833926,2142.840965550025,55.1877820878046
88,0.1874284892203219,2129.0921048186196,23.160499532434592
89,0.1895337179075755,2094.7536571567052,43.128896571141325
90,0.1916268196474026,2072.728144766861,76.34834517225049
91,0.1937183403446853,2043.4835092121743,97.03908032071516
92,0.1958131498886989,1999.8010294835558,28.386195437745922
93,0.19790587400989662,2001.3865612677866,70.71959464979342
94,0.19999906515978938,1963.96145906377,45.63339343242608
95,0.2020893038374759,1938.4334077667515,29.992558834441702
96,0.2041823192148178,1937.542329544487,34.602744185755306
97,0.2062825911013838,1907.8687146353154,32.38440006456703
98,0.20837701891459662,1901.3824611232508,52.36030969323096
99,0.21046758167944032,1886.1462731078043,28.22125241979756
100,0.21256678542440183,1864.9835924215104,67.31331619378234
101,0.2146619261104852,1825.8481176928747,34.11591758088185
102,0.21675618057220372,1817.915873363126,52.86218500888278
103,0.2188528705899679,1803.3696271702602,33.35826644932593
104,0.22094564274530842,1777.6318311238954,63.703038392874475
105,0.2230395148320731,1760.384852317597,62.99342786091001
106,0.22513567328585352,1731.7230910567098,30.300052800979536
107,0.22722785048644015,1709.209243423841,91.2984534293212
108,0.22931975112872324,1697.1675347884309,25.489637068703146
109,0.23141147723465103,1649.12963409796,62.20609279502932
110,0.23350584674782457,1647.0301495796416,52.18563879923443
111,0.23560416522029054,1631.0258700926236,40.321234977216065
112,0.2377006336558307,1594.03492806895,26.786598223107305
113,0.23979727503904752,1594.5317482235187,95.11131930536277
114,0.2418944602532704,1571.8967235966775,56.461116601301086
115,0.2439884227569783,1542.350024489948,28.944161486473252
116,0.24608359968283072,1525.9821404147192,55.596247690743745
117,0.24817552807053123,1505.1982269708503,70.83706600467062
118,0.25026237006475704,1492.6258711530947,99.06189956425543
119,0.25235861551053484,1475.1252330389514,45.6463213604233
120,0.25445470778669854,1466.238600031688,49.35598453843388
121,0.2565487653287422,1452.4478596844658,69.21291454504087
122,0.2586464955058471,1431.2801936666178,34.98130921195614
123,0.2607443047329862,1421.0730440931252,77.69575815830501
124,0.26284383121734134,1413.1096693810694,53.80993219366421
125,0.264929885565984,1396.00268421429,75.86940632032585
126,0.2670163698864118,1375.5472008377978,37.758953058981476
127,0.269112135390912,1373.320164215363,32.578120488952855
128,0.27120764961246213,1366.6637412188468,66.4891910357286
129,0.27330509996536784,1351.3446520811372,47.41186081317161
130,0.27539842121309294,1332.3783594186445,33.05511132236153
131,0.27749656900268016,1326.5601176712114,64.63682924746145
132,0.27959864364035925,1315.502889262662,37.97484561454015
133,0.2816878213234348,1298.7504535094483,60.43518969457573
134,0.28377609558542155,1294.6029600549841,35.95326760988714
135,0.2858732754634003,1282.0767811823516,35.3468049321763
136,0.28796861590208045,1268.84608544557,56.66695326580639
137,0.2900612915162532,1258.1652770611597,60.21166346806701
138,0.2921547032025089,1243.563077413828,77.77573243547381
139,0.2942501291133245,1236.9461688051201,57.832956812490906
140,0.2963444256131289,1229.404463213114,86.63293519151415
141,0.2984361415704375,1222.4884587900785,51.499073262565965
142,0.3005318840555698,1209.5119692993399,48.928958619287684
143,0.30262777760316095,1195.6941948774388,71.75185182407854
144,0.3047248035439954,1188.7702662937,56.23502262209962
145,0.3068210272572538,1177.4360725282854,46.41424947286311
146,0.3089144805088237,1169.0886107411698,58.91844381627072
147,0.31101080657849756,1158.3457608429005,44.487308654832525
148,0.31310885951912926,1148.5424314703976,45.919358104542695
149,0.3151991603466065,1143.0644153920043,60.89035666958587
150,0.317288667284839,1133.157190187357,48.98140991949626
151,0.31938044185106124,1121.8640148947263,54.703004931337006
152,0.3214783648369702,1107.5203333618822,61.020751718251134
153,0.3235785211189416,1109.9385277101003,41.990006602854315
154,0.32566935894833426,1095.6203055187084,56.96154240538439
155,0.32776077751211374,1086.3786822165578,55.88038627872305
156,0.3298523230655558,1082.1472380142352,59.43796426706333
157,0.3319485433973702,1073.531403984909,60.344371219022335
158,0.33404540358127904,1064.3249897311794,49.373819428356704
159,0.33613494177837844,1061.5492235970005,45.03105314968209
160,0.3382313832787478,1053.1843527703727,60.58996585842858
161,0.3403308518124324,1041.8529691106778,39.82704310972106
162,0.3424246601457981,1034.149688237903,60.018184400159655
163,0.3445197272986724,1028.829576269307,36.88292230705484
164,0.3466158524641983,1025.601037972541,45.635626217592055
165,0.3487089916477683,1015.4704155615075,57.05315929294145
166,0.35080114560367615,1008.4911348597618,40.54224042614528
167,0.35289356821720286,1000.9294959673833,62.35805830481575
168,0.3549881110219297,994.0845560863598,43.469478639809594
169,0.35708559248027844,987.7896116672432,49.14981685974391
170,0.3591813496003593,983.3338203930523,49.52990591046445
171,0.3612749400626811,978.8389491654872,60.651025528979794
172,0.3633693413142722,972.8966350584554,44.834384784567774
173,0.3654632219855477,964.1168242615609,54.28103723093449
174,0.3675603773529471,956.8037769739617,53.41414529416835
175,0.36965434919829326,948.8991039908502,47.344249570165296
176,0.3717418094879197,946.0990386673216,47.731231343453956
177,0.37383404253825586,939.4732793477837,50.97124242913583
178,0.3759308579415973,934.8853469332323,49.10032893308704
179,0.37802985088946095,930.1330685182,55.583957279586386
180,0.3801213498834686,921.0898156371262,38.06857556629613
181,0.38221306010699313,918.2984151205059,42.292789278143246
182,0.3843141376638833,916.4867091564535,48.96364031105812
183,0.3864096355836929,908.9020325384384,45.65044321471988
184,0.388502907295756,898.3057676713543,43.17572155010138
185,0.39059769208540335,897.6822241295267,43.83669104188498
186,0.3926958121232196,892.657269079292,50.14942067049601
187,0.39478921808384226,884.9148501981524,49.416050440178104
188,0.39687821409975554,878.8926208509359,47.658750515903044
189,0.39897073627813356,875.8351197288724,59.62403336134832
190,0.401067192451382,872.455153325039,48.91315323768926
191,0.40316228148056854,871.6438061352275,51.58736226539811
192,0.4052546340249366,863.4710146687987,46.773138815566085
193,0.4073499183903822,858.2257785427043,47.032057248009735
194,0.4094468722071623,852.1245246319797,34.87363955617168
195,0.41154432885897757,849.237895781806,36.826056278721765
196,0.41363408239228544,843.5177760596105,49.345104835295395
197,0.41572494638156243,835.0432871260043,38.953491183617544
198,0.41782181997781404,835.3751063831851,45.9885367052653
199,0.4199166506307261,832.3821528353449,42.391627301516365
200,0.4220107143757513,825.6851735475988,44.46059904446863
201,0.42410542949066876,822.4416825010696,44.062794191770024
202,0.4262013850195404,815.4603657019624,43.419036958121
203,0.4282955296445312,811.9254081049779,49.84091302670997
204,0.430391806688861,808.413479341853,40.31860913632551
205,0.432488575457924,805.176843148549,44.127290448546475
206,0.4345806090039814,801.4541547819134,45.669687565339366
207,0.43667244097425384,797.6709239440096,41.47980532470656
208,0.4387671492209622,791.8125844796248,33.1699917480906
209,0.4408622534544343,788.2115426615898,43.92660359597761
210,0.44295516415095815,785.4880448527631,42.04403181185726
211,0.4450482683181851,781.146461008904,49.65179090445656
212,0.44714683875742495,776.9112717707955,40.4502418014124
213,0.44924362280569813,773.2556896039722,45.73880277948615
214,0.4513338633316258,772.9234943128141,52.357744145828825
215,0.45342753643259276,766.4593585179983,46.64896120740325
216,0.45552189548586586,762.0585388063515,41.91814635512666
217,0.45761716616081083,760.3051609984931,44.95509616977135
218,0.4597117909764672,756.7188192956413,44.77212528299041
219,0.4618031890496857,752.8633974956864,34.8145437515383
220,0.4638995470730997,749.1557209895427,44.61546374692602
221,0.4659948171464902,748.3512603807023,39.80920990198736
222,0.46808929446972725,743.0647570269143,43.05532530443155
223,0.47018492649495636,738.1654086377476,42.89017478163025
224,0.4722792778491551,735.8714471951001,47.95345280412337
225,0.47437272572904565,731.3482652133653,46.492807750903395
226,0.47646593372141327,729.2827419978319,38.63985843165957
227,0.47856230727426236,723.5814868562395,41.13787899789679
228,0.48065904058976644,721.6403998383261,43.21307983437566
229,0.4827512226177774,719.4250314206148,43.75089257961974
230,0.4848441163240575,717.2950664241739,41.22022945319383
231,0.4869397730506266,712.6402021130898,32.50897793546711
232,0.48903678813400875,712.4394072482282,37.952956168962274
233,0.49113096964965397,704.9486140919462,42.32989029371557
234,0.49322332174786626,703.813487393535,41.42135611448699
235,0.4953187148676145,700.2474318035551,32.003856475932615
236,0.49741120358770496,700.0956424228665,33.691424753890715
237,0.49950082345999325,696.0235542514059,43.184086760357246
238,0.5015952506837275,691.272121135945,34.98706668121539
239,0.5036919972981919,689.6230875643795,36.476434055966735
240,0.5057872116617207,686.4025036766875,47.81448961534092
241,0.5078828569897101,684.7723455940659,43.10930265641616
242,0.5099793452386306,678.7824290839912,39.90671518189575
243,0.5120767256379639,678.1632882328661,37.84705586338841
244,0.5141702395931294,676.2810117375199,41.88114644459165
245,0.51626132102766,673.4620031955724,37.48627232653733
246,0.5183576899265504,670.6750160248138,33.40314545362299
247,0.5204524416424112,668.722643363586,43.98294157497956
248,0.5225430403510469,664.6994646981091,32.65131278923867
249,0.5246378991347941,663.3745157697942,38.94405936692411
250,0.5267345150769579,659.2597657301335,36.12855283344235
251,0.5288284644781793,656.617103281394,40.90356509164913
252,0.5309200047543352,652.3220736371271,33.66431251477561
253,0.5330154787982235,653.1383805532741,37.62295087614325
254,0.5351140455458262,648.9976740191497,40.605527958519374
255,0.5372066203065362,647.4816998070098,32.14320734958928
256,0.5392991990272246,643.7289452591688,41.56789719124952
257,0.5413944118270408,643.5489724393609,31.71598780739557
258,0.5434881995106379,639.6459049672516,42.76665498009241
259,0.5455829952492127,637.1836193906047,33.58215825333949
260,0.5476769745662954,634.2979381508633,35.77347949642602
261,0.5497697255495043,631.8391008208413,37.287426862050616
262,0.5518645446467839,630.3300240143997,31.95347683673714
263,0.5539598571350287,627.9472690422958,40.08057051389744
264,0.5560564538950566,625.84273833669,30.120479369866416
265,0.5581500505101624,624.3570212095144,45.586855787877774
266,0.5602409063261653,621.473573210241,35.71191105796378
267,0.5623379637803174,618.8930460481603,33.37752057371278
268,0.5644363283026402,616.2639600075852,33.434523129331154
269,0.5665273824761494,612.8796148100522,31.4472228460572
270,0.568621249018378,614.1546088469161,33.581129968032975
271,0.5707181447612965,609.780103996055,32.69245933915676
272,0.5728127938597997,609.732824389484,32.23267296535571
273,0.5749070881546879,605.7494769066872,33.92025040761307
274,0.5769991470923068,605.0064021190195,34.10742873181367
275,0.5790956911760897,601.9119634733587,30.772423150421034
276,0.5811893306261757,599.9652050276609,39.06813290225379
277,0.5832802267374103,600.3515162952475,31.43151857422417
278,0.5853761830306536,595.0959752279583,37.17268479311529
279,0.5874711784415975,592.549866259537,35.616789473614375
280,0.5895653958899879,591.8751495223064,34.91600384788315
281,0.591659786459685,588.8054705210265,35.61328298076305
282,0.5937551851921442,587.1297846204834,34.44500519989503
283,0.5958498092767481,584.0404504944694,30.877219130642956
284,0.5979447066705442,584.30608481431,34.468528772797356
285,0.6000383505174957,582.4867514070384,31.277206435986734
286,0.6021313016181767,579.7693668401824,28.57062329603125
287,0.6042246965556944,579.0161253901018,32.74160549095151
288,0.6063189733697846,576.6404744262087,35.744166091199034
289,0.6084147213727373,574.0434511544493,28.642422736317613
290,0.6105090855473989,572.0345583817877,31.16690619690075
291,0.6126037649785722,570.8866478078398,33.19938065739209
292,0.6147002391370655,568.9324196070173,36.246312696773074
293,0.616794938930829,565.1971288209076,28.546458560764258
294,0.6188886865784012,564.4016744335422,30.189254195777135
295,0.6209825762252046,563.7529713362811,30.38833606266258
296,0.6230764414889526,563.1217373483905,33.513153702399585
297,0.6251725389343245,560.4103992776293,31.83512044984184
298,0.627266923011265,559.0969437347552,30.815853344380855
299,0.6293596211388142,557.2167091562033,30.489119259964422
300,0.6314513250607457,553.9824674986959,33.788874550278386
301,0.6335475720513941,553.9074913880729,32.59521256977315
302,0.6356444982495617,551.7606464203034,33.56369507878009
303,0.6377358562255245,549.0120490663373,32.21669845347347
304,0.6398302949107263,546.8327721748229,31.058984121670576
305,0.6419256185614247,546.6830134693553,34.073004769300915
306,0.6440214843206593,545.2302697047522,29.049891473779606
307,0.6461142033434962,543.1805693721337,33.84880826727426
308,0.6482061138478032,541.8933676093975,29.316233884111224
309,0.6503020867345045,540.0229926303781,28.987212968815616
310,0.652398185537932,538.0137912832366,27.238754613312814
311,0.6544932048530038,536.6307441338723,30.08255863152413
312,0.6565867871776386,535.5300398721137,32.81893565401659
313,0.6586827890115348,534.3161078646256,22.37715846367516
314,0.6607793300725506,531.5329127065514,29.811755897133008
315,0.6628724964198541,530.2561638647966,34.85363475730636
316,0.6649654402217313,529.7874721417888,28.351699276866224
317,0.667059865407609,527.9300302563626,27.634105609763054
318,0.6691532523078332,527.1149242365062,26.403497481676702
319,0.6712457992597233,523.9640391548222,28.145979676040483
320,0.6733390782258323,523.1967897688263,29.39445947466862
321,0.6754367503383576,523.0474902645013,25.425168213452483
322,0.6775335143160066,519.791067533059,30.110619990287184
323,0.679624621064033,519.6047830775217,26.49342015708762
324,0.6817180292738917,516.4202746525061,27.238898585085206
325,0.6838149015047629,515.3613301476928,27.943083776440584
326,0.6859101434268815,513.5622828095647,31.538781045521947
327,0.6880046468184081,513.9335610961492,31.89089437690384
328,0.6900999637264865,510.95851023787117,27.019907689545132
329,0.6921965733216279,510.29716604623826,28.141461762992964
330,0.6942884945981568,508.07064637781536,29.081906836369864
331,0.6963781649531228,506.04866192911254,27.96145962686618
332,0.6984747371200234,505.4681839944215,25.998366225906732
333,0.7005690388882679,503.6282335887223,29.127217139152258
334,0.7026621579778546,503.53821723231005,28.34348313766757
335,0.704757268847954,500.7235495928187,25.919669823945497
336,0.7068509057629639,500.9963470770926,25.32702750324664
337,0.708945644402387,499.8178772996766,25.122680216599615
338,0.7110406815970572,499.13435051910994,27.08386331979227
339,0.7131372373036142,496.45813270558864,24.123965887199645
340,0.7152323589250973,496.34859455188797,29.79122379012175
341,0.7173245162021571,494.75576280218587,29.314238518483897
342,0.7194199711852413,493.28522489240515,26.937945329257328
343,0.7215151322330351,490.5094162488619,28.508008632769574
344,0.7236102334592447,490.10442545003826,27.428777389399325
345,0.7257047129497166,488.7285718002948,23.73264359710785
346,0.7277958825256088,486.92118337457873,23.67920366669184
347,0.7298900912292255,485.28391269325806,25.349990001933023
348,0.7319867159780691,484.0448550385637,24.764382869323416
349,0.7340808521059053,483.89595514602274,21.725553570491265
350,0.7361738853270124,482.2041585691512,25.569576098054736
351,0.7382682123604443,481.54253437735497,26.925831103591374
352,0.7403641944498084,480.22868624510545,28.539896944543255
353,0.7424576311971561,478.7399662828622,26.23285382364119
354,0.7445523870480827,477.69895092289005,26.356635808824883
355,0.7466478284648128,475.4448787190752,23.59137372154447
356,0.7487413917548734,475.4656549151379,25.9213972172351
357,0.7508354594737505,473.60904632606366,22.711863420298734
358,0.7529278056847568,473.0676140056173,23.757498927214073
359,0.7550230257904859,471.4463837099713,22.11549731096401
360,0.7571167923480437,470.71874540368714,24.903363172275906
361,0.7592113317151179,468.9093050703819,22.033947099368316
362,0.7613074731933067,467.9431348514259,28.120143102893966
363,0.7634009581307508,465.96902896270666,27.412953611681406
364,0.7654969266569684,464.588074957097,25.285574505713523
365,0.7675905899780763,465.0241209554221,24.03124926986912
366,0.7696837880547684,463.2492794136451,23.970631137099705
367,0.7717795008463626,462.5781778877633,23.937189390344713
368,0.7738757788346248,460.8105829192095,26.245158906385072
369,0.7759706260990727,460.1073118793999,22.471173640783263
370,0.7780620795267656,458.74782384510553,24.164183808789755
371,0.7801559906208961,458.17552001371797,25.51950418096018
372,0.7822523136569128,456.5014939312114,25.83373755000283
373,0.7843481481853999,454.8465532350906,20.602923140443966
374,0.7864425511046899,455.56829590823247,25.97162524318838
375,0.7885343495966205,454.12374863574536,26.04486548110337
376,0.7906286372458883,451.7569686336857,24.356005802346388
377,0.7927244345313397,450.69533417032784,26.28517795600859
378,0.794818005513127,450.5402196493526,26.89800375971279
379,0.7969121491149282,448.6855007151163,24.927520693485462
380,0.7990047112993173,447.7217934721143,23.130093809482634
381,0.8010984966914405,447.2758148806506,24.878843409968454
382,0.8031950165575023,445.79541435532644,25.275625239838696
383,0.8052905677217739,444.90214226252465,21.94423688771159
384,0.8073868841230295,444.50153104906735,23.99557124166487
385,0.8094800557409162,443.12455162125417,23.774059355070303
386,0.8115724907946299,441.88455227685205,22.721916022035554
387,0.8136674854006812,440.3937105667791,22.25372194868503
388,0.8157633267681768,439.96750346927143,22.790188183753475
389,0.8178572815764139,438.85371404275645,24.921440481666995
390,0.8199509017046862,437.3400207416568,22.742197631403638
391,0.8220464110750062,436.44204268822847,22.107518016122015
392,0.8241406544737637,435.74914275528613,21.264269190878213
393,0.8262328397247414,434.3915001126425,21.461928905984138
394,0.8283269471334518,433.69979717646066,22.721558737481466
395,0.8304231064697798,432.3693002573729,19.76818575059738
396,0.8325161683796762,431.65813848067467,22.90365920860969
397,0.8346105557242035,431.0586642070418,23.491176361746717
398,0.8367059794413102,430.15863431134215,21.219136741928825
399,0.8388002445604258,428.6094527077648,22.327678161736472
400,0.8408960756111226,428.32921111530015,23.22379869795996
401,0.8429905652842218,426.83359648981815,24.108489263476446
402,0.84508401313589,426.6213737438971,21.46103722080982
403,0.8471791713809247,425.34697009220474,22.413262098579622
404,0.8492743362825239,424.34606156593173,22.29898422117775
405,0.8513668888602299,423.8611053957276,22.462500485435793
406,0.8534589296280589,423.2224497487506,22.59842176077413
407,0.8555558405338324,421.4680224678225,24.060998977199898
408,0.8576516874123633,420.2515218515288,21.750406605052785
409,0.859744590599333,419.7249157266356,22.414007738439658
410,0.8618400547669827,419.06670669210655,23.203444177284002
411,0.8639350434441438,417.8862041092473,20.139748982242406
412,0.8660280248974203,417.21874979103694,23.698805200960187
413,0.8681201347325478,416.890143252566,21.217113385997987
414,0.8702157283801463,415.06902613143956,20.887484181037017
415,0.872310621353091,414.2289500180897,21.19070812685164
416,0.8744020359703552,413.2544755915037,22.323158835205415
417,0.8764972088477568,412.68145957755786,18.659004163132053
418,0.878592835994214,411.7628271264062,23.42833847811609
419,0.8806870131084201,410.70558023356534,23.266702592141105
420,0.8827812802431019,409.96363621785605,21.284799887757085
421,0.884877279658285,409.7918522850518,21.67674989021854
422,0.8869730004154345,408.5253724523043,19.713332197709057
423,0.8890661750433553,407.7782123270651,23.166730301524485
424,0.891161435679344,406.9050842298132,20.54120787131501
425,0.8932577960179496,406.15792980195465,20.880627048310767
426,0.8953527392107627,404.9943708199831,19.816887405255127
427,0.8974462460666859,404.0495351161002,23.39569708080391
428,0.899539340962409,403.8835310252317,20.969027324510982
429,0.9016318169027592,402.5566285316607,20.570017642873346
430,0.9037252249745606,401.62013769379706,20.391780927910574
431,0.9058199443223193,401.09064275438385,19.35714777797523
432,0.907915243986348,400.5458453448997,20.721082212176686
433,0.9100128049501981,398.8649582297318,19.98252918470308
434,0.9121059966002629,398.1064489039249,21.936098164773426
435,0.9141972861830797,397.4669011083073,20.924214179696815
436,0.9162932496702593,396.9310332285348,19.916335812155616
437,0.9183878012752863,395.6520736029002,18.964777407124153
438,0.9204823185419505,396.274399121678,19.971930879109408
439,0.9225773629784582,394.66634750157334,20.296494692256417
440,0.9246718174739146,393.3713617227392,19.192109872231857
441,0.926766211900197,393.2897510601128,19.019739643567416
442,0.9288591582540804,392.2118169880817,21.528267869492126
443,0.9309526610700547,391.3805027762461,21.812812658729786
444,0.9330479303067369,390.7079406732254,20.007936501762316
445,0.9351433527997749,390.14371152731366,22.14422083960549
446,0.9372383527365933,388.8363187531536,19.72264862120195
447,0.939329757499591,388.2223096461477,21.52737091261818
448,0.9414230571985791,388.0512509854352,16.787436601148016
449,0.9435210054806012,387.2108874795109,21.31730397970523
450,0.9456162503172072,386.3062851409312,18.769275736123145
451,0.9477100092887099,385.2066325580692,19.85334933635168
452,0.9498046323041349,385.0860196172118,21.91788308580679
453,0.9518991548408083,384.39794161049997,20.889966373204835
454,0.9539929332702277,382.89679654356536,21.74259670418696
455,0.9560874898052096,382.6043360959169,20.58332256163257
456,0.9581824530689178,381.8515234719403,22.285651809447295
457,0.9602770371571748,381.137404481742,21.886349369236
458,0.9623710723241273,380.0559540571107,20.015389535378237
459,0.9644648349083941,379.7896244561709,22.217972668340735
460,0.966557887379011,378.8493676454968,20.366494995606143
461,0.9686513195291268,378.0630652186877,21.651619624561
462,0.9707470393683869,377.5295574026603,21.67158045651975
463,0.9728419987888902,376.645403552595,19.65975186264653
464,0.9749363451418961,376.03573949608574,20.611920909153227
465,0.9770319720978949,374.9094864714313,20.14479139941433
466,0.9791260608689247,374.2723829711481,18.88168391165845
467,0.981219993418123,373.93322462818554,21.1646907882491
468,0.9833154848012966,372.209649979364,21.03405536692983
469,0.985409217900734,372.2315314533733,20.405123258054708
470,0.9875034929558208,371.82321728674617,20.433104828778106
471,0.989598845059814,370.6750108017217,19.78298463809618
472,0.9916925524589582,370.55293008096925,21.56587720580813
473,0.9937866222530743,369.7713249354252,21.05916119239807
474,0.9958822538585521,369.24430896296235,20.668928998125757
475,0.9979763461234663,368.10056647836984,20.770312826203366
476,1.0000687382803208,367.96469861745345,21.365123256603123
477,1.0021620574674717,367.32627204184115,19.95884500883288
478,1.0042566040705312,366.5866216058476,20.296163767573287
479,1.0063510481087232,365.85437334028063,20.75901126823748
480,1.0084458017147504,364.936338660153,20.10867836893407
481,1.0105412449330358,364.7046062218147,20.430306013537823
482,1.0126363206852906,363.479568561442,19.62413553287976
483,1.014731689048677,363.1231280603105,23.681684604894873
484,1.0168251811607234,362.9838297253759,18.86700993078671
485,1.0189183181794257,361.81100959062775,20.286568879265882
486,1.0210135131858313,361.01969605263054,21.810813721225394
487,1.023107899818119,360.57108335532416,20.20399233476311
488,1.0252035642142994,359.2670625246541,19.581994575734544
489,1.0272979326699727,359.3928265732251,21.22718588355216
490,1.0293915165160124,357.91309115156434,19.85020827231801
491,1.0314862118776227,358.40287931713283,20.45519400374654
492,1.0335813276438528,357.57023523955996,20.31882296716733
493,1.0356760372494827,357.03744157182126,20.365155091439178
494,1.0377697665518313,356.0756043511819,19.35551447993507
495,1.0398635542890804,355.51338052627887,19.216856709954936
496,1.0419580022733907,355.33924874125523,20.17940434826274
497,1.0440530837182007,354.18366505423256,21.01740464569879
498,1.0461463909219801,353.598499808108,20.911335018675743
499,1.048241289239942,353.1501859335371,21.00772775140686
500,1.0503346504195201,353.08439821453334,20.208729262942487
501,1.0524278880438542,352.31962815287875,19.40545223291037
502,1.0545231057279465,351.5473359398654,22.82373035496007
503,1.0566172205725972,350.9168131081924,21.18620214860372
504,1.0587125681053644,349.9026857722029,21.79026594056831
505,1.060806974942881,349.9486127564044,21.56448634679771
506,1.062900937291859,348.73500026597173,20.414768378129217
507,1.0649968400029963,348.87920495569693,21.65754714399415
508,1.0670917748856612,347.38379851965846,21.82563385836649
509,1.0691837840599538,347.27980899526807,21.795120550996238
510,1.0712784055790137,346.4766914776047,20.149870527571046
511,1.0733741944109443,345.97535806220304,20.642302184240016
512,1.0754689143080451,345.0921451354068,20.978353929217832
513,1.0775625935653539,345.1383108546181,19.615656953012003
514,1.079656551776009,344.5580032605068,22.234895466834725
515,1.081751759033872,344.1378963181593,22.73912998092157
516,1.0838450038800544,343.4389582763698,22.850274421750996
517,1.0859393346043436,342.34196659821254,21.925498004758534
518,1.0880340737032612,341.78413808360875,21.21357977981905
519,1.0901280973397867,341.52533940507703,22.109252812989514
520,1.0922232205093443,341.1324358439442,21.36672005267526
521,1.0943183198095006,340.439041763826,19.760201469844898
522,1.0964124680620808,339.8161661413699,22.305705176901064
523,1.0985066965945804,339.38248063858003,22.561127767292188
524,1.1006022506925348,338.9571242555223,20.94703286944125
525,1.1026960746069068,338.58759703093176,22.005778600367233
526,1.104789420523433,338.27895482789296,20.66370246115453
527,1.1068841457204943,336.94507683987683,22.770893754312276
528,1.1089772649904681,336.97821297477753,22.549255223644362
529,1.1110723868790173,336.06122638206114,22.561453144046038
530,1.113168427194727,335.7717916044602,22.527041901128428
531,1.1152626776337078,334.9278272689224,22.51895034748606
532,1.1173574051129724,335.0308695733475,21.38706558109536
533,1.119450573697561,334.43000111098286,21.67911719350852
534,1.1215436337779248,333.6614887513914,22.97827406765011
535,1.1236390334415942,333.1906553098302,24.635383806310802
536,1.1257332200225998,332.4853437773106,22.209108549821952
537,1.1278283378211404,332.2278908991583,23.145377102125696
538,1.1299238131648552,331.86022729010415,22.169977690768086
539,1.132017447124327,331.10678459863976,24.658641505066846
540,1.134110650036949,330.5666814620616,21.87329181935157
541,1.1362036259959787,330.0429918273528,24.609170844577815
542,1.1382991427598659,329.9553845316484,23.631219967846874
543,1.1403936066737896,328.7192411512953,25.28673547772227
544,1.1424878264606209,328.46133441977446,22.43614247857503
545,1.1445836717483504,328.11143339947824,22.042741822445556
546,1.1466778755714095,327.55773368272315,23.486664358476073
547,1.1487715351237628,326.6008418207306,22.243008305315954
548,1.1508672245306748,326.3608394994533,22.29375629060856
549,1.152961670034179,325.7723468197361,24.2107749429738
550,1.1550551275418117,325.62267247870665,24.271123592393252
551,1.1571500620004906,325.14882647414674,23.960901747631112
552,1.1592451155989445,324.89623656606125,22.421702865220308
553,1.1613401484055899,324.32780210358493,24.84840094645541
554,1.1634328135986687,323.7748973882142,24.565235720446704
555,1.1655280225544649,323.63370140175186,24.201718697093135
556,1.1676232414157608,323.17738470757354,23.893119667381498
557,1.1697157183635434,322.69921723020224,23.72768022558824
558,1.171809765164966,321.63729416985683,25.388121606673444
559,1.1739036754657965,321.9030048268294,24.699562703514154
560,1.1759974618047027,321.444788119432,25.216025924348607
561,1.1780927342002254,320.60350439541503,24.53347645875971
562,1.1801886215978319,319.57021011725317,24.9950816631815
563,1.1822824649467334,319.40663952457714,25.897358477239703
564,1.1843777187054296,319.53657065664146,24.903389761568224
565,1.1864731317277017,318.6074741519676,25.860559265456924
566,1.1885662199882188,318.6294291608502,25.894782053690474
567,1.1906603290984812,318.19775121068386,27.439035557947367
568,1.1927560449071208,317.5047144214094,25.078329685815383
569,1.1948501301675682,316.96623821662126,25.504031483774515
570,1.196942866326464,316.9037041696028,26.466987380310197
571,1.1990363434731066,316.1823386493462,25.492909353605132
572,1.2011315528209288,315.7747378215668,26.32497567786058
573,1.2032252726398727,315.12947598186076,27.420334232131687
574,1.205319131714267,315.3232114078733,26.69077691146405
575,1.2074143429200774,314.76667362748,25.70928823862395
576,1.2095073316728018,313.94898463059917,26.554504812777147
577,1.211602159357548,314.0482096640972,25.8048405429041
578,1.2136984428310558,313.4304373405988,27.12283101950328
579,1.2157943340364452,313.30356651477814,27.045434705066082
580,1.217888268816351,312.23507123145396,27.19823561307354
581,1.2199821909033837,312.3456714578589,27.918578693862404
582,1.2220779372220854,312.4173110701296,27.120188549826658
583,1.2241720630448372,311.6210905694336,28.417947392236545
584,1.2262656486341297,310.9261398816503,26.903773527147678
585,1.2283602712023978,310.87474644765206,27.584730456328792
586,1.230453847781421,309.98268723916084,27.096024098571966
587,1.2325484279288663,309.4997890254257,28.53985635666297
588,1.2346427330328844,309.7946819468186,28.409001556362256
589,1.2367368340043534,309.33347932920464,27.761941702254212
590,1.2388320989568682,308.94397399451384,28.060583594929092
591,1.2409254956441091,308.290001702752,29.40362822599021
592,1.2430201387037565,307.9847019080503,30.361210739457967
593,1.2451147141570293,307.6022466202563,29.63384769313731
594,1.2472087367784284,307.33590768746865,29.5063374943914
595,1.249302614173833,307.1468739325135,29.093514271856147
596,1.2513971052845823,306.6018671022321,29.07681626182142
597,1.2534931066319515,306.1396720211834,30.396228168355005
598,1.2555863817711985,305.89214698194644,28.907644649664963
599,1.257678969059161,305.55907846797,30.330572568747076
600,1.2597748382104277,304.8449676759149,30.5211492686659
601,1.2618698898493887,304.94190293497945,31.33163176907373
602,1.2639640740660565,304.4074731239489,31.03402762824026
603,1.266059176034634,304.4061067560889,33.12645498576171
604,1.26815329738596,303.86431294421703,30.659396510452357
605,1.2702469827768745,303.40695896783694,31.24562162028932
606,1.272341439773769,303.1210326755747,32.13242420357744
607,1.2744361591580655,302.5433314216464,31.56100196662971
608,1.2765301570381213,302.58390678882654,31.613153636190976
609,1.2786243195908502,302.1330197631081,33.40481462647295
610,1.2807201779848052,301.6793660189937,33.09133877685683
611,1.2828149770647865,301.4046322233826,32.90471516220047
612,1.28490831046805,301.47297484814055,32.38274136708562
613,1.2870024746125797,300.69188396241697,33.473498891762276
614,1.2890960788179595,300.6743605745981,33.92264334403024
615,1.2911903407610128,300.52607365259274,33.424759126516214
616,1.2932847299377603,299.95435889689185,34.53058194523723
617,1.295379834193548,299.6029623769638,34.29540295052652
618,1.2974743412448833,299.27106943435,34.352514800377485
619,1.299568838606027,298.8767146413134,34.90762511717091
620,1.3016640567270552,298.71338571830086,34.6108703619117
621,1.3037578272673165,298.5336303255231,35.96863519037402
622,1.3058518980796576,298.1304917303032,35.9178401338969
623,1.3079469520711469,297.9702230111232,35.98887664701358
624,1.3100414674631762,297.8986046531591,36.150921540600145
625,1.3121343419146885,297.448027678638,36.94695073991169
626,1.3142291157646366,296.94747832923343,36.078553748086335
627,1.3163249547628966,296.829655445577,37.288977413762154
628,1.3184204308819243,296.3358049561787,37.75086852947594
629,1.320514045081714,296.0083581634142,37.65816205598797
630,1.322607731116918,295.6627916753916,38.270999349541746
631,1.3247030067977636,295.6726908084569,38.20489368867179
632,1.3267964975071294,295.4837593398234,38.55774819773308
633,1.3288900457896358,295.2355321409328,39.25864056459006
634,1.3309846323229146,295.016857872555,39.14838528542842
635,1.3330795391690438,294.43176952320204,38.614169917444954
636,1.335173949560825,294.44007805520687,40.25653920890554
637,1.3372672428845813,293.79007398573475,39.55586331605337
638,1.3393616502777206,293.9986477895793,39.56016986549872
639,1.3414564546808454,293.69873586734604,40.95554727192409
640,1.3435497634465539,293.6380117302497,40.16290515403011
641,1.3456439095281743,293.3750089992778,40.79055008350539
642,1.3477398961804745,292.8535046634388,40.58455518137491
643,1.3498356331361778,292.9940492266057,42.09320998054956
644,1.3519291222201564,292.59431491146745,41.88617423808366
645,1.3540221824451044,292.42543828242685,43.70515495098605
646,1.3561174165883387,292.0922040553118,41.789859686799126
647,1.3582118000666776,291.7700547747712,43.9630349743974
648,1.360305548489477,291.69451933601204,42.92976497145003
649,1.3624016471705516,291.68963711614447,44.29871481706085
650,1.364496581524498,291.3774236138318,44.343995621144394
651,1.366589927521404,291.13326642727793,45.91059814383189
652,1.3686839345616666,291.1316343207366,46.39216263184576
653,1.3707785136744248,290.84853928825163,45.79400443816273
654,1.3728736781569988,290.4051582519626,46.01338326031638
655,1.3749673745335222,290.62614706474864,46.054886399799365
656,1.3770602631292597,290.0248397311859,47.67142852439441
657,1.379155717578164,290.023842133851,47.125101543384304
658,1.3812508039107998,289.61219345423774,47.860995537041696
659,1.3833453325862841,289.60995794562695,49.34121125773692
660,1.3854396647384786,289.2009996623433,48.272403303049124
661,1.387533616953471,289.30571553852184,48.28542825340082
662,1.389628935147901,289.13233907101716,49.64241858486467
663,1.3917230672721894,288.72933394932545,49.48502345286979
664,1.3938172778813163,288.7779179809776,50.2460821003575
665,1.3959128506087028,288.7367728333905,51.132709322791094
666,1.3980069894682674,288.524468033218,51.488806813279226
667,1.400100032768225,288.37396410889437,51.668194795562144
668,1.4021942273095422,288.60580338993924,52.128705501933375
669,1.4042879724639459,288.01513163804043,52.99189681692168
670,1.4063822250727482,287.813125269784,53.48930296730548
671,1.4084777998796327,287.829552349716,52.958669159530025
672,1.4105725454065003,287.7089457020778,54.02898117035517
673,1.412666035757187,287.4162043080455,54.38567465820933
674,1.4147597581950535,287.44184795761913,54.77253890721592
675,1.4168552493745823,287.31553769998607,55.81288511107261
676,1.4189502707585735,287.4086991612372,57.112718033818396
677,1.4210439871962917,287.22302336468795,56.0392512561964
678,1.4231379588066748,286.70132060328626,57.27125489614964
679,1.4252323843784174,287.1372633491824,57.99834275780617
680,1.4273263645812686,286.8458088368215,58.19645714180181
681,1.4294209343777806,286.8445040167638,60.047731761022206
682,1.4315160587565352,286.80273238867994,58.78313654175052
683,1.4336101809254245,286.6749038938222,60.16663932985256
684,1.4357047233292217,286.8000830602434,60.988026691745524
685,1.4377991034950037,286.28967145800635,60.947001151315895
686,1.439893269172154,286.50278145983907,62.252555830723125
687,1.4419870983325702,286.4903355225292,61.71981054850692
688,1.4440820971476513,286.22402094488183,62.921421627750654
689,1.4461780146809415,286.1355241988985,64.11285738759462
690,1.4482723645441788,286.0856022139744,64.5755526024808
691,1.4503661519067539,286.3708600548109,65.4301498890309
692,1.4524608997459605,285.88114019108434,64.20385826297864
693,1.454556191478353,286.04875206159164,65.61336495302756
694,1.4566505605195028,286.0619634460676,66.13923080997182
695,1.4587435672120013,286.0782541713813,67.41354381870241
696,1.460836376274075,285.9823123596107,68.04082755235412
697,1.4629315024559504,285.85541035029036,68.00091633750239
698,1.465026115161985,286.0442598089349,69.8531046126567
699,1.4671201905708728,285.46672017454415,70.23224126885508
700,1.4692142550197365,285.45759213228126,70.24847694886643
701,1.4713085109511452,285.9453585569921,71.52389241386439
702,1.4734040883627781,285.7174339996078,71.61693590559878
703,1.4754983077923518,285.748777022241,72.26692216128978
704,1.4775927333883283,286.04234330411094,73.2164243618161
705,1.479686516386449,285.81784490698504,74.5194820208102
706,1.4817805445745025,286.0046069522184,74.72451605182745
707,1.483876051193717,285.77003687174806,74.92796034234134
708,1.4859713583510508,286.02419064301915,76.44645246360889
709,1.4880662760111125,286.1234836454034,77.6340518216896
710,1.4901603423423662,286.11785757428,78.84510251147448
711,1.4922546168830801,286.01728187771914,78.12041289150422
712,1.4943493508016918,285.734504223984,79.67667532493253
713,1.4964436549031517,285.94002263519263,81.03608936253558
714,1.4985372426394363,286.3105230189701,80.86960702051584
715,1.5006303537214591,286.3603277904765,81.11049049682467
716,1.5027246941647125,286.4920762060081,82.61323109582885
717,1.5048198674391857,286.32492794135965,83.47244367213361
718,1.5069136003861163,286.55141000953654,84.09771870738595
719,1.5090076377683221,286.7330499645891,84.1566885867539
720,1.5111026723067662,286.6593538470533,86.5061677843399
721,1.5131971028762412,286.8946450283275,86.4712377661458
722,1.5152912609041667,286.93106063219403,88.12970466612987
723,1.5173854934463344,286.9713277580575,88.3592552187895
724,1.5194808793753787,286.8409373617398,89.65806551059666
725,1.5215756259285513,287.034519139703,91.58367828269783
726,1.5236695807770564,287.36462034561066,91.79124254248086
727,1.5257641081783464,287.33605178386335,91.41521084211288
728,1.5278584873608179,287.63073508183567,94.27830719295441
729,1.5299536435991428,287.6186556882793,94.74599507167353
730,1.5320476585044298,287.9205866014943,95.94166633060219
731,1.5341414384393777,288.00073747220483,95.37405375449687
732,1.536236950937659,288.28129046397623,97.83186416049774
733,1.5383317033374695,288.52896695517984,98.28660206139526
734,1.5404255753841434,288.6875538013007,100.26274968952609
735,1.5425198393431812,288.6983587829921,100.34454321804668
736,1.5446136227526486,288.9050713397694,103.01468512215743
737,1.5467072285753283,289.07623139309993,103.48155903226933
738,1.5488013111816905,289.23350090365795,103.72398183374345
739,1.550896674249749,289.2082479740198,105.63006709030114
740,1.552991701547339,289.75846119077926,105.22013789551448
741,1.5550856629518366,289.84668130807256,107.31501411611912
742,1.5571801051512508,290.04597906681755,108.00702125320795
743,1.559274417579796,290.1994023387374,109.34892539523057
744,1.5613691533539047,290.3610647890301,110.41662514295137
745,1.5634631934261796,290.87739569393,112.38894387884383
746,1.5655577892497892,291.1889833189604,113.13966642235079
747,1.5676527275763066,291.1349150362457,113.4371617426083
748,1.5697461748764228,291.48086432758515,116.13428858534229
749,1.5718402189801153,291.9295012029278,116.25958002362242
750,1.5739346218160084,292.29658381372843,117.84871842562347
751,1.5760295037244485,292.7732982252585,120.33249724027212
752,1.5781239238326052,292.6306674047547,120.10248296002433
753,1.5802176736109215,293.05627358138344,121.24854733395361
754,1.5823123941098438,293.35327445458375,122.94341894354672
755,1.5844068047546922,293.57009325202137,124.32929098393495
756,1.5864996832696292,294.19369684850705,126.16520242346753
757,1.5885944598128996,294.4441446266887,127.04105194318845
758,1.5906903325437156,294.7311669563553,127.62057949909456
759,1.592784689092666,294.8814874013768,129.58291958314982
760,1.5948796873290236,295.83152698038845,131.9761225972042
761,1.5969745597395735,295.7115150164441,132.24897584259028
762,1.5990689218084002,296.3782940214712,133.53432532751228
763,1.6011633213632455,296.57076223143264,136.0914544397856
764,1.6032577776043084,296.4699742371965,136.14936936421552
765,1.6053514020964894,297.4913253479845,137.49489618183108
766,1.607445093072501,297.7496044423805,140.60220773861562
767,1.6095393086936036,297.4548044398008,135.95297506731404
768,1.6116336711357766,297.5140444768602,128.86699859150696
769,1.6137279918528686,297.0080300985661,121.04031231836105
770,1.6158221116449558,296.58379698476176,113.3181435785656
771,1.6179176229648538,296.6235085517645,106.07343513446493
772,1.6200131612431772,296.418335422463,100.14100858272471
773,1.6221069236192778,295.84674192159093,91.73086930820728
774,1.6242011307622557,295.4852592809117,84.84852405073399
775,1.6262960841945175,295.55891237188763,77.55026573941157
776,1.6283896203498047,295.0012367981712,69.85593511073643
777,1.6304834947928883,294.81310776640316,62.99732275788073
778,1.632578127710653,294.6158794630513,57.47647382050333
779,1.6346731813158608,294.1280044276012,48.63482040079486
780,1.636767172365261,293.86015606196366,43.51869587240056
781,1.6388603779595408,293.6359665953028,35.75755758176345
782,1.6409563605892468,293.76614620150116,30.53834552396391
783,1.643050621284035,293.1838222524081,23.083189088590856
784,1.645144102645386,293.1372721234858,16.10885611771176
785,1.6472395726584623,292.6056098938286,10.440981450870714
786,1.6493331318477138,292.33288450642,3.168167339707923
787,1.6514277435583298,292.2939126343523,-2.717016044471974
788,1.6535225655624404,291.9935961649422,-8.83798814894125
789,1.655616100487628,291.61222959642066,-14.7736310270222
790,1.6577106071833263,291.62627366907003,-20.901092152043294
791,1.6598050724476994,291.46381028635824,-27.265611653650595
792,1.6619001395524664,291.180826631087,-33.28816900757259
793,1.6639948642035431,290.58357871114214,-39.484858242643824
794,1.6660882997554614,290.27428902572,-44.42560854834103
795,1.6681827329415837,290.28563238414404,-50.50032393398008
796,1.6702780557373313,290.11894664088874,-56.455298531759475
797,1.6723710846745943,289.8079205731243,-62.15348093819838
798,1.6744651718920411,289.51377385006356,-68.42364572970241
799,1.6765602044792516,289.51603586037254,-73.0893986104407
800,1.6786535596079524,289.24966646486183,-78.88827181604165
801,1.6807491745425278,288.95407485240287,-84.39221406973223
802,1.6828445761171116,288.5974050739169,-89.64015812311342
803,1.6849386388007168,288.7282559433343,-95.84241975924304
804,1.6870339476475265,288.24973130018736,-99.69537767374774
805,1.6891280758541645,288.0942983576833,-106.83701550865048
806,1.691221272327691,287.8783334580948,-111.39754987504055
807,1.6933141346742315,287.8623548439733,-117.29335983373734
808,1.6954090930463133,287.585014224445,-121.41439646238015
809,1.6975047078021417,287.1191236930414,-127.24600968939475
810,1.6995991246970055,287.3711753697974,-132.3317657199853
811,1.7016934918813407,286.9622714666625,-136.29258958127798
812,1.703786903721137,286.93328053596497,-141.56359655718595
813,1.7058818292953146,286.6139705896225,-146.2574429212155
814,1.7079768740006063,286.5806691475581,-151.34246055711398
815,1.710070845319196,286.0390223461839,-155.38834378508798
816,1.7121645316176712,286.0838906604595,-160.75742571703617
817,1.7142597272321454,286.09044855413214,-165.48105328283077
818,1.7163549406546734,285.8279453774319,-169.4777886186459
819,1.7184482195940645,285.59963719994136,-174.9061436005467
820,1.7205423072627637,285.5724464465904,-179.64941390759884
821,1.7226374847113666,285.1513455892267,-183.40886449331552
822,1.7247323233526113,285.0751634282733,-188.604836050215
823,1.7268266901810085,284.97894807427923,-192.27258406596786
824,1.72892134476467,284.53223994382006,-197.07432899784285
825,1.7310153629662073,284.44312318764247,-201.91750444011566
826,1.7331087353021186,284.53012332857395,-206.22819831024046
827,1.7352028820270462,284.4113672212385,-210.4940662456411
828,1.737297419510233,284.049056130486,-214.9320844619793
829,1.7393924268721555,283.9576300590274,-218.51741518980208
830,1.7414865202316776,283.636126015953,-223.040795509047
831,1.7435798385311778,283.7833258452121,-227.06352158368875
832,1.7456747741592018,283.2300527552667,-231.96019808525668
833,1.7477707733578058,283.22729158182625,-234.70083078246387
834,1.7498644151299778,283.38763557377195,-239.31841620615862
835,1.7519579294274097,283.15540492319747,-243.26417871093122
836,1.754052537005875,282.8963219083129,-247.4026547061766
837,1.756146014277543,282.82410284830894,-251.18973561429053
838,1.7582399685899122,282.90506991513394,-255.37394186593494
839,1.760335124398212,282.68894579819874,-258.79809111827524
840,1.7624306374180432,282.2653022840058,-262.5773824998742
841,1.764524733445493,282.40529021836255,-266.85136212574304
842,1.7666195957988082,281.9512481296372,-269.0018082556431
843,1.7687146552767006,282.10904332179115,-274.1134075085675
844,1.7708085687106505,281.89678340153455,-277.5573495594757
845,1.7729026984403262,282.1750208846388,-282.4548192417947
846,1.7749968373222131,281.8802924530348,-285.3324661443472
847,1.7770919795414395,281.51708893495424,-287.86768468223175
848,1.7791866891650514,281.7873035313894,-291.60984033598544
849,1.7812805740714612,281.28255722517355,-295.98446494935416
850,1.7833749145944944,281.5687205481978,-299.30864586450735
851,1.7854698174814119,281.3496693765808,-303.16270197165267
852,1.7875649050000997,281.08060048232767,-306.18800547025
853,1.7896586091751823,281.15734934198673,-310.0138339767113
854,1.7917528105223397,281.0597254560527,-313.20332422806956
855,1.7938472619734778,280.80507645996727,-316.1910546517833
856,1.7959410333998334,280.6317589552804,-319.39556548097295
857,1.7980353139963554,280.67164484950735,-323.23466143599035
858,1.8001292949050451,280.68830829588296,-327.07792410969245
859,1.8022240144636215,280.4221514051479,-329.1739625649073
860,1.8043180357006787,280.51859046144705,-332.84783296419346
861,1.8064120149556366,280.59186153083505,-336.87633029574806
862,1.808507216693214,280.6457183996636,-338.9290351875064
863,1.8106012235056632,280.20105312639043,-342.4258576011651
864,1.8126961076333348,280.48392312972237,-345.65600059604907
865,1.8147906359659112,280.1441869451461,-347.9034603312573
866,1.816885013662702,280.3301988028479,-352.350336593057
867,1.8189799788179999,280.082091722348,-355.6604898656835
868,1.8210733357472892,280.3093216566133,-358.5883776898061
869,1.8231675363973032,280.14213717872263,-360.7619882886692
870,1.8252628639859947,280.0868059142762,-365.0119988978584
871,1.8273578690890415,279.95089085831785,-367.4733602327798
872,1.8294529153678178,279.88722876481893,-369.93900456261986
873,1.8315468366202061,279.6245302235753,-372.4826720799263
874,1.8336403420201965,279.77814074073893,-375.9797158080457
875,1.8357342642631629,279.72198822695987,-378.6566396063932
876,1.837828606636473,279.83180682300997,-381.76374933673515
877,1.8399232687279,279.51206889795566,-384.13793093234784
878,1.8420169361094605,279.6817937711593,-387.9511473710776
879,1.8441103454239045,279.79201560602377,-389.98640059388975
880,1.8462047113551943,279.53209443020035,-392.94171558595093
881,1.848300337583767,279.7357095379962,-396.68463727312627
882,1.850395118058644,279.8698581164595,-399.3926418778537
883,1.8524895015648957,279.46292709074885,-401.5118082013408
884,1.85458435317291,279.5935875768929,-403.8872642606034
885,1.8566786691854407,279.53983997727954,-407.3064044132665
886,1.8587722962005393,279.49191938298407,-409.50271914102757
887,1.8608667292143481,279.4375528822379,-411.99498993843036
888,1.8629623979972338,279.618897015401,-414.8574578600016
889,1.8650575007618033,279.4930152948842,-417.2276468950646
890,1.8671515757398978,279.547041068449,-420.3802078718049
891,1.86924567270883,279.2816782117258,-422.0560675610478
892,1.8713402290883943,279.43334293776456,-425.03338360403757
893,1.8734333441485889,279.5370031483764,-427.8313922089296
894,1.8755274569663687,279.4445202285335,-430.0379058905452
895,1.8776226584010878,279.59722110601865,-433.03645385563453
896,1.8797156234954413,279.6104304443286,-435.630911745718
897,1.8818097674713492,279.8924305319743,-437.8037801143709
898,1.8839051205157094,279.71491506614717,-441.387976401315
899,1.886000042933448,279.4876331172948,-442.25848056109345
900,1.8880949075451439,279.97496560593436,-445.087658713155
901,1.8901881584759161,279.96105453374605,-447.82033222441254
902,1.892283217936019,279.8965087625904,-450.6996242572836
903,1.8943782680554568,279.8276170934568,-452.79915317522443
904,1.8964720473710392,279.8342994081976,-454.728641278539
905,1.8985668668489433,280.1061998967288,-458.00458816029777
906,1.9006612809862096,279.9408939524659,-459.32143368010793
907,1.902755719587151,279.8484070305306,-461.6295235306866
908,1.904849757588545,280.0641020589448,-464.35346971693843
909,1.9069430754605277,280.22789057179926,-467.0888224045478
910,1.9090378340013505,280.47946595283366,-470.96124459795345
911,1.9111324914183263,280.3717761701483,-472.1130498741626
912,1.913226965923519,280.4179337096596,-473.5555584830078
913,1.915321381331026,280.26546903185243,-475.9127898794712
914,1.9174162748437817,280.6072543969867,-478.15963139184026
915,1.91951096404297,280.8262171600326,-481.94010855400234
916,1.9216039358616672,280.77739159243623,-483.40104757883717
917,1.9236986253914137,281.0727830732167,-485.9707092351116
918,1.9257933066276691,280.9299757569105,-487.77885808073705
919,1.9278873651498682,281.3415971464531,-490.8986663828226
920,1.9299807661659822,281.2450238509118,-492.0149827248328
921,1.9320760482648573,281.3087523422965,-495.56359200197267
922,1.934171767524072,281.40203802646374,-496.9542696205422
923,1.9362651059315399,281.4396144109448,-499.3929690323897
924,1.938359138419254,281.932729043596,-501.96111144869195
925,1.9404538735984294,281.7616261516883,-503.178524539757
926,1.9425479146608418,281.98833280919735,-505.8982125350897
927,1.9446418189559174,281.88478639974153,-508.30778085095403
928,1.9467371502259871,282.1903110967681,-510.5634347556315
929,1.9488329760684335,282.1768851923395,-512.500899350577
930,1.9509268120448882,282.1711696773914,-514.0540238851834
931,1.953019609354344,282.37658425271735,-516.5435935346356
932,1.9551147244404972,282.77820810915523,-518.3569747034611
933,1.957209950604826,282.87925040074765,-521.8881113716918
934,1.9593041179655175,283.1831192549929,-524.212577036621
935,1.9613980124620214,283.09754704353355,-525.0085158111478
936,1.9634920823781827,283.47550714893595,-527.4528409439721
937,1.9655870316775599,283.2717123539956,-529.5528391123976
938,1.9676813106463258,283.82113649306353,-532.1627021346725
939,1.9697755380711686,283.8357026606507,-533.5536050355579
940,1.9718704076888727,283.93080928364043,-536.3084556512972
941,1.9739643213778544,284.49093242884203,-538.4816082014931
942,1.9760582139073395,284.13122436213376,-539.7612682010733
943,1.9781533744008393,284.47635363156274,-542.4838316633552
944,1.980249297656676,285.05735968507156,-545.4261095597335
945,1.9823436902775773,284.97451357270376,-546.7715965981125
946,1.9844363854611324,285.08901179073024,-549.3283685182856
947,1.986530057736426,285.6049325609839,-551.5226279901414
948,1.988624138262085,285.6734521412463,-553.448831651866
949,1.9907191302641989,285.83415905746836,-555.6828218221617
950,1.9928140678397719,285.7278353937102,-556.2652098017815
951,1.994908057158038,286.3282983745468,-558.6456277958114
952,1.9970037235567513,286.35953455809704,-561.4604444435582
953,1.999098539119481,286.7926954902904,-563.7285186240425
954,2.001191245179364,286.4549757708831,-565.1644031631539
955,2.003285465781134,286.8242440992165,-566.2780400115674
956,2.005380090953843,287.1681225667466,-569.5870161471117
957,2.007473757612322,287.92903902894153,-572.8101184906388
958,2.0095674385752345,288.0205614356791,-574.8791481557104
959,2.0116620669227445,288.35707985596224,-576.9195137717211
960,2.0137574654124313,288.6948177424057,-579.1801642164945
961,2.015851542299029,288.5276651224822,-579.6846686851272
962,2.017945842236743,288.9859781577378,-581.5128926051851
963,2.0200414078173843,289.36141229450845,-585.6565444860956
964,2.0221364472105585,289.41937327687356,-586.3093719590506
965,2.0242304661583193,289.63047803297417,-588.9067995031901
966,2.0263241213554704,290.18510750857996,-591.6374797542106
967,2.028418169537371,290.17727338899755,-592.3055895721728
968,2.030512126699397,290.5414933892246,-594.9350212445682
969,2.032607257696191,291.3481171435991,-598.5388412690952
970,2.0347026748788237,291.1161225536061,-598.6920272494407
971,2.036797432049628,291.66936436444456,-602.535752611018
972,2.0388917803566513,292.3432117888878,-604.9505615647921
973,2.0409854404727548,292.2204714981655,-606.0505362108831
974,2.043079158497923,292.42543956617084,-608.0032105020845
975,2.0451737042342053,292.9274919768172,-609.7546685155984
976,2.047267957686092,293.37406148594033,-613.3151460663456
977,2.0493625921646865,293.85288693771537,-614.7513479715954
978,2.051458159400133,294.25002998623285,-618.2394501036017
979,2.0535521918605197,294.24295892907065,-618.1906383066265
980,2.055645062675616,294.62193098502775,-620.6987729704753
981,2.0577393587752955,294.88171637311945,-622.9358510978975
982,2.059834437786395,295.26550635005964,-625.0513529589391
983,2.061928055170489,295.73395298627213,-628.6675830439486
984,2.0640226957402352,296.15607505633426,-629.8363312644586
985,2.066118258189404,296.6047253232173,-633.0716683696655
986,2.068213196804832,297.08114082010843,-634.4652674170122
987,2.0703072818107917,296.9572174076104,-636.5907736996163
988,2.072400931462771,297.4782689444143,-639.7411222520054
989,2.074494103322103,297.7888161857777,-639.6533709517582
990,2.076588647294614,298.6172919162173,-643.6380314589442
991,2.0786837571325223,298.9714341085783,-646.8141685646121
992,2.0807786951127576,299.0223604687622,-648.042552960085
993,2.0828733611799306,299.42864606314924,-649.6830644869515
994,2.0849676047315464,299.91439247908306,-651.4473875530972
995,2.08706191167589,300.30497051026407,-654.3671403353509
996,2.0891552570733616,301.2055853210944,-657.7820510161116
997,2.0912498961643236,301.03829892343396,-658.890762579481
998,2.0933446561638878,301.9303620483083,-662.8127064173884
999,2.0954387435644386,302.06337224738485,-662.9742146271119
1000,2.0975335870618825,302.30661593406927,-666.220717555806
1001,2.099629070349723,303.21226257513536,-668.2036629181582
1002,2.1017228492895934,303.8595393903834,-671.5350722959483
1003,2.1038170482062775,303.8386834884342,-673.2911490648823
1004,2.1059122372778973,304.52605772772097,-676.4819392983733
1005,2.10800554057148,304.4952162295511,-677.9300411641648
1006,2.110098599114947,305.42618969652693,-680.6401498996557
1007,2.1121927216235163,306.06276548336933,-683.771670085281
1008,2.1142879182187984,306.15356386824885,-684.5798881092703
1009,2.1163820759811065,306.50323633294704,-687.902697842011
1010,2.118476597123504,307.4796410825071,-691.4326339975332
1011,2.120572077635568,307.9286650583085,-693.361730914333
1012,2.122666143506846,308.1073508406115,-695.666044741921
1013,2.12475947440395,308.8775733941403,-697.6598449043654
1014,2.1268549228070284,308.95120456439145,-699.6511479126694
1015,2.1289503858580807,309.96451396904706,-703.9421803891287
1016,2.131043274916299,310.35798324112153,-705.0848073479438
1017,2.1331378502136085,311.0849760300044,-708.4452080137651
1018,2.135233020544507,311.64219055699255,-711.9590723593543
1019,2.137327211773404,311.54648135300135,-712.1078095855278
1020,2.1394213678417553,312.5522859105922,-715.4904887352304
1021,2.1415151935265153,313.0506442754325,-720.44030629697
1022,2.143609686067666,313.4173604510225,-721.0246981296737
1023,2.1457039096890913,313.7229527301962,-722.7502424082954
1024,2.1477977892281794,314.3840702809737,-727.08390354354
1025,2.149892773795189,315.26440920524095,-729.5068646740289
1026,2.151988207011953,315.1434539377583,-730.3751680209905
1027,2.154083430042502,316.18445854432355,-734.5103371330374
1028,2.1561769020273363,316.4273571690067,-736.5450947583073
1029,2.158269727638565,316.9216608864649,-740.0763699570501
1030,2.1603643338266334,317.738465359515,-741.3508508248353
1031,2.1624594611960894,318.1112171861292,-743.9438997533734
1032,2.1645538445620423,319.0307897711923,-749.0371967164535
1033,2.166649266160557,319.33792979003545,-750.6128084597128
1034,2.1687438965600263,319.9684760968436,-754.6094794968344
1035,2.1708363804402464,320.4691424992987,-755.4337695560159
1036,2.17292939543057,321.12256688264114,-760.7557309548562
1037,2.1750246621139153,321.8303860989627,-762.2255278866708
1038,2.1771189095943266,321.7000941759878,-765.0682738605537
1039,2.179212962470575,322.8600945445785,-768.6216393798745
1040,2.1813066434396426,323.24447205767933,-770.2339883908487
1041,2.183402629792164,323.3090343894514,-774.4684362368903
1042,2.185498119455816,324.69225149663293,-778.0827766652142
1043,2.1875916200185137,324.8764742695345,-779.8071743480547
1044,2.189686441120868,325.3911509573126,-782.9732119233773
1045,2.191781413276182,325.65645516047755,-786.2339174364624
1046,2.193875147711239,326.3283809951365,-789.9938142734413
1047,2.1959686613130316,327.319899325364,-793.0110427682182
1048,2.198063923558019,326.7784103437065,-794.9218808250257
1049,2.2001595001532226,328.09967026966996,-798.5593249619498
1050,2.202253779153767,328.27035044252045,-801.1335404448553
1051,2.2043460760907565,328.84535960951587,-804.4091949663905
1052,2.206440891990371,329.68925750165903,-809.0280132298561
1053,2.2085356491852317,330.18976365013106,-812.779157309749
1054,2.2106277016542335,330.4645991458352,-814.3425513369891
1055,2.212721958545959,330.71455040235924,-817.1471375385954
1056,2.2148185083900422,331.7991213084043,-823.2259576727153
1057,2.216913061952383,331.8984066821965,-824.0749683727361
1058,2.219006160150891,331.6766110597068,-827.6922488751551
1059,2.2211007684745443,333.01947294966993,-831.4400598804359
1060,2.2231966067711273,332.55731149448224,-834.7222766102559
1061,2.2252915180225106,333.6651669143958,-837.8641093377572
1062,2.2273849286831946,333.90304525557224,-842.2334013167613
1063,2.2294794057777056,333.74489329176384,-844.5723398348647
1064,2.231574082226972,334.77648599909173,-848.520252786464
1065,2.2336675726385264,334.55488463111516,-853.226622374362
1066,2.2357616690730993,335.96853734185095,-856.9927182308015
1067,2.237857388038379,334.67996530879833,-858.8560010716268
1068,2.2399520699736297,335.927033997859,-862.4123584834292
1069,2.2420449617357057,336.6424504105441,-868.9388219805896
1070,2.2441391380853632,335.60692259407523,-869.9598703156962
1071,2.2462342793770116,335.80484432957473,-871.0511027800709
1072,2.248330004000319,335.74819588914784,-876.3806924578029
1073,2.2504234986669656,336.094519322218,-878.6392744301947
1074,2.2525166459790467,335.92496330722395,-884.1668540549692
1075,2.254612702557845,336.5469941544495,-888.6555572542431
1076,2.2567074239010356,336.28317456918376,-890.4699126574699
1077,2.25879926569608,336.41979563245485,-895.7847698667022
1078,2.2608934332232278,337.04052563717033,-899.9121315931958
1079,2.2629890832862967,335.1058186573471,-900.9783040359144
1080,2.2650815906481947,336.1464772928158,-905.0911569267442
1081,2.26717631551426,335.61987331967896,-910.4336728706654
1082,2.2692717091510235,335.92568020383845,-915.2625427291547
1083,2.2713660430599174,335.1646954891025,-917.7286605781915
1084,2.273460830916725,334.82656749252817,-924.2012586620235
1085,2.2755552510450507,333.9375332566254,-925.3947280969495
1086,2.2776502981151867,333.8812897745883,-928.8710199723807
1087,2.2797428242388995,333.7385313028315,-932.8972221598025
1088,2.281836092329788,333.0919892440712,-935.2141295352548
1089,2.283933556285596,332.94732689148384,-937.2659147345747
1090,2.286028868050817,333.50639128425007,-943.8544944896745
1091,2.2881212248812486,332.9363405234883,-945.5594618982316
1092,2.290215014848569,333.65420297983076,-950.6574441547015
1093,2.292310229911211,332.8876522553253,-952.481750048624
1094,2.2944051456334345,333.8952240532987,-957.9620734327426
1095,2.2964983471898495,333.31590596324895,-958.8013235201611
1096,2.2985921024349003,333.1470311184578,-962.3336904547461
1097,2.3006888643809247,334.00676488632826,-966.8861719278639
1098,2.302783634096356,333.3307669504454,-969.0493353495025
1099,2.3048756698218886,334.3328604717878,-973.8921018251472
1100,2.3069695720010412,333.0879111398374,-972.522632912219
1101,2.3090651112173397,334.231658490201,-980.4771603610711
1102,2.311158495429861,334.6712477111994,-982.498686061119
1103,2.3132509513768182,335.0884206496725,-987.1125544661986
1104,2.31534766594442,334.82630822420396,-990.1663019701766
1105,2.3174438092641236,335.2499876513852,-992.3839115851011
1106,2.3195366518474128,335.26255283321376,-996.9429555604869
1107,2.321631141204296,335.44974622690273,-998.0792562105248
1108,2.323727832694395,336.38491536382804,-1003.817792671101
1109,2.3258211826493147,336.0321958506484,-1005.6868756719966
1110,2.3279133966950116,336.3134838067677,-1008.4262460050762
1111,2.330008120458155,337.15290840608134,-1013.9217828003653
1112,2.332103956675321,336.48688687144016,-1014.408387035673
1113,2.334197579452735,338.2701759833912,-1022.144719786994
1114,2.336290017181209,337.1142477558022,-1020.5768833712717
1115,2.338385505091734,337.31774214810173,-1023.6063470696284
1116,2.340480189114194,338.9469934928648,-1031.024649132188
1117,2.342573391055059,339.0196208130959,-1033.7904813206374
1118,2.344667848677038,339.2800568715925,-1035.1047463163834
1119,2.3467629878884537,340.058831594917,-1040.7294261573848
1120,2.348858220839854,338.5773019299478,-1039.4987464612743
1121,2.35095250082758,340.8481685189128,-1046.4502531892442
1122,2.3530449396760944,340.7858956218879,-1049.0128123474772
1123,2.355141499104623,340.9228010393762,-1051.6848455830554
1124,2.3572378412451434,341.05607230346106,-1052.842626052862
1125,2.3593294861259198,341.6105974434819,-1058.1789062050818
1126,2.3614224992004984,342.2594133959906,-1061.5719925366643
1127,2.363517948981548,341.74969100024197,-1061.5484037169817
1128,2.3656139136423477,343.42605148795667,-1069.0344020235787
1129,2.367706660383537,343.34360356493494,-1070.8531467683033
1130,2.3698014470222093,344.0637270861698,-1075.8338879951084
1131,2.3718977582075165,343.73337861183336,-1075.9260366988603
1132,2.3739899214574836,345.45388860312255,-1082.229209833671
1133,2.3760825194215927,345.1810475205521,-1083.6527204715665
1134,2.378179070039863,345.87708832115237,-1088.0623784218212
1135,2.380273759058959,346.7714679737073,-1092.6034198408058
1136,2.382365673610318,347.5146395172116,-1095.743957518224
1137,2.3844604460166168,347.8529618979451,-1099.1694970145309
1138,2.3865571190304595,348.190754720331,-1102.048194348485
1139,2.3886520978255446,349.3058751373593,-1108.1331217557922
1140,2.3907442891236066,350.00412786556734,-1111.1758143225866
1141,2.3928386457990913,350.7610128814748,-1115.2087398241217
1142,2.394934562690242,350.8345721078552,-1117.0876795228826
1143,2.397029599690107,351.2547212330124,-1120.6624055272152
1144,2.3991222591305954,352.76737560887204,-1126.6428769720549
1145,2.401217024080888,352.45292689928004,-1127.342649353554
1146,2.403314513026698,353.1072393547618,-1131.6309067302934
1147,2.4054081911284184,354.3111763470005,-1136.0973225918342
1148,2.4075011183217048,355.02159340002834,-1141.1894722158397
1149,2.4095960074264258,355.4807378583179,-1143.1917885878654
1150,2.4116926326559978,355.3839044779466,-1144.9518928466803
1151,2.41378425055939,356.63472306010664,-1149.6147497236393
1152,2.415877382497087,356.3434461911809,-1150.953749701247
1153,2.4179783678062123,358.4690726498818,-1159.7872502035818
1154,2.4200733739460714,358.5825819662657,-1160.4585819585182
1155,2.422162501290004,359.9652489290796,-1167.5003008244316
1156,2.424257158180454,359.2429482756581,-1165.5966799017915
1157,2.426355368807169,360.98372192874376,-1172.154237316935
1158,2.4284477900186845,361.53384967232927,-1175.6135485437333
1159,2.43053883847394,362.2722624598588,-1179.8053279957023
1160,2.4326356353293934,363.49578097746434,-1184.0366983744311
1161,2.434732612021302,364.5023249071929,-1190.1181529527605
1162,2.4368252927922227,366.4230507492708,-1195.6992603170306
1163,2.43891890863681,366.14985286344034,-1197.8925566621454
1164,2.441014895314609,366.82531189822186,-1201.6623324616742
1165,2.4431105244568765,367.73608988309786,-1205.355081470417
1166,2.4452031167440684,369.0568817153426,-1212.75521232105
1167,2.4472938786799143,369.5117539423395,-1214.962262107638
1168,2.4493915902413868,369.3683049002804,-1215.131295207816
1169,2.4514877943094935,370.847765737127,-1220.7265273069559
1170,2.4535774837073663,373.4103806876162,-1230.827500849128
1171,2.4556717453467782,373.4147213060579,-1232.5967975864487
1172,2.457770725968573,374.2334380220583,-1235.68890166713
1173,2.459865450868259,374.8858975901092,-1239.1495869990717
1174,2.461954843714291,376.43492480233294,-1246.0856347188972
1175,2.464051305962942,376.4073543251748,-1246.5151395576904
1176,2.4661493201186655,377.860678316504,-1252.9475908000825
1177,2.468239991051035,380.0233160457728,-1261.3037121688074
1178,2.4703335941159144,380.62138550842354,-1264.834675257471
1179,2.472432426226094,379.5270241376472,-1261.9947368848138
1180,2.47452690434623,382.7969169397309,-1273.7410864565186
1181,2.476615373809059,384.4304303356195,-1280.2078018596192
1182,2.478710457672189,384.8454253259738,-1282.6073736864457
1183,2.48080966574444,384.43834819668535,-1282.509993206583
1184,2.48290090100287,388.1352283980427,-1296.066221284978
1185,2.4849923340191187,387.43599272155785,-1294.9416753362855
1186,2.4870897130294636,389.6554365850676,-1303.2960959848601
1187,2.4891862386660164,391.08417758542714,-1308.6895140396114
1188,2.491278235985619,392.7547974275679,-1315.1817623872964
1189,2.4933690456944357,394.0904525666271,-1320.721308559674
1190,2.495466543397291,393.9609056729627,-1322.3375885404027
1191,2.497563830960505,394.6822302356812,-1325.5092656423817
1192,2.499654519205421,397.35702176394955,-1334.7579545798314
1193,2.5017479497353943,398.0959098213636,-1339.0172967991207
1194,2.5038480054516667,399.12205337756365,-1343.0790326171712
1195,2.505943433921919,400.990685440272,-1350.2123436802303
1196,2.5080284861327207,401.5231505871842,-1353.2423387622086
1197,2.510123955773609,402.7921094167078,-1359.1373489409837
1198,2.5122261646694253,404.9545013000541,-1367.7693603290045
1199,2.5143177674343575,406.36477889469944,-1372.0940228602367
1200,2.516405803072155,407.3762912371998,-1377.1193739458165
1201,2.5185026929964116,406.7814568592239,-1376.1691879912482
1202,2.5206041831245063,408.81933872223425,-1382.8790803053373
1203,2.5226964757648327,414.14096275155936,-1402.7319993391486
1204,2.5247869961159406,412.58313275834035,-1398.1323841567607
1205,2.5268843920051487,415.61953673898904,-1408.901778160934
1206,2.528980483597168,415.6401471240724,-1410.962987407893
1207,2.5310684597394695,415.88241288039234,-1411.8224552513807
1208,2.533161718042206,419.92339365756203,-1427.3429433015892
1209,2.53526488574662,421.0313780810099,-1430.5332721053328
1210,2.5373603920777454,421.6543438299442,-1435.0147011406518
1211,2.539445749963502,423.9045591018653,-1442.5467819116534
1212,2.5415417180131348,423.0589954435889,-1440.543922644421
1213,2.5436457679371425,425.771927025213,-1451.2475786098667
1214,2.545736808475733,429.0575108974616,-1461.6707808543251
1215,2.5478233832874237,429.1624479829415,-1463.9898936466984
1216,2.54992085584226,433.4140409879548,-1479.6873425882775
1217,2.5520207655356866,433.8510983813523,-1481.3848806485653
1218,2.5541098448110064,431.26150369383123,-1474.1623644535912
1219,2.5562002600365847,437.1868603729512,-1494.3171762986103
1220,2.558305455724291,440.56292796765604,-1507.0557993335215
1221,2.5604026511470312,442.0194103095216,-1512.6455073669927
1222,2.5624826414852553,441.0916812981299,-1509.8602172837248
1223,2.564574391949512,443.0086765944918,-1518.7277555651515
1224,2.5666808497683498,446.60323761044503,-1530.5377299373301
1225,2.5687773451615423,447.2142907405093,-1533.1713946139319
1226,2.5708608935170316,450.4330419980657,-1545.183632036774
1227,2.5729575952355885,453.16181207258336,-1555.3294317777393
1228,2.575060651513359,454.9082500443359,-1561.7016422960892
1229,2.577148431575012,456.0170946296164,-1566.6543773559183
1230,2.5792346077561192,459.58534465794054,-1579.2679045863463
1231,2.5813352493894732,458.61102912112636,-1576.7077608187883
1232,2.5834369526956515,462.9745282425123,-1591.8957560049646
1233,2.5855218346006232,467.07299067720464,-1606.7570636748887
1234,2.587610713900489,468.261971112779,-1611.7450610140124
1235,2.5897186990593415,469.9742590567028,-1619.1273555662638
1236,2.5918181690667126,472.069867713671,-1625.1424712171136
1237,2.5938985009385314,472.27542890133543,-1627.6893645133766
1238,2.5959901966325076,477.42324808085414,-1646.0215185654022
1239,2.5980970827886534,478.6803204321898,-1651.388192164808
1240,2.6001911974764487,481.564708023505,-1660.8107599809418
1241,2.6022734575046016,483.4622801157423,-1668.3972995083543
1242,2.604374761438423,485.46469244431034,-1676.7743452497734
1243,2.606480077670044,493.0478376369199,-1703.3960401487059
1244,2.6085618800169397,490.14353731203755,-1693.527414107829
1245,2.610646200048581,493.72286743106,-1706.1404024785547
1246,2.6127580952497533,498.2229448596636,-1722.5323771130231
1247,2.6148609257992828,499.2543941059415,-1727.29402405164
1248,2.616933454172155,501.6635674705926,-1735.020725556155
1249,2.619020659870304,507.0080467355013,-1756.0710736740803
1250,2.6211346279669097,509.767111765186,-1765.2388934145522
1251,2.623236503452788,512.6081580737309,-1775.039286582474
1252,2.6253090562225565,514.9471954542398,-1782.9213808449936
1253,2.6274000701334055,516.9581688381176,-1792.6985985745139
1254,2.629513118467727,515.4129247283378,-1787.0023947881552
1255,2.631604301330356,521.658400086249,-1808.9562138667497
1256,2.633685254021577,526.3501485184029,-1825.3010101983361
1257,2.6357889797673804,531.0567474735598,-1841.7989900728946
1258,2.637895874321367,531.173813000633,-1843.2158801199498
1259,2.6399747081141895,530.9657790794821,-1842.8210349131525
1260,2.6420591747927733,534.9231252649735,-1857.9218606898398
1261,2.6441764666284318,542.1874948026128,-1883.5038905258682
1262,2.6462775406423154,544.2737270266792,-1890.4020343343793
1263,2.6483402943393326,547.1690416845399,-1900.4516944886536
1264,2.650428729148096,552.4390282746813,-1920.3766540997906
1265,2.652562718674548,552.5770593276181,-1920.6964604766204
1266,2.654664088292312,554.0641877638966,-1927.306430257255
1267,2.656712651557163,560.4897520232632,-1948.1567298821585
1268,2.6588106765908748,562.0467500053408,-1955.7618729770413
1269,2.6609452450324915,569.3512132328203,-1981.1679382326763
1270,2.663032290426174,569.8545774283343,-1983.0085980156696
1271,2.6650914877184944,568.8558670090963,-1981.1182171040468
1272,2.6671986225603375,575.3460846623127,-2002.9542766417946
1273,2.6693218160411916,576.1546452613225,-2006.2890700234575
1274,2.6714003686163363,588.6363746240484,-2049.9066223818695
1275,2.673473653710363,591.0408180375298,-2058.652050095621
1276,2.675588689124729,594.2120693150098,-2070.4509806735714
1277,2.6776964003773744,597.363671508562,-2082.4039997584846
1278,2.6797534796790945,597.2094834468528,-2081.949277684442
1279,2.681845016836506,597.644251852434,-2083.568413430937
1280,2.6839785543392702,605.4305772313531,-2111.1992512741363
1281,2.6860638705482365,608.5857796613128,-2122.486318187779
1282,2.688115580192901,613.3123824931184,-2138.770699191139
1283,2.6902421071216107,623.5088121636478,-2174.971135629461
1284,2.6923784453538007,621.6816756869797,-2169.668100525156
1285,2.6944235266222867,636.5142794582847,-2220.769840681836
1286,2.6964818302236213,639.1038290363173,-2231.4282276547438
1287,2.698646249049189,635.3717755850876,-2217.5903024358036
1288,2.7007725953070936,649.469565273567,-2267.122036684876
1289,2.7027692368507834,645.9200526294975,-2255.3402924250495
1290,2.7048443440936585,652.670867584102,-2279.191744614222
1291,2.7070515904059915,655.0019759837506,-2288.2197345225964
1292,2.7091632832728005,659.7906540763095,-2303.8897592490935
1293,2.7110832098570423,663.5466101427328,-2316.60857766852
1294,2.713194248534394,670.3169561111048,-2340.768247701735
1295,2.7154564422347596,667.4058031220476,-2332.021714297901
1296,2.7175455830902693,682.3818927453732,-2383.997077080906
1297,2.7194409477796717,672.2731204046488,-2349.4110709138085
1298,2.72159410281056,685.2817613958761,-2395.243670223171
1299,2.723868494276683,710.8322394348309,-2484.61825712935
1300,2.725905473691433,695.8024715904746,-2432.7551715209543
1301,2.7277938720843573,707.9628550102424,-2474.150035824867
1302,2.730005424734083,716.7803348446114,-2505.9589403772575
1303,2.7322910595910366,735.3755430904143,-2571.492202262707
1304,2.7342323934891035,724.4688078124136,-2532.5708463884293
1305,2.7361123669415965,734.5340826468707,-2567.3437827822872
1306,2.73841292247591,725.1063529011705,-2536.6523442890634
1307,2.7407262152838343,733.119443691737,-2564.646066851514
1308,2.7424923562337074,735.5383862417348,-2573.490280700103
1309,2.7444202272828333,754.1102348174403,-2638.3487948390516
1310,2.7468188489948773,765.749717058156,-2679.087067452437
1311,2.7491571251284848,766.7267286638024,-2682.863538577236
1312,2.7509012180135843,755.2975161080047,-2643.0375278731744
1313,2.7528220566885997,785.3183918804758,-2748.332276898539
1314,2.7552245852341666,761.3590286560656,-2664.4231150262517
1315,2.7575799064734774,789.1068973758928,-2761.0556467443944
1316,2.7593246433872425,800.2585190804289,-2799.7611070753346
1317,2.761234187120032,812.9920255373468,-2845.684046794751
1318,2.7636390504715083,830.0809239903336,-2905.084652545403
1319,2.765948826576436,815.3354592808856,-2853.533196142708
1320,2.7676191435751902,786.0217286220205,-2751.0133521126554
1321,2.769651838220211,836.3415464155979,-2927.148522352278
1322,2.772055945845228,800.8547541717065,-2802.7827842817746
1323,2.7739175955497957,829.4393293446084,-2903.3368547797086
1324,2.775657495525559,798.1326298459231,-2794.203853364313
1325,2.7780509401576134,868.04084941781,-3037.842927834425
1326,2.7804282678176238,826.3115278209143,-2892.8946348015616
1327,2.7823699672164355,712.2150164452626,-2492.6685686159685
1328,2.7838806433920418,722.4650237779888,-2529.206759551686
1329,2.7859958234637583,1600.6464651574215,-5602.262628050975
