,k,Pk0,Pk2
0,0.0029665470748989845,5142.604477004513,-4375.3955994678145
1,0.005026374055021859,5831.186762421122,3114.7658502093227
2,0.007149300621522788,7350.278577987176,-6138.428863710797
3,0.009278869254964255,8917.172028492223,3511.9855320161
4,0.011450332619344701,9536.058887097099,-4210.74907547184
5,0.013492955871419151,12492.11858355824,-921.1445766810555
6,0.01558905561191893,11401.520498446263,-381.4330402978794
7,0.017694083672553172,11232.93610150404,-3451.0189781051354
8,0.019817874803135297,12123.346286946626,2527.1512082808085
9,0.02192074938196264,11849.71946806025,1108.0044970332963
10,0.02398877635566245,12348.346881473304,-645.210956898997
11,0.026092869718961156,11599.659228281122,-1487.019888383
12,0.028234663152781798,11170.264209255643,-1164.1390118111528
13,0.03032284873509123,10968.841351962721,-221.59033073876552
14,0.03240263258943404,10542.929520879017,-337.7991800905591
15,0.03449210129864554,9794.308238832478,-752.5509340381882
16,0.03658588147515197,9785.993436206487,1210.6970297980638
17,0.038684769492669774,9676.746205317164,218.05177251315422
18,0.040788988884582836,8984.19061218442,-371.14979833474337
19,0.04289390876967646,8715.224241984663,-498.47484978131376
20,0.04498336005546935,8327.012694728688,1109.2843969304854
21,0.047064985294738244,8214.297914916695,-393.90643444329027
22,0.04917111919158227,7849.567488363642,-209.67529861215522
23,0.051262169141742274,7725.78800314875,-1.8545711819630364
24,0.05335525146837034,7478.065245456058,288.06536161337857
25,0.05546637228956934,7207.7462221569585,-276.9954979667196
26,0.057573188192548086,7165.807663421886,403.8623342580342
27,0.05965884044590281,6844.959166935003,427.39838525618853
28,0.061745123021595065,6880.347417106774,-259.4886195110299
29,0.0638268929113719,6535.954909130622,119.80939101726042
30,0.06592966228838451,6305.9635247222695,62.66701515331433
31,0.06803125784825748,6349.108845732342,-158.82157253532498
32,0.07013131008699486,6028.559747474553,-320.1460387534509
33,0.07223032366074338,5953.241022830337,-229.08490857145796
34,0.07432334270720506,5742.110091626266,147.61751968658533
35,0.07642066756954473,5654.445908022583,-51.80594419512444
36,0.07850471694556041,5536.518935514307,10.70138867480052
37,0.08059701946059529,5187.837282146611,-167.67753093836825
38,0.08269521798132064,5095.5118616409745,-176.64997534636808
39,0.08478307522909848,4923.85416699629,32.626818003522835
40,0.08687780839616016,4795.567376674237,35.4117060422655
41,0.08897524569656534,4596.922788568185,-54.089373665207724
42,0.09108077810470518,4447.789973387106,23.421602226987545
43,0.09318432266948053,4288.09281817637,-23.4743659663606
44,0.0952788764104831,4199.311431790626,87.1425907320366
45,0.09736254237981037,4122.46543742125,101.29105926454986
46,0.09944832814799408,3952.8288452428415,35.64063988075155
47,0.1015460879802399,3913.928540104342,-53.98432707033738
48,0.10364263756677322,3756.5514959946063,-65.05643842098343
49,0.10573893905394659,3680.833734479613,46.99156009661724
50,0.10783958559814742,3597.4500563032093,40.076801424207154
51,0.10993894058501318,3568.810323837138,129.66429027739144
52,0.11203921431523854,3418.9384518025017,97.69167207734156
53,0.11412334585697578,3370.575647372804,164.71129027801743
54,0.1162159397555423,3312.886760506031,117.31892846216887
55,0.11831372048037725,3267.112715349158,-19.986900556407033
56,0.12039723118070132,3196.435805660214,117.37990851029733
57,0.12249223631878574,3134.23437343251,23.65817312662641
58,0.12458825984258635,3081.5990208189605,61.39218182463902
59,0.12668846771583772,3021.2844889343482,36.44949979685446
60,0.1287846620419941,2983.9754303873697,1.1717390089516104
61,0.13087133937881498,2912.711275984638,167.80341619421026
62,0.13297548334406448,2868.3327614348104,-29.30464528624785
63,0.13506910815256093,2776.2967788556366,29.10264245726678
64,0.13716388258568254,2746.781684030365,65.37421125297152
65,0.13926047573721634,2660.5658335277312,46.517349362274466
66,0.14134668829083769,2626.3687401610146,-19.178294788128856
67,0.1434475230090064,2543.876919482667,74.43549840849111
68,0.14554528534185418,2516.789924501396,39.68737668365311
69,0.14763320610735878,2474.6066175524475,-18.578698342482948
70,0.14972114728432864,2420.195697286276,-19.806209600937112
71,0.15181380487515775,2341.0076975607126,52.402329739192396
72,0.15392114901003526,2325.7129899923193,-1.7039257619489867
73,0.15602147473412367,2260.961820974526,104.2838176840645
74,0.15811617475881218,2220.243755022838,-20.61115353923081
75,0.16021187122717997,2200.43223102791,14.65047076408941
76,0.1623006419462899,2131.7163574823744,54.983727753607916
77,0.1643899033199985,2090.0061597590834,23.042298123909454
78,0.16648355823815117,2083.4377637843595,28.61403678388635
79,0.16857196837784735,2032.7922477909822,66.40121472877819
80,0.17066413320893647,2010.4750501993858,61.885972251419005
81,0.17277086992561352,1995.65356848183,44.31007344555022
82,0.17486965460096995,1957.7052683931167,39.44254133066928
83,0.17695857694944453,1907.1011128636262,29.643556696049675
84,0.17905245093155753,1915.872576918107,53.944562573294114
85,0.18115265212612636,1875.1902037477835,85.94728585331846
86,0.1832476884130739,1852.9690580869983,21.387394477026223
87,0.1853312475833926,1830.8138865224687,37.977524135955
88,0.1874284892203219,1805.8681499703127,50.87110629913155
89,0.1895337179075755,1773.8619903349372,52.7775246699254
90,0.1916268196474026,1752.5718481787233,62.467277564457184
91,0.1937183403446853,1712.8279331102058,69.7328242080601
92,0.1958131498886989,1700.616651736327,52.00432906379273
93,0.19790587400989662,1663.8225854445384,35.78200746282956
94,0.19999906515978938,1654.0517721081756,92.75296408855911
95,0.2020893038374759,1621.0154122363947,62.44643400579056
96,0.2041823192148178,1607.372220937339,10.798877738638293
97,0.2062825911013838,1586.273531688694,55.620634427436094
98,0.20837701891459662,1559.1250734318633,45.27679231245968
99,0.21046758167944032,1545.2653065839731,23.05719609484031
100,0.21256678542440183,1511.7999765397067,12.264903236268404
101,0.2146619261104852,1497.8173012226011,35.108002292092614
102,0.21675618057220372,1481.7323116180432,59.82906015716409
103,0.2188528705899679,1461.8865827308596,53.381226986452305
104,0.22094564274530842,1438.1556805226392,58.062289006168335
105,0.2230395148320731,1423.9673566597462,62.51094124043341
106,0.22513567328585352,1403.21444487034,52.88385103850654
107,0.22722785048644015,1394.0213913235941,44.83704716348682
108,0.22931975112872324,1370.2960548396538,6.474732256813289
109,0.23141147723465103,1360.9716180628056,95.63647679054299
110,0.23350584674782457,1335.887908827612,51.447863497701405
111,0.23560416522029054,1326.7190466654397,46.222784934191715
112,0.2377006336558307,1307.7871058313226,54.82134597204531
113,0.23979727503904752,1301.8568561830994,46.044723354741784
114,0.2418944602532704,1280.6238587349974,74.62099057266163
115,0.2439884227569783,1264.3393004326676,25.014473521550066
116,0.24608359968283072,1251.9746938921526,69.11926696194101
117,0.24817552807053123,1228.8701990819807,53.258572449587014
118,0.25026237006475704,1223.3536974996773,63.86180573343959
119,0.25235861551053484,1210.827507059961,39.4012319581692
120,0.25445470778669854,1202.1034804198182,56.09045672269069
121,0.2565487653287422,1190.6354591079573,82.94279238828393
122,0.2586464955058471,1182.9574883180514,54.86400928852651
123,0.2607443047329862,1160.4701519542107,75.96481589906618
124,0.26284383121734134,1157.9916809666822,48.355789314912926
125,0.264929885565984,1140.073622443084,39.03554166484294
126,0.2670163698864118,1132.5365581709798,65.55086015778471
127,0.269112135390912,1118.0763866557393,58.63138369889774
128,0.27120764961246213,1107.6052775678338,36.952844086713725
129,0.27330509996536784,1089.2806522798899,50.274245947249156
130,0.27539842121309294,1083.8231400131594,38.47408871427697
131,0.27749656900268016,1072.0990870085236,69.63017763500898
132,0.27959864364035925,1064.680492365395,49.28759655970127
133,0.2816878213234348,1053.8633237626707,75.30208316197977
134,0.28377609558542155,1044.107038207591,41.199935419613034
135,0.2858732754634003,1033.0424459573858,52.40233347286009
136,0.28796861590208045,1023.7163980949423,61.18894233278658
137,0.2900612915162532,1012.7734649571055,55.04626633544315
138,0.2921547032025089,1006.7084804707766,70.9604788428004
139,0.2942501291133245,1001.7160052606632,49.492761438347216
140,0.2963444256131289,993.1747514717597,62.249806192357376
141,0.2984361415704375,980.3651524846711,37.42288959784508
142,0.3005318840555698,976.6547171491256,52.44191985343925
143,0.30262777760316095,964.5509089595375,61.564189697545835
144,0.3047248035439954,956.9727995326938,41.77389178570482
145,0.3068210272572538,949.5409297411009,54.577516183026574
146,0.3089144805088237,941.9525989968854,49.548130387823676
147,0.31101080657849756,933.7863379586404,42.33689313959279
148,0.31310885951912926,922.1445675731765,47.21115923970234
149,0.3151991603466065,918.4536581769305,45.438757170054345
150,0.317288667284839,913.226543484548,38.615807846892565
151,0.31938044185106124,904.2755478835808,45.3802351039753
152,0.3214783648369702,901.1785883238667,52.649359864361394
153,0.3235785211189416,890.2954582007183,48.892498523329095
154,0.32566935894833426,882.6254093173742,45.7779174366903
155,0.32776077751211374,872.8414716091237,39.19953606238658
156,0.3298523230655558,868.058484649249,48.198664907425176
157,0.3319485433973702,862.8041084758781,55.62234725642285
158,0.33404540358127904,856.3826949234855,57.21013692765863
159,0.33613494177837844,850.6805513290104,47.25839010459733
160,0.3382313832787478,842.9514258523006,55.10855899353728
161,0.3403308518124324,836.0618433962144,47.3742509915958
162,0.3424246601457981,829.9723717349335,54.506306709796476
163,0.3445197272986724,824.3906296527556,40.81418081288428
164,0.3466158524641983,821.2299610730917,53.19108034811944
165,0.3487089916477683,810.7966997509878,40.868160089040785
166,0.35080114560367615,805.9264393041079,52.58344930342494
167,0.35289356821720286,801.6151601371454,32.23641607272587
168,0.3549881110219297,794.5109528642247,45.255990859707886
169,0.35708559248027844,792.2887857709862,41.60612868742314
170,0.3591813496003593,785.8702207261117,41.967071589863544
171,0.3612749400626811,778.2013051065642,48.58436571715113
172,0.3633693413142722,774.8834879824249,43.813516643198554
173,0.3654632219855477,767.5006754631795,45.52551804597259
174,0.3675603773529471,763.5008173190463,41.367135790209986
175,0.36965434919829326,758.6499647540052,43.29252601280011
176,0.3717418094879197,752.5992100680153,38.74845681386257
177,0.37383404253825586,748.3715427196272,43.57861036814192
178,0.3759308579415973,746.7474622434192,44.136582794007296
179,0.37802985088946095,738.6018088499227,49.70792564102429
180,0.3801213498834686,734.9051726944296,44.21991205570603
181,0.38221306010699313,733.2543870431239,48.35973325623618
182,0.3843141376638833,723.5268474866733,44.08150207064918
183,0.3864096355836929,720.874412660796,41.14928536207245
184,0.388502907295756,716.6306087520107,47.18998573330521
185,0.39059769208540335,711.9392722068873,53.074941631581666
186,0.3926958121232196,707.4537798467396,43.69475709990201
187,0.39478921808384226,704.6808576419368,37.379579956904
188,0.39687821409975554,698.8812300848235,41.566433844147866
189,0.39897073627813356,695.1401080674544,46.0873557580617
190,0.401067192451382,691.5511953545415,52.45589011595228
191,0.40316228148056854,684.9388327978525,44.70360034995578
192,0.4052546340249366,681.9083852609591,44.06948132778862
193,0.4073499183903822,679.5414192756326,41.99397903139586
194,0.4094468722071623,675.3010131099566,46.102897199700735
195,0.41154432885897757,673.3081089217717,43.7247483937829
196,0.41363408239228544,666.258000313817,40.8573731140085
197,0.41572494638156243,662.6631146071329,37.31227578918598
198,0.41782181997781404,658.2138772395929,50.4201617717027
199,0.4199166506307261,652.76518964875,37.899665852218064
200,0.4220107143757513,651.3993762868838,41.20928521889118
201,0.42410542949066876,647.44199633853,45.0931603733442
202,0.4262013850195404,644.8170092635677,41.15065569481456
203,0.4282955296445312,641.8579149514861,49.079862289660944
204,0.430391806688861,638.1526964436672,42.86731102299076
205,0.432488575457924,634.7492006742614,44.25457273488625
206,0.4345806090039814,630.2136128692315,43.56649655563081
207,0.43667244097425384,629.2383937497218,49.76806374419872
208,0.4387671492209622,625.1357110927838,36.89613152175849
209,0.4408622534544343,622.576833657168,38.189842953482994
210,0.44295516415095815,620.5768940315138,38.11064878115817
211,0.4450482683181851,614.6251569321745,43.044239012654906
212,0.44714683875742495,612.2088655654077,42.30414447475203
213,0.44924362280569813,610.0648065751354,36.58620829027457
214,0.4513338633316258,606.6279574526513,39.29205379121021
215,0.45342753643259276,601.4199654594718,39.40676733632149
216,0.45552189548586586,598.218232188209,41.98657455301313
217,0.45761716616081083,598.3872855132234,36.54699363805842
218,0.4597117909764672,591.6907799922958,41.38763982953161
219,0.4618031890496857,587.6723549940028,33.040666591240665
220,0.4638995470730997,589.2700584660465,42.99413436376805
221,0.4659948171464902,585.1901436548503,41.36037235798408
222,0.46808929446972725,581.2547719998918,37.97154067084793
223,0.47018492649495636,579.2143329488782,39.71852111864171
224,0.4722792778491551,577.3671380560347,41.89644363343547
225,0.47437272572904565,574.7288557418377,44.960312677142056
226,0.47646593372141327,571.0912678072475,37.26830348673165
227,0.47856230727426236,566.9768078045282,37.32611275696434
228,0.48065904058976644,565.4694517961157,37.19833248342459
229,0.4827512226177774,561.8538042925944,34.36200952879265
230,0.4848441163240575,559.9010842395655,39.23263879681667
231,0.4869397730506266,557.4048941768408,38.92725160612508
232,0.48903678813400875,556.5833652561511,33.24316295380413
233,0.49113096964965397,551.4302123618368,35.07710468908247
234,0.49322332174786626,550.7829203865111,38.87466559262291
235,0.4953187148676145,547.9640741137127,40.06714179094617
236,0.49741120358770496,546.0443268003372,42.9005820818024
237,0.49950082345999325,541.6626151234708,37.55095759697401
238,0.5015952506837275,539.6687272287181,36.77639301428368
239,0.5036919972981919,539.1348350643166,33.27867707863043
240,0.5057872116617207,537.1325911338869,37.250151967138336
241,0.5078828569897101,534.2950091084514,35.987800045956284
242,0.5099793452386306,531.1358405555129,34.12826116434289
243,0.5120767256379639,529.3848335085065,36.16965461246979
244,0.5141702395931294,527.4299406178317,35.72788156587942
245,0.51626132102766,524.8261532091651,34.56279636911198
246,0.5183576899265504,522.1339318131028,36.69898771479451
247,0.5204524416424112,520.2139151612402,39.325270287732295
248,0.5225430403510469,517.7273850093595,35.14726322431432
249,0.5246378991347941,515.4631153290752,32.90688441921782
250,0.5267345150769579,512.5122531711244,37.52072707555622
251,0.5288284644781793,510.06266122650413,33.782608497625
252,0.5309200047543352,507.836228124213,37.9753172277589
253,0.5330154787982235,507.1983656318592,34.69508385216015
254,0.5351140455458262,504.15803431779693,39.46276813079564
255,0.5372066203065362,502.8726029577221,34.6122923514141
256,0.5392991990272246,500.83840071621626,34.794534042101176
257,0.5413944118270408,497.9886055320221,33.57611853462814
258,0.5434881995106379,497.11079726458735,34.74080580259011
259,0.5455829952492127,496.6548904130611,33.30510624387331
260,0.5476769745662954,493.54288981639087,32.62765042928196
261,0.5497697255495043,492.13655940484847,35.23756838471151
262,0.5518645446467839,490.201873773947,35.3637253965142
263,0.5539598571350287,488.64502210059663,35.35504339541115
264,0.5560564538950566,485.8851275166313,31.896189775446906
265,0.5581500505101624,483.4248774612539,35.002797614294195
266,0.5602409063261653,480.7858936915406,39.11278640310013
267,0.5623379637803174,480.34270336886533,35.000916085399545
268,0.5644363283026402,478.443200897622,32.46042080190671
269,0.5665273824761494,476.11287040225085,33.03776996220213
270,0.568621249018378,473.8857993419194,31.088314366165086
271,0.5707181447612965,472.9895176458878,34.03892627744553
272,0.5728127938597997,471.37578430717764,32.198627703072006
273,0.5749070881546879,469.67092619864343,34.81526710071625
274,0.5769991470923068,468.718519415155,33.65505838478506
275,0.5790956911760897,466.4385808954851,30.731972275114682
276,0.5811893306261757,465.1690314659651,33.081833690789715
277,0.5832802267374103,463.64385722592,34.38459042006051
278,0.5853761830306536,461.93002343028144,31.59740059937955
279,0.5874711784415975,458.6899044473339,29.294338267650495
280,0.5895653958899879,458.39962291158713,34.196885990432314
281,0.591659786459685,456.9122373339751,29.474813281496512
282,0.5937551851921442,454.05317930966714,31.35323497335254
283,0.5958498092767481,453.22941906244085,35.53936581976567
284,0.5979447066705442,450.372040234876,27.414538407290063
285,0.6000383505174957,450.7625725161083,28.508543154520186
286,0.6021313016181767,448.6656151414923,28.087062638765612
287,0.6042246965556944,446.73163504633595,28.005839070414734
288,0.6063189733697846,444.9134318133563,33.84965148201162
289,0.6084147213727373,445.17271917013323,32.86650302895726
290,0.6105090855473989,441.6598897074778,31.49343825810426
291,0.6126037649785722,440.4840437821254,29.84137128557749
292,0.6147002391370655,439.8828438468215,32.634994449503935
293,0.616794938930829,437.4765903642429,26.89003056087528
294,0.6188886865784012,438.01191520698495,29.371312035886774
295,0.6209825762252046,435.88086520061495,32.76675387895016
296,0.6230764414889526,434.15593303471394,34.669149796639815
297,0.6251725389343245,431.84421562151584,28.1998395550708
298,0.627266923011265,431.8632708727885,28.72783224130502
299,0.6293596211388142,430.54226670729605,30.75230829437237
300,0.6314513250607457,427.7133705553614,34.90055915325632
301,0.6335475720513941,425.8825840430842,27.024529936113357
302,0.6356444982495617,424.72827109817445,30.481265821058432
303,0.6377358562255245,423.99762263419825,29.74456977233382
304,0.6398302949107263,422.18201780274137,28.33338847964739
305,0.6419256185614247,420.78590630360486,27.14905142263073
306,0.6440214843206593,419.94026474241616,30.165077031038464
307,0.6461142033434962,418.7227565506523,32.08969248852716
308,0.6482061138478032,416.9905565318412,27.725414855255114
309,0.6503020867345045,415.58460234936024,30.105346714526814
310,0.652398185537932,414.53898363570886,27.96317498657725
311,0.6544932048530038,413.2835212142029,28.213260804285593
312,0.6565867871776386,412.8940164849633,31.988682413173727
313,0.6586827890115348,412.38765980287053,27.047721642453524
314,0.6607793300725506,410.05151720103095,30.89126215288023
315,0.6628724964198541,408.066401705727,29.790015464709608
316,0.6649654402217313,407.86142752863196,31.433927334646796
317,0.667059865407609,405.8809768585259,30.803821920523983
318,0.6691532523078332,404.23401503573655,30.003340263465912
319,0.6712457992597233,403.5399957240075,28.607643685599015
320,0.6733390782258323,403.06341778522,27.207451545064703
321,0.6754367503383576,401.91979632211206,27.122585631596888
322,0.6775335143160066,399.9993679893305,29.567335334253407
323,0.679624621064033,398.28007790552954,25.717662017390467
324,0.6817180292738917,398.51743904086766,28.307909298121125
325,0.6838149015047629,396.40594167894017,27.310007097378566
326,0.6859101434268815,395.4447719601224,25.93411508700917
327,0.6880046468184081,394.68455358078114,28.508386625786727
328,0.6900999637264865,393.04829671259284,24.744095437528543
329,0.6921965733216279,392.1812933909556,25.847067477356674
330,0.6942884945981568,390.8165877089776,28.22612294096548
331,0.6963781649531228,389.4658091805544,26.438555920963037
332,0.6984747371200234,388.3988716324047,26.492258720329893
333,0.7005690388882679,387.7366431347761,28.337699838135062
334,0.7026621579778546,385.7522733234061,27.50091731615443
335,0.704757268847954,385.32300562804545,26.237736847554576
336,0.7068509057629639,384.5890375929588,29.23951308733585
337,0.708945644402387,382.86628132461897,26.634220814506186
338,0.7110406815970572,382.4842157255673,27.047590036747444
339,0.7131372373036142,380.8085361738529,26.09522616473607
340,0.7152323589250973,379.47768333540733,25.715156480068785
341,0.7173245162021571,378.98368337614056,26.999253507291897
342,0.7194199711852413,377.8544818565745,23.32028046450875
343,0.7215151322330351,376.91649912685057,27.198187919381272
344,0.7236102334592447,375.65036359063555,25.733017308904497
345,0.7257047129497166,375.2319082230736,27.255761380093087
346,0.7277958825256088,374.50388486476004,28.50122642139177
347,0.7298900912292255,371.6328629782643,24.929903461324297
348,0.7319867159780691,371.4846521984972,28.37489690821828
349,0.7340808521059053,370.45478796977903,25.013162737344192
350,0.7361738853270124,369.1602017945652,24.881980606986954
351,0.7382682123604443,368.8065746030752,26.73846283339996
352,0.7403641944498084,367.182131391627,25.029396496267005
353,0.7424576311971561,366.28300678923785,24.025259726113855
354,0.7445523870480827,365.6904683320251,25.073188330382575
355,0.7466478284648128,364.8268244420097,25.156148187151736
356,0.7487413917548734,363.94597740749737,25.917998991233794
357,0.7508354594737505,363.29366833676966,23.262505019548946
358,0.7529278056847568,362.310228754421,23.83986937481097
359,0.7550230257904859,361.135356938409,24.18409241315526
360,0.7571167923480437,360.15571977668276,25.784571808391718
361,0.7592113317151179,359.3962590880736,24.419309752145242
362,0.7613074731933067,358.5200283404946,21.883324546274252
363,0.7634009581307508,357.94296488314023,25.47640481224316
364,0.7654969266569684,356.27100916641064,24.99723067318081
365,0.7675905899780763,355.6976375626716,25.720992355649607
366,0.7696837880547684,354.66176259892467,22.662768808615365
367,0.7717795008463626,353.5515468792244,25.571126056965454
368,0.7738757788346248,352.65166757299187,23.185625654541756
369,0.7759706260990727,352.3506717299519,23.32233231408094
370,0.7780620795267656,351.51027478849545,26.080331237131173
371,0.7801559906208961,350.0893897674194,24.4794394839831
372,0.7822523136569128,349.497435560746,24.200113148246565
373,0.7843481481853999,348.47503671716885,23.008098223500667
374,0.7864425511046899,348.45160356681276,25.022672794642695
375,0.7885343495966205,347.12435441577765,24.216314044576894
376,0.7906286372458883,346.15324648322195,22.319483277601986
377,0.7927244345313397,345.294587429275,24.507876065659875
378,0.794818005513127,344.6577591407244,23.230110827602598
379,0.7969121491149282,343.0579186820626,23.80762734311308
380,0.7990047112993173,342.9877925707576,23.55882554135728
381,0.8010984966914405,341.66325721045143,26.256567052141737
382,0.8031950165575023,340.47640565813555,24.984661411505517
383,0.8052905677217739,340.3994096567639,23.489774589355296
384,0.8073868841230295,340.0604681357154,23.72433811237925
385,0.8094800557409162,338.2873442118576,25.2258939776415
386,0.8115724907946299,337.37909042433716,21.029292839919794
387,0.8136674854006812,336.6150986359257,25.52840670249917
388,0.8157633267681768,336.3370413960349,23.372515297957165
389,0.8178572815764139,335.466419561451,26.078051474110904
390,0.8199509017046862,334.7564443031385,21.056453496296108
391,0.8220464110750062,334.4959891690592,23.966523269475797
392,0.8241406544737637,333.34009239019184,21.157078110653348
393,0.8262328397247414,332.585410689306,21.680599625954567
394,0.8283269471334518,332.0691567016938,23.280513348682543
395,0.8304231064697798,331.0959813743847,20.50188845760186
396,0.8325161683796762,329.624876117408,24.546791371967974
397,0.8346105557242035,329.41453962592556,23.405890422794887
398,0.8367059794413102,328.33767950281384,21.800995736009952
399,0.8388002445604258,327.93847306830804,20.67865691983309
400,0.8408960756111226,326.72789123839726,21.944196325854847
401,0.8429905652842218,326.65843454631994,24.34153832919701
402,0.84508401313589,325.5531501243002,22.387668423873585
403,0.8471791713809247,324.9419002405497,23.15297739211764
404,0.8492743362825239,324.1716779993225,22.660254394077455
405,0.8513668888602299,323.4982859591583,23.833325252273134
406,0.8534589296280589,323.19097428705356,22.2132051544443
407,0.8555558405338324,321.959698497561,24.959398925859475
408,0.8576516874123633,321.82183425530576,23.308448481595192
409,0.859744590599333,320.89189049252894,22.391170057175472
410,0.8618400547669827,320.0404688668476,21.49205495966357
411,0.8639350434441438,319.38235796136996,19.948241822042682
412,0.8660280248974203,318.51014083310326,24.115536668649497
413,0.8681201347325478,317.81014885922946,21.90358091826269
414,0.8702157283801463,316.47852436249644,20.484740936918225
415,0.872310621353091,316.85596502698786,21.377646511364397
416,0.8744020359703552,315.6137182451772,22.321382102960218
417,0.8764972088477568,314.8843869214069,20.416059635263924
418,0.878592835994214,315.02483176242885,23.629199194927697
419,0.8806870131084201,314.3350259706616,21.42186415148688
420,0.8827812802431019,313.221381518722,22.145683854975957
421,0.884877279658285,312.8323504636861,20.053133986937826
422,0.8869730004154345,312.57964698865004,21.0192106370484
423,0.8890661750433553,311.43799528556485,22.718430835680095
424,0.891161435679344,310.6849960120959,22.084711037266306
425,0.8932577960179496,310.25521224627084,21.14187688197041
426,0.8953527392107627,309.71025447399677,21.979142175364768
427,0.8974462460666859,308.6717456106564,22.872701592922073
428,0.899539340962409,308.0560570055673,22.700408680808945
429,0.9016318169027592,307.4667343191414,20.937099683462538
430,0.9037252249745606,306.4308591763556,20.28843387993599
431,0.9058199443223193,306.3520898004269,21.62141349262866
432,0.907915243986348,305.9372968138247,20.298736371128015
433,0.9100128049501981,304.9646589888696,20.94270082484156
434,0.9121059966002629,304.4870372767737,20.181620441812736
435,0.9141972861830797,303.74654278985764,21.57085197798557
436,0.9162932496702593,302.9669433616423,21.14469309174766
437,0.9183878012752863,302.18743679804356,20.780395634251654
438,0.9204823185419505,301.3910933368341,19.454938350620196
439,0.9225773629784582,300.9608600970675,20.625711419047523
440,0.9246718174739146,300.92470656120537,21.64708040606266
441,0.926766211900197,300.37095605545113,20.123950389691863
442,0.9288591582540804,299.3189831199644,20.779481619245
443,0.9309526610700547,298.63113852432673,20.139396401228087
444,0.9330479303067369,298.46735789318177,21.957069973819433
445,0.9351433527997749,297.5036417725465,21.354245507356502
446,0.9372383527365933,297.612021231929,20.148563476078255
447,0.939329757499591,296.6145636382253,20.080949918996467
448,0.9414230571985791,295.7809172850304,19.69285140522607
449,0.9435210054806012,295.7017045743268,21.93502306936592
450,0.9456162503172072,294.55725115968505,21.27659817340881
451,0.9477100092887099,294.2375081132085,19.972671260291268
452,0.9498046323041349,293.3506705225128,21.561751074816026
453,0.9518991548408083,293.1592250777807,20.632742284436695
454,0.9539929332702277,292.5656877510605,20.279897973810208
455,0.9560874898052096,292.3781359286977,19.186766251919995
456,0.9581824530689178,291.3280721178253,20.391316992828237
457,0.9602770371571748,291.0716261907552,21.887313503466444
458,0.9623710723241273,290.32405913481426,19.37405484624615
459,0.9644648349083941,290.198139270426,19.95481566837853
460,0.966557887379011,289.50225229276754,20.073317968686208
461,0.9686513195291268,288.97578994824823,20.765010292547245
462,0.9707470393683869,288.0610158681643,20.021292840613015
463,0.9728419987888902,287.88506041580354,20.267841004466874
464,0.9749363451418961,287.4484327587771,21.025961526417202
465,0.9770319720978949,286.2097480369085,20.378490130641225
466,0.9791260608689247,286.25639891006426,21.119006868807123
467,0.981219993418123,285.5251741587752,19.618635513818493
468,0.9833154848012966,284.7467746026113,21.34068189966199
469,0.985409217900734,284.4115789718253,21.550781439847928
470,0.9875034929558208,283.587530042083,20.521718879491683
471,0.989598845059814,283.12241642013885,19.8089385649341
472,0.9916925524589582,282.99558759497404,20.072765317630218
473,0.9937866222530743,282.1905821928701,20.544694233995653
474,0.9958822538585521,281.7152292225387,20.134426264832467
475,0.9979763461234663,281.27390673068953,20.61119116363496
476,1.0000687382803208,280.97894466279035,20.338744515843597
477,1.0021620574674717,280.45054079347824,19.926606308089045
478,1.0042566040705312,280.0151055332715,21.08751115213553
479,1.0063510481087232,278.84791073706486,19.309438913223254
480,1.0084458017147504,278.9446475884228,20.37569352456546
481,1.0105412449330358,278.7299812990801,21.522706712599028
482,1.0126363206852906,277.63027945209797,19.33555488538329
483,1.014731689048677,277.2349932673268,20.85964508539931
484,1.0168251811607234,276.8440952277683,19.959330504937256
485,1.0189183181794257,276.10727787301846,20.022875352889763
486,1.0210135131858313,276.20857109774397,20.93781147242093
487,1.023107899818119,275.38751439709023,19.213101891924847
488,1.0252035642142994,275.2114908625124,19.93313215573493
489,1.0272979326699727,274.9062681390196,18.93512625593215
490,1.0293915165160124,274.0241205343843,20.68068424176509
491,1.0314862118776227,273.91711517662947,20.301088135215828
492,1.0335813276438528,272.9528507343676,20.699092794403295
493,1.0356760372494827,272.8560487354196,19.71957421530413
494,1.0377697665518313,272.1537730215535,20.080014883199933
495,1.0398635542890804,271.77904813408276,20.229280176202973
496,1.0419580022733907,271.29237010542636,19.373459132686524
497,1.0440530837182007,270.94528154204284,20.42129869553971
498,1.0461463909219801,270.68349155058087,21.746958005076205
499,1.048241289239942,269.7146206813049,19.133256050819146
500,1.0503346504195201,269.4123848265709,20.408596394189427
501,1.0524278880438542,269.0150535163034,20.092186479911483
502,1.0545231057279465,268.6512458670036,20.0514975903128
503,1.0566172205725972,268.2204582668423,19.54942686606597
504,1.0587125681053644,268.0787478856674,20.416233300095808
505,1.060806974942881,267.3511971196082,21.283532198519232
506,1.062900937291859,266.8557034597786,20.13954164123327
507,1.0649968400029963,266.45232584889686,21.609775843591844
508,1.0670917748856612,266.08687017635833,20.718695150083988
509,1.0691837840599538,265.5701723002245,20.526456380513697
510,1.0712784055790137,265.04025606304197,21.463827303017297
511,1.0733741944109443,264.4364097293886,20.3368664050543
512,1.0754689143080451,264.47887263507977,21.52754780204073
513,1.0775625935653539,263.65769084802173,19.93224242468668
514,1.079656551776009,263.36667872063106,21.175229492049716
515,1.081751759033872,263.0093886931525,21.204646778299278
516,1.0838450038800544,262.50297335432435,21.024471588819146
517,1.0859393346043436,262.21826213711444,20.791951958753334
518,1.0880340737032612,261.88963348744386,20.506693033561668
519,1.0901280973397867,261.41816444430094,21.02600180225653
520,1.0922232205093443,260.91990241167065,20.876197346039223
521,1.0943183198095006,261.0140413701679,21.462989916071418
522,1.0964124680620808,260.2506265216089,20.30803711968401
523,1.0985066965945804,259.9414795416838,20.897559932178556
524,1.1006022506925348,259.5186402115105,22.454622683957062
525,1.1026960746069068,259.03854226187696,21.80610961719323
526,1.104789420523433,258.81903209471284,20.42501411023717
527,1.1068841457204943,258.45940918730446,21.9736067363784
528,1.1089772649904681,257.9300558040496,21.6174356511383
529,1.1110723868790173,257.70569275746294,21.458303774556136
530,1.113168427194727,257.29876581428545,20.668435133441818
531,1.1152626776337078,256.7424761506526,21.56249747729249
532,1.1173574051129724,256.42001708400346,21.90517737282834
533,1.119450573697561,256.03811024266497,21.683414222660417
534,1.1215436337779248,255.13092656624477,21.612991859204755
535,1.1236390334415942,255.46131812858,21.101968813578655
536,1.1257332200225998,254.91869569836655,21.05963579993882
537,1.1278283378211404,254.63594814997649,22.788141242735723
538,1.1299238131648552,253.99925025070027,22.534743597680237
539,1.132017447124327,253.66329479334797,21.310897508189857
540,1.134110650036949,253.52764355618433,22.001198905145586
541,1.1362036259959787,253.0882584390019,21.34171264203818
542,1.1382991427598659,252.4933121538869,21.079929229566673
543,1.1403936066737896,252.30726053884968,22.183973802361262
544,1.1424878264606209,251.70483806211269,21.39758597338645
545,1.1445836717483504,251.50624174095307,22.333605607981667
546,1.1466778755714095,251.0457764103574,22.48133349880645
547,1.1487715351237628,250.87077328056728,21.28054452242346
548,1.1508672245306748,250.68516550049483,21.64272789164959
549,1.152961670034179,250.39330996039754,22.267995261170537
550,1.1550551275418117,249.89439563853165,22.746678384428105
551,1.1571500620004906,249.33616270884818,22.506749731932324
552,1.1592451155989445,248.76481214052032,22.73926224657597
553,1.1613401484055899,249.27009922733464,23.809567613543955
554,1.1634328135986687,248.52159715231656,23.42718733373322
555,1.1655280225544649,248.0733088523311,23.739447143871956
556,1.1676232414157608,247.89871964591072,24.385628112537884
557,1.1697157183635434,247.26713406240688,22.27713239408557
558,1.171809765164966,247.13745625203927,23.493111675524357
559,1.1739036754657965,246.86152460069403,23.418789971885243
560,1.1759974618047027,246.82706120859913,24.054387504653153
561,1.1780927342002254,246.1206767555929,22.85014529838921
562,1.1801886215978319,245.84235517881365,22.444509886637384
563,1.1822824649467334,245.52911995791644,22.891470941089892
564,1.1843777187054296,245.07806545900442,23.899530682279938
565,1.1864731317277017,244.93884286756517,24.08680415962608
566,1.1885662199882188,244.81338721491971,24.721390022945336
567,1.1906603290984812,244.27103305336138,24.14092528135083
568,1.1927560449071208,243.853971264478,23.920339630737686
569,1.1948501301675682,243.4463239050036,24.916065199342125
570,1.196942866326464,243.336304921651,25.586235481050977
571,1.1990363434731066,242.99402643984672,23.218191270071404
572,1.2011315528209288,242.66891505749695,25.08392493666147
573,1.2032252726398727,242.06617513169934,23.92735633634133
574,1.205319131714267,242.37718797352215,25.60603003134165
575,1.2074143429200774,242.09802972870384,24.257912046967828
576,1.2095073316728018,241.49653338373344,24.662086265623696
577,1.211602159357548,241.2372815494126,24.94152239753163
578,1.2136984428310558,240.9959760371828,25.864975739599444
579,1.2157943340364452,240.60129430826467,26.389303199258663
580,1.217888268816351,240.1318548583141,26.506577050940002
581,1.2199821909033837,240.06377482447311,25.406629403407297
582,1.2220779372220854,239.7218176364719,26.185531649973743
583,1.2241720630448372,239.81782735773137,25.950546141909346
584,1.2262656486341297,239.2706958808384,27.04276061916581
585,1.2283602712023978,238.97752577693342,26.87784555633464
586,1.230453847781421,239.00146825055938,25.562315031892698
587,1.2325484279288663,238.5205628018071,26.363345297212405
588,1.2346427330328844,238.27850230275524,26.46856293675309
589,1.2367368340043534,237.70124909069318,26.214852017704867
590,1.2388320989568682,237.6316180918393,27.25047467138187
591,1.2409254956441091,237.39941612567512,26.942307800221965
592,1.2430201387037565,237.27403176772987,26.591486008349726
593,1.2451147141570293,236.90771270293706,26.85658791029981
594,1.2472087367784284,236.60599285921043,27.91243679964728
595,1.249302614173833,236.22025941902336,26.865179913497897
596,1.2513971052845823,236.0792758693423,28.510330046194497
597,1.2534931066319515,236.04305805564007,28.140371611773066
598,1.2555863817711985,235.51049852265206,27.833539882021828
599,1.257678969059161,235.23992043705528,28.75981661217329
600,1.2597748382104277,235.0698708021439,28.222309101162033
601,1.2618698898493887,235.1999440880081,28.429032455093232
602,1.2639640740660565,234.45859689178846,28.643224569446907
603,1.266059176034634,234.3601368750135,28.532236926114226
604,1.26815329738596,234.26048981251034,28.64594612627516
605,1.2702469827768745,234.15207300030383,28.864871134451658
606,1.272341439773769,233.4608539201894,29.393984973314755
607,1.2744361591580655,233.41595440856446,29.074972566795445
608,1.2765301570381213,232.95352954793552,29.60413591620902
609,1.2786243195908502,233.29809303566375,30.792369374527
610,1.2807201779848052,232.9639339536291,29.43642566324484
611,1.2828149770647865,232.45791671882068,30.088477833071202
612,1.28490831046805,232.29344528711144,29.71415870771647
613,1.2870024746125797,232.22317519693664,30.667398803516626
614,1.2890960788179595,231.87496678049757,29.966132206746085
615,1.2911903407610128,231.89295520614795,30.278638138276662
616,1.2932847299377603,231.59999759229794,31.557178703064746
617,1.295379834193548,231.52328659081545,30.70246192790897
618,1.2974743412448833,231.60116804790982,32.42933403843107
619,1.299568838606027,230.88996268647693,31.967173844594612
620,1.3016640567270552,230.378378310283,31.19530401890258
621,1.3037578272673165,230.23630067697465,32.598681478095244
622,1.3058518980796576,230.08010815130245,31.585504723099227
623,1.3079469520711469,230.3150229055145,33.06057006594851
624,1.3100414674631762,229.8028396391821,32.527982356877104
625,1.3121343419146885,229.8757067653997,33.69356475076766
626,1.3142291157646366,229.5619977894933,32.977907615951985
627,1.3163249547628966,229.2451992288689,33.67132701364947
628,1.3184204308819243,229.36045167774748,34.4606974985057
629,1.320514045081714,228.71687115323138,33.47570535223676
630,1.322607731116918,228.9145963265567,33.96284646081896
631,1.3247030067977636,228.44312240361842,34.493432154975956
632,1.3267964975071294,228.69609329401962,34.94986378018411
633,1.3288900457896358,228.43736260253726,34.761889783837546
634,1.3309846323229146,228.07501785683502,35.530692135062594
635,1.3330795391690438,228.25279747716604,34.84579032701146
636,1.335173949560825,227.81164916069545,35.11918237005896
637,1.3372672428845813,227.8294136943432,35.6117180281545
638,1.3393616502777206,227.74429803246383,36.31381813854367
639,1.3414564546808454,227.35167581931606,37.04625201544227
640,1.3435497634465539,227.2102478569524,37.29175244241729
641,1.3456439095281743,226.93265520988342,36.834146347045085
642,1.3477398961804745,226.9839045928327,37.13282906549219
643,1.3498356331361778,226.98764228430954,38.0886312912652
644,1.3519291222201564,226.78546506001075,37.502954732957384
645,1.3540221824451044,226.45604235431264,38.18325119465249
646,1.3561174165883387,226.71533222582022,39.38924682287951
647,1.3582118000666776,226.1931181043367,38.812702947593515
648,1.360305548489477,226.0454530890234,39.91647108460393
649,1.3624016471705516,225.9849826803701,38.36069086952904
650,1.364496581524498,226.03048311185455,39.84315676118484
651,1.366589927521404,225.7902630395991,39.9291732561744
652,1.3686839345616666,225.70554499292263,40.1090761479343
653,1.3707785136744248,225.65596577946712,40.52652533818852
654,1.3728736781569988,225.41687170630675,41.436545346324635
655,1.3749673745335222,225.05077833799658,41.495174917528615
656,1.3770602631292597,225.19672920984314,41.42799640700691
657,1.379155717578164,224.88119595143726,41.81647305523964
658,1.3812508039107998,225.02864866875677,42.08428658995707
659,1.3833453325862841,224.80009784629223,42.88022710467509
660,1.3854396647384786,224.58898300573406,42.44658516199823
661,1.387533616953471,224.72346826559712,43.09783348599357
662,1.389628935147901,224.77084448328546,42.81340354155147
663,1.3917230672721894,224.53165793489111,43.739747601593656
664,1.3938172778813163,224.44118037427324,43.39661534887104
665,1.3959128506087028,224.42826631708604,44.90796377842619
666,1.3980069894682674,224.09596378782095,44.78268736696348
667,1.400100032768225,224.2516946551807,44.96508993936712
668,1.4021942273095422,224.05094722997615,46.249598995484625
669,1.4042879724639459,224.1242797237401,45.68695493786632
670,1.4063822250727482,223.87912509248673,46.702621773730314
671,1.4084777998796327,223.84566869311826,47.13982739953419
672,1.4105725454065003,223.80395917556498,47.65137756558924
673,1.412666035757187,223.87344832225713,48.08513389126648
674,1.4147597581950535,223.62404989024915,48.343861123163535
675,1.4168552493745823,223.64713284235282,47.96636395217223
676,1.4189502707585735,223.27879877620492,49.632262647419545
677,1.4210439871962917,223.5165538008886,48.75055684902946
678,1.4231379588066748,223.49708906162004,49.5001969202293
679,1.4252323843784174,223.40958393885649,50.280992548429715
680,1.4273263645812686,223.5117034423337,49.93293329636358
681,1.4294209343777806,223.347324731016,51.5866518865964
682,1.4315160587565352,223.2629986144132,50.912360437985384
683,1.4336101809254245,223.46415384105072,52.66441764421257
684,1.4357047233292217,223.1882314552161,51.85671869720864
685,1.4377991034950037,223.47335981842662,52.798303622239665
686,1.439893269172154,223.24380418839198,53.14863396236379
687,1.4419870983325702,223.11697064316195,53.60250683589363
688,1.4440820971476513,223.1552604968049,54.04939360721585
689,1.4461780146809415,223.20903078263603,55.226301056436924
690,1.4482723645441788,223.3594065862161,55.54283046815692
691,1.4503661519067539,223.16097858017545,55.5375112381035
692,1.4524608997459605,223.17777575369269,56.38615592841404
693,1.454556191478353,223.2486141577811,56.95993986660981
694,1.4566505605195028,222.93957868517006,56.93925361300488
695,1.4587435672120013,223.38936964180718,58.10836776036599
696,1.460836376274075,223.10176716240326,58.17578790423205
697,1.4629315024559504,223.21759901769178,58.88154763732748
698,1.465026115161985,223.24725063798684,59.05006516407005
699,1.4671201905708728,223.07254599769539,60.36326285823992
700,1.4692142550197365,223.28738097265142,59.94760098318794
701,1.4713085109511452,223.2485775938929,61.016923598998936
702,1.4734040883627781,222.97160835174986,61.02134106854291
703,1.4754983077923518,223.08284402383308,62.65535246655764
704,1.4775927333883283,223.4482156021099,62.27213169855116
705,1.479686516386449,223.40399167153893,63.551190324692215
706,1.4817805445745025,223.46805358753664,63.71644429126803
707,1.483876051193717,223.4500476566188,64.7271121948075
708,1.4859713583510508,223.60272527313856,65.13931766139476
709,1.4880662760111125,223.77489214805067,66.07791071015598
710,1.4901603423423662,223.93648380696158,67.22575569894396
711,1.4922546168830801,223.792431484865,65.67994726534624
712,1.4943493508016918,223.8202513349284,67.42538316432905
713,1.4964436549031517,224.00037433945445,67.77223575680587
714,1.4985372426394363,224.2174148765853,69.2876772081177
715,1.5006303537214591,224.07737181014707,70.27935161318035
716,1.5027246941647125,224.14292640161955,70.05175373944385
717,1.5048198674391857,224.39224981352746,70.63511130012746
718,1.5069136003861163,224.43602516983339,72.20801308277032
719,1.5090076377683221,224.57012460719758,71.7922745507328
720,1.5111026723067662,224.4682300116876,72.11214778811781
721,1.5131971028762412,224.78539561481716,74.04880683609723
722,1.5152912609041667,224.88879281076154,74.8488745732456
723,1.5173854934463344,224.8357333900894,74.82245386854385
724,1.5194808793753787,224.87932618716647,75.02643221466968
725,1.5215756259285513,225.30641365941415,76.25294123169365
726,1.5236695807770564,225.37779647787315,77.04672889177566
727,1.5257641081783464,225.4520450647265,77.62709707240728
728,1.5278584873608179,225.4482153381561,78.94060350993239
729,1.5299536435991428,225.75774147849233,79.61787039358994
730,1.5320476585044298,225.77770962880658,80.78212562851331
731,1.5341414384393777,226.3820176361713,80.65103097274796
732,1.536236950937659,226.07915322971783,83.06588177058626
733,1.5383317033374695,226.46751575885676,82.58556886528676
734,1.5404255753841434,226.4576658323643,83.52396228056882
735,1.5425198393431812,226.9634460035021,84.0056263090395
736,1.5446136227526486,226.9710812607847,85.61010682426311
737,1.5467072285753283,227.04777590329263,85.62617077027744
738,1.5488013111816905,227.13804652596744,86.8591571769112
739,1.550896674249749,227.5511596299413,87.52544486422181
740,1.552991701547339,227.70683107320747,88.46244914079031
741,1.5550856629518366,228.03544308450714,90.06466790084123
742,1.5571801051512508,228.15014149239667,91.30419001734087
743,1.559274417579796,228.32655098051117,90.49048783043938
744,1.5613691533539047,228.61458658514974,91.46394414768511
745,1.5634631934261796,228.57400600156873,93.20410410078006
746,1.5655577892497892,229.10611669055774,94.0086901688723
747,1.5676527275763066,229.23334236238213,94.51438455420625
748,1.5697461748764228,229.53772678633786,95.80043908703982
749,1.5718402189801153,229.4980792149404,96.64743741578413
750,1.5739346218160084,229.79655694879636,97.36144401038784
751,1.5760295037244485,230.25037283073894,99.65623062784796
752,1.5781239238326052,230.48308623172707,100.22124717795727
753,1.5802176736109215,230.78395643890974,100.54945546262499
754,1.5823123941098438,230.87244865253854,101.97973046892511
755,1.5844068047546922,231.37601760337898,102.95118141304025
756,1.5864996832696292,231.6475152964043,104.19789057087111
757,1.5885944598128996,231.82074464857826,104.78365487716472
758,1.5906903325437156,232.17422731005675,105.72885009201993
759,1.592784689092666,232.78674281223329,107.99979897200026
760,1.5948796873290236,232.78707752026222,108.49359877033201
761,1.5969745597395735,233.15109284957185,109.16518689851442
762,1.5990689218084002,233.31320759327798,109.86353316614013
763,1.6011633213632455,234.0127922446399,112.29743884592219
764,1.6032577776043084,234.25087955787473,112.91125870902788
765,1.6053514020964894,234.37431846704666,113.85570227156973
766,1.607445093072501,234.68798590127943,115.79355075689071
767,1.6095393086936036,234.9628290582059,112.98401308812765
768,1.6116336711357766,234.50790805038446,106.19236320432329
769,1.6137279918528686,234.25165349892785,99.4770971608394
770,1.6158221116449558,234.3126363693544,94.68750746723626
771,1.6179176229648538,233.82982474771393,87.91795220242128
772,1.6200131612431772,233.47191933268394,82.02393736554811
773,1.6221069236192778,233.42217080972637,76.35946212225463
774,1.6242011307622557,233.24498357405088,70.63977439075747
775,1.6262960841945175,232.96961541965592,65.22153590742604
776,1.6283896203498047,232.68893042385503,58.99669081779766
777,1.6304834947928883,232.38507305608638,52.831805331209935
778,1.632578127710653,232.3661660463973,48.652002374916485
779,1.6346731813158608,232.11491721045692,42.64601652059253
780,1.636767172365261,232.1615848142566,37.05657536888737
781,1.6388603779595408,231.88314175617245,31.33508341955671
782,1.6409563605892468,231.4982961641542,26.864373450969573
783,1.643050621284035,231.1643239964224,21.567708162941702
784,1.645144102645386,231.1419961289762,15.599632352238928
785,1.6472395726584623,230.85471747796896,10.76237862450667
786,1.6493331318477138,231.06380848503986,5.604540660839768
787,1.6514277435583298,230.5296372256371,-0.1035205145764339
788,1.6535225655624404,230.68313339803566,-4.165114744616322
789,1.655616100487628,230.32589798888733,-8.76021664809509
790,1.6577106071833263,230.08341394569678,-14.046957935899623
791,1.6598050724476994,229.68392074673997,-19.281620629500527
792,1.6619001395524664,229.96970716829017,-23.162103112049824
793,1.6639948642035431,229.51959960301375,-28.99895885601493
794,1.6660882997554614,229.33233839615636,-33.77375732689133
795,1.6681827329415837,229.52638006634086,-37.473480577659565
796,1.6702780557373313,229.1018423407998,-43.29329343384776
797,1.6723710846745943,228.9910239475595,-47.03859823817275
798,1.6744651718920411,228.76652241019403,-51.98285766282208
799,1.6765602044792516,228.4753757716273,-56.046607978861225
800,1.6786535596079524,228.25812631447474,-60.315695973887124
801,1.6807491745425278,228.3980543420183,-65.33886449517206
802,1.6828445761171116,228.11498058765596,-69.08979193179792
803,1.6849386388007168,228.03710923723412,-73.38008072581219
804,1.6870339476475265,227.77286690482256,-78.05840174109368
805,1.6891280758541645,227.5554760556929,-81.87767985772324
806,1.691221272327691,227.50614781701242,-85.90760334407226
807,1.6933141346742315,227.31218060820757,-90.10960387378802
808,1.6954090930463133,227.34664867847601,-93.96844126299155
809,1.6975047078021417,227.30411811008065,-97.96789114196777
810,1.6995991246970055,227.04265621454198,-102.70912487398785
811,1.7016934918813407,226.87945142414466,-106.62298526415773
812,1.703786903721137,226.84725054532703,-110.15543384957843
813,1.7058818292953146,226.54946149225358,-114.53680201155353
814,1.7079768740006063,226.55420082477798,-117.7674460773125
815,1.710070845319196,226.34473420075065,-122.27101800120047
816,1.7121645316176712,226.33572638562993,-126.050644057679
817,1.7142597272321454,226.15812798984683,-129.68816935431497
818,1.7163549406546734,225.98042395612487,-133.1213164354316
819,1.7184482195940645,225.8558433923081,-137.27236945631307
820,1.7205423072627637,225.68590860519413,-140.8821833012099
821,1.7226374847113666,225.69572088546164,-144.88614168907313
822,1.7247323233526113,225.3978923381935,-148.23610810000392
823,1.7268266901810085,225.3395613357691,-151.6135497380163
824,1.72892134476467,225.184163708429,-154.8845748467915
825,1.7310153629662073,225.18804867544654,-158.93804806497855
826,1.7331087353021186,225.3505857038196,-162.37780759763976
827,1.7352028820270462,225.0536745391791,-165.330324611892
828,1.737297419510233,224.9437490407038,-169.7393926225901
829,1.7393924268721555,224.94953975786632,-172.34757744484682
830,1.7414865202316776,224.84401714617502,-176.26397640458276
831,1.7435798385311778,224.52283609726683,-179.23547130735847
832,1.7456747741592018,224.58204627897564,-182.92720657022178
833,1.7477707733578058,224.6272931959662,-185.2416778017432
834,1.7498644151299778,224.4315096483449,-188.8724724054205
835,1.7519579294274097,224.04631885887594,-191.48374641555017
836,1.754052537005875,224.37790923350644,-195.35056089008884
837,1.756146014277543,224.0508263108167,-198.54446183450452
838,1.7582399685899122,224.1044819928662,-201.650848680498
839,1.760335124398212,224.00897405220053,-205.2060722766704
840,1.7624306374180432,223.69198066213823,-207.53682018030327
841,1.764524733445493,223.89843781079864,-210.68263541771438
842,1.7666195957988082,223.82408165394,-213.19254464397497
843,1.7687146552767006,223.82878228037873,-217.14086742982258
844,1.7708085687106505,223.6596453447172,-220.08131963987847
845,1.7729026984403262,223.83649642823815,-222.7507012800378
846,1.7749968373222131,223.88037719762312,-225.5300859352768
847,1.7770919795414395,223.41522963791695,-228.18588402994772
848,1.7791866891650514,223.47835889975423,-231.28474489894512
849,1.7812805740714612,223.24586202544427,-233.95913564592902
850,1.7833749145944944,223.29868203918062,-237.2942952014268
851,1.7854698174814119,223.33028634746447,-239.66820548507
852,1.7875649050000997,223.22925332506998,-243.00499610757382
853,1.7896586091751823,223.19130877108648,-245.43498921191906
854,1.7917528105223397,223.27695675671646,-248.32189759907834
855,1.7938472619734778,223.05675296560275,-251.3983304297044
856,1.7959410333998334,222.96402874907577,-253.4895045567735
857,1.7980353139963554,223.0193652558678,-256.28578463249477
858,1.8001292949050451,222.88315642111692,-259.2163165225439
859,1.8022240144636215,222.81494061782877,-260.47962167767054
860,1.8043180357006787,222.8581504172338,-263.4648485693758
861,1.8064120149556366,223.04394908326645,-267.36086570308873
862,1.808507216693214,222.995877097235,-269.012474938263
863,1.8106012235056632,222.93467897105444,-272.05299156731473
864,1.8126961076333348,222.83814704265836,-274.1665026218851
865,1.8147906359659112,222.43289368219135,-276.8100332030284
866,1.816885013662702,222.82798258274133,-279.89758312819345
867,1.8189799788179999,222.74562104024454,-282.3180246869909
868,1.8210733357472892,222.65659403655684,-284.3483140390191
869,1.8231675363973032,222.68964963093927,-286.62420249419546
870,1.8252628639859947,222.577318697641,-289.8683511871963
871,1.8273578690890415,222.7007956872024,-291.564211013058
872,1.8294529153678178,222.4641728740272,-293.91772630911555
873,1.8315468366202061,222.76922034625633,-296.92064786088696
874,1.8336403420201965,222.59134551674674,-299.1215425002291
875,1.8357342642631629,222.63535961821756,-301.2040504303255
876,1.837828606636473,222.6466902496322,-303.46333995796334
877,1.8399232687279,222.72845824339703,-306.47095597311727
878,1.8420169361094605,222.59117544371784,-308.4861273914145
879,1.8441103454239045,222.60818438730436,-310.19253532056325
880,1.8462047113551943,222.96061536371482,-312.64098112302923
881,1.848300337583767,222.93474811082632,-315.38832661539686
882,1.850395118058644,222.6968190562379,-316.9642897380499
883,1.8524895015648957,222.4967837576705,-318.9208396065925
884,1.85458435317291,222.83186446325476,-322.3494402088618
885,1.8566786691854407,222.60867822178693,-324.11137407651523
886,1.8587722962005393,222.82799331965745,-326.1003791349065
887,1.8608667292143481,222.85287574087656,-328.6728975499181
888,1.8629623979972338,222.52711449164028,-330.42583859766313
889,1.8650575007618033,223.03620968400463,-332.61539448826153
890,1.8671515757398978,223.19183930512926,-334.4435864941079
891,1.86924567270883,223.19190770085794,-337.3925251503301
892,1.8713402290883943,222.9833877917716,-338.68848595386766
893,1.8734333441485889,223.30439931417533,-341.8053376380352
894,1.8755274569663687,223.2385716890758,-343.7701932867119
895,1.8776226584010878,223.1054255764825,-345.1930421222679
896,1.8797156234954413,223.25599898078215,-347.9475045516739
897,1.8818097674713492,223.38750524897895,-349.73042338842805
898,1.8839051205157094,223.30482590081104,-351.5413734894893
899,1.886000042933448,223.38705094165522,-353.74833650514927
900,1.8880949075451439,223.76033732491234,-355.74970012144973
901,1.8901881584759161,223.47114061389289,-357.80689765998625
902,1.892283217936019,223.5247255286177,-359.70373632070573
903,1.8943782680554568,223.56773721107447,-362.2270285924485
904,1.8964720473710392,223.69245300622222,-363.255554110686
905,1.8985668668489433,223.901566065741,-366.72928541573424
906,1.9006612809862096,223.7083676597498,-367.5910715975629
907,1.902755719587151,223.9409929938943,-369.3334922423288
908,1.904849757588545,223.8278025756874,-370.9077601443027
909,1.9069430754605277,224.28814895641028,-373.0888758377631
910,1.9090378340013505,223.9983049684999,-375.3713901691946
911,1.9111324914183263,224.21132709382755,-377.25378407571407
912,1.913226965923519,224.2660403658939,-378.61718725337994
913,1.915321381331026,224.36829494597887,-380.92094251306924
914,1.9174162748437817,224.7424767153877,-383.40722690043197
915,1.91951096404297,224.58605459458647,-384.2822674465403
916,1.9216039358616672,224.83880903487687,-386.9074993745086
917,1.9236986253914137,224.58630365625572,-388.3341569491052
918,1.9257933066276691,225.00041937043667,-390.73518582175586
919,1.9278873651498682,225.15185475724007,-392.81217373355224
920,1.9299807661659822,225.42365681834278,-394.27716771997046
921,1.9320760482648573,225.27221986296743,-396.2399313695591
922,1.934171767524072,225.59131231572402,-397.37799207407414
923,1.9362651059315399,225.5758773457345,-400.05168054061915
924,1.938359138419254,225.76627440183736,-401.85887827981895
925,1.9404538735984294,225.5873850401864,-403.51090542794805
926,1.9425479146608418,225.7083351255277,-404.1478772337857
927,1.9446418189559174,226.41824404694844,-408.182394328115
928,1.9467371502259871,226.30723123090127,-409.03034579776454
929,1.9488329760684335,226.5970280101376,-411.1375107186865
930,1.9509268120448882,226.65525355160554,-412.46857888739777
931,1.953019609354344,226.70942713767673,-414.0442785313877
932,1.9551147244404972,227.0735907217892,-416.9717131317979
933,1.957209950604826,226.9642288912456,-417.72884508661343
934,1.9593041179655175,227.08440826699436,-419.9203271512946
935,1.9613980124620214,227.09857346971532,-421.42611241051287
936,1.9634920823781827,227.29517158566958,-423.2016013065266
937,1.9655870316775599,227.6628072228279,-425.2166250437298
938,1.9676813106463258,227.6600972271886,-426.7553100982345
939,1.9697755380711686,227.94595486540325,-429.26772859806897
940,1.9718704076888727,228.2194053748692,-431.05700642229357
941,1.9739643213778544,228.393759778588,-433.001075932841
942,1.9760582139073395,228.39529624115931,-434.2254116632956
943,1.9781533744008393,228.74414586884575,-435.8719478420354
944,1.980249297656676,228.82748673156507,-436.8544671524602
945,1.9823436902775773,229.0122180542835,-439.6545396874045
946,1.9844363854611324,229.1146753045483,-440.7301979651518
947,1.986530057736426,229.55165336178226,-442.74036797218986
948,1.988624138262085,229.59218534979144,-443.9089390444423
949,1.9907191302641989,229.96871647074246,-447.0909687642457
950,1.9928140678397719,230.12252614607792,-448.3031964086595
951,1.994908057158038,230.46248764147518,-449.84064525604305
952,1.9970037235567513,230.7518103799413,-452.2076301131628
953,1.999098539119481,230.82500119068155,-453.5344833131751
954,2.001191245179364,230.84340419620568,-454.55556043312475
955,2.003285465781134,231.2526393070095,-456.6967313047429
956,2.005380090953843,231.39759845177915,-458.8565878217064
957,2.007473757612322,231.4335340892513,-459.6459316951134
958,2.0095674385752345,232.1904340182971,-463.39264845805485
959,2.0116620669227445,232.074863599577,-464.108722152042
960,2.0137574654124313,232.3982134813163,-465.5720807719069
961,2.015851542299029,232.79133581581394,-467.75623170038676
962,2.017945842236743,232.63246278556517,-469.23012481534874
963,2.0200414078173843,233.4709358219278,-471.3194527060127
964,2.0221364472105585,233.4414267586943,-473.3561665961204
965,2.0242304661583193,233.68624613792713,-474.08763595159314
966,2.0263241213554704,233.84748393063035,-476.5074578659137
967,2.028418169537371,234.18530778076305,-478.4508803339327
968,2.030512126699397,234.48640094690393,-479.9091952999267
969,2.032607257696191,234.74413251299063,-481.9222099758148
970,2.0347026748788237,235.0021064450944,-483.4172553633973
971,2.036797432049628,235.4907827039063,-485.99388130129944
972,2.0388917803566513,235.90101969108582,-486.8235022392409
973,2.0409854404727548,235.8657642386458,-488.1190913662952
974,2.043079158497923,236.24482856961387,-490.607980118343
975,2.0451737042342053,236.57992103736163,-492.4971362891689
976,2.047267957686092,236.77313094098406,-494.4175276733755
977,2.0493625921646865,237.53687609793903,-496.19627211988427
978,2.051458159400133,237.23358601074466,-497.7216357494021
979,2.0535521918605197,237.88055430587525,-499.37592652163835
980,2.055645062675616,238.2128071732654,-501.57350599267096
981,2.0577393587752955,238.50638771108922,-503.79136670716946
982,2.059834437786395,238.6665330767933,-505.02813489079597
983,2.061928055170489,239.10148841013162,-507.6275424155051
984,2.0640226957402352,239.44338741890928,-508.70747146825556
985,2.066118258189404,239.69649723579434,-510.97197694616824
986,2.068213196804832,239.92431471732962,-512.9143592933995
987,2.0703072818107917,240.32045082059634,-514.2926501004087
988,2.072400931462771,240.75987893792657,-517.1098096121955
989,2.074494103322103,241.5346697598377,-519.0899278260755
990,2.076588647294614,241.5609673634772,-520.228015654934
991,2.0786837571325223,242.15607522390226,-522.4926668870226
992,2.0807786951127576,241.95386125056828,-524.0185253397053
993,2.0828733611799306,242.4016905906926,-525.5687159920034
994,2.0849676047315464,242.91496541968826,-527.2652426100573
995,2.08706191167589,243.21200697350682,-529.9377018951446
996,2.0891552570733616,243.8062952594012,-531.90589494752
997,2.0912498961643236,244.45669263807537,-533.9695690312606
998,2.0933446561638878,244.4775874106598,-535.3497872483695
999,2.0954387435644386,245.14850971011128,-538.1281224715916
1000,2.0975335870618825,244.8582453290534,-539.399593253804
1001,2.099629070349723,245.6413586860638,-541.4357873586832
1002,2.1017228492895934,246.0352307058138,-543.6174857243224
1003,2.1038170482062775,246.71464667758048,-545.7874484967341
1004,2.1059122372778973,246.82076494453952,-547.6145042293108
1005,2.10800554057148,247.38094806221523,-549.803655663198
1006,2.110098599114947,247.69294538730412,-552.4110462471069
1007,2.1121927216235163,248.17830010847325,-553.864005583994
1008,2.1142879182187984,248.58912298180266,-555.9295163420934
1009,2.1163820759811065,248.91066505739857,-556.7935309458258
1010,2.118476597123504,249.55064534176154,-559.5195394524361
1011,2.120572077635568,249.46295983143034,-560.867241594029
1012,2.122666143506846,250.22020767160848,-564.7567260350611
1013,2.12475947440395,250.87402993922407,-566.1888759914639
1014,2.1268549228070284,251.57184297578075,-569.666038711994
1015,2.1289503858580807,251.48402718355769,-570.1238994769382
1016,2.131043274916299,252.07756650067313,-572.1886300995171
1017,2.1331378502136085,252.63649807242192,-575.6411461416333
1018,2.135233020544507,253.04087280026945,-576.7765662203725
1019,2.137327211773404,253.25398945692885,-579.3434161664983
1020,2.1394213678417553,254.11709000312666,-581.7759209617217
1021,2.1415151935265153,254.4232976504141,-583.252979428596
1022,2.143609686067666,255.04436754845688,-585.528513961246
1023,2.1457039096890913,255.42183470800737,-587.4276665176025
1024,2.1477977892281794,255.76365861929537,-590.8101261229547
1025,2.149892773795189,256.4153979336027,-592.752024287495
1026,2.151988207011953,256.711251334087,-595.0082658877856
1027,2.154083430042502,257.8495835347782,-598.6144562281761
1028,2.1561769020273363,257.6262973579643,-599.3810303553845
1029,2.158269727638565,258.16441099131544,-601.5062238214001
1030,2.1603643338266334,258.7229916952181,-603.2445551095742
1031,2.1624594611960894,259.13068242980887,-606.6815086886057
1032,2.1645538445620423,259.59306870690057,-608.6413811597552
1033,2.166649266160557,259.97301181641416,-611.4224865045196
1034,2.1687438965600263,260.3734976766647,-613.1771561987725
1035,2.1708363804402464,260.95337795726834,-616.0662452403037
1036,2.17292939543057,261.25291083065673,-616.654718643428
1037,2.1750246621139153,262.12515030737,-619.9881296225936
1038,2.1771189095943266,262.713519567624,-624.0339350487912
1039,2.179212962470575,262.91212866252954,-625.7381879788413
1040,2.1813066434396426,263.64845166154123,-628.4432470014137
1041,2.183402629792164,263.56959184448965,-631.3953063071832
1042,2.185498119455816,264.29229845843827,-632.7193009424618
1043,2.1875916200185137,264.7423849423045,-636.6776766304029
1044,2.189686441120868,265.20140440256273,-637.808447853082
1045,2.191781413276182,266.0893206452764,-641.7376272538838
1046,2.193875147711239,265.8221878986396,-643.1348143614065
1047,2.1959686613130316,266.53212787049205,-646.5357091882346
1048,2.198063923558019,267.10448955711166,-649.0370741582401
1049,2.2001595001532226,267.92464496835566,-652.2644369785296
1050,2.202253779153767,267.7195048350972,-653.9275418267036
1051,2.2043460760907565,268.6504937178948,-658.8250311067246
1052,2.206440891990371,269.2393747482278,-660.1952077332045
1053,2.2085356491852317,269.28118095569494,-663.8895552499068
1054,2.2106277016542335,270.1405586004592,-665.5271972328691
1055,2.212721958545959,270.09074444563385,-668.3396182929387
1056,2.2148185083900422,270.31459271655393,-669.1985574583018
1057,2.216913061952383,271.3802283983393,-674.1114103662792
1058,2.219006160150891,271.6648343062865,-678.2166002988716
1059,2.2211007684745443,272.0728120939891,-678.4764394670144
1060,2.2231966067711273,271.69485222898635,-681.8742720007298
1061,2.2252915180225106,272.2013451622786,-682.5964613174656
1062,2.2273849286831946,272.5032287826268,-687.4068160122938
1063,2.2294794057777056,272.7158459931771,-689.9117962710403
1064,2.231574082226972,273.64016494312,-693.5925740907992
1065,2.2336675726385264,272.92935801874313,-696.5123065974823
1066,2.2357616690730993,273.8517184899215,-698.6099272631444
1067,2.237857388038379,274.24641236425595,-702.8225244395724
1068,2.2399520699736297,274.5007793780919,-704.7107790304467
1069,2.2420449617357057,274.9571872414118,-709.1111571446384
1070,2.2441391380853632,274.5052812849007,-712.2164565524506
1071,2.2462342793770116,275.1973231090243,-714.360442435141
1072,2.248330004000319,275.1554200893046,-717.226229289828
1073,2.2504234986669656,275.53225465620625,-720.4984540352808
1074,2.2525166459790467,274.87959908843396,-722.6229411784967
1075,2.254612702557845,275.57581478114275,-727.5189302238401
1076,2.2567074239010356,275.2133599271146,-728.1447682961439
1077,2.25879926569608,275.17963205445415,-733.3927328766728
1078,2.2608934332232278,275.4290427292479,-735.7295753236248
1079,2.2629890832862967,275.10143426525207,-739.1742960556207
1080,2.2650815906481947,275.57250797105866,-742.2155294796144
1081,2.26717631551426,274.6739242052968,-744.8207512820943
1082,2.2692717091510235,274.34121859522963,-748.116860826025
1083,2.2713660430599174,274.5553436264693,-751.006238839287
1084,2.273460830916725,274.18529768428516,-754.8870496876659
1085,2.2755552510450507,273.43084405617134,-757.6756121182657
1086,2.2776502981151867,273.6400965466849,-761.1373682003149
1087,2.2797428242388995,273.4590118124158,-764.1783013895724
1088,2.281836092329788,273.3265556244132,-766.9786165626633
1089,2.283933556285596,272.7357642154947,-768.1171473535408
1090,2.286028868050817,272.90602613139885,-772.9506136505555
1091,2.2881212248812486,273.2378226495178,-775.5160404882715
1092,2.290215014848569,273.2036530372023,-777.8739493512064
1093,2.292310229911211,272.9391459854337,-780.6423181699846
1094,2.2944051456334345,272.8842635781327,-782.8034516287304
1095,2.2964983471898495,273.63747099830584,-787.3617349877871
1096,2.2985921024349003,273.4724955510883,-789.0833435232576
1097,2.3006888643809247,273.99618988113644,-793.2458895960432
1098,2.302783634096356,274.0456705513482,-796.3557679040707
1099,2.3048756698218886,274.4344543983055,-798.979061375957
1100,2.3069695720010412,273.68870479269407,-800.1968927683129
1101,2.3090651112173397,274.3010644538339,-804.2257012953614
1102,2.311158495429861,274.9176594265922,-806.2572543790291
1103,2.3132509513768182,274.41137420556714,-808.0653134526165
1104,2.31534766594442,274.8983236030669,-812.5343383982716
1105,2.3174438092641236,275.0713542470425,-814.7168709181551
1106,2.3195366518474128,275.56293906777887,-818.7039050699227
1107,2.321631141204296,276.10323599328797,-821.5774704740484
1108,2.323727832694395,275.98064009119634,-824.0296176558313
1109,2.3258211826493147,276.11569818303764,-826.189675916454
1110,2.3279133966950116,276.0147925119432,-827.9513243170228
1111,2.330008120458155,276.4342489562887,-830.9682362027272
1112,2.332103956675321,276.7558438572495,-834.7615159244649
1113,2.334197579452735,277.302092670214,-836.9012386426581
1114,2.336290017181209,277.1078156774782,-839.13929715696
1115,2.338385505091734,278.3729688198497,-844.9112249001569
1116,2.340480189114194,278.22310047997087,-845.5650580755768
1117,2.342573391055059,278.7101425292182,-850.4296381494979
1118,2.344667848677038,279.30886665060694,-851.9916767304755
1119,2.3467629878884537,278.34989405951615,-851.604044802505
1120,2.348858220839854,279.522386706538,-857.1560297152503
1121,2.35095250082758,279.55815124722966,-858.5203456155915
1122,2.3530449396760944,279.60647514055944,-860.7964400354382
1123,2.355141499104623,280.6845825950323,-865.811158043121
1124,2.3572378412451434,281.3517601101383,-868.770445646862
1125,2.3593294861259198,281.4596394957016,-871.0939396630555
1126,2.3614224992004984,281.220400964364,-872.7061681599821
1127,2.363517948981548,283.03854528857084,-879.1146939681294
1128,2.3656139136423477,282.6832013198258,-880.5092336916553
1129,2.367706660383537,283.0222519499197,-882.3965730114498
1130,2.3698014470222093,283.5178204992806,-886.0390507138934
1131,2.3718977582075165,283.6879099712293,-887.5138934913305
1132,2.3739899214574836,284.3371401954367,-891.1971121034503
1133,2.3760825194215927,284.25205999304706,-892.8384685458822
1134,2.378179070039863,285.4733564037672,-898.0907214294892
1135,2.380273759058959,286.2146219146429,-901.6853630484072
1136,2.382365673610318,286.04911723744715,-903.0138342097838
1137,2.3844604460166168,286.9495866644801,-906.8397744295107
1138,2.3865571190304595,287.6297181145792,-910.9172655150121
1139,2.3886520978255446,287.85393329914706,-912.2692824341673
1140,2.3907442891236066,288.40506335863813,-915.6151772005916
1141,2.3928386457990913,287.8649504952221,-915.7628005235965
1142,2.394934562690242,289.8136682252813,-922.673289616629
1143,2.397029599690107,289.59848790101796,-923.3627629343928
1144,2.3991222591305954,290.1737498394211,-926.6124401999629
1145,2.401217024080888,291.408415097752,-932.1874089779877
1146,2.403314513026698,291.57471860999823,-933.3979316413271
1147,2.4054081911284184,292.70751533791696,-938.7973607872933
1148,2.4075011183217048,293.5298568945793,-943.0462410109923
1149,2.4095960074264258,293.2639068310389,-943.9888423506942
1150,2.4116926326559978,294.4166704978244,-948.0892180242754
1151,2.41378425055939,295.12663705998534,-951.5154389421729
1152,2.415877382497087,295.3925359957695,-954.3537999843023
1153,2.4179783678062123,295.72744866816856,-955.310812441725
1154,2.4200733739460714,297.6412554966155,-963.0435111667815
1155,2.422162501290004,297.4354746335078,-964.5558799617876
1156,2.424257158180454,297.5826519008849,-966.1698870309544
1157,2.426355368807169,297.9901366546312,-968.6789943889444
1158,2.4284477900186845,300.04466487038906,-976.0271529393248
1159,2.43053883847394,299.66631094916954,-975.9489254302457
1160,2.4326356353293934,300.19943732684897,-979.3051776806363
1161,2.434732612021302,301.43825852261773,-985.0158904962406
1162,2.4368252927922227,302.55370046156867,-988.9157334938078
1163,2.43891890863681,303.50673011324096,-992.8591049262005
1164,2.441014895314609,303.39464148515816,-994.5338761965487
1165,2.4431105244568765,303.83400027964046,-996.6477558576698
1166,2.4452031167440684,305.529825647701,-1003.0511777364903
1167,2.4472938786799143,305.385346414821,-1003.152030713045
1168,2.4493915902413868,307.0870131106935,-1010.2059381391406
1169,2.4514877943094935,306.60320876389585,-1009.3514056007094
1170,2.4535774837073663,309.08493560097503,-1018.8956223984924
1171,2.4556717453467782,309.97047329721954,-1023.3607481847981
1172,2.457770725968573,310.5557717102205,-1025.110828274835
1173,2.459865450868259,311.6427894709511,-1029.950296282312
1174,2.461954843714291,312.03567167366884,-1031.9500781955849
1175,2.464051305962942,312.0593373561854,-1033.9684260831957
1176,2.4661493201186655,313.18431257704765,-1038.6386710978102
1177,2.468239991051035,313.8368017156217,-1040.998080136015
1178,2.4703335941159144,316.3275444817647,-1050.5497394166375
1179,2.472432426226094,315.8782242896409,-1050.9871084404433
1180,2.47452690434623,316.61970506074016,-1053.2967939983878
1181,2.476615373809059,318.5283478363236,-1061.1973229850191
1182,2.478710457672189,318.98537779925374,-1063.8007023268653
1183,2.48080966574444,319.8555412812617,-1067.1371017441882
1184,2.48290090100287,320.24819711695704,-1069.3563606931593
1185,2.4849923340191187,321.78461449973173,-1075.7572411635338
1186,2.4870897130294636,323.4227638674826,-1082.1116980405582
1187,2.4891862386660164,324.4646237012832,-1086.2710348170299
1188,2.491278235985619,324.92798490123744,-1087.7613480002206
1189,2.4933690456944357,326.7205315439232,-1095.5997775587637
1190,2.495466543397291,327.5338150611757,-1099.2336160856482
1191,2.497563830960505,327.6605071168432,-1100.103299210826
1192,2.499654519205421,328.8204484926595,-1104.6445012602503
1193,2.5017479497353943,330.30326343174346,-1111.8719394841069
1194,2.5038480054516667,333.76302226957046,-1123.687391597362
1195,2.505943433921919,332.8953924810334,-1121.504619547626
1196,2.5080284861327207,333.5329663324476,-1124.390167767658
1197,2.510123955773609,334.82040796149573,-1129.547065209867
1198,2.5122261646694253,337.1904450107179,-1138.3335923201762
1199,2.5143177674343575,337.82261645642456,-1140.9658610467525
1200,2.516405803072155,338.9163950127876,-1145.5162076129336
1201,2.5185026929964116,340.5174558334799,-1152.0167815522047
1202,2.5206041831245063,340.85813193814306,-1154.041395945114
1203,2.5226964757648327,343.1545465257377,-1162.6134741692501
1204,2.5247869961159406,343.31656958126325,-1163.8183546532152
1205,2.5268843920051487,345.8727927254336,-1173.9320856677184
1206,2.528980483597168,346.95666302501564,-1177.5157821927837
1207,2.5310684597394695,347.93352285952244,-1181.4333231123144
1208,2.533161718042206,349.4793846279904,-1188.223549055622
1209,2.53526488574662,351.04168668876446,-1194.096917773179
1210,2.5373603920777454,352.2243964177417,-1198.090198472498
1211,2.539445749963502,353.4610370301295,-1203.3060536762173
1212,2.5415417180131348,354.515935903858,-1207.2627206188063
1213,2.5436457679371425,356.12821606726675,-1213.5823745196
1214,2.545736808475733,357.7391561746479,-1219.3839529573752
1215,2.5478233832874237,359.19714899331916,-1225.539842004973
1216,2.54992085584226,360.26263601894266,-1229.9154811588005
1217,2.5520207655356866,362.8808015107892,-1239.4678436520935
1218,2.5541098448110064,363.2923117077864,-1242.0712915418483
1219,2.5562002600365847,365.6207745522663,-1250.8680172332452
1220,2.558305455724291,366.7137475599806,-1253.8770709001578
1221,2.5604026511470312,368.8548204380684,-1262.4248961507062
1222,2.5624826414852553,371.41943313202995,-1271.3112582294048
1223,2.564574391949512,372.03681845644854,-1274.7162866137514
1224,2.5666808497683498,372.9622872321629,-1278.234531277616
1225,2.5687773451615423,374.8943004333837,-1285.0765726634088
1226,2.5708608935170316,376.4584700516601,-1291.4011805838347
1227,2.5729575952355885,378.5647333207606,-1299.6076391383606
1228,2.575060651513359,380.79623194668204,-1308.365257311797
1229,2.577148431575012,382.44551354439625,-1313.9258210754247
1230,2.5792346077561192,383.22919975728183,-1316.6006455385238
1231,2.5813352493894732,385.11943989593334,-1324.4389713351425
1232,2.5834369526956515,388.2570411843893,-1335.6132860274374
1233,2.5855218346006232,391.16705540887796,-1346.5256054683834
1234,2.587610713900489,391.9761838462037,-1349.2733259705124
1235,2.5897186990593415,392.44379514592936,-1351.589736536954
1236,2.5918181690667126,394.0321341517751,-1356.9848192591035
1237,2.5938985009385314,395.7203442054759,-1363.7568136255873
1238,2.5959901966325076,397.57013700700946,-1370.5381608933928
1239,2.5980970827886534,402.04920583207144,-1386.6059133884023
1240,2.6001911974764487,403.1304702632096,-1390.7612732202294
1241,2.6022734575046016,406.3261627443689,-1402.106706032294
1242,2.604374761438423,407.7942323760891,-1408.455751537652
1243,2.606480077670044,410.54144111869795,-1418.012020192674
1244,2.6085618800169397,409.95530364689074,-1416.747228168178
1245,2.610646200048581,411.1738372302074,-1421.0083692992075
1246,2.6127580952497533,414.9691230555341,-1435.3723563443382
1247,2.6148609257992828,419.54850699139433,-1451.165118349339
1248,2.616933454172155,418.8337948787355,-1449.2407517805436
1249,2.619020659870304,422.44125751021636,-1462.141210075838
1250,2.6211346279669097,424.8579165779946,-1470.6787620352457
1251,2.623236503452788,427.760568032731,-1481.446486207305
1252,2.6253090562225565,426.48168662627666,-1477.0209816600025
1253,2.6274000701334055,428.90329152372226,-1487.0715929802286
1254,2.629513118467727,435.6802060369826,-1509.682317170966
1255,2.631604301330356,434.86538490102186,-1507.2689071570053
1256,2.633685254021577,442.26936692921583,-1533.9897108484888
1257,2.6357889797673804,443.4022483582601,-1538.606611351231
1258,2.637895874321367,442.8319167886723,-1537.2288274167995
1259,2.6399747081141895,448.2750332308006,-1555.741665645418
1260,2.6420591747927733,446.50996727189914,-1550.5048577236553
1261,2.6441764666284318,451.3230596524021,-1567.3474269618955
1262,2.6462775406423154,452.9848864175998,-1573.3078355176222
1263,2.6483402943393326,456.83776788786105,-1587.3466858484935
1264,2.650428729148096,457.73344820306124,-1590.6690446075127
1265,2.652562718674548,465.2735934403154,-1617.757742232292
1266,2.654664088292312,467.2285101470447,-1625.0282893758829
1267,2.656712651557163,468.8371605257385,-1630.5283149449635
1268,2.6588106765908748,469.44063180725783,-1632.487858404327
1269,2.6609452450324915,475.4036641829413,-1654.2203307365278
1270,2.663032290426174,480.00855785884653,-1670.64481181251
1271,2.6650914877184944,485.0222030289131,-1688.495878913202
1272,2.6671986225603375,487.32497312330366,-1696.8398083563068
1273,2.6693218160411916,490.5536192291554,-1708.0363798013725
1274,2.6714003686163363,494.079830507952,-1720.5752010215988
1275,2.673473653710363,492.36027075816537,-1714.5373991173406
1276,2.675588689124729,497.22462989083954,-1732.7387679371157
1277,2.6776964003773744,503.16874137987276,-1753.251232995928
1278,2.6797534796790945,504.5508541765253,-1758.9649045121328
1279,2.681845016836506,501.841117407709,-1749.3437523366415
1280,2.6839785543392702,510.1340023919545,-1778.2026838321904
1281,2.6860638705482365,507.3097324936653,-1769.3833221636055
1282,2.688115580192901,513.5715996099206,-1791.103102172167
1283,2.6902421071216107,518.1322200764669,-1808.0185468856855
1284,2.6923784453538007,536.346228605854,-1871.4059691673003
1285,2.6944235266222867,530.3464276133033,-1850.5600520621913
1286,2.6964818302236213,531.1141609188979,-1852.7954648913176
1287,2.698646249049189,535.9053630434663,-1870.3118566131595
1288,2.7007725953070936,534.5463329385673,-1866.440761438211
1289,2.7027692368507834,541.5084755863305,-1890.1251157346496
1290,2.7048443440936585,552.0622199852232,-1927.4917119669985
1291,2.7070515904059915,550.7991220780243,-1924.2597433132723
1292,2.7091632832728005,559.0575754080935,-1952.9696686438874
1293,2.7110832098570423,559.4934069116098,-1953.848956551095
1294,2.713194248534394,558.0344622768936,-1949.5868562827056
1295,2.7154564422347596,566.7299922371811,-1979.824457582199
1296,2.7175455830902693,581.940786539584,-2034.3467847569993
1297,2.7194409477796717,569.8612400612614,-1991.0638513973827
1298,2.72159410281056,584.4045689149746,-2041.8464065369967
1299,2.723868494276683,586.1951137235617,-2049.5794915636034
1300,2.725905473691433,595.2538012372806,-2080.1795415300485
1301,2.7277938720843573,592.3949884867859,-2071.2210001986646
1302,2.730005424734083,609.7163514004542,-2131.645174795586
1303,2.7322910595910366,598.4889588446488,-2092.7631123233027
1304,2.7342323934891035,623.5334406032475,-2180.3612748525484
1305,2.7361123669415965,603.3186818737394,-2109.9365989197854
1306,2.73841292247591,615.3743240357226,-2151.1964605593907
1307,2.7407262152838343,629.1109296780492,-2200.454061609268
1308,2.7424923562337074,638.668032634466,-2235.258209697957
1309,2.7444202272828333,616.6095056835824,-2157.446914578144
1310,2.7468188489948773,630.1156135127216,-2204.350355228849
1311,2.7491571251284848,642.6565125033703,-2247.5340025351543
1312,2.7509012180135843,616.2633416263554,-2156.6465265518905
1313,2.7528220566885997,641.6080172927666,-2244.3090996096826
1314,2.7552245852341666,647.966025315883,-2266.675721811957
1315,2.7575799064734774,658.908666395517,-2305.996869070164
1316,2.7593246433872425,725.2892219975885,-2539.1043078759817
1317,2.761234187120032,687.3706625173836,-2405.722215855904
1318,2.7636390504715083,684.6920900466401,-2395.8899091515577
1319,2.765948826576436,688.8113132556882,-2410.5072200966474
1320,2.7676191435751902,646.2860356853265,-2261.6823428342313
1321,2.769651838220211,719.2046315814601,-2517.0325763750147
1322,2.772055945845228,757.8133500627141,-2651.3452439454054
1323,2.7739175955497957,743.3797283057048,-2602.1976912350674
1324,2.775657495525559,779.7214763007435,-2728.3812089214975
1325,2.7780509401576134,621.6856740480241,-2175.3677014333775
1326,2.7804282678176238,751.6501501753079,-2630.6910474272895
1327,2.7823699672164355,667.6190543110829,-2336.994761228563
1328,2.7838806433920418,1178.2295281298198,-4122.1782002383225
1329,2.7859958234637583,122.11446839887392,-427.4006393960587
