,k,Pk0,Pk2
0,0.0029665470748989845,31119.279984408808,-53289.44363218028
1,0.005026374055021859,52802.13162035102,30957.064055324918
2,0.007149300621522788,68417.6538980863,-2433.956962448312
3,0.009278869254964255,55929.86578181315,-14093.526016418364
4,0.011450332619344701,59226.07491213106,26728.663292036268
5,0.013492955871419151,62535.91028944547,-6759.202882877662
6,0.01558905561191893,59326.38813283794,-2403.1983693515695
7,0.017694083672553172,60119.90036745624,356.36966520288235
8,0.019817874803135297,55408.32289101867,3683.93409236276
9,0.02192074938196264,47235.456768769036,4986.818863274597
10,0.02398877635566245,45968.20970637817,-5194.6989494442405
11,0.026092869718961156,40422.49349684068,-20.864682677310817
12,0.028234663152781798,37061.475295942066,3306.0115664538475
13,0.03032284873509123,31922.223787754156,-438.9214451283998
14,0.03240263258943404,30182.786832575497,-1673.888899506418
15,0.03449210129864554,28144.627797369,-890.5738879338121
16,0.03658588147515197,25804.16164305793,-723.0062522018056
17,0.038684769492669774,22147.964532385795,1483.1177251927995
18,0.040788988884582836,20811.76476665916,-828.7991466951747
19,0.04289390876967646,20639.939273710403,-1196.2159448926993
20,0.04498336005546935,18603.020526976376,1300.0317736821369
21,0.047064985294738244,17986.790619204698,-589.9152266507266
22,0.04917111919158227,17602.010779708955,-87.96908204920908
23,0.051262169141742274,16815.421217353913,-1713.445483027548
24,0.05335525146837034,16413.736603115187,652.5445016538359
25,0.05546637228956934,16395.577193081976,1743.7939745310357
26,0.057573188192548086,15805.980836475112,-203.4715082127469
27,0.05965884044590281,14964.25729359702,-101.76415643936586
28,0.061745123021595065,15084.651318578255,-117.64564586722258
29,0.0638268929113719,14706.822855108741,417.69557136391325
30,0.06592966228838451,14004.73033268356,-868.2766246707471
31,0.06803125784825748,13313.490523226119,-159.96276828505611
32,0.07013131008699486,13051.664731950978,618.1303344815527
33,0.07223032366074338,12281.156278269083,542.8463973134042
34,0.07432334270720506,11503.522386245155,38.02077270980029
35,0.07642066756954473,10984.76627415757,90.7982437400612
36,0.07850471694556041,10365.350185741185,235.86748651958914
37,0.08059701946059529,9793.691722528865,41.78969931525605
38,0.08269521798132064,9212.944162803326,-81.23467542159334
39,0.08478307522909848,8648.75843009883,-38.54286978989389
40,0.08687780839616016,8372.14854399224,171.99607993495803
41,0.08897524569656534,7812.369538438347,165.45126315891113
42,0.09108077810470518,7543.833930055031,194.36757650303826
43,0.09318432266948053,7155.311074440794,202.85127057873643
44,0.0952788764104831,7029.893505449861,-76.52205175499661
45,0.09736254237981037,6806.20098796616,280.2570424409405
46,0.09944832814799408,6631.12082809146,37.85237545597864
47,0.1015460879802399,6519.801984670827,18.084488345362704
48,0.10364263756677322,6379.839727634586,158.20908312168712
49,0.10573893905394659,6283.064085165383,118.20001978435647
50,0.10783958559814742,6043.876895527426,-9.77664729034449
51,0.10993894058501318,5979.008505829545,74.51534667221686
52,0.11203921431523854,5976.894349958401,-102.28622661428416
53,0.11412334585697578,5845.40957853537,-28.660668635974304
54,0.1162159397555423,5765.18223451683,70.75042498272006
55,0.11831372048037725,5610.470272857607,167.76326063791632
56,0.12039723118070132,5500.016970783488,331.5715015297614
57,0.12249223631878574,5363.362831621545,-15.459914897948417
58,0.12458825984258635,5243.019272790353,89.29977265628975
59,0.12668846771583772,5057.512788556687,-88.76459551500108
60,0.1287846620419941,4968.577858211405,19.44164277737653
61,0.13087133937881498,4804.101211806059,-40.48474536232561
62,0.13297548334406448,4660.79739020636,-22.5238126118885
63,0.13506910815256093,4558.340108504652,55.433535718013886
64,0.13716388258568254,4402.050456695318,11.191025505617475
65,0.13926047573721634,4349.3169420447575,204.58091626045373
66,0.14134668829083769,4182.5693571829925,-76.18574991711633
67,0.1434475230090064,4032.6258620821313,108.87363599649382
68,0.14554528534185418,3943.2270352444416,37.55587714030916
69,0.14763320610735878,3902.755061434497,46.458988097323896
70,0.14972114728432864,3781.932601101284,-22.454125165885262
71,0.15181380487515775,3703.9421424444818,168.04608541532195
72,0.15392114901003526,3637.2467876068895,161.30241132682264
73,0.15602147473412367,3565.9668254566054,133.42218042795713
74,0.15811617475881218,3489.598417985186,38.01517566180717
75,0.16021187122717997,3441.317426057236,74.85663170940053
76,0.1623006419462899,3392.1218378199537,86.15982378600913
77,0.1643899033199985,3338.9578413840127,49.86596318805821
78,0.16648355823815117,3307.404591467757,34.635011858093456
79,0.16857196837784735,3256.0650093609447,25.087553810718788
80,0.17066413320893647,3183.5789732445946,50.15654959995945
81,0.17277086992561352,3148.2983965292983,-25.93399831199865
82,0.17486965460096995,3077.0331715615384,77.37907849359206
83,0.17695857694944453,3034.3731263021123,135.44836468340003
84,0.17905245093155753,3014.4360308214295,122.09853179469538
85,0.18115265212612636,2934.667542969936,30.035068795316597
86,0.1832476884130739,2881.134155213022,118.18505278126625
87,0.1853312475833926,2853.3033787278105,30.48862319483156
88,0.1874284892203219,2797.6072668406105,67.87687842995956
89,0.1895337179075755,2765.244456257549,13.36516038557861
90,0.1916268196474026,2696.4001243179173,40.2395113373444
91,0.1937183403446853,2665.1984100236664,62.75608852640787
92,0.1958131498886989,2627.0441260521047,122.2047437811213
93,0.19790587400989662,2604.4284310104613,-1.5746529626922228
94,0.19999906515978938,2565.534557249569,36.78428430153528
95,0.2020893038374759,2506.288056230983,65.74498274096574
96,0.2041823192148178,2474.8969281750833,4.832597868869975
97,0.2062825911013838,2432.5806695339816,12.353832468833602
98,0.20837701891459662,2391.554151538678,88.11090979985379
99,0.21046758167944032,2363.273439025197,72.7191172637505
100,0.21256678542440183,2331.5013292188323,23.396161916060112
101,0.2146619261104852,2301.6484141756105,32.16056452148696
102,0.21675618057220372,2275.1302786994115,111.2971382005176
103,0.2188528705899679,2273.817228361413,2.6243344198422607
104,0.22094564274530842,2225.6653983053907,63.84001768153582
105,0.2230395148320731,2191.822924061867,42.323120027355436
106,0.22513567328585352,2182.373740400832,11.666551543094663
107,0.22722785048644015,2154.0150880204565,45.59533512791325
108,0.22931975112872324,2119.788127416543,42.79906159472936
109,0.23141147723465103,2103.2405038980874,60.15008083885197
110,0.23350584674782457,2068.1961118462796,88.09535508167134
111,0.23560416522029054,2042.800743965777,51.53504481476685
112,0.2377006336558307,2023.580294899855,34.88663457451608
113,0.23979727503904752,1986.1658128619886,60.334221932619236
114,0.2418944602532704,1978.4907744446884,66.03184805014925
115,0.2439884227569783,1941.9807745489572,26.46918889655985
116,0.24608359968283072,1935.095126900545,30.49432893864504
117,0.24817552807053123,1910.7770477530066,29.51374296182372
118,0.25026237006475704,1889.0374603988175,74.25158049185923
119,0.25235861551053484,1877.8118238248153,25.185207263661223
120,0.25445470778669854,1840.831305005333,53.34365773920712
121,0.2565487653287422,1817.1374885593607,55.60530920031957
122,0.2586464955058471,1807.4233718204546,68.12770439071363
123,0.2607443047329862,1791.6047638571936,73.17707966794053
124,0.26284383121734134,1780.9987505500499,30.67869139061615
125,0.264929885565984,1744.8929338053124,75.70106437903763
126,0.2670163698864118,1740.3966681622817,43.89939912842998
127,0.269112135390912,1724.467062679976,38.62418297039978
128,0.27120764961246213,1699.2797934486136,42.574706743712966
129,0.27330509996536784,1690.8336426490118,88.58871853500612
130,0.27539842121309294,1677.2078364893107,28.222244986964444
131,0.27749656900268016,1647.6931356674145,60.2664617036492
132,0.27959864364035925,1642.3033139563515,54.216995358865326
133,0.2816878213234348,1627.8571794825014,50.29921342165451
134,0.28377609558542155,1600.9214495650162,40.533211024805084
135,0.2858732754634003,1596.1180630332983,21.88935276934772
136,0.28796861590208045,1566.0987096920753,54.331902329848006
137,0.2900612915162532,1564.354867554712,56.97425065698573
138,0.2921547032025089,1547.1454031433207,42.572020744524096
139,0.2942501291133245,1538.4896169719623,40.91696696179945
140,0.2963444256131289,1526.5221046010392,57.743139497577154
141,0.2984361415704375,1510.9461078399006,33.704493020664124
142,0.3005318840555698,1503.6111747273976,32.64431432725418
143,0.30262777760316095,1485.957784323211,48.95524583491721
144,0.3047248035439954,1477.5407882615584,34.554404554434214
145,0.3068210272572538,1470.1901697662868,28.615377584055164
146,0.3089144805088237,1446.48465718905,35.49383428282767
147,0.31101080657849756,1434.4574685372836,54.92091815382226
148,0.31310885951912926,1430.5834922666431,62.910205451162255
149,0.3151991603466065,1417.9754534010997,45.419575971005685
150,0.317288667284839,1405.6508897506471,35.41469404684282
151,0.31938044185106124,1396.6694394519193,45.101900985147985
152,0.3214783648369702,1383.3633669146298,36.11442626693765
153,0.3235785211189416,1368.2716600797314,31.937884855417835
154,0.32566935894833426,1358.983185219849,57.88155103185284
155,0.32776077751211374,1353.6048267425695,32.96826292910082
156,0.3298523230655558,1340.1183196113936,44.61182385838982
157,0.3319485433973702,1331.5404641925606,50.61885819092396
158,0.33404540358127904,1322.8896266927295,48.951556850606586
159,0.33613494177837844,1309.3027184958314,27.75625378787644
160,0.3382313832787478,1304.0663520387202,47.12199915953988
161,0.3403308518124324,1288.230070343384,29.350248896627164
162,0.3424246601457981,1279.020450922098,49.249927521539014
163,0.3445197272986724,1278.692401576752,37.04705254911294
164,0.3466158524641983,1263.9064074560433,35.39305877656235
165,0.3487089916477683,1253.7411954950167,39.36825869856972
166,0.35080114560367615,1244.56529091717,48.62844657600603
167,0.35289356821720286,1237.7393501983972,36.83379095686868
168,0.3549881110219297,1221.8113145501409,52.25571654435195
169,0.35708559248027844,1227.7829655073406,55.23327603883506
170,0.3591813496003593,1215.0114883093968,40.337917650599984
171,0.3612749400626811,1207.2406248452726,37.23689882717887
172,0.3633693413142722,1199.4987735033255,45.88291739058158
173,0.3654632219855477,1193.0278864363918,37.33544930139998
174,0.3675603773529471,1181.1745872574588,43.861259967299056
175,0.36965434919829326,1174.0413748237713,52.015083989198786
176,0.3717418094879197,1162.8118455928939,37.60328314765187
177,0.37383404253825586,1158.667634453331,52.333388398454844
178,0.3759308579415973,1155.439479704226,38.10706796050301
179,0.37802985088946095,1145.5601915140196,46.777096577901624
180,0.3801213498834686,1136.8279611709381,23.601772659222032
181,0.38221306010699313,1129.2410293482094,42.65193546626514
182,0.3843141376638833,1119.0491754183454,37.113588518300965
183,0.3864096355836929,1120.4679279656834,51.40001280010224
184,0.388502907295756,1113.558135353412,47.40357176314321
185,0.39059769208540335,1107.8059254910338,44.30145751109204
186,0.3926958121232196,1099.4765294208903,36.11121831575792
187,0.39478921808384226,1093.3159764230052,28.702676954975868
188,0.39687821409975554,1085.6476733337672,37.79146146493997
189,0.39897073627813356,1083.0528470315217,40.20327527170724
190,0.401067192451382,1074.806949196656,40.78457823003692
191,0.40316228148056854,1066.0605570271362,41.9922626871363
192,0.4052546340249366,1058.719630380375,35.76812924020143
193,0.4073499183903822,1052.9483639517598,38.98446037054711
194,0.4094468722071623,1050.2182125391678,49.71410770242832
195,0.41154432885897757,1047.0674437173766,36.94637564171147
196,0.41363408239228544,1038.152432834512,40.871399163169926
197,0.41572494638156243,1035.2289300647158,33.51010395926574
198,0.41782181997781404,1027.5314914100716,35.146146685010805
199,0.4199166506307261,1019.1347559547429,31.33336644846495
200,0.4220107143757513,1017.0407976222988,44.1756367254107
201,0.42410542949066876,1007.2582980123402,30.79010776565494
202,0.4262013850195404,1009.0725742415618,34.16197775242663
203,0.4282955296445312,999.2248089078237,41.439122125514366
204,0.430391806688861,993.3499317311796,28.296560851223866
205,0.432488575457924,992.7664248978127,40.26348916410267
206,0.4345806090039814,986.4646893325721,38.48018763187785
207,0.43667244097425384,979.7246073367703,39.61248246768621
208,0.4387671492209622,979.3321978084322,42.87472436626672
209,0.4408622534544343,972.428123286415,36.54278679684276
210,0.44295516415095815,966.2729257248104,30.350190687036566
211,0.4450482683181851,958.2092093602358,39.65390855239259
212,0.44714683875742495,954.2277280372309,43.748424544828524
213,0.44924362280569813,952.3294205194751,41.66465354851761
214,0.4513338633316258,949.4549749528001,39.726932614242585
215,0.45342753643259276,942.6224348476331,40.47164573454934
216,0.45552189548586586,938.3772479100068,31.244739800365938
217,0.45761716616081083,935.1574573768914,35.325285096828345
218,0.4597117909764672,928.0663260123788,51.08457452196726
219,0.4618031890496857,923.5604288410533,40.84008252936729
220,0.4638995470730997,919.5338371389096,32.04214786092117
221,0.4659948171464902,916.4052986913138,39.416358306712446
222,0.46808929446972725,914.4991526863851,44.560069447146574
223,0.47018492649495636,909.2877404262996,36.69937349475766
224,0.4722792778491551,905.0944232289379,42.633538257975964
225,0.47437272572904565,901.3192904359641,34.6755885892245
226,0.47646593372141327,898.1519524226852,34.701370849935145
227,0.47856230727426236,895.8875838976426,36.497629322573005
228,0.48065904058976644,889.4299167649395,37.11711544177591
229,0.4827512226177774,881.8612586689292,44.12541001545441
230,0.4848441163240575,882.3203404019285,41.53445953359881
231,0.4869397730506266,876.8219510882586,37.65976922538502
232,0.48903678813400875,872.889944747608,41.880493936714466
233,0.49113096964965397,869.1873594981229,40.49611426473383
234,0.49322332174786626,864.7970214459795,53.26747094764394
235,0.4953187148676145,863.3494944543938,41.683482939313556
236,0.49741120358770496,861.4864382627085,42.49562154711307
237,0.49950082345999325,856.5643936136138,44.17236238729798
238,0.5015952506837275,850.9855864560342,37.93060310289052
239,0.5036919972981919,847.0402377297937,35.48735219277302
240,0.5057872116617207,848.021979536448,43.022912326518345
241,0.5078828569897101,843.1279462772201,44.31276428055373
242,0.5099793452386306,839.9007333216658,44.25814488734781
243,0.5120767256379639,835.0401431068979,33.896133948684344
244,0.5141702395931294,834.5685670305928,38.3311556472602
245,0.51626132102766,830.4062717822665,36.340520276952766
246,0.5183576899265504,827.4503949427543,38.98466427624047
247,0.5204524416424112,823.5856266854294,40.91065869544273
248,0.5225430403510469,818.5593478528474,38.076544447474944
249,0.5246378991347941,814.3677401517863,43.15789710396413
250,0.5267345150769579,813.9184425649947,40.3147164976731
251,0.5288284644781793,811.6729439970497,45.649232544181025
252,0.5309200047543352,807.1557046789923,47.14139586782929
253,0.5330154787982235,805.9563327859462,37.886718457033275
254,0.5351140455458262,801.0083674060643,49.056974481585655
255,0.5372066203065362,799.8372494421138,41.552292873861944
256,0.5392991990272246,797.7721062848314,39.84795513406299
257,0.5413944118270408,792.9642598313015,43.038830370565655
258,0.5434881995106379,789.1632968074797,38.59048408448625
259,0.5455829952492127,787.2039380165409,40.944558206984205
260,0.5476769745662954,786.1548234478489,44.368638117035154
261,0.5497697255495043,782.1788080612477,48.1858449386445
262,0.5518645446467839,781.339766131503,41.54971395591646
263,0.5539598571350287,777.5499856684803,42.99445883863009
264,0.5560564538950566,773.9853818733934,43.76420375487188
265,0.5581500505101624,772.0898426176838,51.2846668145088
266,0.5602409063261653,771.2602137671252,44.67182564094374
267,0.5623379637803174,768.8784080321365,48.60129069491152
268,0.5644363283026402,765.013900050167,47.32697765465426
269,0.5665273824761494,761.1732613557258,44.83580745713519
270,0.568621249018378,759.9157707679952,47.41042381697591
271,0.5707181447612965,758.3870320063443,44.56012462190655
272,0.5728127938597997,755.9581876185432,48.135407489278286
273,0.5749070881546879,752.0584486047949,50.40033694821943
274,0.5769991470923068,750.7337143929013,54.14872694740556
275,0.5790956911760897,749.929573400116,54.25869957922267
276,0.5811893306261757,745.7410503717341,52.706510086585396
277,0.5832802267374103,744.8092194417244,47.39067987712649
278,0.5853761830306536,742.4098151612362,48.26351350063012
279,0.5874711784415975,740.3614583990753,55.05424881193702
280,0.5895653958899879,735.4388091814338,56.533453319085666
281,0.591659786459685,736.2302627376246,49.41895651271968
282,0.5937551851921442,734.8062741536131,51.38852774567574
283,0.5958498092767481,732.696999636833,53.941957811719895
284,0.5979447066705442,729.8999830315664,53.07323559288692
285,0.6000383505174957,729.0523328923911,59.45437304839818
286,0.6021313016181767,724.8814139915293,54.57092891831088
287,0.6042246965556944,722.1942049253549,60.51370299775875
288,0.6063189733697846,723.1106803991751,55.04013288118533
289,0.6084147213727373,719.7436556534338,62.118499752872566
290,0.6105090855473989,717.8459454721119,58.19986627663931
291,0.6126037649785722,716.2559334221587,56.79036110781505
292,0.6147002391370655,716.045065156137,60.14380391962719
293,0.616794938930829,712.5080912436745,65.64574376579212
294,0.6188886865784012,709.2197760207299,54.641046110572624
295,0.6209825762252046,709.7418867980101,62.04733521323782
296,0.6230764414889526,707.8620327198197,68.91277706620188
297,0.6251725389343245,707.7321874440566,70.07449936120179
298,0.627266923011265,704.937257664483,62.34571002042023
299,0.6293596211388142,704.6901991061462,66.67640657504077
300,0.6314513250607457,702.4021581999858,69.54678909114196
301,0.6335475720513941,699.919992397454,70.28461433052047
302,0.6356444982495617,700.616873478511,74.97597372684936
303,0.6377358562255245,697.8357475117049,70.14027077967066
304,0.6398302949107263,694.6746675781836,72.12517172911693
305,0.6419256185614247,692.3169774716187,71.66505805824292
306,0.6440214843206593,693.3423633629618,74.93929149696933
307,0.6461142033434962,691.4157880601896,77.34539479071232
308,0.6482061138478032,689.8291009878751,75.89410970148371
309,0.6503020867345045,688.7513938006591,78.94402632130681
310,0.652398185537932,687.1525808825671,74.31616865132408
311,0.6544932048530038,687.7808336904906,85.13466931167831
312,0.6565867871776386,684.9060861649343,80.2356406765796
313,0.6586827890115348,686.4346922582359,82.43838200251379
314,0.6607793300725506,681.2741665714769,83.49501606136877
315,0.6628724964198541,683.6663656071183,83.33299360940433
316,0.6649654402217313,679.9805927243875,85.92980003704153
317,0.667059865407609,681.8375023306942,94.24997181443794
318,0.6691532523078332,680.137792257121,91.10228618803313
319,0.6712457992597233,675.6707241040257,88.8218688830168
320,0.6733390782258323,678.514593421138,94.26381950668676
321,0.6754367503383576,676.6858710692167,97.07708271608314
322,0.6775335143160066,675.7098928556834,97.98805407154083
323,0.679624621064033,675.8360670128694,99.26395101552535
324,0.6817180292738917,673.9347859119052,94.86180847234579
325,0.6838149015047629,672.4021898013916,102.77744708892654
326,0.6859101434268815,671.1746508379283,102.4206512546838
327,0.6880046468184081,671.3890963480625,105.79157796063211
328,0.6900999637264865,670.946564756581,104.9592244804796
329,0.6921965733216279,670.7916200709019,109.44850404410057
330,0.6942884945981568,669.6845719459797,110.691012661928
331,0.6963781649531228,669.5116792468375,113.03220688502523
332,0.6984747371200234,668.6056425792887,111.62536045230769
333,0.7005690388882679,667.450952898044,123.94075942446275
334,0.7026621579778546,667.6509761768592,118.98602249541824
335,0.704757268847954,666.7965381843364,119.32145683998543
336,0.7068509057629639,666.923665488698,127.04179319566158
337,0.708945644402387,665.0943112799247,124.87001292798014
338,0.7110406815970572,665.5848270593455,136.0007005937613
339,0.7131372373036142,665.8288652336629,126.72694258671109
340,0.7152323589250973,665.5732303325968,132.40879601843585
341,0.7173245162021571,665.0095713643207,140.43424579456808
342,0.7194199711852413,663.8459764280061,137.74838668537538
343,0.7215151322330351,665.3460606816519,143.23268808538424
344,0.7236102334592447,664.438068668349,140.93754197775428
345,0.7257047129497166,663.9931428575578,149.7806101999342
346,0.7277958825256088,665.5103966041615,148.86352477405651
347,0.7298900912292255,663.9080234711241,154.8843349334296
348,0.7319867159780691,665.3156204242301,155.1258827771445
349,0.7340808521059053,663.6286799765141,157.87263175294794
350,0.7361738853270124,665.9047393157459,162.81743630847197
351,0.7382682123604443,665.1925456397221,167.1493909897619
352,0.7403641944498084,664.5311957954001,171.13386683211084
353,0.7424576311971561,665.0312610092078,172.1723321057167
354,0.7445523870480827,665.2752399253976,180.1135728254222
355,0.7466478284648128,666.5241178151105,179.41206065359108
356,0.7487413917548734,668.4917805522865,184.80482338061964
357,0.7508354594737505,668.2664052937301,190.8132018083653
358,0.7529278056847568,667.9965997039361,192.02424439228972
359,0.7550230257904859,667.7236677447428,200.00239850562357
360,0.7571167923480437,669.8101378423697,200.81604628380785
361,0.7592113317151179,669.7628021555145,199.97130400847718
362,0.7613074731933067,671.0234435963775,207.86070642067827
363,0.7634009581307508,671.3405688368802,216.66976534711117
364,0.7654969266569684,672.9782877356904,220.51839092259385
365,0.7675905899780763,673.4510346771896,223.36255508647542
366,0.7696837880547684,675.3102255964831,231.56517009634723
367,0.7717795008463626,675.0617549909905,233.39443819881825
368,0.7738757788346248,675.5760428308132,237.72635348301614
369,0.7759706260990727,677.6659448053085,243.6018828434165
370,0.7780620795267656,678.7512042139557,244.3127582549481
371,0.7801559906208961,679.5398930359706,247.39388489399772
372,0.7822523136569128,682.357046803439,255.4881079445727
373,0.7843481481853999,683.4473444197192,264.0517786789266
374,0.7864425511046899,685.9704088451251,266.6842194883949
375,0.7885343495966205,685.0562938964533,271.80278546355265
376,0.7906286372458883,688.4750966276642,278.83968711574374
377,0.7927244345313397,689.0137537749274,282.3361196438784
378,0.794818005513127,691.1902806632907,292.2939283932334
379,0.7969121491149282,693.0169602610721,298.38771796130214
380,0.7990047112993173,696.4116049012363,307.780236860092
381,0.8010984966914405,697.5627043204361,309.51542877583654
382,0.8031950165575023,697.5534037415224,317.70679669399817
383,0.80529055904954,699.0706756579243,302.00333818818325
384,0.8073868607794276,700.1144704135556,266.1695977023689
385,0.8094799923089985,699.13501708993,238.16329434109232
386,0.8115723232550889,696.9213783084714,193.12664479136149
387,0.8136672975922271,695.6360977695673,168.26346703510706
388,0.8157631100610689,695.4438446057762,135.10171123541778
389,0.8178569790142735,694.9233838625269,105.99425118993874
390,0.8199506303068442,693.8794189826727,70.36236530376718
391,0.8220462665916841,691.4070148123039,37.11546863310914
392,0.8241405937791958,690.5067245406686,9.988498628810758
393,0.8262325853224312,691.5415814327797,-14.416873997858344
394,0.8283265675885274,687.8545821073917,-46.01871641963851
395,0.8304231027322762,688.3850958520447,-78.64291315039713
396,0.832516312308734,687.0090043345945,-102.91912126895359
397,0.8346104967180491,687.5043512579639,-130.59420734072023
398,0.8367055646585567,686.824464313774,-159.52568734226404
399,0.8387997810841866,687.7060306873293,-183.64308564088594
400,0.8408959249120883,685.2399787341889,-210.9348835123213
401,0.8429902851163829,686.6115597688012,-237.37102297647297
402,0.8450834013034724,684.1285122224679,-263.3810838938939
403,0.8471787052036875,683.8010500193257,-287.3760959353857
404,0.8492741754489669,683.2761635390802,-307.82627783148195
405,0.8513666186650054,682.3242634130688,-337.4401355231181
406,0.8534586558453424,682.1663235448699,-358.15231078615477
407,0.8555555147205227,681.2416143617985,-382.2093079509283
408,0.8576510528712873,679.8896675599759,-405.92115026475307
409,0.8597438531231701,679.7721487860006,-425.71789903704587
410,0.8618396600787528,679.520185559012,-447.8243821020672
411,0.8639352641137702,679.1760869939782,-467.18896955627395
412,0.8660278348127696,679.5642660205676,-484.8805564490401
413,0.8681190723532742,678.1754105944751,-511.16755621468053
414,0.8702145301226206,678.7401858580477,-529.4578760757461
415,0.8723097299260473,678.0510553548218,-551.2734757377722
416,0.8744009465527449,678.3871087886633,-567.7242912972332
417,0.8764962014565297,676.6758712679974,-592.2239893242063
418,0.8785921785819074,677.6254496373036,-607.6905876493771
419,0.8806862529738079,677.2259302822134,-627.2786986696289
420,0.8827803474942315,676.3976397396992,-644.348751164296
421,0.884876552415157,675.4451137168987,-664.4245326585589
422,0.8869727619955021,676.1754797771945,-683.2308088082567
423,0.8890661549276524,675.5918313946019,-698.7781103839625
424,0.8911606435626759,675.7201689570528,-716.4607428506714
425,0.8932564177642083,674.752406612658,-735.7859398519969
426,0.8953515942364704,675.6019756271355,-751.8632174860519
427,0.8974449590572777,674.842165096242,-763.1778785059995
428,0.8995380126042275,676.6688362668943,-782.6639252180032
429,0.9016308480731973,675.5676158634534,-802.4193811477139
430,0.9037248205752632,676.5381176472213,-815.4270823933109
431,0.9058194398636225,676.2338090504355,-832.2011944286277
432,0.9079139093175219,676.0068468571956,-848.3235071726587
433,0.910011764746055,674.6126494089357,-863.3159370417387
434,0.9121056647167038,674.3552622204442,-875.494436840193
435,0.9141967683902507,676.3539817829942,-892.2295867561688
436,0.9162922424058753,675.5542887186164,-907.3466099176101
437,0.9183868595164038,675.9679947286861,-920.7920331358949
438,0.9204815946523948,677.0751260399326,-933.9337767743816
439,0.9225765682279964,674.737321447115,-949.2236498695455
440,0.9246708776548578,676.5089507443406,-961.6719267890493
441,0.9267650233208798,676.3110939786544,-976.1275456485149
442,0.9288581102404102,675.9214644394268,-991.3277005324871
443,0.9309518934142385,675.8934999551897,-1002.8425651163158
444,0.9330469160925099,676.5988401820084,-1015.8026071933792
445,0.9351415764644654,678.4168813979717,-1033.4284721438535
446,0.9372369506587555,678.5726126711811,-1042.3070270187086
447,0.9393287530448476,679.1913925107814,-1058.9852556907267
448,0.9414229216419412,678.1694362786496,-1064.8044942957679
449,0.9435209341962445,680.5679713453026,-1082.6270961464731
450,0.9456148252799238,679.9216193175216,-1091.4127189807964
451,0.9477091255207061,680.1452063086108,-1105.8898550729568
452,0.9498037238864095,681.1319567601049,-1115.2981670660895
453,0.9518981043411001,682.4999126750415,-1131.0110696500792
454,0.9539914706287521,682.3475226169685,-1144.6265659001317
455,0.9560859977890608,684.7117793852369,-1155.0584938130833
456,0.9581821096695351,684.8939091100594,-1167.1087614166731
457,0.9602755737793266,684.6862703553604,-1176.6115274753208
458,0.9623691838562978,684.320849447016,-1184.2552057617283
459,0.9644636726355348,686.2124461469674,-1203.1197812208256
460,0.9665572681340019,687.272373121361,-1211.6999459485435
461,0.9686506726657692,688.9124097049894,-1226.6569857026636
462,0.9707453651438224,689.6242012327227,-1238.6227291089617
463,0.9728397447984573,689.8079701028727,-1242.9912041866053
464,0.9749341599912872,690.8566163178002,-1257.3569524739507
465,0.9770309382258842,692.1861786757221,-1272.1436222871191
466,0.9791243621626365,692.3951467712445,-1281.642411857794
467,0.9812186011668534,694.722252955727,-1292.8423126515138
468,0.9833152549762485,694.0448593839667,-1301.4708564121113
469,0.9854083366977224,696.1203858019067,-1312.8834774990298
470,0.9875013366256304,697.0640676844038,-1326.4211158859723
471,0.9895964031766183,699.24629273881,-1342.2371182536108
472,0.9916911272506032,699.1625049309297,-1343.040162794525
473,0.9937856031740195,702.7933826832353,-1362.088573179166
474,0.9958807301039379,703.3862745729404,-1374.8145488366445
475,0.9979746323874407,704.0232287722802,-1381.5280500734088
476,1.0000664008054638,707.0902017402292,-1392.9862532939696
477,1.0021595314674534,708.3910446638337,-1406.9790412406867
478,1.0042547648495364,707.9475349432091,-1412.5236519747177
479,1.006349085630113,711.3437591016697,-1424.4139274063323
480,1.0084443367657523,713.7711846324446,-1434.7624921725803
481,1.0105398481990022,715.1356391037174,-1454.2388558863843
482,1.0126348213072522,716.2600132084723,-1457.0576355262413
483,1.0147293432188107,718.7591245886415,-1470.75394325941
484,1.0168223222913106,720.0383370193415,-1481.7860092369633
485,1.0189181991118834,721.4882215213174,-1494.2454598244574
486,1.0210135889667047,723.9214920412408,-1505.5275863051495
487,1.023105517395174,724.5402160480131,-1510.3465312070477
488,1.0251997072975425,727.5667360275716,-1527.9236008405912
489,1.0272950549324347,728.5790514180499,-1534.7792773250164
490,1.0293904044607038,731.1911450500697,-1547.0693480397326
491,1.0314847550764672,733.7946622805797,-1563.9566283617753
492,1.0335791521913305,734.6813004241761,-1569.774321638074
493,1.035674282724225,736.8648714737653,-1582.3865872362198
494,1.0377683744197583,741.7376643798943,-1598.0725405983144
495,1.0398611358062981,743.4322579884254,-1611.3990166577316
496,1.0419559810580585,743.3987289126579,-1618.2786116768254
497,1.0440519355231435,746.9974381551556,-1629.6270236275957
498,1.0461442665368221,750.096191632093,-1645.1991374944805
499,1.048238151325366,754.0454496003696,-1659.1802392607087
500,1.0503312794335307,755.0279036652004,-1672.195378458674
501,1.0524262698953144,759.4375305416888,-1681.6186585749065
502,1.0545208315883745,760.535223299927,-1700.3077925167158
503,1.0566150350094698,764.5912009200526,-1716.538616584991
504,1.058711440318921,767.0442563363415,-1725.4316670712913
505,1.060803734980524,769.1752905709313,-1738.289585823629
506,1.0628970711462522,772.7488060008235,-1742.436358208374
507,1.0649945592352892,774.1861089221321,-1766.0575434932202
508,1.0670895920886003,777.1587677472421,-1770.1643194338892
509,1.0691815189460832,781.8760799476102,-1792.9971720039368
510,1.0712752972137536,782.317864778386,-1802.8522487880334
511,1.073371173619778,785.690123997842,-1811.2466846930029
512,1.0754657024825272,787.2824644189344,-1831.4888362773468
513,1.077559391113827,796.1966718072765,-1850.9154315836045
514,1.079654167044188,796.4408338964608,-1864.764690304634
515,1.081749685406742,800.456010980024,-1883.3331785449225
516,1.0838429051818583,804.2388960315342,-1895.773616633628
517,1.0859346611894292,804.2368138440766,-1911.4994236318566
518,1.0880274765489322,807.6341310467242,-1916.4319964478916
519,1.0901226378244568,811.3573351504036,-1934.950615125704
520,1.092218906510469,814.9874345275413,-1953.3510767743514
521,1.0943142405516277,819.9325155610043,-1969.9023173897233
522,1.0964083656069452,821.5070441678617,-1993.3625163252264
523,1.098504575117021,827.6276899983193,-2001.4436423334
524,1.100598880587325,826.9418594787423,-2016.9995904245138
525,1.1026907648634887,832.5401985308545,-2048.186587579598
526,1.1047864761829782,833.7198656376663,-2061.9290550404457
527,1.1068805633882368,834.0110067440733,-2074.0474868602655
528,1.1089715885079452,835.9566955823644,-2079.7577654014567
529,1.1110674731376504,840.7111168013888,-2110.715215055152
530,1.1131638031712348,842.6399623471607,-2119.318169181155
531,1.1152567400703868,842.7051710015497,-2141.20755553911
532,1.1173518797395834,846.1456059962785,-2165.8153327546065
533,1.1194466841667583,847.6031658686942,-2178.6893879595505
534,1.1215386388653605,849.1911953766353,-2203.063527965809
535,1.1236321502294464,853.7733814399816,-2227.0812254443385
536,1.1257265608788465,851.9890415464499,-2244.094787659971
537,1.127823511019811,851.7717963270063,-2257.1341265212172
538,1.1299186917312898,851.583169685669,-2281.718212914621
539,1.1320102853860914,852.8096016051727,-2298.365816856927
540,1.1341022265777971,853.3512631362221,-2327.4924968535493
541,1.136196488705377,850.3230219263206,-2340.382468768308
542,1.1382919496812383,845.3966612136098,-2351.54280432445
543,1.1403848113573067,847.9427415458466,-2376.740754093872
544,1.1424801205078854,848.572398976202,-2393.531787418016
545,1.144579099546908,846.5560601559145,-2409.838581327933
546,1.1466743733674984,849.5634630361076,-2437.2409285123676
547,1.1487627957344069,850.3272381602237,-2449.041415045345
548,1.1508586543248278,852.0064970554869,-2477.2423676200674
549,1.1529561980713183,851.0847261283595,-2488.351249714818
550,1.1550454984226184,853.5595909872578,-2507.7838595801554
551,1.1571409429142046,856.034565681866,-2526.5466595183925
552,1.159240859340017,852.9020410858174,-2535.1717018508066
553,1.1613355832020602,855.4109523909275,-2552.413122347171
554,1.163423871831942,863.2769456772709,-2584.305582877176
555,1.1655188736812345,859.388138487677,-2593.789664931564
556,1.1676174368768866,864.5000800139854,-2611.017360310444
557,1.1697080797153998,861.5518407870396,-2621.5367092599213
558,1.171800206369591,868.8261177620053,-2648.580359872727
559,1.17389591489135,869.6091452366493,-2663.0476584977764
560,1.1759888523797297,871.0227335504796,-2683.390818099834
561,1.1780809947202961,878.5604573512504,-2711.868475186153
562,1.1801761196344618,877.7004386641602,-2722.7542796459074
563,1.1822736635654147,882.6536659014924,-2745.890924902885
564,1.1843710306693693,879.0051895770407,-2740.364121982726
565,1.1864625384002512,887.7496474851869,-2776.299568928306
566,1.1885545198904406,890.2729006194171,-2796.679217291089
567,1.1906522613678343,894.3338528906907,-2821.6371201386596
568,1.192750069492095,896.1049540990563,-2834.578215717249
569,1.1948381381583106,898.8293725921594,-2849.083019421136
570,1.1969297222624806,899.0268654396987,-2863.390267787038
571,1.1990290164311135,902.8499570962543,-2884.0447668389224
572,1.2011243924560484,908.7103317828152,-2908.9316616655174
573,1.2032149592826593,914.813834559374,-2937.3634957462064
574,1.2053132365828256,913.9478112909688,-2942.975196539537
575,1.20741576508926,917.911916909038,-2964.3856437434993
576,1.2095030565711475,925.8543739535219,-2993.7271012205297
577,1.2115949657999687,930.6986008253178,-3018.6549681771576
578,1.2136960046145377,931.6020290963958,-3035.2751484670525
579,1.2157928316049589,945.0389441294539,-3088.406414231831
580,1.21787984102748,945.7549742504752,-3088.739142343728
581,1.2199725120701903,947.0137485085273,-3103.1800023466744
582,1.2220773486348555,957.323564890449,-3141.8037567412853
583,1.2241717280648772,958.6896997733452,-3156.2017169607425
584,1.2262574809145717,961.993026292539,-3166.44215007687
585,1.22835205989159,967.9405994983694,-3202.2441065924872
586,1.2304511070315651,972.426854084282,-3221.8484719611747
587,1.2325439941641703,982.5576941919811,-3257.623651868421
588,1.2346327282165248,980.444192609176,-3259.3421689628476
589,1.2367296121231413,993.7838669665373,-3307.169907891569
590,1.238832433751825,993.2669390808637,-3307.595698867004
591,1.2409238541102623,1007.4955679658091,-3360.552949458702
592,1.243012379245932,1011.2394247247277,-3381.7513020565566
593,1.2451094606314712,1018.6766485796152,-3413.002211177599
594,1.2472066170026377,1036.950795505339,-3475.3536180478513
595,1.2492929515805862,1029.410906684384,-3458.323757540155
596,1.2513843202334647,1037.6862852138854,-3494.758929958796
597,1.2534920777891505,1039.1913989723687,-3501.9018273191173
598,1.2555889180496558,1052.7574879772164,-3555.754068545486
599,1.257667580798784,1069.0369508735264,-3612.7681895217374
600,1.2597632986068967,1072.4503116013288,-3633.1580304694708
601,1.2618709074503869,1071.7792431114274,-3632.596247080328
602,1.2639618917954016,1079.9172042048024,-3662.0240755847467
603,1.2660463256389345,1091.222155787186,-3708.32757635218
604,1.268151380164154,1115.042455219917,-3795.7250516060635
605,1.2702573897615381,1110.8784368509437,-3781.0495957083954
606,1.2723329096911193,1117.0908812525636,-3804.5176139679415
607,1.2744197010315288,1126.491835107461,-3841.5546050932358
608,1.2765327006010119,1135.534281225483,-3883.927117071859
609,1.2786342467193723,1153.5962155904356,-3942.7782816267095
610,1.280707182799757,1157.2500760120472,-3957.833205551287
611,1.2827931530633179,1168.8386068094158,-4008.2769158599012
612,1.2849085387747612,1183.8961726018144,-4059.6872580972395
613,1.287000364654089,1184.8612394135107,-4066.226164276258
614,1.2890781709908103,1216.49032278192,-4175.418243049779
615,1.2911842108955598,1215.8005420887268,-4180.109272820955
616,1.2932965864662813,1225.2876372904266,-4213.55409007796
617,1.2953774115066516,1240.8520697732329,-4273.095858692141
618,1.2974494068131983,1252.9457728687973,-4322.886470677708
619,1.2995653278098822,1264.1905791706095,-4359.65539639492
620,1.3016791376111048,1295.995768997104,-4474.731090719881
621,1.3037423234004764,1279.0631127392376,-4414.496834394065
622,1.3058199114096363,1302.9451180794545,-4504.2786682690075
623,1.3079467955462118,1342.8146793487565,-4647.165362173487
624,1.3100601882305882,1321.3849437582799,-4571.941998542894
625,1.312113308135768,1342.208098152705,-4644.661242285771
626,1.3141962752176515,1348.2035804710254,-4675.29933717332
627,1.3163277077674513,1404.345953336018,-4868.490693668249
628,1.3184175493918626,1414.944805468272,-4909.24146059182
629,1.3204856618221223,1412.9754403140678,-4906.200522793968
630,1.3225968812824558,1428.2395525284844,-4964.490586203031
631,1.324712528812616,1433.0582464070455,-4980.133460325404
632,1.3267701241226586,1488.465726417685,-5176.584113636335
633,1.3288455369869492,1473.249396971118,-5126.0518870624865
634,1.331007859279665,1507.7430980727395,-5250.2119017813875
635,1.3331193077637633,1533.2769375937917,-5342.620484884397
636,1.335111114646517,1525.8980315922383,-5310.252930314137
637,1.3372000138113185,1562.7028725819662,-5447.563986549699
638,1.3394207042773567,1616.3490411794949,-5634.8136859434735
639,1.3415191831855293,1592.7230613956028,-5555.095615190357
640,1.343419658472025,1633.6663397362606,-5697.335026801123
641,1.3455475267642247,1630.3039117153094,-5688.169649556733
642,1.3478257671998863,1630.6461059008466,-5689.955065129446
643,1.349910545699746,1681.845058758852,-5865.385803388164
644,1.3517701887420612,1718.1101362977772,-5998.290608455445
645,1.3539417100377606,1762.1852149342033,-6155.4333634908
646,1.3562514521124112,1857.4321452110662,-6489.986585811651
647,1.3583044750242828,1780.2734720142967,-6222.1438271169
648,1.3600937081391848,1811.1823884406122,-6326.2022191921915
649,1.362315666351114,1819.0404344940907,-6359.713393500067
650,1.3646739887244697,1900.6561562168472,-6642.6774385275885
651,1.3666040349314283,1845.851785034008,-6458.127841459376
652,1.3683585203137423,1966.0029074428528,-6878.8057474921325
653,1.3706879171444677,1966.8236538373203,-6886.429323579864
654,1.3730812726720756,2024.5964212845392,-7084.995916603149
655,1.3749143385354152,1973.2906102694415,-6902.691506705219
656,1.376679031839902,2066.821369869448,-7228.894657495748
657,1.3790764132796052,2250.40387347201,-7876.063731202466
658,1.3814727924700456,2130.048080323121,-7455.562896487403
659,1.3833424067073374,2123.1501574565846,-7426.3162224364705
660,1.3850593718572481,2224.7367494592554,-7780.994973466941
661,1.387433769507078,2169.36453974786,-7596.053942110052
662,1.3897620281243455,1701.7450540601405,-5956.8022253194085
663,1.3917897627196847,2423.27521864691,-8481.06730291367
664,1.3929979117318791,6462.873778398207,-22620.05822439372
