,k,Pk0,Pk2
0,0.0029665470748989845,1097.0782020249653,-829.15124162618
1,0.005026374055021859,3555.0580495470235,2002.8827583639818
2,0.007149300621522788,3764.6519375263883,143.69682796826802
3,0.009278869254964255,4199.832896184121,-1169.6771674820523
4,0.011450332619344701,4103.1796061204395,-1783.6194421705661
5,0.013492955871419151,4799.093683083917,-122.0342429717532
6,0.01558905561191893,5018.91812564649,-1555.7076223095721
7,0.017694083672553172,4934.935789146838,1712.9668808684803
8,0.019817874803135297,5541.006616935547,-779.4009671702287
9,0.02192074938196264,6053.512300409551,-516.9853212511248
10,0.02398877635566245,5801.5519126139725,-669.1433011809858
11,0.026092869718961156,5685.667488331548,-629.5527938557154
12,0.028234663152781798,5837.972716539742,508.9598749151598
13,0.03032284873509123,5667.296466864601,-576.8763332326821
14,0.03240263258943404,5592.705732589436,-452.6438157635914
15,0.03449210129864554,5456.177947505747,532.00137080785
16,0.03658588147515197,5284.2409509618665,462.037332177658
17,0.038684769492669774,5091.465991696274,-193.8858384689914
18,0.040788988884582836,5020.519165787561,-251.6831548345915
19,0.04289390876967646,4850.202033637863,-426.962893891734
20,0.04498336005546935,4833.695598345897,264.58189947569304
21,0.047064985294738244,4660.289382968806,-134.00615634808298
22,0.04917111919158227,4542.488712947973,332.80647710851565
23,0.051262169141742274,4305.519252463594,-538.7449769531961
24,0.05335525146837034,4314.660086187708,36.06307757582863
25,0.05546637228956934,4109.584590760854,-29.564061035362194
26,0.057573188192548086,4076.4754417747395,-293.94303258348697
27,0.05965884044590281,3987.934795274961,129.9048145215626
28,0.061745123021595065,3870.0567443892346,-74.25603256880395
29,0.0638268929113719,3853.7085078402156,-93.16364022181595
30,0.06592966228838451,3730.2264334884403,-499.1053922664954
31,0.06803125784825748,3735.800455730074,310.90364313953097
32,0.07013131008699486,3669.3723443580943,144.32167484606433
33,0.07223032366074338,3604.657053744551,209.01757090229393
34,0.07432334270720506,3533.4417482735626,204.7130975400945
35,0.07642066756954473,3419.788558162003,-244.5897069247934
36,0.07850471694556041,3405.164575829448,260.61611152684407
37,0.08059701946059529,3313.8925081790135,64.09240555243441
38,0.08269521798132064,3232.7238527495597,-62.04236361165101
39,0.08478307522909848,3117.953303385106,199.16615447217262
40,0.08687780839616016,3040.9293438621175,75.7822888192931
41,0.08897524569656534,2999.1149357417385,-111.51867788428756
42,0.09108077810470518,2920.7770035306667,57.47965950583705
43,0.09318432266948053,2847.261758402805,-112.11040382367796
44,0.0952788764104831,2820.7615928021232,17.87128288517739
45,0.09736254237981037,2681.992804781259,48.43094616964179
46,0.09944832814799408,2617.9382920362846,135.7372764248091
47,0.1015460879802399,2546.6947172126575,-72.62458938998685
48,0.10364263756677322,2434.17881873105,36.67346640283746
49,0.10573893905394659,2414.444066431976,68.40530539260281
50,0.10783958559814742,2355.6574426399234,-23.314441690162568
51,0.10993894058501318,2342.324369466871,128.37714831587752
52,0.11203921431523854,2253.0441355082316,-32.059858342744626
53,0.11412334585697578,2183.91548559786,119.81852693829677
54,0.1162159397555423,2138.808545711136,10.740959624007443
55,0.11831372048037725,2119.501814185042,-30.60178880342804
56,0.12039723118070132,2066.319915178253,16.7513239152698
57,0.12249223631878574,2021.4603276851494,14.245047616959049
58,0.12458825984258635,2008.5383099617302,43.829147217930156
59,0.12668846771583772,1963.7140551141454,-53.62876105818808
60,0.1287846620419941,1912.064657641324,56.1228534393015
61,0.13087133937881498,1895.2635967400158,106.5598121675179
62,0.13297548334406448,1865.8092915595892,45.88056093550381
63,0.13506910815256093,1847.811531110165,73.81324280109148
64,0.13716388258568254,1808.1614918862995,34.910644589242914
65,0.13926047573721634,1796.3691011129906,72.16284385044136
66,0.14134668829083769,1753.4781435316152,63.91017265387207
67,0.1434475230090064,1742.402882758035,36.57296140011739
68,0.14554528534185418,1690.1244942264125,34.45049902761755
69,0.14763320610735878,1683.6939639538816,-8.474923715952766
70,0.14972114728432864,1672.8898460898606,13.37108246447441
71,0.15181380487515775,1629.8097326299057,11.089270835064891
72,0.15392114901003526,1587.8735675795529,34.84612889349547
73,0.15602147473412367,1578.612769327381,2.6094381169759364
74,0.15811617475881218,1549.1451478830686,-24.77967215782306
75,0.16021187122717997,1523.0881380619576,24.436313610508535
76,0.1623006419462899,1502.110912698726,41.56866169419434
77,0.1643899033199985,1454.0304115911827,36.906780361044895
78,0.16648355823815117,1432.711933002865,36.498913841651465
79,0.16857196837784735,1425.0426686391534,33.68175592725081
80,0.17066413320893647,1363.9064190496304,35.94783584936785
81,0.17277086992561352,1351.412836429398,48.56843570942997
82,0.17486965460096995,1321.325675511721,16.78780843192865
83,0.17695857694944453,1308.5921517837007,45.885457135938914
84,0.17905245093155753,1278.78120653896,30.645139326900512
85,0.18115265212612636,1255.1179532413935,48.95026988420996
86,0.1832476884130739,1236.137424496207,34.4806895616082
87,0.1853312475833926,1227.5594474999978,71.20677352016878
88,0.1874284892203219,1187.0244007881986,49.45798535451144
89,0.1895337179075755,1179.3064926337079,27.513079755084917
90,0.1916268196474026,1173.4755640080325,27.596137776559466
91,0.1937183403446853,1155.9316644033163,48.83373342289596
92,0.1958131498886989,1140.8155360955866,19.716855605468105
93,0.19790587400989662,1125.2887533243693,43.45246733363331
94,0.19999906515978938,1116.293503923185,67.53464012572667
95,0.2020893038374759,1109.8625938020261,29.260644604869537
96,0.2041823192148178,1083.2206527771573,43.52903467512397
97,0.2062825911013838,1076.9826884896188,48.57338324463725
98,0.20837701891459662,1066.1519734844499,53.58620557484819
99,0.21046758167944032,1059.6715984775376,15.150735173501092
100,0.21256678542440183,1039.8019907746234,32.54361981337675
101,0.2146619261104852,1031.4690705319251,47.25886144596628
102,0.21675618057220372,1014.3349198751088,34.61808841084036
103,0.2188528705899679,1000.4788254956254,37.72720208124987
104,0.22094564274530842,990.2038677271821,28.046698680162727
105,0.2230395148320731,975.3313065331814,52.01866940908535
106,0.22513567328585352,963.4083858848069,40.97279410270527
107,0.22722785048644015,951.2271956623117,49.908852750593965
108,0.22931975112872324,938.7163802322139,28.591803070634324
109,0.23141147723465103,925.2994619540397,34.82241607643729
110,0.23350584674782457,918.2300062782869,33.333050903247006
111,0.23560416522029054,907.6550241521302,41.16036316691834
112,0.2377006336558307,890.4689982084615,29.102695738041533
113,0.23979727503904752,876.0982794159343,22.803139152350862
114,0.2418944602532704,867.8302135806063,50.30364667189757
115,0.2439884227569783,857.9972763622468,39.74688155375277
116,0.24608359968283072,849.1731207511945,57.54045957618826
117,0.24817552807053123,832.033031328902,29.06922423490095
118,0.25026237006475704,826.9856363269007,42.07918769606196
119,0.25235861551053484,821.2415976963019,45.36033459446802
120,0.25445470778669854,810.4908601462005,46.458292120319086
121,0.2565487653287422,805.0346561501507,30.65615143366453
122,0.2586464955058471,793.7841899026583,27.51085123286739
123,0.2607443047329862,783.4318001912053,53.78937212443572
124,0.26284383121734134,772.6254234399262,42.806913690060085
125,0.264929885565984,764.4141599487863,37.584961291980264
126,0.2670163698864118,759.0879315834583,24.84226635625871
127,0.269112135390912,753.988924901617,47.45317278604932
128,0.27120764961246213,746.3197615925773,43.16076308041468
129,0.27330509996536784,737.8258394740158,35.43333796498058
130,0.27539842121309294,735.0956715731567,36.55690226168797
131,0.27749656900268016,720.3891297337259,54.59870590039817
132,0.27959864364035925,714.9675907481218,44.98048160553394
133,0.2816878213234348,709.6660495171699,48.062058222411686
134,0.28377609558542155,706.7830421915043,45.55846854769468
135,0.2858732754634003,699.9744524540578,47.704524188124566
136,0.28796861590208045,689.2253054600994,41.49124833519852
137,0.2900612915162532,681.7314572681913,34.023302275060914
138,0.2921547032025089,679.0396308587966,39.52072408162077
139,0.2942501291133245,669.821387661585,41.972606223318984
140,0.2963444256131289,665.6570981240657,41.696881376307786
141,0.2984361415704375,658.7973247509403,38.79756558383993
142,0.3005318840555698,652.1865723181076,40.57922830950752
143,0.30262777760316095,646.7823735559559,46.91136423360788
144,0.3047248035439954,637.4637984886454,42.13479065034898
145,0.3068210272572538,636.4461189752283,51.46382574165546
146,0.3089144805088237,626.5906767314027,44.37455654153723
147,0.31101080657849756,620.7582596668311,45.644696960500866
148,0.31310885951912926,619.6012018104688,43.44924708332293
149,0.3151991603466065,614.7389633089471,43.333520115379365
150,0.317288667284839,602.7012450566292,44.96642428294706
151,0.31938044185106124,602.8231976193092,38.810054694892884
152,0.3214783648369702,594.5017492180067,46.00198835707473
153,0.3235785211189416,592.6282797835748,36.44712720967039
154,0.32566935894833426,583.1447337781973,44.96821820696393
155,0.32776077751211374,580.5876431928644,36.52328396337969
156,0.3298523230655558,576.4895853568806,43.01073158936317
157,0.3319485433973702,570.8231706928792,42.48660326609325
158,0.33404540358127904,565.4508150476723,37.34421914465559
159,0.33613494177837844,561.2017883975599,39.72046603290135
160,0.3382313832787478,558.2783605161036,38.64426267115904
161,0.3403308518124324,552.9425387046715,41.013822646187286
162,0.3424246601457981,551.9864417744574,44.37110834562905
163,0.3445197272986724,544.429895577107,32.32104299250945
164,0.3466158524641983,538.9965402685093,33.05217399663545
165,0.3487089916477683,536.7308825305911,38.70230950882946
166,0.35080114560367615,531.9494741337128,37.7719637259456
167,0.35289356821720286,527.0705864319124,42.50362579165106
168,0.3549881110219297,527.0968449404777,42.540391895563126
169,0.35708559248027844,521.3210960234065,42.996777337081134
170,0.3591813496003593,516.9743986923474,39.87392567687694
171,0.3612749400626811,514.9521568126436,40.063973208491
172,0.3633693413142722,508.27283377015027,41.50826877510072
173,0.3654632219855477,505.74082424769796,39.05943137644437
174,0.3675603773529471,503.1850807691648,36.87347005929499
175,0.36965434919829326,497.6312010431266,40.70043774866226
176,0.3717418094879197,494.28231299566727,42.83346111640903
177,0.37383404253825586,492.56362031707965,43.802275153573255
178,0.3759308579415973,487.9590807896175,43.254123766517395
179,0.37802985088946095,483.98603090693723,42.6675454913114
180,0.3801213498834686,481.38853222366873,38.2060403820279
181,0.38221306010699313,476.1232417134804,42.98799730871352
182,0.3843141376638833,475.9350890125508,42.83371944198321
183,0.3864096355836929,472.1071676281552,46.64631745567949
184,0.388502907295756,468.77482428501054,33.74704743415192
185,0.39059769208540335,464.3666396601551,44.2041526171963
186,0.3926958121232196,460.0298445152054,43.143836571591606
187,0.39478921808384226,458.48821221627566,42.510111836663356
188,0.39687821409975554,456.04964284939905,39.71047540242557
189,0.39897073627813356,452.51055317812165,37.53054414989729
190,0.401067192451382,449.42436635408035,36.55312981330297
191,0.40316228148056854,447.7670072442188,39.0034000890359
192,0.4052546340249366,444.70046591303196,31.647617476889863
193,0.4073499183903822,440.8275166112131,38.89460331022384
194,0.4094468722071623,438.37359976422294,36.717445369917044
195,0.41154432885897757,435.250880810083,40.18116713292788
196,0.41363408239228544,431.86430400242364,40.21837935542695
197,0.41572494638156243,429.55678798294764,28.396327171277697
198,0.41782181997781404,426.9380903626373,42.49756509827577
199,0.4199166506307261,426.48523660877584,39.59722537944965
200,0.4220107143757513,422.1041280797661,38.09619325767027
201,0.42410542949066876,418.9994588063181,39.55944812477349
202,0.4262013850195404,419.73150782166977,38.73602290673726
203,0.4282955296445312,414.00824284394383,39.110187262211916
204,0.430391806688861,413.80450109321663,41.60377059060812
205,0.432488575457924,409.1241526939022,39.3633865409007
206,0.4345806090039814,405.7738832589659,36.28935654932545
207,0.43667244097425384,405.3207255828822,36.825169888473404
208,0.4387671492209622,403.25731332241406,30.805763497816642
209,0.4408622534544343,401.0284593063156,37.34053377246685
210,0.44295516415095815,398.1667884668899,36.262637911068474
211,0.4450482683181851,394.3280254009862,36.11415029836318
212,0.44714683875742495,393.1282841245519,34.868968368169455
213,0.44924362280569813,391.8594414639785,34.63905115734464
214,0.4513338633316258,389.67021979184,40.27426288303541
215,0.45342753643259276,386.4131975105173,35.62146130666222
216,0.45552189548586586,384.7355219414771,36.20276225549091
217,0.45761716616081083,382.5628389307826,36.22928287032851
218,0.4597117909764672,380.72230788463355,38.31452473865674
219,0.4618031890496857,378.4265962304624,33.35348126610267
220,0.4638995470730997,376.19984870379494,31.40620145115734
221,0.4659948171464902,374.2949707130708,36.97927395327384
222,0.46808929446972725,373.2438597740245,34.26347874735239
223,0.47018492649495636,370.9242245560935,33.6979791240843
224,0.4722792778491551,367.9765636059386,38.21689624362781
225,0.47437272572904565,366.6387636380148,34.180433108799676
226,0.47646593372141327,364.8036254907969,35.82050038680728
227,0.47856230727426236,363.2026649891112,35.874755098749276
228,0.48065904058976644,360.12599580945545,33.557146809548854
229,0.4827512226177774,358.4894844796126,38.12093368229184
230,0.4848441163240575,357.108756746314,32.49006299939848
231,0.4869397730506266,355.75004992482843,33.52326177346442
232,0.48903678813400875,353.6175842803488,34.957860161187085
233,0.49113096964965397,350.4169588358251,34.50564748861035
234,0.49322332174786626,350.30063956453245,35.73344537246375
235,0.4953187148676145,347.58325520009333,34.48917302007933
236,0.49741120358770496,346.62753702582387,36.205828363863255
237,0.49950082345999325,345.0099277525411,31.52751676673255
238,0.5015952506837275,343.2097178367926,37.170872596711376
239,0.5036919972981919,340.9906667530537,34.93562898433971
240,0.5057872116617207,338.7895968909853,33.76551144138677
241,0.5078828569897101,338.3189641573986,35.458789646250445
242,0.5099793452386306,335.4123957188926,35.97063698710268
243,0.5120767256379639,334.6096478309254,30.22380045747085
244,0.5141702395931294,332.5421309083096,35.44910199525958
245,0.51626132102766,331.23195077323317,33.972127593050516
246,0.5183576899265504,330.1171793886281,35.389032316599994
247,0.5204524416424112,328.1921475869903,33.22268755828272
248,0.5225430403510469,326.43925348605853,32.69240013155924
249,0.5246378991347941,324.8562694290929,30.82721713053329
250,0.5267345150769579,324.0035898373434,28.490881203708142
251,0.5288284644781793,321.87303058283464,34.420016247075715
252,0.5309200047543352,320.27683130110114,34.516792969340706
253,0.5330154787982235,318.47809548375676,32.33838512083976
254,0.5351140455458262,318.3967607659532,34.64202668208276
255,0.5372066203065362,316.94285803137586,31.528558578591362
256,0.5392991990272246,315.45886441281465,31.560047398787166
257,0.5413944118270408,313.8465675561421,32.61049944950226
258,0.5434881995106379,312.1360017092022,33.541145227942394
259,0.5455829952492127,311.23305462858434,32.61937608713386
260,0.5476769745662954,309.1195039852412,31.042888908925566
261,0.5497697255495043,308.48419506762883,30.947181192852852
262,0.5518645446467839,306.6560935953354,31.941983688551332
263,0.5539598571350287,305.68331217200927,35.515466148419094
264,0.5560564538950566,303.15376909051656,29.024685890441557
265,0.5581500505101624,302.88698774418003,31.17452006253026
266,0.5602409063261653,302.42630945015037,32.706757790995155
267,0.5623379637803174,301.221926802077,33.616748855631606
268,0.5644363283026402,298.83486136268965,31.51845348087537
269,0.5665273824761494,297.53485982463957,31.693324738367593
270,0.568621249018378,297.2953206890457,30.594027425608157
271,0.5707181447612965,295.2259879564943,33.058325903107175
272,0.5728127938597997,294.1095932446118,31.12490620608527
273,0.5749070881546879,293.26891921324903,31.58483639497101
274,0.5769991470923068,291.4008177721654,31.54359790926991
275,0.5790956911760897,290.9309094301722,30.876134137368492
276,0.5811893306261757,289.2010308038708,29.849021695862156
277,0.5832802267374103,287.8833070448602,31.606419230635787
278,0.5853761830306536,287.82634656622815,30.909178859724815
279,0.5874711784415975,286.03942040386164,30.286581683006126
280,0.5895653958899879,285.61227685539376,31.229680504660266
281,0.591659786459685,283.9552370218571,30.880904676096648
282,0.5937551851921442,283.2227424359449,30.115423827434512
283,0.5958498092767481,281.4944322190821,30.010816580511424
284,0.5979447066705442,280.6070781557149,32.621211658594866
285,0.6000383505174957,279.59758844257476,32.0579301686342
286,0.6021313016181767,278.2147460194785,29.69256301266092
287,0.6042246965556944,277.4491124593562,29.743679161062477
288,0.6063189733697846,276.420108734845,32.029085683704054
289,0.6084147213727373,275.5828668564253,31.376076505586276
290,0.6105090855473989,274.10448240637305,28.0784005129656
291,0.6126037649785722,273.30214705904666,30.279991698535643
292,0.6147002391370655,271.61830129840814,30.813306512841557
293,0.616794938930829,270.65866353292347,31.14686414316834
294,0.6188886865784012,270.00287104617735,28.48979384416838
295,0.6209825762252046,268.77681577123593,30.808943452275244
296,0.6230764414889526,267.9014994390118,31.445466012007685
297,0.6251725389343245,266.8845736592522,29.05954213774654
298,0.627266923011265,265.02342502657785,27.2349812332373
299,0.6293596211388142,264.7861663540038,28.72226626207496
300,0.6314513250607457,263.89645073353574,28.21603675875929
301,0.6335475720513941,262.72820053926364,27.753084923236187
302,0.6356444982495617,262.2447615109372,29.08354083653179
303,0.6377358562255245,261.53378899175124,28.614229536089503
304,0.6398302949107263,260.5379469823268,29.42301060073174
305,0.6419256185614247,259.25944360470595,28.401979542581373
306,0.6440214843206593,258.49711426892685,29.797860719552414
307,0.6461142033434962,258.01852376377695,30.614248013742436
308,0.6482061138478032,256.55365606349784,28.633319123720817
309,0.6503020867345045,256.6827429951052,30.089697759644245
310,0.652398185537932,254.85442197754884,27.985450136533025
311,0.6544932048530038,254.13420513602662,27.597392429570764
312,0.6565867871776386,253.10185372728185,29.937251089714962
313,0.6586827890115348,252.35891665699427,27.408409098552664
314,0.6607793300725506,251.17148177982233,29.472217598064386
315,0.6628724964198541,250.60706698052644,30.4441761068106
316,0.6649654402217313,249.330521532044,28.546241810188747
317,0.667059865407609,248.83600879836686,27.457096656168197
318,0.6691532523078332,247.82912687884183,27.31430589049777
319,0.6712457992597233,246.64937306101822,26.45427453546953
320,0.6733390782258323,246.19477813913142,26.328650733203162
321,0.6754367503383576,245.47189834950203,29.465564860910536
322,0.6775335143160066,244.50229322390823,27.9941018178923
323,0.679624621064033,243.7813352883282,26.505317079724936
324,0.6817180292738917,243.0157366657397,26.477537897628277
325,0.6838149015047629,241.92373051744912,27.788703322862624
326,0.6859101434268815,241.32511503222273,27.440614065399288
327,0.6880046468184081,240.5644325978797,27.39451735116062
328,0.6900999637264865,240.24229198793245,26.285157857614315
329,0.6921965733216279,239.20211062603522,26.80282780219466
330,0.6942884945981568,238.6692310671709,27.674667507361583
331,0.6963781649531228,237.98915743083515,26.164792870419102
332,0.6984747371200234,236.63739511083963,27.984590231778252
333,0.7005690388882679,236.06817692724277,26.622131373708935
334,0.7026621579778546,235.41815753165884,27.7860043554138
335,0.704757268847954,234.3518686187506,24.849080196101443
336,0.7068509057629639,233.82859743814345,25.51577841772742
337,0.708945644402387,233.04614316237996,25.941678208830282
338,0.7110406815970572,232.54586441039925,27.592972468102356
339,0.7131372373036142,231.60821921866625,26.162977541736264
340,0.7152323589250973,231.00346863960664,25.57119968813552
341,0.7173245162021571,229.60890699661263,28.29272360087975
342,0.7194199711852413,229.45912446955268,25.7449033899645
343,0.7215151322330351,229.0396353468929,26.70486427920324
344,0.7236102334592447,228.128291062601,25.590528699978282
345,0.7257047129497166,227.43502079114566,25.31993281785551
346,0.7277958825256088,227.23021611866344,25.423355901881003
347,0.7298900912292255,226.34940282190175,26.233724687751153
348,0.7319867159780691,225.62458817157878,25.113689727289856
349,0.7340808521059053,224.41284960346442,25.003013605974576
350,0.7361738853270124,224.4303511241923,25.599995087672664
351,0.7382682123604443,223.46479341085023,25.973092496948038
352,0.7403641944498084,222.67629440790677,26.566848826916967
353,0.7424576311971561,222.04978561410385,24.235194002457227
354,0.7445523870480827,221.12410912250613,24.8211833217673
355,0.7466478284648128,220.58254000144925,24.397708925126413
356,0.7487413917548734,220.72879675473078,24.08664162637393
357,0.7508354594737505,219.17467097780624,24.665553559619184
358,0.7529278056847568,218.6480184421291,24.435206772729636
359,0.7550230257904859,218.232184792521,23.700441007676318
360,0.7571167923480437,218.24195499229273,25.16119705558697
361,0.7592113317151179,217.09768393023782,23.83413021371374
362,0.7613074731933067,216.70631507201,24.497505190181226
363,0.7634009581307508,215.50398599890735,26.036339765018596
364,0.7654969266569684,215.21445182241314,24.99144014988033
365,0.7675905899780763,214.68808006131388,25.12535882511197
366,0.7696837880547684,214.1016003563811,24.772756433868473
367,0.7717795008463626,213.63318264128344,24.164371415245807
368,0.7738757788346248,212.69741561164855,24.221943124192542
369,0.7759706260990727,212.3071038838303,22.54227204471827
370,0.7780620795267656,211.77114871577925,25.32748782433817
371,0.7801559906208961,211.09911437065983,23.10527251334525
372,0.7822523136569128,210.43936041401477,23.41649386575258
373,0.7843481481853999,209.77335035872068,23.898647645610513
374,0.7864425511046899,209.42100370976647,24.153294233514334
375,0.7885343495966205,209.10133848247375,24.522595501642577
376,0.7906286372458883,208.0875497172021,24.747256406590715
377,0.7927244345313397,207.3339734987789,23.391564374033564
378,0.794818005513127,206.97519912532832,23.341496832694748
379,0.7969121491149282,206.43730507147234,22.4772726718782
380,0.7990047112993173,206.0740829192557,22.131914532604647
381,0.8010984966914405,205.47494513695077,24.24934044798325
382,0.8031950165575023,204.8121556381377,23.94087110604136
383,0.8052905677217739,204.2746623149482,22.162415889001494
384,0.8073868841230295,203.61975338936585,22.94379310916163
385,0.8094800557409162,203.06159515610562,23.75689907910694
386,0.8115724907946299,202.78448310796875,21.481211932196373
387,0.8136674854006812,202.43577770608545,24.11149297038938
388,0.8157633267681768,201.69214346329252,22.26293093877441
389,0.8178572815764139,201.3838670827245,22.400350315220585
390,0.8199509017046862,200.94514807523257,22.038666611878615
391,0.8220464110750062,199.8318736514483,22.384407553913956
392,0.8241406544737637,199.39160347693985,22.30066412505227
393,0.8262328397247414,199.14221274806792,23.23372095421485
394,0.8283269471334518,198.82327211529287,24.024528261051344
395,0.8304231064697798,197.584288508441,22.474239811990806
396,0.8325161683796762,197.48658153891876,22.437472947635555
397,0.8346105557242035,197.4073170588948,22.267344227945106
398,0.8367059794413102,196.69686565538694,22.500410077908057
399,0.8388002445604258,196.54794512536535,22.60175611068625
400,0.8408960756111226,195.82385640958745,21.84621806838381
401,0.8429905652842218,194.95988711290136,24.227107696289256
402,0.84508401313589,194.638359213207,21.964966158438386
403,0.8471791713809247,194.1738896690964,22.233133824635303
404,0.8492743362825239,193.55422839733822,22.927572404369442
405,0.8513668888602299,192.8736200203286,22.859094047430624
406,0.8534589296280589,192.59851206095473,22.297925222066247
407,0.8555558405338324,192.2498281756437,23.618592133458016
408,0.8576516874123633,191.80958245648873,19.80179942649546
409,0.859744590599333,191.6099506705545,22.09688832330944
410,0.8618400547669827,190.86465697168498,21.877980047745794
411,0.8639350434441438,190.5994931766949,22.002048817456508
412,0.8660280248974203,189.89346495974507,21.943046764960826
413,0.8681201347325478,189.66752756953437,21.597866183278985
414,0.8702157283801463,189.26733225977614,21.44289607070892
415,0.872310621353091,188.4343568674026,21.775358374126718
416,0.8744020359703552,187.99341941154393,21.928110337053766
417,0.8764972088477568,187.57324828575545,19.60684126486979
418,0.878592835994214,187.59899660811675,21.90150537414672
419,0.8806870131084201,186.97323067057206,21.375778712681132
420,0.8827812802431019,186.47323748282787,21.71562897747929
421,0.884877279658285,186.13468462287312,21.676716270515954
422,0.8869730004154345,185.59480383800096,21.75601170977065
423,0.8890661750433553,185.2435305050463,21.606900063362005
424,0.891161435679344,184.81086342562597,21.79694991112553
425,0.8932577960179496,184.6936971173776,20.88493265734318
426,0.8953527392107627,183.53493503778034,19.971323844911065
427,0.8974462460666859,183.55369100605228,21.815777654708178
428,0.899539340962409,183.04224775924578,20.896234034957327
429,0.9016318169027592,182.65433213204128,20.572940574394988
430,0.9037252249745606,182.24586811020785,19.864494882586392
431,0.9058199443223193,181.9743296491301,21.27828267432749
432,0.907915243986348,181.46873824606308,20.982184030295635
433,0.9100128049501981,181.25381142613531,21.030713423342196
434,0.9121059966002629,180.61936393525147,20.13834605721129
435,0.9141972861830797,180.26635761457015,20.242951534645872
436,0.9162932496702593,179.5530060451738,20.562626403961072
437,0.9183878012752863,179.41989937688464,20.80937986297607
438,0.9204823185419505,179.24160192653233,21.363041600650682
439,0.9225773629784582,178.84603870486686,20.80962363482011
440,0.9246718174739146,178.31456261624012,20.230807810718876
441,0.926766211900197,178.04912253111138,20.07270217949449
442,0.9288591582540804,177.816023013311,21.33747200419498
443,0.9309526610700547,177.05916431949564,20.601514298276594
444,0.9330479303067369,176.7940568555716,20.45253021242484
445,0.9351433527997749,176.7262220873325,21.40581172942796
446,0.9372383527365933,176.10970635110218,20.076526642295537
447,0.939329757499591,175.771862016464,21.31780700909695
448,0.9414230571985791,175.32626618978102,20.478754805054773
449,0.9435210054806012,175.01510023120414,20.42384044612194
450,0.9456162503172072,174.40126187974155,21.070710317586663
451,0.9477100092887099,174.3530663732715,20.490276546022866
452,0.9498046323041349,174.04077506064803,20.316903599120284
453,0.9518991548408083,173.47589140645093,19.38631291939098
454,0.9539929332702277,173.25648433780174,20.12877969955677
455,0.9560874898052096,172.66937670446043,19.082830303747038
456,0.9581824530689178,172.6440543453448,20.408485598638435
457,0.9602770371571748,172.24683892080938,20.485312414267337
458,0.9623710723241273,171.9317678510688,20.531629592464995
459,0.9644648349083941,171.61895659478938,20.183457427444004
460,0.966557887379011,171.13997722047972,19.491026086875873
461,0.9686513195291268,170.8104610528175,20.1272444049945
462,0.9707470393683869,170.25442026527773,20.091886802340376
463,0.9728419987888902,170.1463928835977,20.144189035038966
464,0.9749363451418961,169.91496586261,20.08010540772337
465,0.9770319720978949,169.06246580021158,19.26126182706955
466,0.9791260608689247,169.06235256647273,19.72736711720907
467,0.981219993418123,168.74764127557637,19.160903882538157
468,0.9833154848012966,168.3615229102322,20.117546000446307
469,0.985409217900734,167.85972650546105,19.532313495769483
470,0.9875034929558208,167.86860648693886,20.529527350121555
471,0.989598845059814,167.46465544182792,20.11318537489307
472,0.9916925524589582,167.25027883764326,19.850300828369814
473,0.9937866222530743,166.93702106252624,19.83737600185769
474,0.9958822538585521,166.6204229554068,19.540974995107415
475,0.9979763461234663,166.1745921439838,19.209279383515266
476,1.0000687382803208,165.8850107759511,20.017079557606934
477,1.0021620574674717,165.56605635376425,20.013844469122766
478,1.0042566040705312,165.14466644835787,19.485013427923146
479,1.0063510481087232,164.92521576965345,19.473710741157376
480,1.0084458017147504,164.56325310528334,18.880726212652768
481,1.0105412449330358,164.32940444270486,19.5037532675604
482,1.0126363206852906,163.80358194580057,19.923305314230625
483,1.014731689048677,163.77194672400447,20.069660397830358
484,1.0168251811607234,163.22978607548362,18.813534536642887
485,1.0189183181794257,163.1827807183064,19.472670308384636
486,1.0210135131858313,162.6844610156644,19.660003575601074
487,1.023107899818119,162.46755888016423,20.10392625837997
488,1.0252035642142994,162.05101077804633,19.653200940110754
489,1.0272979326699727,161.92441523206293,19.408233235085127
490,1.0293915165160124,161.67018873105454,19.551341213690907
491,1.0314862118776227,161.3408660408055,19.957957267859445
492,1.0335813276438528,161.1684562384752,19.98062950777833
493,1.0356760372494827,160.68068945675938,19.954414325457513
494,1.0377697665518313,160.3521430195325,19.899888062340043
495,1.0398635542890804,160.2356569567499,19.706601189859242
496,1.0419580022733907,159.6942765691349,19.63135443515222
497,1.0440530837182007,159.73317728712672,19.668712942355135
498,1.0461463909219801,159.34731620667569,19.53992309896931
499,1.048241289239942,159.01417973913487,18.49637413134159
500,1.0503346504195201,159.0202551081667,20.21267548131157
501,1.0524278880438542,158.39839671577633,19.68587057603977
502,1.0545231057279465,158.47129298523913,19.107551991379854
503,1.0566172205725972,158.04437236739255,20.03913113164907
504,1.0587125681053644,157.39114833406225,19.878324071102906
505,1.060806974942881,157.482635470376,19.922633777008357
506,1.062900937291859,157.1786102847557,19.80070737664085
507,1.0649968400029963,156.86230087993349,20.284790005054916
508,1.0670917748856612,156.43561980787723,19.933098762638192
509,1.0691837840599538,156.3344845327997,20.455235639955685
510,1.0712784055790137,156.06629399909903,19.925593023194864
511,1.0733741944109443,155.88475710498972,19.661213304185953
512,1.0754689143080451,155.64440034705262,19.748794128584446
513,1.0775625935653539,155.30290318815474,20.08394142841585
514,1.079656551776009,154.91182029405476,19.599793852741964
515,1.081751759033872,154.8572220097928,18.903056593959743
516,1.0838450038800544,154.6993812438588,19.742829971311163
517,1.0859393346043436,154.27559542593295,20.14760532714392
518,1.0880340737032612,153.9767315402426,19.643042299964314
519,1.0901280973397867,153.57980657911378,19.906717846740182
520,1.0922232205093443,153.58724672817473,19.687975250676132
521,1.0943183198095006,153.20949983168634,19.906854696773614
522,1.0964124680620808,153.23038548841495,19.41921312943534
523,1.0985066965945804,152.8851878527133,19.56348574435607
524,1.1006022506925348,152.64612472031715,20.8626072387996
525,1.1026960746069068,152.32808397870434,19.86379938244563
526,1.104789420523433,152.0830138920601,19.957617168543514
527,1.1068841457204943,151.65960060067025,20.10667363943875
528,1.1089772649904681,151.63540693726532,19.5616746801908
529,1.1110723868790173,151.3915591064915,20.214959754829895
530,1.113168427194727,151.3286174068027,20.32037876825293
531,1.1152626776337078,150.90831450890857,19.97790539702727
532,1.1173574051129724,150.68685000579575,19.454001806562776
533,1.119450573697561,150.35735144385484,19.708105074187916
534,1.1215436337779248,150.26891245862424,19.73915516488024
535,1.1236390334415942,149.99179212999067,20.375758997166475
536,1.1257332200225998,149.92962029775504,20.536101904093677
537,1.1278283378211404,149.5213657451583,20.343028501104357
538,1.1299238131648552,149.4116016016303,20.534733542828285
539,1.132017447124327,149.0586107937039,20.393886574211894
540,1.134110650036949,149.03326151798242,20.53218068261969
541,1.1362036259959787,148.6244062129374,20.170847447355
542,1.1382991427598659,148.48419190055273,20.45202081587721
543,1.1403936066737896,148.5799579755144,20.144155889454918
544,1.1424878264606209,148.05741614259603,20.418222039001627
545,1.1445836717483504,147.91513087539798,20.828389428614038
546,1.1466778755714095,147.65791306318434,20.65663681008989
547,1.1487715351237628,147.52536889693428,20.076048422207613
548,1.1508672245306748,147.1623133471711,20.51043321504847
549,1.152961670034179,147.0419315894203,20.37848857876199
550,1.1550551275418117,146.9657417504782,20.45988560382233
551,1.1571500620004906,146.65780107510284,20.65839617509111
552,1.1592451155989445,146.6323519158886,21.267862148220043
553,1.1613401484055899,146.20779990411597,20.60370398712993
554,1.1634328135986687,145.99808245646113,21.53841200845409
555,1.1655280225544649,145.75844323874153,20.720289542293788
556,1.1676232414157608,145.53906475119084,21.174028725629437
557,1.1697157183635434,145.43347743234207,20.12271770478532
558,1.171809765164966,145.13549370893426,21.110713891951917
559,1.1739036754657965,144.96486873158847,21.77956059613554
560,1.1759974618047027,145.06849873261154,21.75134281554632
561,1.1780927342002254,144.71143809332835,21.358490516121407
562,1.1801886215978319,144.3355142693185,21.157178543252755
563,1.1822824649467334,144.23844540910395,20.811389605673465
564,1.1843777187054296,144.05324554213755,21.205694804149793
565,1.1864731317277017,143.9372235019187,21.356976559652363
566,1.1885662199882188,143.84438553850376,21.748269488473152
567,1.1906603290984812,143.77244618004724,22.062965869354507
568,1.1927560449071208,143.53570853087032,21.974918868116422
569,1.1948501301675682,143.05328309757422,20.924752417384536
570,1.196942866326464,143.01054387284785,21.64684024945288
571,1.1990363434731066,143.10199151331278,21.847075387818972
572,1.2011315528209288,142.6834938126887,21.660744671651226
573,1.2032252726398727,142.53131160041102,22.16795287808793
574,1.205319131714267,142.5870466274595,22.416831116687444
575,1.2074143429200774,142.17429062382573,21.86123924499601
576,1.2095073316728018,142.1991808552249,22.29699018363194
577,1.211602159357548,141.95382425576827,21.978792245160278
578,1.2136984428310558,141.8233588746919,22.428288242259825
579,1.2157943340364452,141.43756295168876,22.292536149335298
580,1.217888268816351,141.39042042044787,23.019626561479594
581,1.2199821909033837,141.13717742574747,22.437643259071006
582,1.2220779372220854,140.948885416425,22.92083112182778
583,1.2241720630448372,140.9151349408473,22.83165054032211
584,1.2262656486341297,140.7491132125455,22.549405306931018
585,1.2283602712023978,140.65723815587535,23.01942750891868
586,1.230453847781421,140.54862263550763,22.597358458742736
587,1.2325484279288663,140.37916587805412,23.026662105638316
588,1.2346427330328844,140.03728157192452,23.157198792236013
589,1.2367368340043534,140.04338708365827,22.66248371088361
590,1.2388320989568682,139.97255264312622,23.041385713771746
591,1.2409254956441091,139.64107905773224,22.815436920656808
592,1.2430201387037565,139.64230506133998,23.430771464317093
593,1.2451147141570293,139.2565885143403,23.387829135811145
594,1.2472087367784284,139.32582715151096,23.270284351696777
595,1.249302614173833,139.22298546870837,23.786014829085495
596,1.2513971052845823,138.92804004396268,23.853649305921
597,1.2534931066319515,138.77064244267285,24.153042935513245
598,1.2555863817711985,138.6552005691144,23.610756955083875
599,1.257678969059161,138.61529699602866,24.412130271149653
600,1.2597748382104277,138.45594518007636,23.990012962807732
601,1.2618698898493887,138.5691601080133,24.335970597664335
602,1.2639640740660565,138.0459321314044,24.960574146464563
603,1.266059176034634,137.99788853910022,24.687595653753238
604,1.26815329738596,137.7358503992852,24.54736270686177
605,1.2702469827768745,137.9874476719952,24.357152938637153
606,1.272341439773769,137.89873254119993,24.685221263969417
607,1.2744361591580655,137.50702814383197,24.775680890034202
608,1.2765301570381213,137.5091704670342,25.36700939768791
609,1.2786243195908502,137.19844644733539,25.09473346776398
610,1.2807201779848052,137.11855953288895,25.368876334760305
611,1.2828149770647865,137.06127562035985,25.516502356750355
612,1.28490831046805,136.89413890643806,25.228155876969108
613,1.2870024746125797,136.82627758133663,25.618400904868118
614,1.2890960788179595,136.58005560360152,25.633395243697798
615,1.2911903407610128,136.61634159618237,25.84071145007018
616,1.2932847299377603,136.44114708353865,26.000563910572335
617,1.295379834193548,136.37883906784353,26.305384051985683
618,1.2974743412448833,136.20079099684438,26.46194373305292
619,1.299568838606027,136.3210726515591,26.81673556612845
620,1.3016640567270552,136.1138768218374,26.09782458108146
621,1.3037578272673165,135.935967101475,27.094974918441878
622,1.3058518980796576,135.961710985549,26.85003265486126
623,1.3079469520711469,135.80343072692148,27.374167420199043
624,1.3100414674631762,135.75381468238726,27.289233800337307
625,1.3121343419146885,135.65857954218703,27.612233604986393
626,1.3142291157646366,135.6114360406542,27.11187120568068
627,1.3163249547628966,135.6222822933178,27.765011548568907
628,1.3184204308819243,135.23828830301682,28.570042633971205
629,1.320514045081714,135.22303898883288,27.801697022335752
630,1.322607731116918,135.01240055974682,27.905483795235018
631,1.3247030067977636,135.09850924492463,28.659161424632714
632,1.3267964975071294,135.13264099137731,28.76170134769828
633,1.3288900457896358,134.80684230737455,28.221881269653196
634,1.3309846323229146,134.67709744101154,28.39422175011789
635,1.3330795391690438,134.66236095067993,29.45870520945317
636,1.335173949560825,134.68191571400604,29.294548350211272
637,1.3372672428845813,134.5378941049668,29.02485986633326
638,1.3393616502777206,134.40512694251308,29.00213230034635
639,1.3414564546808454,134.41353376551345,29.3745485630002
640,1.3435497634465539,134.33683561617715,29.405203221182138
641,1.3456439095281743,134.3099973813188,30.207910413102567
642,1.3477398961804745,134.05883071783973,30.049681023596204
643,1.3498356331361778,134.0252104247128,30.061211958658497
644,1.3519291222201564,134.12588013404866,30.697179113812236
645,1.3540221824451044,133.9752013828166,30.31382232705809
646,1.3561174165883387,133.66102017307864,30.268061670401877
647,1.3582118000666776,133.7836957561125,31.03581996243675
648,1.360305548489477,133.72786441632843,30.980469372178685
649,1.3624016471705516,133.7374294284046,31.47126265646654
650,1.364496581524498,133.759173594536,31.360649906156436
651,1.366589927521404,133.58844229952294,31.731861446183757
652,1.3686839345616666,133.67086209375987,31.42314226009256
653,1.3707785136744248,133.4849861605264,32.3783874058061
654,1.3728736781569988,133.42312088725913,31.840986911290194
655,1.3749673745335222,133.42303967168465,32.47265741660448
656,1.3770602631292597,133.37321882477758,32.36998969598423
657,1.379155717578164,133.19090233909893,33.013943778185926
658,1.3812508039107998,133.22120200983275,32.682005798236446
659,1.3833453325862841,133.15926043734714,33.34429512288345
660,1.3854396647384786,133.2768989267051,33.9731113526084
661,1.387533616953471,133.0222250081246,33.548125747314955
662,1.389628935147901,133.01362318615654,34.14403745092972
663,1.3917230672721894,133.00205836370063,34.194036409055144
664,1.3938172778813163,132.9269805686788,34.64599141591646
665,1.3959128506087028,132.88389980413427,34.322753909011126
666,1.3980069894682674,133.11285872312476,35.38062379830521
667,1.400100032768225,132.97014331017306,35.31469126904994
668,1.4021942273095422,132.88811054409825,35.32674850964451
669,1.4042879724639459,132.82031479686447,35.4848982148831
670,1.4063822250727482,132.9439558304907,36.52239475206379
671,1.4084777998796327,132.87180887504212,35.63976750083309
672,1.4105725454065003,132.83101139748325,36.75396097136656
673,1.412666035757187,132.81453195421113,36.99070965178309
674,1.4147597581950535,132.68964377318704,36.47208372530819
675,1.4168552493745823,132.7359111731281,36.68982573438499
676,1.4189502707585735,132.89621186499568,37.6354507064009
677,1.4210439871962917,132.79299846092016,37.63854341943844
678,1.4231379588066748,132.60116810987134,38.032962027939895
679,1.4252323843784174,132.71119269879944,38.83150153857213
680,1.4273263645812686,132.75076909844236,37.90466628099614
681,1.4294209343777806,132.68314885237618,38.69146222775807
682,1.4315160587565352,132.79280987038737,39.183320017445894
683,1.4336101809254245,132.83134312362517,39.70756645120168
684,1.4357047233292217,132.63475914666023,39.58147461148466
685,1.4377991034950037,132.81581739719152,40.284310911999235
686,1.439893269172154,132.822451435729,40.35747091355887
687,1.4419870983325702,132.83223699490327,40.34438126281008
688,1.4440820971476513,132.73733036012308,40.74318561388488
689,1.4461780146809415,132.7883118509936,41.21275544240971
690,1.4482723645441788,132.81444591747,41.707118703619614
691,1.4503661519067539,132.78369000752994,41.52244332397765
692,1.4524608997459605,132.81193993244648,42.5184903247615
693,1.454556191478353,132.75340615898568,42.78243094003351
694,1.4566505605195028,132.89840106335376,42.85282487137907
695,1.4587435672120013,132.86322789510209,42.99594703400344
696,1.460836376274075,132.78543274281998,43.29101226394278
697,1.4629315024559504,133.0935066858903,43.28368194040962
698,1.465026115161985,132.84881476861258,44.09646518720711
699,1.4671201905708728,132.8790224214686,44.488424023883475
700,1.4692142550197365,133.13997083409475,44.93920911207836
701,1.4713085109511452,133.03675127698844,44.90361282944804
702,1.4734040883627781,133.17014578824086,45.545476024936356
703,1.4754983077923518,133.1303201918693,46.19898192627587
704,1.4775927333883283,133.22120342783882,46.25429156764124
705,1.479686516386449,133.3146656114281,46.46362595800381
706,1.4817805445745025,133.3372987317673,46.89669001174232
707,1.483876051193717,133.38608174178944,47.59022930896001
708,1.4859713583510508,133.5768868201873,47.69734683164888
709,1.4880662760111125,133.4485583025472,48.195275572125176
710,1.4901603423423662,133.54310669030767,48.351927202942406
711,1.4922546168830801,133.53223084303443,48.66045585590914
712,1.4943493508016918,133.68873543281575,49.098985950291215
713,1.4964436549031517,133.7448976223629,49.81512853103462
714,1.4985372426394363,133.78078829152884,50.38280869516941
715,1.5006303537214591,133.89429979160502,50.936777419742235
716,1.5027246941647125,133.88926979001127,50.5762982346324
717,1.5048198674391857,134.0212284806476,51.34888375042287
718,1.5069136003861163,134.26226909782244,51.62923696657381
719,1.5090076377683221,134.2729108088034,52.39849448768114
720,1.5111026723067662,134.3622225267648,53.00784258058458
721,1.5131971028762412,134.4355027351706,53.18959471211803
722,1.5152912609041667,134.64200568517748,53.784671404123806
723,1.5173854934463344,134.50953453400396,53.41111324067921
724,1.5194808793753787,134.7087989320942,54.559377204465676
725,1.5215756259285513,134.8047213761969,55.32681092827283
726,1.5236695807770564,134.86065976393624,55.75812403531928
727,1.5257641081783464,134.9117192909567,55.709084840642326
728,1.5278584873608179,135.01341095712408,56.5126486171227
729,1.5299536435991428,135.1195477446782,56.78556931775036
730,1.5320476585044298,135.4562814228939,57.60563241226626
731,1.5341414384393777,135.4524798473534,57.81202336070603
732,1.536236950937659,135.75733956386878,58.950227021779554
733,1.5383317033374695,135.81069139403854,59.103734098967195
734,1.5404255753841434,135.79621941671994,59.23626507432035
735,1.5425198393431812,135.86645247169963,59.51630540286131
736,1.5446136227526486,136.036091512273,60.36742857797608
737,1.5467072285753283,136.1240790596653,60.940760073201304
738,1.5488013111816905,136.37599767795714,61.109978977635116
739,1.550896674249749,136.58455545578954,62.14303126516486
740,1.552991701547339,136.5340600327742,62.58935633555963
741,1.5550856629518366,136.79072970658902,63.54874729688101
742,1.5571801051512508,136.94638258068485,63.35742394960272
743,1.559274417579796,137.1093689166824,64.05192147513948
744,1.5613691533539047,137.06984524476186,65.02314982371072
745,1.5634631934261796,137.43221138972964,65.4299262951649
746,1.5655577892497892,137.59261874965432,65.53429940717228
747,1.5676527275763066,137.59925996372118,66.28888433467984
748,1.5697461748764228,137.9291589106536,67.1019730046295
749,1.5718402189801153,138.03484849442114,67.58372834577077
750,1.5739346218160084,138.08648307074228,67.85162006401978
751,1.5760295037244485,138.38855708510857,69.2800485960696
752,1.5781239238326052,138.62762079142163,69.57172629027696
753,1.5802176736109215,138.68104127448174,69.98364216647724
754,1.5823123941098438,138.96734047417556,70.77865178117345
755,1.5844068047546922,139.10534702574972,71.35630177576354
756,1.5864996832696292,139.31264855736617,72.23117274791949
757,1.5885944598128996,139.5135500828673,72.4844824624644
758,1.5906903325437156,139.80514134870853,73.37615061292563
759,1.592784689092666,140.0129105908193,74.17017202986432
760,1.5948796873290236,140.177405115748,74.93090034225447
761,1.5969745597395735,140.456781074411,75.80309294595702
762,1.5990689218084002,140.59711825285532,75.70653824843481
763,1.6011633213632455,140.6014711567727,76.7185040257434
764,1.6032577776043084,141.07533046747795,77.35310646430716
765,1.6053514020964894,141.19452937881536,77.92544684533605
766,1.607445093072501,141.49621762292733,79.48340160209304
767,1.6095393086936036,141.45034083866315,77.50237311755271
768,1.6116336711357766,141.25873012222132,72.83727697991627
769,1.6137279918528686,141.16870345830282,69.23027899711101
770,1.6158221116449558,141.0096390908534,66.04753184603977
771,1.6179176229648538,140.79214895524612,61.53516685500392
772,1.6200131612431772,140.58379212786411,58.00049934740917
773,1.6221069236192778,140.46498015209855,54.19052239099246
774,1.6242011307622557,140.26115036005984,50.18935401927446
775,1.6262960841945175,140.1177249176052,46.619309201488434
776,1.6283896203498047,139.90522316801534,43.05601166245078
777,1.6304834947928883,139.74084028330864,39.142738979439955
778,1.632578127710653,139.74483166391082,36.09762701491958
779,1.6346731813158608,139.65456821104877,32.83168802856696
780,1.636767172365261,139.35351594455486,28.97207304717834
781,1.6388603779595408,139.469190574183,25.608909234490906
782,1.6409563605892468,139.1609499083278,22.24704533046965
783,1.643050621284035,138.89896716358905,18.991140203195894
784,1.645144102645386,138.75224948596983,15.087847277210708
785,1.6472395726584623,138.78118220068995,12.779358388788555
786,1.6493331318477138,138.44067367331115,8.778567867631164
787,1.6514277435583298,138.4827282687712,5.832372492547133
788,1.6535225655624404,138.13603634891015,2.796692577377162
789,1.655616100487628,138.09789625579396,-0.11782923931704463
790,1.6577106071833263,137.94057758874294,-3.5478666135612524
791,1.6598050724476994,137.80494448534577,-6.2513179523141185
792,1.6619001395524664,137.76349289233292,-9.287472985709293
793,1.6639948642035431,137.5183242085265,-12.628282338883782
794,1.6660882997554614,137.48850496431493,-15.781503645502136
795,1.6681827329415837,137.45377071906006,-17.888294275317307
796,1.6702780557373313,137.18046589025687,-21.589896178991108
797,1.6723710846745943,137.20073133382763,-23.70218613939645
798,1.6744651718920411,137.07739845381076,-26.843005531717743
799,1.6765602044792516,136.9763322286888,-29.6637378955185
800,1.6786535596079524,136.9848845977574,-32.09013517362611
801,1.6807491745425278,136.76982399358673,-35.31520957521823
802,1.6828445761171116,136.62743876043731,-37.784238245129536
803,1.6849386388007168,136.58404130855124,-40.25757974129872
804,1.6870339476475265,136.64226361201935,-42.6771897893092
805,1.6891280758541645,136.19500288870609,-45.63483873788328
806,1.691221272327691,136.25795900619445,-48.69505320927233
807,1.6933141346742315,136.14466790591086,-51.20813798074928
808,1.6954090930463133,136.02579307409945,-53.108903644786096
809,1.6975047078021417,135.9516392129636,-56.038387083736794
810,1.6995991246970055,135.87187819954917,-58.23676639520455
811,1.7016934918813407,135.87660680857402,-61.06592334739588
812,1.703786903721137,135.72963931290374,-63.16956527514376
813,1.7058818292953146,135.59937147785902,-65.82375565369946
814,1.7079768740006063,135.63161624410523,-67.97906486862742
815,1.710070845319196,135.51615697025068,-70.35800346336003
816,1.7121645316176712,135.54534640555562,-72.66785627189081
817,1.7142597272321454,135.17559028598438,-75.07255268972807
818,1.7163549406546734,135.46254579944883,-77.51939809515609
819,1.7184482195940645,135.28022299793574,-79.46979139476821
820,1.7205423072627637,135.19088696894622,-81.87185033892366
821,1.7226374847113666,135.0848493248496,-83.75246517178974
822,1.7247323233526113,134.960053125695,-86.39478154124947
823,1.7268266901810085,135.04401203481262,-88.36827839665126
824,1.72892134476467,134.85639239617083,-90.6738279556675
825,1.7310153629662073,134.83941375077922,-92.62660003081692
826,1.7331087353021186,134.7697322682847,-94.39149742076488
827,1.7352028820270462,134.73243704351424,-97.0518939530583
828,1.737297419510233,134.55236961545893,-99.39765011624722
829,1.7393924268721555,134.6905475603095,-101.30524274755174
830,1.7414865202316776,134.47075797900752,-103.08005609387563
831,1.7435798385311778,134.51612925002814,-105.15868749767942
832,1.7456747741592018,134.46631439574733,-107.61210265733189
833,1.7477707733578058,134.4767771532573,-109.29252694307095
834,1.7498644151299778,134.27578699130814,-111.08479142264025
835,1.7519579294274097,134.26359659807767,-113.15803641721558
836,1.754052537005875,134.26585039539236,-115.1543805008479
837,1.756146014277543,134.158636102373,-116.71480209996311
838,1.7582399685899122,134.137116588337,-118.76822631202714
839,1.760335124398212,134.1729874750305,-120.61356505496948
840,1.7624306374180432,134.1568434566049,-122.7759802358516
841,1.764524733445493,133.97882848139557,-125.20752602129562
842,1.7666195957988082,134.08948706357842,-126.37838997688756
843,1.7687146552767006,134.0351422876065,-128.22719413404852
844,1.7708085687106505,133.9197273251431,-130.2741490991314
845,1.7729026984403262,133.9109870733233,-131.9827739643536
846,1.7749968373222131,133.88196395917853,-133.80500665458092
847,1.7770919795414395,133.84056366133345,-135.2939546134598
848,1.7791866891650514,133.92548974878054,-137.36597911711863
849,1.7812805740714612,133.85041231450958,-139.34119161363577
850,1.7833749145944944,133.83382906684494,-140.72070512564997
851,1.7854698174814119,133.75951658169808,-142.11847020505832
852,1.7875649050000997,133.85732404487374,-144.2877157708916
853,1.7896586091751823,133.76286988472702,-146.12813287329095
854,1.7917528105223397,133.59290727729865,-147.33770746472504
855,1.7938472619734778,133.7801890412,-149.19475788695155
856,1.7959410333998334,133.70223413227237,-150.5430118313401
857,1.7980353139963554,133.7225651868069,-152.74091452057507
858,1.8001292949050451,133.66185351515028,-154.03621359384044
859,1.8022240144636215,133.72705973726872,-155.6000517706513
860,1.8043180357006787,133.72064118215198,-157.32225337380893
861,1.8064120149556366,133.73816870094262,-159.1877194440946
862,1.808507216693214,133.52721214377468,-160.4650083829786
863,1.8106012235056632,133.63405492254324,-162.1020527607836
864,1.8126961076333348,133.83676909767732,-163.65522471147372
865,1.8147906359659112,133.49226272032558,-165.10635189312424
866,1.816885013662702,133.6138864742543,-166.67296612442348
867,1.8189799788179999,133.63629642285898,-168.29976564172995
868,1.8210733357472892,133.5483342284782,-169.39292639782445
869,1.8231675363973032,133.81273911355947,-171.60052050218428
870,1.8252628639859947,133.74613483812504,-172.82519686771886
871,1.8273578690890415,133.73486115586957,-174.1294568795214
872,1.8294529153678178,133.70772763132206,-175.71566716569046
873,1.8315468366202061,133.6719946836488,-177.0142618907333
874,1.8336403420201965,133.67941424681067,-178.57836138897594
875,1.8357342642631629,133.74102392885246,-180.30670170304415
876,1.837828606636473,133.8679363775953,-181.49716707262152
877,1.8399232687279,133.75354112804834,-183.1136651071748
878,1.8420169361094605,133.8220390019038,-184.08316012892695
879,1.8441103454239045,133.78277339132177,-185.8085236343057
880,1.8462047113551943,133.86947134945308,-187.40795941010543
881,1.848300337583767,133.9587874044927,-188.73418617495935
882,1.850395118058644,133.85088059152346,-189.86301368866228
883,1.8524895015648957,133.9532399478928,-191.2022673339244
884,1.85458435317291,133.96719278699226,-192.65042547225633
885,1.8566786691854407,134.02919223939722,-194.2030440697174
886,1.8587722962005393,134.02503751306966,-195.0776374290217
887,1.8608667292143481,134.05787668450245,-196.78144981660117
888,1.8629623979972338,134.1397016301395,-197.98656719194
889,1.8650575007618033,134.09253147699906,-199.2956489188731
890,1.8671515757398978,134.20282144702034,-200.73133314548136
891,1.86924567270883,134.08269990439462,-201.91218817297306
892,1.8713402290883943,134.10642231639127,-203.48624486755384
893,1.8734333441485889,134.25650155178565,-204.30569835401482
894,1.8755274569663687,134.49366580743708,-206.08402191960124
895,1.8776226584010878,134.44162989092695,-206.93096747379317
896,1.8797156234954413,134.57673280662289,-208.9048225055312
897,1.8818097674713492,134.53287210895613,-209.69078154254817
898,1.8839051205157094,134.40454295600958,-210.91938564780733
899,1.886000042933448,134.70051481089695,-212.3036386321211
900,1.8880949075451439,134.77779679736736,-213.71988338288554
901,1.8901881584759161,134.73132376435566,-215.0170036889514
902,1.892283217936019,134.69415116186227,-215.87717719026182
903,1.8943782680554568,134.85109434220695,-217.63004543740027
904,1.8964720473710392,134.80176687685403,-218.26154731799585
905,1.8985668668489433,134.98881240870912,-219.77849327289564
906,1.9006612809862096,134.93152405424553,-220.84107851914592
907,1.902755719587151,135.0873981266692,-221.8227446098962
908,1.904849757588545,135.10759450326336,-223.43381216949356
909,1.9069430754605277,135.2538571832694,-224.63747696902348
910,1.9090378340013505,135.2125688644834,-225.5922907562242
911,1.9111324914183263,135.3830845619045,-226.83861044352923
912,1.913226965923519,135.5565244747984,-228.22618972857538
913,1.915321381331026,135.59432103988053,-229.7699042569012
914,1.9174162748437817,135.67729776039045,-230.26668238629992
915,1.91951096404297,135.6984678254335,-232.01615000580102
916,1.9216039358616672,135.72870176647643,-232.8729663956122
917,1.9236986253914137,135.84010354033614,-233.75613861780002
918,1.9257933066276691,135.93744375464956,-235.103329499297
919,1.9278873651498682,136.09022388628438,-236.55595775441157
920,1.9299807661659822,136.06580103589488,-237.36870329232784
921,1.9320760482648573,136.3580472432761,-238.95595499610317
922,1.934171767524072,136.48288081595376,-240.12777954750658
923,1.9362651059315399,136.41271862023711,-241.32601852060571
924,1.938359138419254,136.43767123092044,-241.86235006394557
925,1.9404538735984294,136.64805980337715,-242.87741318572523
926,1.9425479146608418,136.7352310343738,-244.48536530119674
927,1.9446418189559174,136.81285307038914,-245.31781375803013
928,1.9467371502259871,136.94183888702102,-246.95310349354372
929,1.9488329760684335,137.15305158416348,-248.08352100307246
930,1.9509268120448882,137.1740168168958,-249.2261805575527
931,1.953019609354344,137.54971966541564,-251.00542191740556
932,1.9551147244404972,137.47292428382684,-252.02234957776878
933,1.957209950604826,137.58626010792324,-252.54886546235477
934,1.9593041179655175,137.5750267758355,-253.60685812415187
935,1.9613980124620214,137.80395915111154,-254.64389586486882
936,1.9634920823781827,137.8088379058772,-255.65691311779761
937,1.9655870316775599,138.02233423571923,-257.06564162254745
938,1.9676813106463258,138.22481564486458,-258.29591075936355
939,1.9697755380711686,138.44688528159526,-259.47813564584146
940,1.9718704076888727,138.503021136188,-260.496878105913
941,1.9739643213778544,138.5509104541139,-261.6566349022663
942,1.9760582139073395,138.64414542357352,-262.6073090656914
943,1.9781533744008393,138.74229036415747,-264.06554535213877
944,1.980249297656676,138.92753873603883,-264.902387848655
945,1.9823436902775773,139.18965062862193,-265.7361722133608
946,1.9844363854611324,139.24982433110534,-267.03086135757457
947,1.986530057736426,139.46216351580455,-268.54628873648386
948,1.988624138262085,139.85002645016743,-269.61425558742644
949,1.9907191302641989,139.6352594984495,-270.66002724115145
950,1.9928140678397719,139.8448975366795,-271.4324017063673
951,1.994908057158038,140.0383865917598,-272.7462800855143
952,1.9970037235567513,140.19686527610128,-274.04797606730693
953,1.999098539119481,140.29656861314865,-274.98218181241333
954,2.001191245179364,140.56930244845816,-276.4341498302624
955,2.003285465781134,140.58173904629973,-277.02933753546034
956,2.005380090953843,140.91054493816353,-278.6749661083164
957,2.007473757612322,141.20409220485203,-279.5652971505288
958,2.0095674385752345,141.05995782539736,-280.31525682235167
959,2.0116620669227445,141.21884850119267,-281.36105532253004
960,2.0137574654124313,141.44730235236773,-282.82600569336034
961,2.015851542299029,141.4635938179693,-283.68359439498687
962,2.017945842236743,141.79365414627375,-284.76059411094815
963,2.0200414078173843,142.19632132450124,-286.28935174947964
964,2.0221364472105585,142.1643388692792,-287.11164353503517
965,2.0242304661583193,142.41844319678506,-288.3481983352533
966,2.0263241213554704,142.52757754433986,-289.56374746444436
967,2.028418169537371,142.7407287662218,-290.25731305546896
968,2.030512126699397,142.99709777961624,-292.06900108199704
969,2.032607257696191,143.0833748684273,-292.74930043204864
970,2.0347026748788237,143.28867778946795,-293.8611055036034
971,2.036797432049628,143.43857355741267,-295.42031255024057
972,2.0388917803566513,143.74660400273925,-296.5170336173486
973,2.0409854404727548,144.06388230939942,-297.9579037897447
974,2.043079158497923,144.12696386791174,-298.68317810173676
975,2.0451737042342053,144.38361236431373,-299.9871083280551
976,2.047267957686092,144.4925339146823,-301.0025438436506
977,2.0493625921646865,144.91223724104808,-302.6412029060737
978,2.051458159400133,145.08035449334355,-303.62595403572175
979,2.0535521918605197,145.4994224828369,-304.9954447250706
980,2.055645062675616,145.53001074462512,-306.1233597444036
981,2.0577393587752955,145.86432951186805,-307.3604098740583
982,2.059834437786395,145.87112771350473,-307.8880928711609
983,2.061928055170489,146.18002354551732,-309.18737908167446
984,2.0640226957402352,146.40354833440952,-310.2550378514267
985,2.066118258189404,146.7451406548023,-312.01477840325913
986,2.068213196804832,147.0130231927455,-312.96470231096436
987,2.0703072818107917,147.13763415314634,-314.2767269749653
988,2.072400931462771,147.29574093045616,-314.9805484798425
989,2.074494103322103,147.52950066163507,-315.818630852301
990,2.076588647294614,147.92540308890133,-317.6956856133693
991,2.0786837571325223,148.08422046263274,-318.95146376445325
992,2.0807786951127576,148.23304618699632,-320.10047493771293
993,2.0828733611799306,148.83751946773418,-321.3301893958813
994,2.0849676047315464,149.05228595046006,-322.6973253874981
995,2.08706191167589,149.0225210286485,-323.7374466316602
996,2.0891552570733616,149.38383770664706,-324.8016628691347
997,2.0912498961643236,149.5901244686574,-326.0951690319935
998,2.0933446561638878,149.88887020669776,-327.38222287841194
999,2.0954387435644386,150.09799476548733,-328.99211082721655
1000,2.0975335870618825,150.48700766754473,-330.7068407491945
1001,2.099629070349723,150.57362554634133,-330.88180730664163
1002,2.1017228492895934,150.89283513775646,-332.5798641410155
1003,2.1038170482062775,151.27616574071982,-333.9035339395012
1004,2.1059122372778973,151.58293636798183,-335.04275507631496
1005,2.10800554057148,151.84647318953313,-336.2221242038469
1006,2.110098599114947,152.08974176165256,-337.33595593780376
1007,2.1121927216235163,152.30542304820298,-339.6833643103895
1008,2.1142879182187984,152.61451908319808,-339.9040278459312
1009,2.1163820759811065,153.06906137976716,-341.9893630064762
1010,2.118476597123504,153.32026442504318,-343.55869910380716
1011,2.120572077635568,153.68076581501157,-344.79725524136876
1012,2.122666143506846,153.83240788600753,-345.9275829398821
1013,2.12475947440395,154.34010105032002,-347.0949917480592
1014,2.1268549228070284,154.2889766565601,-348.33693495959477
1015,2.1289503858580807,154.77237623202197,-350.0011767935666
1016,2.131043274916299,154.90819023054175,-351.00663274530694
1017,2.1331378502136085,155.2746801930445,-352.4403235175417
1018,2.135233020544507,155.58480441611073,-353.6148928733135
1019,2.137327211773404,155.9576681517092,-355.5315765478245
1020,2.1394213678417553,156.19736414575377,-356.39308428065783
1021,2.1415151935265153,156.48035415328872,-358.19463900424995
1022,2.143609686067666,156.85021347529704,-359.75650278916646
1023,2.1457039096890913,157.2872161492271,-360.88837988544543
1024,2.1477977892281794,157.64107111261876,-363.1445267638219
1025,2.149892773795189,157.93762208779955,-364.08840172405195
1026,2.151988207011953,158.15432505450084,-365.77769712152275
1027,2.154083430042502,158.566537786573,-367.9093461770365
1028,2.1561769020273363,158.87613507164806,-368.47622269030586
1029,2.158269727638565,159.20414457556123,-370.32468867879516
1030,2.1603643338266334,159.56112024688517,-371.4349725228321
1031,2.1624594611960894,159.64549697603965,-372.7334473751148
1032,2.1645538445620423,160.06366318541762,-374.60656614930116
1033,2.166649266160557,160.2407117907635,-375.8076627943928
1034,2.1687438965600263,160.87740127011122,-378.2214623417532
1035,2.1708363804402464,161.34484993213994,-379.9709075516608
1036,2.17292939543057,161.34301881303253,-380.8755723766757
1037,2.1750246621139153,161.77662139337306,-382.59416064115067
1038,2.1771189095943266,162.0263164929396,-384.567415364024
1039,2.179212962470575,162.4894430563425,-385.3263017675813
1040,2.1813066434396426,162.68955068301423,-387.12395237390746
1041,2.183402629792164,162.8234338215245,-388.74086504403283
1042,2.185498119455816,163.1986963988018,-390.4625096019447
1043,2.1875916200185137,163.2039147667272,-391.2222092943145
1044,2.189686441120868,163.92872390369104,-393.6940920969371
1045,2.191781413276182,164.20115402653394,-395.2970315240312
1046,2.193875147711239,164.55310813308435,-397.0558909999987
1047,2.1959686613130316,165.0117966613956,-398.58015337523
1048,2.198063923558019,165.0621365530809,-400.3239015606427
1049,2.2001595001532226,165.55363389048387,-402.32470205034866
1050,2.202253779153767,165.60370301439002,-402.5174031460294
1051,2.2043460760907565,165.91625673639854,-405.0595224643412
1052,2.206440891990371,166.508990045044,-407.31735893837333
1053,2.2085356491852317,166.6939753487604,-409.3860720150696
1054,2.2106277016542335,166.9856500134268,-410.3927782782832
1055,2.212721958545959,167.18926316066717,-412.9299836635899
1056,2.2148185083900422,166.98887925838972,-413.16898935020225
1057,2.216913061952383,167.77386053516744,-415.7364262671962
1058,2.219006160150891,168.126712428684,-418.53967670628685
1059,2.2211007684745443,168.41361021701084,-419.7148526634808
1060,2.2231966067711273,168.34964225712258,-421.3436514439741
1061,2.2252915180225106,168.78329312734974,-422.7934309770119
1062,2.2273849286831946,168.89319480174532,-425.0393005419077
1063,2.2294794057777056,168.99278773947412,-426.6476792818658
1064,2.231574082226972,169.38625339274142,-428.40523109368036
1065,2.2336675726385264,169.33049219792323,-431.32390078768975
1066,2.2357616690730993,169.84721212115204,-432.4285438751717
1067,2.237857388038379,169.5814937359418,-433.8953750076161
1068,2.2399520699736297,170.26541051203563,-436.84400912449024
1069,2.2420449617357057,170.16009251724958,-438.2972969296546
1070,2.2441391380853632,170.01825670216377,-439.686339660357
1071,2.2462342793770116,170.74455554115897,-441.84795898367514
1072,2.248330004000319,170.36212157091936,-444.26542015381074
1073,2.2504234986669656,170.55687076313595,-445.1692763250099
1074,2.2525166459790467,170.5408397137409,-448.51013282926533
1075,2.254612702557845,170.26791410060684,-448.62418603640094
1076,2.2567074239010356,170.79013470793143,-450.8230210167662
1077,2.25879926569608,170.36600121095717,-452.9206081407314
1078,2.2608934332232278,170.73179560986367,-455.10329023648137
1079,2.2629890832862967,170.65018133670995,-457.84698588948106
1080,2.2650815906481947,170.8332050334784,-460.1898138081511
1081,2.26717631551426,170.39075772364725,-461.6700112043873
1082,2.2692717091510235,170.29679196535426,-463.33916904218
1083,2.2713660430599174,170.0052476662592,-464.9181276579382
1084,2.273460830916725,170.07355000215387,-467.8782773343524
1085,2.2755552510450507,169.36481571772006,-469.1810389560835
1086,2.2776502981151867,169.1759484555629,-470.37841319451405
1087,2.2797428242388995,169.64851240697251,-474.25052084179197
1088,2.281836092329788,169.41447290976555,-474.8056097325886
1089,2.283933556285596,169.60680512078483,-477.2368986728659
1090,2.286028868050817,169.4039535311515,-479.0615018579714
1091,2.2881212248812486,169.53850405969212,-481.1872375814085
1092,2.290215014848569,169.46402492085048,-482.76636599673395
1093,2.292310229911211,169.658684509557,-484.84956420264007
1094,2.2944051456334345,169.94115334313088,-487.04819511388587
1095,2.2964983471898495,169.9180918312367,-489.3602220086867
1096,2.2985921024349003,170.0771246160784,-490.5155444607687
1097,2.3006888643809247,169.9866550332488,-492.4353247984826
1098,2.302783634096356,170.2156136473369,-493.6593182135905
1099,2.3048756698218886,170.15113096515284,-495.12153109901993
1100,2.3069695720010412,170.15740580909738,-496.5810998621719
1101,2.3090651112173397,170.51206554469024,-499.79144578251436
1102,2.311158495429861,170.55122704046815,-501.1916633568097
1103,2.3132509513768182,170.66102712451692,-502.3482183388174
1104,2.31534766594442,170.37530112046167,-503.22889299079566
1105,2.3174438092641236,171.1592051944095,-506.9167834891343
1106,2.3195366518474128,171.2248926589984,-508.24394402314823
1107,2.321631141204296,171.58625019112057,-511.1730791867211
1108,2.323727832694395,171.51701060349842,-511.24744543530096
1109,2.3258211826493147,172.02853733915492,-514.625617671168
1110,2.3279133966950116,171.7500188820029,-514.775141159689
1111,2.330008120458155,172.11054022936966,-517.1993481491078
1112,2.332103956675321,172.65609017554542,-520.3858635699478
1113,2.334197579452735,172.2556123985816,-520.4527063555996
1114,2.336290017181209,173.06315452240935,-523.7406522128603
1115,2.338385505091734,172.70305861726595,-523.8410788606026
1116,2.340480189114194,172.79863382555064,-525.4122598224773
1117,2.342573391055059,172.77547758281838,-526.4995767668986
1118,2.344667848677038,173.1101309966126,-528.2842194553538
1119,2.3467629878884537,173.82796738790742,-532.117101882003
1120,2.348858220839854,174.33642674675352,-534.7180037941018
1121,2.35095250082758,174.5409755982795,-536.112579627633
1122,2.3530449396760944,174.42472790240748,-537.0537437246469
1123,2.355141499104623,174.59137894511915,-538.8812592508381
1124,2.3572378412451434,175.1798443652694,-541.2536817657004
1125,2.3593294861259198,176.19634803256744,-545.7741185926787
1126,2.3614224992004984,175.67609872840055,-544.7759124646273
1127,2.363517948981548,175.95463840858474,-546.322592986815
1128,2.3656139136423477,176.13233734062928,-547.8831190094352
1129,2.367706660383537,176.39938449271116,-549.6706690610637
1130,2.3698014470222093,176.71954471595882,-552.5431363136302
1131,2.3718977582075165,177.09847237014827,-554.6365006199677
1132,2.3739899214574836,177.32708968012565,-555.6858133803378
1133,2.3760825194215927,177.7874684052245,-558.0975744749422
1134,2.378179070039863,178.7338720447874,-562.0751551636578
1135,2.380273759058959,178.41637422861237,-562.3111808361871
1136,2.382365673610318,178.97767599887123,-564.8126011494799
1137,2.3844604460166168,179.29798062702932,-566.6694626073886
1138,2.3865571190304595,179.50692760808968,-568.2880523302017
1139,2.3886520978255446,179.50083982053127,-568.5141995149452
1140,2.3907442891236066,180.64064162371403,-573.67326133578
1141,2.3928386457990913,180.5499696969712,-574.7722704297009
1142,2.394934562690242,180.91164948298277,-576.1001003414136
1143,2.397029599690107,181.5440096052278,-578.891958413861
1144,2.3991222591305954,181.6227397965516,-580.0150900942814
1145,2.401217024080888,182.26228836749132,-582.9590240941031
1146,2.403314513026698,182.84124671098138,-585.6792708405254
1147,2.4054081911284184,183.0860639382736,-587.8995391846352
1148,2.4075011183217048,183.6473268596941,-589.8713212374588
1149,2.4095960074264258,183.83864812573364,-591.1605144909701
1150,2.4116926326559978,183.94810350255744,-591.9981063470292
1151,2.41378425055939,184.5579074720416,-595.3375175686077
1152,2.415877382497087,185.1607320486067,-597.7801599690749
1153,2.4179783678062123,185.69696819897902,-600.3523392230655
1154,2.4200733739460714,185.61514195679788,-600.9887804259687
1155,2.422162501290004,186.54912933630794,-605.1556527097564
1156,2.424257158180454,186.54616470448312,-605.1815407734698
1157,2.426355368807169,187.8642268666827,-610.3518621166751
1158,2.4284477900186845,187.90686557711948,-611.5792904015483
1159,2.43053883847394,188.1277976029932,-612.653187640855
1160,2.4326356353293934,189.19930858598477,-616.4216880415336
1161,2.434732612021302,189.24757706990778,-617.5117776923754
1162,2.4368252927922227,190.51623017587593,-622.3453230167806
1163,2.43891890863681,190.37826139468663,-623.0702688303256
1164,2.441014895314609,190.34694462614416,-623.5174931017539
1165,2.4431105244568765,192.09507254507042,-629.8919156138189
1166,2.4452031167440684,192.17811895003493,-631.0577129115032
1167,2.4472938786799143,191.82581745090707,-630.8396137461084
1168,2.4493915902413868,192.84318588018968,-634.5580925448274
1169,2.4514877943094935,194.24113575118545,-639.4299036110567
1170,2.4535774837073663,194.37726594783243,-640.3823807634437
1171,2.4556717453467782,194.90851573072032,-643.2282335305694
1172,2.457770725968573,194.9792484236327,-643.8720791806419
1173,2.459865450868259,195.53796274544052,-646.4191433772157
1174,2.461954843714291,196.62587074368042,-650.8122682605447
1175,2.464051305962942,196.9469717506642,-652.5911144331712
1176,2.4661493201186655,197.9929959724929,-656.6140659457209
1177,2.468239991051035,198.3774153358147,-658.3370274970242
1178,2.4703335941159144,199.37609597243488,-662.284752651857
1179,2.472432426226094,199.27869273435275,-662.376357285162
1180,2.47452690434623,200.0445318678011,-665.5157811949229
1181,2.476615373809059,200.48763047975677,-667.663162925663
1182,2.478710457672189,201.0340304881621,-669.8874247354789
1183,2.48080966574444,202.24186411013105,-674.876804002842
1184,2.48290090100287,202.68499450310156,-676.9516095914365
1185,2.4849923340191187,203.0754053137322,-678.3829128850468
1186,2.4870897130294636,204.3940835051509,-683.7346529272387
1187,2.4891862386660164,205.10402712036628,-686.677806674863
1188,2.491278235985619,205.27176426242605,-687.6830645640739
1189,2.4933690456944357,206.7194851448577,-693.0531587668909
1190,2.495466543397291,206.59343203167995,-693.7053566796545
1191,2.497563830960505,207.7913691595318,-697.7667886759367
1192,2.499654519205421,209.07241536645705,-702.3704457274932
1193,2.5017479497353943,209.8643623231861,-706.0561312113824
1194,2.5038480054516667,208.94128921840732,-703.2584102066643
1195,2.505943433921919,210.30117837887815,-708.2578065507756
1196,2.5080284861327207,211.26508243613497,-711.9591258359617
1197,2.510123955773609,212.5844186403016,-716.8320272441548
1198,2.5122261646694253,212.59448594895173,-717.2358416444142
1199,2.5143177674343575,212.59707145770267,-717.7115322493812
1200,2.516405803072155,214.51240374370462,-725.1455198500395
1201,2.5185026929964116,216.02541429514034,-730.8644943081378
1202,2.5206041831245063,216.4465733049575,-732.8255787361946
1203,2.5226964757648327,218.02472312251234,-738.5647342013738
1204,2.5247869961159406,216.96069238212417,-735.0776393143447
1205,2.5268843920051487,218.0685845143955,-739.499724123171
1206,2.528980483597168,218.4946355462645,-741.7380943926346
1207,2.5310684597394695,220.1276385442458,-747.1535118462831
1208,2.533161718042206,221.38945754102926,-752.5072548256346
1209,2.53526488574662,222.7560120958385,-757.6043804677795
1210,2.5373603920777454,223.35153498759922,-759.7611520184208
1211,2.539445749963502,224.26097508490165,-763.2001918068721
1212,2.5415417180131348,225.51668540598268,-768.3281881279088
1213,2.5436457679371425,224.97919380070198,-766.7666808023865
1214,2.545736808475733,227.0837665334934,-774.0045288120356
1215,2.5478233832874237,227.79768611087658,-776.561248895033
1216,2.54992085584226,229.02697487164912,-781.8094720557368
1217,2.5520207655356866,229.77041390908514,-784.3523589515501
1218,2.5541098448110064,230.9759769401855,-789.4441762835854
1219,2.5562002600365847,232.44201294577965,-794.7999473051347
1220,2.558305455724291,232.46009556870325,-794.8522711648651
1221,2.5604026511470312,234.9618778110431,-803.5833345411967
1222,2.5624826414852553,236.0053197080225,-807.790062834241
1223,2.564574391949512,236.63610820305573,-810.1539032300243
1224,2.5666808497683498,236.27742557006664,-809.7699962722135
1225,2.5687773451615423,237.65075109316433,-814.9224193919601
1226,2.5708608935170316,239.390339782905,-821.098970478502
1227,2.5729575952355885,240.56655569804218,-825.640421082903
1228,2.575060651513359,242.32861478355153,-832.21085802288
1229,2.577148431575012,244.22075325247377,-838.9120820892426
1230,2.5792346077561192,245.37020640070392,-842.862740591296
1231,2.5813352493894732,243.97857394959763,-839.0466316488306
1232,2.5834369526956515,246.76765323478796,-848.5687668885787
1233,2.5855218346006232,248.59845846701285,-855.0619115965366
1234,2.587610713900489,250.1469438547174,-861.2080145019935
1235,2.5897186990593415,249.58262657086345,-859.3763648562621
1236,2.5918181690667126,253.18748961967117,-871.9884807663059
1237,2.5938985009385314,253.07603509125076,-871.9818423598215
1238,2.5959901966325076,253.83506885468378,-874.623226384475
1239,2.5980970827886534,255.09216344858905,-879.8900238474064
1240,2.6001911974764487,256.51700483758884,-884.6542685032445
1241,2.6022734575046016,258.5491060711928,-892.0942815366462
1242,2.604374761438423,258.9947201219496,-893.8406099337187
1243,2.606480077670044,261.5206824171542,-903.3696869584871
1244,2.6085618800169397,261.78325858849905,-904.5154217034523
1245,2.610646200048581,264.18248218559893,-912.8117978436653
1246,2.6127580952497533,264.86014597772396,-915.7153108641944
1247,2.6148609257992828,266.34882843682703,-921.2919020550992
1248,2.616933454172155,269.53610171793684,-932.2065747860462
1249,2.619020659870304,268.91022662728335,-930.4535773979333
1250,2.6211346279669097,270.168367439627,-935.769909206317
1251,2.623236503452788,273.3625356856598,-946.5509872297768
1252,2.6253090562225565,275.46535166437786,-953.892601943522
1253,2.6274000701334055,274.69447358094345,-951.7219274510371
1254,2.629513118467727,276.6634163150415,-959.4275829791859
1255,2.631604301330356,278.6590197085581,-966.4475131638847
1256,2.633685254021577,279.75250097658153,-969.964136630212
1257,2.6357889797673804,281.12449358769163,-975.1763218797381
1258,2.637895874321367,281.8692039788558,-978.1533088286546
1259,2.6399747081141895,287.3109428725167,-996.7238273862658
1260,2.6420591747927733,284.80873111482236,-989.0779817250389
1261,2.6441764666284318,290.0358286078591,-1007.6261101156845
1262,2.6462775406423154,289.4485626206146,-1005.3747535153385
1263,2.6483402943393326,293.4077628925267,-1019.5005554031536
1264,2.650428729148096,297.1856707681531,-1033.1793456314485
1265,2.652562718674548,296.37425570062686,-1030.546474543079
1266,2.654664088292312,298.7470342601577,-1038.4567293451792
1267,2.656712651557163,299.95780414353817,-1043.0856117880098
1268,2.6588106765908748,302.5555795143396,-1052.618492651573
1269,2.6609452450324915,302.25045368844087,-1051.7853186877883
1270,2.663032290426174,307.5013169134799,-1070.438687911262
1271,2.6650914877184944,308.7215313763237,-1075.1264628548824
1272,2.6671986225603375,309.15693486586065,-1076.4805966345157
1273,2.6693218160411916,313.55195827230983,-1091.540694533535
1274,2.6714003686163363,315.0528234955093,-1097.7203298483507
1275,2.673473653710363,318.54744814613343,-1109.8698538232452
1276,2.675588689124729,318.99007750781044,-1111.6288016276062
1277,2.6776964003773744,320.751219379254,-1117.8682862142657
1278,2.6797534796790945,324.1768587060013,-1129.5770854155044
1279,2.681845016836506,325.15866531962064,-1133.3320716198966
1280,2.6839785543392702,322.9200402229251,-1126.365323873539
1281,2.6860638705482365,327.8361309431811,-1143.229495010362
1282,2.688115580192901,332.9485627013,-1161.03368028018
1283,2.6902421071216107,334.187451216051,-1166.1276226838268
1284,2.6923784453538007,333.74399900588486,-1164.6503493017499
1285,2.6944235266222867,342.1608246427351,-1193.7582686916658
1286,2.6964818302236213,338.92704097979345,-1182.6077598524207
1287,2.698646249049189,340.47982880494425,-1188.5653866934656
1288,2.7007725953070936,347.15030041175766,-1212.4568148195456
1289,2.7027692368507834,352.1986200732896,-1229.6706306795172
1290,2.7048443440936585,351.45093895277347,-1227.6792929298606
1291,2.7070515904059915,353.9354650813339,-1235.6742614872892
1292,2.7091632832728005,361.39199996416085,-1262.2390025380819
1293,2.7110832098570423,359.43725188025326,-1255.2300659231385
1294,2.713194248534394,369.66087181977883,-1291.0783921806808
1295,2.7154564422347596,355.39560747180036,-1241.7579905056687
1296,2.7175455830902693,365.9233489668101,-1279.4821899026094
1297,2.7194409477796717,375.2569294974633,-1311.70604744603
1298,2.72159410281056,377.34175929046444,-1318.8021025649393
1299,2.723868494276683,372.09377945491457,-1300.5545242558367
1300,2.725905473691433,380.52982793373076,-1330.7068347201039
1301,2.7277938720843573,382.01237400293223,-1334.9443348837422
1302,2.730005424734083,387.74112752377846,-1356.0824158230869
1303,2.7322910595910366,394.6603896030547,-1380.482271892595
1304,2.7342323934891035,388.37752390346253,-1358.199208110034
1305,2.7361123669415965,390.77537852615086,-1367.0593913542411
1306,2.73841292247591,396.19778642377486,-1386.27372717231
1307,2.7407262152838343,399.60106717398247,-1397.867613613066
1308,2.7424923562337074,406.2426897358412,-1421.4645946001042
1309,2.7444202272828333,419.7607483751744,-1468.0021079235535
1310,2.7468188489948773,426.0911116656953,-1490.2505743729153
1311,2.7491571251284848,413.8395015069035,-1448.6362854608929
1312,2.7509012180135843,408.62398819408463,-1429.5176399097172
1313,2.7528220566885997,429.4499939438656,-1503.4127337562563
1314,2.7552245852341666,428.1412532877629,-1498.1343667956212
1315,2.7575799064734774,431.0187691399069,-1508.2152217175585
1316,2.7593246433872425,425.3757239957524,-1488.361285560853
1317,2.761234187120032,443.7575203298871,-1552.5678494842393
1318,2.7636390504715083,437.56963557535204,-1531.4685958960183
1319,2.765948826576436,440.54119685882216,-1541.3685626334395
1320,2.7676191435751902,471.15458536491985,-1648.5355376863374
1321,2.769651838220211,433.8526063753199,-1517.448149947352
1322,2.772055945845228,464.85194527863933,-1627.0387032940105
1323,2.7739175955497957,504.3594497927838,-1765.743280549166
1324,2.775657495525559,463.33231915968645,-1621.826774118816
1325,2.7780509401576134,418.9456689471563,-1465.9010817515239
1326,2.7804282678176238,473.67921691953956,-1656.4906645519843
1327,2.7823699672164355,807.4450961039865,-2825.9804327357547
1328,2.7838806433920418,697.4135943261243,-2441.238750315155
1329,2.7859958234637583,247.10394731439206,-864.863815600372
