,k,Pk0,Pk2
0,0.0029665470748989845,1097.0752666174278,-829.1517599472593
1,0.005026374055021859,3555.0452207695726,2002.872645137762
2,0.007149300621522788,3764.6370586703106,143.703272252306
3,0.009278869254964255,4199.816092233148,-1169.664466071273
4,0.011450332619344701,4103.153862601776,-1783.6059187999608
5,0.013492955871419151,4799.068216910397,-122.0257668234033
6,0.01558905561191893,5018.894934763162,-1555.6957943184595
7,0.017694083672553172,4934.911645491897,1712.9305030079354
8,0.019817874803135297,5540.983535689157,-779.3803120886041
9,0.02192074938196264,6053.498616176258,-517.0237618387004
10,0.02398877635566245,5801.538295162379,-669.1806749759027
11,0.026092869718961156,5685.650092689543,-629.5670731398722
12,0.028234663152781798,5837.944291934154,509.0055938371221
13,0.03032284873509123,5667.265540969979,-576.898746181311
14,0.03240263258943404,5592.674163926726,-452.6345817120292
15,0.03449210129864554,5456.15588307066,532.0393537948408
16,0.03658588147515197,5284.227629841738,462.1200066691472
17,0.038684769492669774,5091.446195652366,-193.9143827135418
18,0.040788988884582836,5020.505526430363,-251.63485636693963
19,0.04289390876967646,4850.168246289027,-426.9748699321295
20,0.04498336005546935,4833.638678681523,264.5811489255684
21,0.047064985294738244,4660.29050666338,-134.13966169269847
22,0.04917111919158227,4542.474766754091,332.79839003832586
23,0.051262169141742274,4305.515684375314,-538.8204358076792
24,0.05335525146837034,4314.655645399591,35.985864324565476
25,0.05546637228956934,4109.587602447116,-29.573268644020935
26,0.057573188192548086,4076.4456707543027,-293.8633242574122
27,0.05965884044590281,3987.9157914709576,129.95474677461695
28,0.061745123021595065,3870.0387863861656,-74.27910742099539
29,0.0638268929113719,3853.684716834362,-93.13033570242433
30,0.06592966228838451,3730.226439793177,-499.0190263636278
31,0.06803125784825748,3735.7576509802625,310.9221320318824
32,0.07013131008699486,3669.3367965887046,144.4213251491931
33,0.07223032366074338,3604.662167686038,208.96719213085805
34,0.07432334270720506,3533.460066299462,204.82684396953044
35,0.07642066756954473,3419.742237421881,-244.52457098962287
36,0.07850471694556041,3405.136362226347,260.72031647850685
37,0.08059701946059529,3313.8750533203975,64.06217794979511
38,0.08269521798132064,3232.6872252600233,-62.092361847302584
39,0.08478307522909848,3117.982360631264,199.1292383988577
40,0.08687780839616016,3040.8686498861543,75.83626795885333
41,0.08897524569656534,2999.075917867609,-111.42645835419764
42,0.09108077810470518,2920.7655726647804,57.41006323456658
43,0.09318432266948053,2847.2583500369715,-112.15031940220578
44,0.0952788764104831,2820.7657201193156,17.900863007394396
45,0.09736254237981037,2682.0057247338236,48.374443661659626
46,0.09944832814799408,2617.911486622232,135.80649000466767
47,0.1015460879802399,2546.6737793360194,-72.60681172562198
48,0.10364263756677322,2434.1568564342583,36.57475001021867
49,0.10573893905394659,2414.43868888913,68.4025135533581
50,0.10783958559814742,2355.6207206278077,-23.26031373754987
51,0.10993894058501318,2342.3257333951274,128.3461104129311
52,0.11203921431523854,2253.027940114817,-32.192082041680095
53,0.11412334585697578,2183.936539624848,119.92193865793597
54,0.1162159397555423,2138.7730765434285,10.722618830345857
55,0.11831372048037725,2119.4892858115977,-30.421590874169144
56,0.12039723118070132,2066.2729018088194,16.595105133065974
57,0.12249223631878574,2021.4372100207352,14.127902880808582
58,0.12458825984258635,2008.4388748043255,43.71500164122428
59,0.12668846771583772,1963.7003757932487,-53.5808570525538
60,0.1287846620419941,1912.057518252988,55.957087307252856
61,0.13087133937881498,1895.2961008408997,106.54069214283953
62,0.13297548334406448,1865.8522274520994,45.97248731976353
63,0.13506910815256093,1847.7441481470175,73.6875593125931
64,0.13716388258568254,1808.1950627708848,35.01903450186043
65,0.13926047573721634,1796.3519249442902,72.23784063761896
66,0.14134668829083769,1753.4952436254086,63.89665301381645
67,0.1434475230090064,1742.367710143032,36.57280428308398
68,0.14554528534185418,1690.065778855496,34.32817422548096
69,0.14763320610735878,1683.6915310132874,-8.601517834736368
70,0.14972114728432864,1672.9342465163875,13.279048488604277
71,0.15181380487515775,1629.8311858275895,11.135039866244716
72,0.15392114901003526,1587.8718641638427,34.66009309826572
73,0.15602147473412367,1578.6425962896938,2.5969753342085062
74,0.15811617475881218,1549.16337437465,-24.916442398663026
75,0.16021187122717997,1523.10088840577,24.441237853584408
76,0.1623006419462899,1502.1128250760648,41.60543480022873
77,0.1643899033199985,1453.9938143562042,36.911885823015886
78,0.16648355823815117,1432.7390349204386,36.51148146668278
79,0.16857196837784735,1425.0796983794587,33.70023277706471
80,0.17066413320893647,1363.9156733596435,35.91542363958598
81,0.17277086992561352,1351.464969659217,48.62568361857134
82,0.17486965460096995,1321.3362370205869,16.677278307624384
83,0.17695857694944453,1308.6056050156126,46.0232395829675
84,0.17905245093155753,1278.8020619995864,30.734558029048948
85,0.18115265212612636,1255.1684927694814,48.9759921088759
86,0.1832476884130739,1236.1152706639573,34.52102930181089
87,0.1853312475833926,1227.5955244915579,71.32053040554796
88,0.1874284892203219,1187.0190532544511,49.65256113453305
89,0.1895337179075755,1179.336119043754,27.545994157080898
90,0.1916268196474026,1173.531858896399,27.66921572855363
91,0.1937183403446853,1156.0103713601911,48.645462841821164
92,0.1958131498886989,1140.7930325148345,19.675446541362824
93,0.19790587400989662,1125.3443713709098,43.46551034683392
94,0.19999906515978938,1116.3714191146541,67.66297103988431
95,0.2020893038374759,1109.897143303385,29.385219168064552
96,0.2041823192148178,1083.252751332355,43.637727608228474
97,0.2062825911013838,1077.0666421142175,48.59979992497092
98,0.20837701891459662,1066.2095394372159,53.57526713686708
99,0.21046758167944032,1059.6889106795468,15.138610464145367
100,0.21256678542440183,1039.846168690171,32.43008732730253
101,0.2146619261104852,1031.5089264349515,47.360629063043355
102,0.21675618057220372,1014.4606349917809,34.68051759902402
103,0.2188528705899679,1000.5714259098467,37.84308409055774
104,0.22094564274530842,990.2672216749647,28.133797262609583
105,0.2230395148320731,975.4646613493085,52.04454717113691
106,0.22513567328585352,963.4827726382601,40.92323407863796
107,0.22722785048644015,951.3141377478674,49.91627338284908
108,0.22931975112872324,938.822259776447,28.26432581943692
109,0.23141147723465103,925.437159320505,34.99003659569015
110,0.23350584674782457,918.3824104499182,33.28557484113619
111,0.23560416522029054,907.782353442998,41.33395152306185
112,0.2377006336558307,890.5042555393513,29.015978568284787
113,0.23979727503904752,876.1722531881435,23.033513952396188
114,0.2418944602532704,867.8693241219938,50.62179948734845
115,0.2439884227569783,858.1502992829325,39.98665937107347
116,0.24608359968283072,849.2666021950532,57.66469546241465
117,0.24817552807053123,832.1475016693857,29.18376819148025
118,0.25026237006475704,827.0525401478804,41.920754975902874
119,0.25235861551053484,821.3216089489331,45.74390567073569
120,0.25445470778669854,810.5684767214601,46.53137412506617
121,0.2565487653287422,805.1733968092252,30.737650103513527
122,0.2586464955058471,793.9202372998266,27.53650351546249
123,0.2607443047329862,783.5428436188453,54.14889513210333
124,0.26284383121734134,772.7571208046809,43.16631182429753
125,0.264929885565984,764.5079572638896,37.699508184740964
126,0.2670163698864118,759.1501003127047,25.14681405374423
127,0.269112135390912,754.233530997134,47.811302581973266
128,0.27120764961246213,746.5196937103021,43.20702550975976
129,0.27330509996536784,737.9995734515761,35.32478474316829
130,0.27539842121309294,735.2432470385909,36.814712437618134
131,0.27749656900268016,720.525417675908,54.82188424606358
132,0.27959864364035925,715.1508245487756,45.14251269252577
133,0.2816878213234348,709.8200458504102,48.37188161770161
134,0.28377609558542155,706.9043287126747,45.601110376250794
135,0.2858732754634003,700.1872060664081,48.031790074943515
136,0.28796861590208045,689.4163972313261,41.59088034753586
137,0.2900612915162532,681.9434834760606,34.097209393865484
138,0.2921547032025089,679.2543007000265,39.629715342806186
139,0.2942501291133245,670.1181864201395,42.347698865364094
140,0.2963444256131289,665.878670494867,41.96189656070966
141,0.2984361415704375,659.0302351583074,39.00073381021704
142,0.3005318840555698,652.4431765717859,41.00524609345318
143,0.30262777760316095,646.9669407320121,47.15324104816767
144,0.3047248035439954,637.6962736825128,42.32237128205716
145,0.3068210272572538,636.7351858810512,51.70355798430628
146,0.3089144805088237,626.8969757983749,44.713000343739836
147,0.31101080657849756,621.0810369603211,45.89687119120907
148,0.31310885951912926,619.9304076867268,43.826757842530824
149,0.3151991603466065,615.0489759395667,43.715402493406636
150,0.317288667284839,603.0048078890526,45.11385896240519
151,0.31938044185106124,603.1148950472029,39.252204233201034
152,0.3214783648369702,594.870320175307,46.49666627371415
153,0.3235785211189416,592.9795359513354,36.670133722244145
154,0.32566935894833426,583.473684943029,45.62661682352807
155,0.32776077751211374,580.995563083503,36.858486394817106
156,0.3298523230655558,576.8394714723202,43.28705500385221
157,0.3319485433973702,571.2034894521528,42.78409708562885
158,0.33404540358127904,565.7210627991061,37.6106500435986
159,0.33613494177837844,561.5306822719834,39.965479614222616
160,0.3382313832787478,558.6555672015546,39.04172698852687
161,0.3403308518124324,553.371608421153,41.266892682619314
162,0.3424246601457981,552.4141086758074,44.7696081213661
163,0.3445197272986724,544.8679588266451,32.584504928114455
164,0.3466158524641983,539.4877238853763,33.371746018105256
165,0.3487089916477683,537.2798888500826,39.4265367834815
166,0.35080114560367615,532.3823969346565,37.89028007846511
167,0.35289356821720286,527.5752255934077,42.92277381220175
168,0.3549881110219297,527.6169917738355,43.123802098628644
169,0.35708559248027844,521.9648760690902,43.57869423510901
170,0.3591813496003593,517.6486212385453,40.394838802574355
171,0.3612749400626811,515.5347225608383,40.48713382002485
172,0.3633693413142722,508.8338654233259,42.2584489986108
173,0.3654632219855477,506.3792331347591,39.554035918285386
174,0.3675603773529471,503.8591023524023,37.22818735546876
175,0.36965434919829326,498.23282220143324,41.39048305407814
176,0.3717418094879197,494.99398258745487,43.61035226475441
177,0.37383404253825586,493.35482486100085,44.284411239482765
178,0.3759308579415973,488.5819044928151,43.87274858203798
179,0.37802985088946095,484.6857568416677,43.25737536862577
180,0.3801213498834686,482.0845271101022,38.855014677677175
181,0.38221306010699313,476.8789013019679,43.774139188769034
182,0.3843141376638833,476.82024572996835,43.66847208629598
183,0.3864096355836929,472.93918220514644,47.63449739747688
184,0.388502907295756,469.5838237551582,34.51123558375874
185,0.39059769208540335,465.16592422624075,45.202941001223486
186,0.3926958121232196,460.76513883465157,43.60045984959671
187,0.39478921808384226,459.4066194595742,43.119543315922364
188,0.39687821409975554,456.96738622319185,40.496948310667655
189,0.39897073627813356,453.4479930994712,38.41546940146247
190,0.401067192451382,450.39590830461805,37.768524424515
191,0.40316228148056854,448.7377307344603,39.97185536196931
192,0.4052546340249366,445.6927082367788,32.55353450435681
193,0.4073499183903822,441.8562790682031,40.053654806739104
194,0.4094468722071623,439.5715075276224,37.75840242686688
195,0.41154432885897757,436.3353917425917,41.40756745300914
196,0.41363408239228544,432.99544453988995,41.3721050569424
197,0.41572494638156243,430.76920508128086,29.82104020760853
198,0.41782181997781404,428.0557082728832,43.96724958586123
199,0.4199166506307261,427.7816356142909,40.62171258868042
200,0.4220107143757513,423.37819862367655,39.74200833132209
201,0.42410542949066876,420.27137377741417,40.70063395993581
202,0.4262013850195404,421.05337892744035,40.062822267285526
203,0.4282955296445312,415.37756526253975,40.51059254569642
204,0.430391806688861,415.19032097664945,43.39714309395128
205,0.432488575457924,410.5331651569921,40.73398693890661
206,0.4345806090039814,407.23992437286023,37.55393272411294
207,0.43667244097425384,406.7855100013932,38.344768162757504
208,0.4387671492209622,404.9018991866029,32.60131472793507
209,0.4408622534544343,402.7411152956146,39.32786343878735
210,0.44295516415095815,399.9275334845286,38.32352897159696
211,0.4450482683181851,395.9784570489317,37.845872084547
212,0.44714683875742495,394.7929537553366,36.625302644596125
213,0.44924362280569813,393.64371359004963,36.291448623780674
214,0.4513338633316258,391.5244632396391,42.182979104019914
215,0.45342753643259276,388.26287766433325,37.7468767082986
216,0.45552189548586586,386.6173349279317,38.19370269132349
217,0.45761716616081083,384.3417658655474,37.97746791758948
218,0.4597117909764672,382.6661335806053,40.37333673769544
219,0.4618031890496857,380.2929759839846,35.23407635175484
220,0.4638995470730997,378.3127724999326,33.30487048165566
221,0.4659948171464902,376.5268089735081,39.79922995206082
222,0.46808929446972725,375.475247025185,36.88594377866293
223,0.47018492649495636,373.13959043196473,36.1764507859403
224,0.4722792778491551,370.24218728511795,40.934651008449485
225,0.47437272572904565,369.0882106998221,37.1640826802393
226,0.47646593372141327,367.07575953715144,38.47955199935185
227,0.47856230727426236,365.60695235586877,38.70614187265964
228,0.48065904058976644,362.65323573426656,36.101449219830656
229,0.4827512226177774,360.97497721108164,41.17831464613799
230,0.4848441163240575,359.68258910061707,35.128361083845526
231,0.4869397730506266,358.4647137198704,37.01657117542407
232,0.48903678813400875,356.33762918915653,38.209011658040374
233,0.49113096964965397,353.35992878598734,38.5303626951587
234,0.49322332174786626,353.2461405886642,38.95124006344533
235,0.4953187148676145,350.54911441036325,38.252306877044035
236,0.49741120358770496,349.699943407755,39.99617738086073
237,0.49950082345999325,348.2729016682963,35.39008976171146
238,0.5015952506837275,346.50535080881207,41.2619606529438
239,0.5036919972981919,344.188807914613,38.560054917206976
240,0.5057872116617207,342.13801847978135,37.72957889479157
241,0.5078828569897101,341.6864456473157,39.619838545004214
242,0.5099793452386306,338.9734561328768,40.322220889620176
243,0.5120767256379639,338.28990729265934,35.213786422558215
244,0.5141702395931294,336.16690608215345,39.33997806392681
245,0.51626132102766,334.9541325792081,38.69802066101644
246,0.5183576899265504,333.8690972472227,39.507059018552674
247,0.5204524416424112,332.02086180319355,37.81234027608132
248,0.5225430403510469,330.3536384963465,37.266744988887574
249,0.5246378991347941,329.07113122444025,36.21338446383686
250,0.5267345150769579,328.2334410766219,33.61241212754361
251,0.5288284644781793,326.0241898839517,39.22720283292155
252,0.5309200047543352,324.7273705797317,39.28479542547885
253,0.5330154787982235,322.98696387770457,37.39859979438456
254,0.5351140455458262,322.94054027721967,40.22416731069038
255,0.5372066203065362,321.6901823353099,37.605503328637866
256,0.5392991990272246,320.2883621522448,38.03706669024163
257,0.5413944118270408,318.81165500257094,39.050691467759826
258,0.5434881995106379,317.24202952258617,39.73885347165951
259,0.5455829952492127,316.29455584952416,38.67208425464201
260,0.5476769745662954,314.329834785138,38.178774837494466
261,0.5497697255495043,313.7041166236377,37.90728952279574
262,0.5518645446467839,312.09734353436363,38.86492666208006
263,0.5539598571350287,311.2625653394012,42.570345411676456
264,0.5560564538950566,308.83727068960746,36.696801077910735
265,0.5581500505101624,308.6339273560218,38.82502240099934
266,0.5602409063261653,308.37799757030206,40.279544591489206
267,0.5623379637803174,307.41313708183026,41.63896120374343
268,0.5644363283026402,305.0571427621191,39.59950639774663
269,0.5665273824761494,303.9440837980302,39.832628864500485
270,0.568621249018378,303.8400165615649,39.442498517893405
271,0.5707181447612965,301.91567437893536,42.08561383564474
272,0.5728127938597997,300.99685052475877,40.13932864491425
273,0.5749070881546879,300.40555118065424,41.060129339754376
274,0.5769991470923068,298.54103500158476,40.617649306470106
275,0.5790956911760897,298.26766699166495,40.697024233357936
276,0.5811893306261757,296.6142280121086,40.46357601638584
277,0.5832802267374103,295.49649442019614,41.61252738690824
278,0.5853761830306536,295.54718444105777,41.3942892159974
279,0.5874711784415975,293.95504724785906,40.89120906196178
280,0.5895653958899879,293.83051211480233,41.96805890542458
281,0.591659786459685,292.2576198788755,41.936032532804475
282,0.5937551851921442,291.7024890772539,41.95113869012784
283,0.5958498092767481,290.16918840064216,41.557336600581536
284,0.5979447066705442,289.47416133934263,44.296875784066955
285,0.6000383505174957,288.5830833506578,44.71097029547156
286,0.6021313016181767,287.3142020865236,41.964229043081176
287,0.6042246965556944,286.8162216689206,42.35503853606505
288,0.6063189733697846,286.0746160865565,45.22779212078575
289,0.6084147213727373,285.54061333461607,45.138180780006245
290,0.6105090855473989,284.1111044193685,42.32420565799319
291,0.6126037649785722,283.49685181408836,44.40047859120385
292,0.6147002391370655,282.2368290393594,45.74501429452318
293,0.616794938930829,281.5807711887362,46.78900048531135
294,0.6188886865784012,281.12442264839154,43.98654891789306
295,0.6209825762252046,279.96826532587716,46.72221460721535
296,0.6230764414889526,279.37409286340227,47.894024347068736
297,0.6251725389343245,278.4405706593029,45.132801892860506
298,0.627266923011265,276.9101505759159,44.43433573167693
299,0.6293596211388142,276.9072373818024,46.19779281494338
300,0.6314513250607457,276.41547702491664,46.257690438041266
301,0.6335475720513941,275.57658953417996,46.7885826507826
302,0.6356444982495617,275.2463864551319,47.947646415850144
303,0.6377358562255245,274.93152359789457,48.57334119455769
304,0.6398302949107263,274.07578125479193,49.50981432713115
305,0.6419256185614247,273.0151256721276,48.550318165704354
306,0.6440214843206593,272.8707645924586,50.49068766423116
307,0.6461142033434962,272.5642502104156,52.15531086716797
308,0.6482061138478032,271.2976783484582,50.153487313458996
309,0.6503020867345045,271.53850861342335,51.575663581195535
310,0.652398185537932,270.03895421805703,50.21188695751656
311,0.6544932048530038,269.81998996126754,51.48191059491935
312,0.6565867871776386,269.10026467729483,53.78443143408197
313,0.6586827890115348,268.6786798362797,51.64904125734056
314,0.6607793300725506,267.76483805848363,54.4260875881996
315,0.6628724964198541,267.7120225289016,55.45161748794006
316,0.6649654402217313,266.75069516046705,55.40298060872351
317,0.667059865407609,266.6428608501478,54.105305231334476
318,0.6691532523078332,265.9636930480952,54.74443081113437
319,0.6712457992597233,265.3426644381891,54.74913273972527
320,0.6733390782258323,265.1387045064513,55.309840855125834
321,0.6754367503383576,264.90561986987655,59.49259053482604
322,0.6775335143160066,264.1632755470928,58.9466401000572
323,0.679624621064033,263.9457316606194,57.71775770576387
324,0.6817180292738917,263.4473352241965,58.64575889770105
325,0.6838149015047629,262.866207991826,59.50202024502668
326,0.6859101434268815,262.72587099515357,60.82401129634201
327,0.6880046468184081,262.2925249910703,61.41623877376825
328,0.6900999637264865,262.52668196955835,60.80042286851919
329,0.6921965733216279,262.1732461654336,63.58079423583949
330,0.6942884945981568,261.85229414494233,63.83343493140093
331,0.6963781649531228,261.8993964708601,63.4774779923245
332,0.6984747371200234,260.7911578122517,66.51691345634798
333,0.7005690388882679,260.5742996393778,65.52894726430146
334,0.7026621579778546,260.6949680822361,68.90461833405416
335,0.704757268847954,259.83352286018703,64.98247395632579
336,0.7068509057629639,260.3407764514595,67.74333705749392
337,0.708945644402387,259.6822123534547,68.26720259119855
338,0.7110406815970572,259.88362527686655,71.96032140703589
339,0.7131372373036142,259.57303388996195,71.93361244683932
340,0.7152323589250973,259.49521641836117,72.06459124571491
341,0.7173245162021571,258.77028482926244,75.96345192471935
342,0.7194199711852413,259.05810455985477,73.8662417927628
343,0.7215151322330351,259.38214900133136,75.83893710622922
344,0.7236102334592447,259.07922609208083,76.49427084063412
345,0.7257047129497166,259.272816054152,77.99198441998381
346,0.7277958825256088,259.6473860219587,78.39832827292908
347,0.7298900912292255,259.20674896550776,80.22395248238642
348,0.7319867159780691,259.3257373645651,80.42399041715579
349,0.7340808521059053,258.8819116564424,82.33236085100891
350,0.7361738853270124,259.6036431186708,84.2178983010663
351,0.7382682123604443,259.35410628232273,86.15081194615594
352,0.7403641944498084,259.2607401739413,89.01017727256045
353,0.7424576311971561,259.2304229851728,86.13556524961683
354,0.7445523870480827,259.2119111436123,88.64665747770256
355,0.7466478284648128,259.43178543965985,89.47853360196999
356,0.7487413917548734,260.5228344043257,92.00037580363603
357,0.7508354594737505,259.48625808998247,93.29894098440751
358,0.7529278056847568,259.83286947715317,95.2764566901069
359,0.7550230257904859,260.2216194199341,95.53454577865274
360,0.7571167923480437,261.46554130996145,99.33324330285117
361,0.7592113317151179,260.9505965548325,99.31387114108688
362,0.7613074731933067,262.01889008779176,102.7921409437649
363,0.7634009581307508,260.9538272072681,103.90347040758157
364,0.7654969266569684,261.80716343437695,106.34898156147366
365,0.7675905899780763,262.2127510181705,107.97145060446799
366,0.7696837880547684,262.8261295857324,109.76826460997931
367,0.7717795008463626,263.3879978342559,112.35571114956711
368,0.7738757788346248,263.3615498378133,113.80375498168631
369,0.7759706260990727,264.15400869254523,112.70995459687968
370,0.7780620795267656,264.4649540658617,117.47885320055627
371,0.7801559906208961,264.99087082057144,118.4682818993099
372,0.7822523136569128,265.4550765524912,121.64846488928944
373,0.7843481481853999,265.63295300246216,123.628725917392
374,0.7864425511046899,266.79186621184476,126.64222786637555
375,0.7885343495966205,267.12712859919594,129.03282807121306
376,0.7906286372458883,267.81782611127676,131.2797592707682
377,0.7927244345313397,268.12701347605434,133.555462562822
378,0.794818005513127,268.92745005707104,134.55172217766918
379,0.7969121491149282,269.4703546237702,135.41387658666514
380,0.7990047112993173,270.79694404419325,140.14744640660513
381,0.8010984966914405,271.309126611158,143.93163382894002
382,0.8031950165575023,272.24161245998715,147.08707920370523
383,0.80529055904954,271.94254091459464,137.97026959613916
384,0.8073868607794276,271.49412247590175,124.50966976608686
385,0.8094799923089985,270.4375026899826,110.81102767003946
386,0.8115723232550889,270.0087320110076,93.91195588014044
387,0.8136672975922271,269.96651682236336,85.16125746387625
388,0.8157631100610689,269.33970883686396,69.44946199537445
389,0.8178569790142735,268.94359295307953,56.633326654056866
390,0.8199506303068442,268.49956753616294,44.132787841683474
391,0.8220462665916841,267.28315229873976,30.926174616955425
392,0.8241405937791958,267.38475162137934,19.22954669817005
393,0.8262325853224312,266.586641203416,7.623475191722942
394,0.8283265675885274,266.75642793458303,-1.9662619593841948
395,0.8304231027322762,264.94195367275904,-15.23367584177484
396,0.832516312308734,264.9809901769043,-27.380987820042172
397,0.8346104967180491,264.8612306159516,-38.4428327525919
398,0.8367055646585567,264.57773417540653,-49.275598980857716
399,0.8387997810841866,264.396727845664,-59.02332592716628
400,0.8408959249120883,263.8464860652223,-70.2035573450305
401,0.8429902851163829,263.1132589069587,-77.4528095360109
402,0.8450834013034724,262.7601360666765,-90.4303116673894
403,0.8471787052036875,262.29899744921795,-100.10383471834562
404,0.8492741754489669,262.1501330968107,-108.03532354359335
405,0.8513666186650054,261.0897162828974,-118.64776054465685
406,0.8534586558453424,260.58390162319813,-127.7594888397465
407,0.8555555147205227,261.02845103228464,-135.16445009232496
408,0.8576510528712873,261.2029871313929,-146.99699680355613
409,0.8597438531231701,260.78188434804366,-154.37295482691778
410,0.8618396600787528,259.62310047970914,-163.05068097264774
411,0.8639352641137702,259.5340440962344,-172.32426297118636
412,0.8660278348127696,259.0586629483463,-179.15414629732132
413,0.8681190723532742,259.07775956796365,-188.10043468507067
414,0.8702145301226206,259.33288694652487,-196.14822027255883
415,0.8723097299260473,258.4825766392655,-204.00466364875973
416,0.8744009465527449,258.2061938479354,-210.2080282830272
417,0.8764962014565297,257.78980382092107,-219.13016904907784
418,0.8785921785819074,258.32629413374553,-225.63961909885717
419,0.8806862529738079,257.8455040271763,-232.80844775976814
420,0.8827803474942315,257.86871074674235,-240.16037875618875
421,0.884876552415157,257.52634396885486,-247.62547539530775
422,0.8869727619955021,257.23480055454195,-254.22984730007198
423,0.8890661549276524,257.67714683697915,-260.70947634830424
424,0.8911606435626759,257.03353458642476,-267.68618016383726
425,0.8932564177642083,257.15577039082143,-275.7915659511322
426,0.8953515942364704,256.7760054537792,-281.9347370171263
427,0.8974449590572777,256.52120060284136,-286.3462110198872
428,0.8995380126042275,256.58187120246896,-294.05381795882136
429,0.9016308480731973,256.48782756598996,-299.55806261481564
430,0.9037248205752632,256.32565413023315,-307.4618366353621
431,0.9058194398636225,256.77902713182607,-310.70325456150005
432,0.9079139093175219,256.09836777785904,-316.3994771221707
433,0.910011764746055,256.34852590038497,-322.72234154871745
434,0.9121056647167038,256.04661544600685,-328.87806758796506
435,0.9141967683902507,256.05780888291434,-334.06154553810177
436,0.9162922424058753,255.6207023020201,-339.148674620841
437,0.9183868595164038,255.8530142128247,-344.93938732310215
438,0.9204815946523948,256.3545278238376,-350.8655461835339
439,0.9225765682279964,256.2114139756817,-356.6176265455194
440,0.9246708776548578,255.93276376902324,-361.19594164070446
441,0.9267650233208798,256.8745249819108,-368.59768286228893
442,0.9288581102404102,257.0987842383786,-372.26025047076416
443,0.9309518934142385,256.2206212059634,-377.94352303102335
444,0.9330469160925099,256.653543412031,-381.69198426952426
445,0.9351415764644654,257.12985055753273,-386.86875620978606
446,0.9372369506587555,256.91287640875544,-391.5359763078444
447,0.9393287530448476,257.3595107415564,-397.91340977385227
448,0.9414229216419412,256.95999171330647,-400.21417169499813
449,0.9435209341962445,257.25825459686524,-406.4272038197147
450,0.9456148252799238,257.436084046453,-411.28440423613995
451,0.9477091255207061,257.38661688905887,-416.85501899723397
452,0.9498037238864095,257.8410536847754,-421.33305049100125
453,0.9518981043411001,257.9977555350019,-425.2383513159312
454,0.9539914706287521,258.75193314473825,-431.94068610861495
455,0.9560859977890608,259.23508485577065,-434.4102744923184
456,0.9581821096695351,259.29275732509967,-439.7053598665074
457,0.9602755737793266,259.54712435565125,-443.91656179700294
458,0.9623691838562978,259.3268390625528,-448.55290416769844
459,0.9644636726355348,260.1744750119877,-452.6954122971041
460,0.9665572681340019,260.0294116171199,-455.7546328611924
461,0.9686506726657692,259.9008140513598,-460.22888831249276
462,0.9707453651438224,260.4555853472651,-465.47346939527165
463,0.9728397447984573,260.35792154793074,-468.7670723609755
464,0.9749341599912872,261.15003465916794,-473.3785359602053
465,0.9770309382258842,261.48263962043575,-477.9171027850407
466,0.9791243621626365,262.4850294152413,-483.909647963559
467,0.9812186011668534,262.54189357897616,-485.8652928676416
468,0.9833152549762485,263.0138446607799,-490.99235148963584
469,0.9854083366977224,263.2477537300739,-494.6910167370877
470,0.9875013366256304,263.6839811232811,-497.909311258391
471,0.9895964031766183,264.2023765517829,-502.5061938935511
472,0.9916911272506032,265.49252116665144,-507.1413539388641
473,0.9937856031740195,265.4225482931167,-512.3647696254591
474,0.9958807301039379,266.1578313338525,-517.36290595088
475,0.9979746323874407,266.5363482486309,-521.3471818763794
476,1.0000664008054638,267.10447173596543,-523.9006372218455
477,1.0021595314674534,268.41180886019214,-528.1391874680027
478,1.0042547648495364,268.3396496682498,-533.2567804059948
479,1.006349085630113,268.932338259474,-536.5544619971952
480,1.0084443367657523,269.7534361151543,-542.110513806535
481,1.0105398481990022,270.18824645463195,-546.8686794081835
482,1.0126348213072522,270.65274598404557,-548.9027113368595
483,1.0147293432188107,271.6490621280198,-552.8488876877616
484,1.0168223222913106,272.5183861145317,-559.4456038642548
485,1.0189181991118834,272.99464780662896,-562.5649987950501
486,1.0210135889667047,273.67763057755803,-565.7666493390979
487,1.023105517395174,274.1498171729297,-569.2732270732533
488,1.0251997072975425,275.5557396741987,-575.12371018566
489,1.0272950549324347,276.6162264262693,-578.6401853476209
490,1.0293904044607038,276.40413915094217,-582.3830129609016
491,1.0314847550764672,277.7614398963927,-588.7663055478093
492,1.0335791521913305,279.1554836805172,-594.5009188629325
493,1.035674282724225,279.23153584879424,-598.6760022312322
494,1.0377683744197583,280.7857682330583,-601.0353456788607
495,1.0398611358062981,281.8765368870252,-609.5612544815556
496,1.0419559810580585,282.3038272250877,-611.0087592597131
497,1.0440519355231435,283.18948189431376,-615.1158900391443
498,1.0461442665368221,284.10268531771675,-619.9822209026122
499,1.048238151325366,284.99956224120155,-627.1665401089807
500,1.0503312794335307,285.95719679436587,-628.709011197119
501,1.0524262698953144,287.58778621474426,-635.3252604636061
502,1.0545208315883745,288.0851103749401,-639.418672818709
503,1.0566150350094698,289.44407926487406,-646.9091593773643
504,1.058711440318921,290.3754453532848,-650.2354314700992
505,1.060803734980524,291.15851106904574,-655.749274705538
506,1.0628970711462522,292.475979485085,-661.8565061037815
507,1.0649945592352892,293.08082816495875,-666.6978728396634
508,1.0670895920886003,295.05626015324856,-671.4609152332091
509,1.0691815189460832,294.98971571506655,-673.2362416338741
510,1.0712752972137536,296.63104895252025,-679.7836626930147
511,1.073371173619778,298.6198783944075,-689.2624910946815
512,1.0754657024825272,299.87612039543524,-694.1998906010058
513,1.077559391113827,300.7587608386913,-697.5233603120269
514,1.079654167044188,301.82803027589955,-704.6127153405333
515,1.081749685406742,303.1022447810538,-710.6982092725259
516,1.0838429051818583,305.1710717817355,-715.0172409432944
517,1.0859346611894292,305.8321800558605,-723.4802246300334
518,1.0880274765489322,307.2931761502758,-725.8559959377187
519,1.0901226378244568,306.9076399427629,-730.2927019793999
520,1.092218906510469,308.99877813359916,-738.8819477248701
521,1.0943142405516277,310.82633510076965,-745.0280415770661
522,1.0964083656069452,311.0415871502276,-752.848944831178
523,1.098504575117021,313.02179601134543,-755.3597059672934
524,1.100598880587325,313.2497618281925,-762.9912003083034
525,1.1026907648634887,314.81635060811544,-770.4065419572083
526,1.1047864761829782,315.2713279936828,-774.044665779311
527,1.1068805633882368,316.98412891129743,-786.1637832820128
528,1.1089715885079452,318.97087722370225,-791.2017681772478
529,1.1110674731376504,317.97549580158113,-798.9694347967361
530,1.1131638031712348,320.6036224313551,-805.8964381989821
531,1.1152567400703868,319.9645297222661,-810.9230957915197
532,1.1173518797395834,321.159123825943,-818.7208238608082
533,1.1194466841667583,322.25786417607077,-827.9247151537755
534,1.1215386388653605,323.11341363938334,-838.5199305010977
535,1.1236321502294464,323.7034419613287,-841.4755991983419
536,1.1257265608788465,323.5740962627794,-848.7768119035075
537,1.127823511019811,324.9547758210524,-855.9172681074459
538,1.1299186917312898,323.83088739608354,-863.6267902281248
539,1.1320102853860914,324.33476621075255,-872.4219825273038
540,1.1341022265777971,323.6706821260744,-879.7354193091686
541,1.136196488705377,322.4658271162709,-887.3143966644163
542,1.1382919496812383,322.210597531081,-896.8729978973253
543,1.1403848113573067,322.68786579270386,-903.4673457822562
544,1.1424801205078854,321.6652322823534,-910.4343097237968
545,1.144579099546908,321.2775923382697,-913.5447186544178
546,1.1466743733674984,322.0159551489907,-921.5220667254431
547,1.1487627957344069,322.67118748517635,-929.6817088180272
548,1.1508586543248278,323.10980751375115,-938.1346860458634
549,1.1529561980713183,323.6230840397935,-945.2592201246129
550,1.1550454984226184,325.3675756019475,-956.2125168042476
551,1.1571409429142046,324.36529861605203,-955.4520578997037
552,1.159240859340017,324.35652549683465,-962.6466997630506
553,1.1613355832020602,327.54226399514806,-975.0253708896468
554,1.163423871831942,326.1009731627146,-977.2756217940638
555,1.1655188736812345,326.76835526763745,-985.0560364119947
556,1.1676174368768866,328.22976329040165,-990.0875652147504
557,1.1697080797153998,330.09616036363144,-1001.65489161265
558,1.171800206369591,330.72268873160084,-1007.8224106111943
559,1.17389591489135,331.231731094683,-1015.5802242350197
560,1.1759888523797297,332.2357319018904,-1021.2939660511216
561,1.1780809947202961,335.4561528200585,-1035.5618185330297
562,1.1801761196344618,334.1834222191239,-1033.8822109030573
563,1.1822736635654147,332.9828518375774,-1036.6744280381688
564,1.1843710306693693,334.78996030224744,-1044.6783924277895
565,1.1864625384002512,337.9974100101211,-1057.8800879984897
566,1.1885545198904406,338.8996254754658,-1064.9791691999699
567,1.1906522613678343,340.4335813968601,-1073.0378169231574
568,1.192750069492095,341.81464811895717,-1081.3507187286061
569,1.1948381381583106,345.0208603792519,-1094.9232311508329
570,1.1969297222624806,344.6649296146658,-1097.5432495635134
571,1.1990290164311135,346.7588230149618,-1107.7557131561557
572,1.2011243924560484,347.8428077457374,-1113.377829903025
573,1.2032149592826593,348.9237121300164,-1119.6524734543184
574,1.2053132365828256,351.76043615813063,-1132.0389852335766
575,1.20741576508926,352.3930625944604,-1136.3428146061917
576,1.2095030565711475,353.1705859614422,-1141.8836590058966
577,1.2115949657999687,352.6806057841467,-1142.4571534672777
578,1.2136960046145377,357.57102695419763,-1162.2630483957103
579,1.2157928316049589,358.6391806018848,-1169.4779905963749
580,1.21787984102748,359.06923934712637,-1173.2864745819475
581,1.2199725120701903,363.516818594267,-1190.5863153585278
582,1.2220773486348555,363.97043994119304,-1196.0073540726507
583,1.2241717280648772,366.46302208138945,-1204.8835356489772
584,1.2262574809145717,369.0356312785421,-1218.4678751169197
585,1.22835205989159,370.01359445760477,-1221.3028290025297
586,1.2304511070315651,373.82138272099,-1236.4631909286547
587,1.2325439941641703,376.034353169768,-1247.136922396955
588,1.2346327282165248,380.1548545450813,-1262.049066136267
589,1.2367296121231413,379.89859807598776,-1264.0588480982417
590,1.238832433751825,383.0370809423955,-1275.6866051538912
591,1.2409238541102623,389.8186328284709,-1299.9476000436055
592,1.243012379245932,390.40704326058557,-1304.868076983765
593,1.2451094606314712,389.94594527079215,-1304.588207196814
594,1.2472066170026377,394.8491154232696,-1324.3980793085416
595,1.2492929515805862,393.96938186428775,-1323.0524436177327
596,1.2513843202334647,398.0272720987261,-1339.1162660850564
597,1.2534920777891505,403.896542505662,-1361.789795991318
598,1.2555889180496558,404.3680884377369,-1363.5848870825907
599,1.257667580798784,409.6434807652729,-1384.001026405295
600,1.2597632986068967,412.1816828198511,-1394.3047982542903
601,1.2618709074503869,414.0966875947259,-1403.2697953908962
602,1.2639618917954016,414.45819027383584,-1406.8438184933075
603,1.2660463256389345,418.2990362275503,-1421.5621067621819
604,1.268151380164154,421.5838623220503,-1431.9827992265693
605,1.2702573897615381,431.4847638603681,-1470.400340651942
606,1.2723329096911193,431.0229046144454,-1468.9642688583053
607,1.2744197010315288,435.23757701030047,-1484.1110937003873
608,1.2765327006010119,436.81970618991886,-1491.7017598054163
609,1.2786342467193723,439.48640631798366,-1504.344407410245
610,1.280707182799757,448.5188130044447,-1533.8384884222792
611,1.2827931530633179,448.87406036675014,-1539.6538703439492
612,1.2849085387747612,459.62839784100606,-1577.5834030136293
613,1.287000364654089,458.9927775392371,-1574.6060470643993
614,1.2890781709908103,467.315559561173,-1606.173499373994
615,1.2911842108955598,470.51613726655705,-1618.0080514458873
616,1.2932965864662813,470.4826671284549,-1618.6218996254433
617,1.2953774115066516,480.4759240232268,-1654.318258520589
618,1.2974494068131983,486.7569743843078,-1676.6981257192604
619,1.2995653278098822,487.9513656868376,-1685.2250250703523
620,1.3016791376111048,490.50655688233127,-1694.26276271703
621,1.3037423234004764,498.6798542634187,-1722.6989399022782
622,1.3058199114096363,503.63271771385615,-1742.1908312710168
623,1.3079467955462118,518.7891468326492,-1795.229183562101
624,1.3100601882305882,522.5547014805142,-1807.4773704817508
625,1.312113308135768,515.3995226546463,-1783.4549730870103
626,1.3141962752176515,525.7356987401372,-1820.4395652638104
627,1.3163277077674513,535.3469564541896,-1858.8395808507169
628,1.3184175493918626,540.5149801910127,-1874.9556446314596
629,1.3204856618221223,549.072653453538,-1905.0560326327336
630,1.3225968812824558,554.4189994914959,-1926.3191612539488
631,1.324712528812616,551.541978907061,-1918.1303998959659
632,1.3267701241226586,566.317871519585,-1965.8463056883556
633,1.3288455369869492,588.2171963442906,-2045.6068256298695
634,1.331007859279665,579.8971989510248,-2019.8605607678992
635,1.3331193077637633,586.2050543464642,-2041.1110529878815
636,1.335111114646517,591.65416978296,-2060.7609624564543
637,1.3372000138113185,603.6000124152491,-2103.0566805751405
638,1.3394207042773567,607.7860061460561,-2117.7125457915977
639,1.3415191831855293,620.357020634137,-2163.337817138186
640,1.343419658472025,637.6115351836768,-2223.1509213253958
641,1.3455475267642247,627.4823750773546,-2187.4754428031156
642,1.3478257671998863,639.978796198542,-2233.802609664375
643,1.349910545699746,661.2024399188106,-2306.502157346224
644,1.3517701887420612,665.6138972165332,-2322.3991695860186
645,1.3539417100377606,666.543617205104,-2329.1226768292167
646,1.3562514521124112,700.5265915581599,-2446.7540892631214
647,1.3583044750242828,673.0129722536997,-2354.3213192493017
648,1.3600937081391848,693.8028874432753,-2423.661071981297
649,1.362315666351114,727.3186396471839,-2543.4013274487893
650,1.3646739887244697,718.0730148153596,-2510.6247268873285
651,1.3666040349314283,758.5128793093073,-2654.8493092515137
652,1.3683585203137423,788.6653806807653,-2758.456228604152
653,1.3706879171444677,759.6902367853697,-2657.806052266645
654,1.3730812726720756,797.8055000885325,-2790.293858038586
655,1.3749143385354152,764.1495033145542,-2671.060292232365
656,1.376679031839902,832.5066057773316,-2910.9249146591214
657,1.3790764132796052,806.914732188952,-2823.775392093382
658,1.3814727924700456,763.9256209322346,-2672.205245923123
659,1.3833424067073374,989.4620015704766,-3466.503710317657
660,1.3850593718572481,882.5854137463429,-3090.0264103166296
661,1.387433769507078,1013.3999829400793,-3547.8849792915444
662,1.3897620281243455,1068.112030986383,-3737.585413895229
663,1.3917897627196847,411.0499602847612,-1439.7593807224248
664,1.3929979117318791,92.28594109648715,-323.0007938377049
