,k,Pk0,Pk2
0,0.0029665470748989845,1435578.0023875989,-589995.158985303
1,0.005026374055021859,1478743.4935992404,-148624.43335615806
2,0.007149300621522788,2155404.8680211827,-14940.465043516153
3,0.009278869254964255,2024824.081768802,1114061.5074061381
4,0.011450332619344701,1998816.1160641233,-264116.89253707364
5,0.013492955871419151,1801469.545380947,229830.68211626998
6,0.01558905561191893,1650484.3757158476,67163.33960871915
7,0.017694083672553172,1340719.3333366353,30854.383282763938
8,0.019817874803135297,1187174.6115620162,182873.77407470503
9,0.02192074938196264,998072.1214807753,204013.11562574003
10,0.02398877635566245,879744.3325329828,7304.386359365322
11,0.026092869718961156,749257.6175743232,-4597.348319436998
12,0.028234663152781798,608620.9057253986,94422.47998043966
13,0.03032284873509123,518582.5114924046,9455.03588399695
14,0.03240263258943404,459480.4995729791,-18888.317694508973
15,0.03449210129864554,376319.2647979177,-52757.45199577703
16,0.03658588147515197,323534.3246463784,14736.175569845373
17,0.038684769492669774,287349.8678915787,3878.9280513956546
18,0.040788988884582836,260932.30056076316,-13964.491563529342
19,0.04289390876967646,222372.4237592029,-18291.04193723694
20,0.04498336005546935,213583.64261625512,18232.858915275945
21,0.047064985294738244,204126.4963601127,-22304.363598506647
22,0.04917111919158227,199278.90596772544,-12932.170801404975
23,0.051262169141742274,199110.80004243797,12112.08409466531
24,0.05335525146837034,196813.7115576665,-12996.843904806909
25,0.05546637228956934,196949.83409966234,2578.1054820159197
26,0.057573188192548086,201070.58729582917,-6319.502177812576
27,0.05965884044590281,209829.2678044673,-322.0152323358617
28,0.061745123021595065,213340.21529848748,-8032.320136640185
29,0.0638268929113719,205842.34747345975,1763.1064302253503
30,0.06592966228838451,207565.86622666175,-5298.813309050134
31,0.06803125784825748,207851.14287502773,-126.41590401943839
32,0.07013131008699486,206479.13091687864,-10068.755626085243
33,0.07223032366074338,203392.8933599221,-2355.6934649868217
34,0.07432334270720506,197085.63591883666,4622.511600083064
35,0.07642066756954473,195051.02815336766,-10470.698560502457
36,0.07850471694556041,183483.32324236113,10893.836662763957
37,0.08059701946059529,174726.22228818413,-4128.722543967591
38,0.08269521798132064,164745.73683026645,-5099.9675706537
39,0.08478307522909848,158668.0735500245,2603.417621191065
40,0.08687780839616016,150820.5095530698,-765.2774549609846
41,0.08897524569656534,142282.45879080493,-7322.402270482616
42,0.09108077810470518,134691.9301165173,5737.725470927712
43,0.09318432266948053,131674.05395886654,2451.3330175150545
44,0.0952788764104831,124472.17455668557,354.50932763986253
45,0.09736254237981037,120734.69811910442,2373.722210071584
46,0.09944832814799408,115797.89913792402,441.0568679218948
47,0.1015460879802399,114742.18086161124,-1004.3977191749719
48,0.10364263756677322,113114.69388627014,-2557.8857008163855
49,0.10573893905394659,110032.87998409143,1955.495915353288
50,0.10783958559814742,109530.53385100787,-1578.7827626344595
51,0.10993894058501318,106339.62599369677,4073.4184246271925
52,0.11203921431523854,106619.87719419121,-194.8158376400447
53,0.11412334585697578,104656.01570072293,-1600.0074065625338
54,0.1162159397555423,104081.48759066983,4266.925886940209
55,0.11831372048037725,104101.16486955996,-250.22770173622044
56,0.12039723118070132,103259.30438943405,5842.1027786928
57,0.12249223631878574,102190.86156425098,-1601.9659991128406
58,0.12458825984258635,102956.74504600723,223.9452956870501
59,0.12668846771583772,102295.79160710266,-3120.6805772887865
60,0.1287846620419941,100932.79138786755,-457.6186054294149
61,0.13087133937881498,99611.86469147472,-867.0010811144064
62,0.13297548334406448,98771.89757465688,353.0802124656787
63,0.13506910815256093,97405.5888491246,1581.610883490328
64,0.13716388258568254,97614.40664564226,-52.518190639962285
65,0.13926047573721634,95882.48813533335,2078.028089216578
66,0.14134668829083769,94018.40174270274,-1981.2663800002697
67,0.1434475230090064,92275.46880405408,1698.5947135667411
68,0.14554528534185418,91334.54583816786,234.70765556327922
69,0.14763320610735878,90077.95428308831,534.2461142859296
70,0.14972114728432864,89511.56607475127,-1069.1261689795856
71,0.15181380487515775,88088.46483906641,-2148.0566801777068
72,0.15392114901003526,87489.94383324469,1421.627399328609
73,0.15602147473412367,86461.08464111335,322.7091011153269
74,0.15811617475881218,85360.03517419394,-562.2851724210783
75,0.16021187122717997,83849.64579599463,68.3780002353339
76,0.1623006419462899,82991.02626777123,-429.3315037261754
77,0.1643899033199985,81967.62396003156,-2585.1793655955007
78,0.16648355823815117,82120.73117268056,-2040.5995763424153
79,0.16857196837784735,81454.72665102698,-970.7439347735467
80,0.17066413320893647,80040.62470037161,1784.5133668854494
81,0.17277086992561352,79447.9176761875,3958.822905016396
82,0.17486965460096995,79687.05239615747,-629.5787203550415
83,0.17695857694944453,78513.11669734184,-85.13549501316616
84,0.17905245093155753,78324.01981611004,-528.1703052625903
85,0.18115265212612636,78307.21694011986,-155.65140741545468
86,0.1832476884130739,77286.99541312705,292.8977457698475
87,0.1853312475833926,76583.56197899068,1886.4043559906452
88,0.1874284892203219,76242.01814544685,275.85022093817787
89,0.1895337179075755,76009.7560440632,553.2317083289153
90,0.1916268196474026,75759.3248035598,-934.9508643123291
91,0.1937183403446853,74993.99117151962,204.8457231335207
92,0.1958131498886989,75103.71699348111,838.6377397790234
93,0.19790587400989662,73844.75422183253,626.6907491662415
94,0.19999906515978938,73702.41090610946,1628.7483630828808
95,0.2020893038374759,73211.18542852567,1156.7364599948744
96,0.2041823192148178,72621.29903373099,398.1353323034652
97,0.2062825911013838,71849.0731695893,1158.1902650480156
98,0.20837701891459662,72353.56052534253,1731.4556101419246
99,0.21046758167944032,71603.6569713665,-204.9299466532298
100,0.21256678542440183,70955.79277268397,969.8209051726286
101,0.2146619261104852,71251.09677233263,1132.9480344560877
102,0.21675618057220372,70548.55537382411,2111.9754165620634
103,0.2188528705899679,70400.8436997699,-1857.6210399082552
104,0.22094564274530842,69505.44987489098,223.50248435697725
105,0.2230395148320731,69691.52951062388,250.55324584672144
106,0.22513567328585352,69147.22310077123,1756.1400252285637
107,0.22722785048644015,69201.5186386168,-135.9281375390991
108,0.22931975112872324,68640.68603818506,1079.6552053619914
109,0.23141147723465103,68284.5062275407,439.9734560859391
110,0.23350584674782457,68296.29631801699,1489.8393456436847
111,0.23560416522029054,68174.75019979264,506.15090909958104
112,0.2377006336558307,67807.48548760425,848.4322573453452
113,0.23979727503904752,67822.57909078279,-556.5472174654992
114,0.2418944602532704,67283.62574621,1715.1144953874264
115,0.2439884227569783,67187.48786369509,-144.78395885715855
116,0.24608359968283072,66871.9612747774,325.7895880277114
117,0.24817552807053123,66300.03194672968,528.9478214098034
118,0.25026237006475704,66206.52501053413,1173.606520563048
119,0.25235861551053484,65915.34671368392,-801.3124675980453
120,0.25445470778669854,65519.36396734535,1483.151886318646
121,0.2565487653287422,65586.76692932135,315.99560502749665
122,0.2586464955058471,65688.01734590434,179.09049995111226
123,0.2607443047329862,65036.7487404719,787.2293579833613
124,0.26284383121734134,65172.25794269419,355.4887396140576
125,0.264929885565984,64957.98496741201,1374.6257316944677
126,0.2670163698864118,64499.8877806456,1428.6243951909296
127,0.269112135390912,64588.863591632165,553.3898212812371
128,0.27120764961246213,64146.2067525797,79.57392568197224
129,0.27330509996536784,63956.92107046269,902.9409733462313
130,0.27539842121309294,64112.02638120974,186.75583070135275
131,0.27749656900268016,63818.33397425871,875.3952771426058
132,0.27959864364035925,63722.33888694429,36.26677531331804
133,0.2816878213234348,63428.54225707108,-421.16068766344154
134,0.28377609558542155,63298.96180193902,16.497511544561256
135,0.2858732754634003,63139.96621521027,-43.062300009448506
136,0.28796861590208045,63241.14237351926,1076.69871233779
137,0.2900612915162532,62874.838456394544,-321.58414380377354
138,0.2921547032025089,62649.678854698104,958.4426480270254
139,0.2942501291133245,62640.21491837858,1970.5258294395248
140,0.2963444256131289,62595.946591153224,826.2145260225623
141,0.2984361415704375,62458.46832458425,245.84019286169533
142,0.3005318840555698,62423.4676990486,-587.5530094187156
143,0.30262777760316095,62119.90153738558,893.1625996278491
144,0.3047248035439954,62265.28111666174,-629.9381014743625
145,0.3068210272572538,61904.993243526274,881.5590206629797
146,0.3089144805088237,61906.52484304442,655.99712680112
147,0.31101080657849756,61533.10371435671,618.8858807500327
148,0.31310885951912926,61438.916751329714,1187.2871617499648
149,0.3151991603466065,61330.01244401126,-336.576475704185
150,0.317288667284839,61460.87350715069,756.7858972837242
151,0.31938044185106124,61281.33536099587,259.7907537669952
152,0.3214783648369702,61290.37875342023,14.548118683707436
153,0.3235785211189416,61202.8033365962,743.9150186812906
154,0.32566935894833426,61189.167314221355,255.01519192336713
155,0.32776077751211374,61062.50786958668,678.8620509771218
156,0.3298523230655558,60547.13851560677,-124.61145715453874
157,0.3319485433973702,60738.366380799765,561.7206451832852
158,0.33404540358127904,60541.979309672104,757.1321201047756
159,0.33613494177837844,60320.198869548214,32.5934957135377
160,0.3382313832787478,60658.53027384481,672.2858540880699
161,0.3403308518124324,60271.63061009131,728.9565104284846
162,0.3424246601457981,60203.75856641976,1139.6748192993596
163,0.3445197272986724,60388.82163068039,514.8851817246011
164,0.3466158524641983,60219.72897624505,776.7084366184235
165,0.3487089916477683,59888.90606538277,844.0621682684883
166,0.35080114560367615,60183.110757287905,916.4517953451331
167,0.35289356821720286,60355.2340244773,1325.6673991884097
168,0.3549881110219297,59878.21321829894,493.38138789723484
169,0.35708559248027844,60033.612671920695,823.8391653056968
170,0.3591813496003593,59837.83058881316,-151.20527888005662
171,0.3612749400626811,59733.65052177879,14.184887545553423
172,0.3633693413142722,59475.95940470072,1315.811571508087
173,0.3654632219855477,59695.52450048292,879.4158910331063
174,0.3675603773529471,59614.24276821043,-692.7230960707981
175,0.36965434919829326,59454.91939014585,167.3709263262605
176,0.3717418094879197,59417.36160078671,118.2044925130061
177,0.37383404253825586,59547.797104266545,1266.9478696950641
178,0.3759308579415973,59212.125630409275,1079.4393678621982
179,0.37802985088946095,59177.26643399386,983.5473353593627
180,0.3801213498834686,59254.443063684,765.5278372874205
181,0.38221306010699313,59244.20814669956,446.5935162855905
182,0.3843141376638833,59445.807261215974,177.8102457682749
183,0.3864096355836929,59085.688246364734,691.4928447729651
184,0.388502907295756,59083.92242444989,262.8388955278046
185,0.39059769208540335,59168.014206044776,832.1252747921662
186,0.3926958121232196,59096.04433857629,-6.55458354414765
187,0.39478921808384226,58795.74872115748,302.390317519894
188,0.39687821409975554,58989.09251565561,194.1889345069991
189,0.39897073627813356,58886.273150346344,110.96718869451917
190,0.401067192451382,58872.58314876285,68.56614891230097
191,0.40316228148056854,59098.378773451695,721.2470357386724
192,0.4052546340249366,58812.33597002877,1341.6735206044716
193,0.4073499183903822,59046.92751005871,978.1001330800603
194,0.4094468722071623,58904.53329998976,850.8869650049184
195,0.41154432885897757,58822.645658444446,190.05875117334554
196,0.41363408239228544,58937.341633712116,830.0336713395941
197,0.41572494638156243,58806.23639895372,490.75740706449415
198,0.41782181997781404,58838.84934751565,1033.529842771345
199,0.4199166506307261,58832.89309197997,541.3214420948348
200,0.4220107143757513,58725.879344148096,359.1805714455224
201,0.42410542949066876,58795.712623761516,-18.31416932734551
202,0.4262013850195404,58691.298696462145,951.9031117382534
203,0.4282955296445312,58584.93674555,1316.2304210013885
204,0.430391806688861,58880.76490668046,443.50460545998726
205,0.432488575457924,58441.64820227873,91.81761783716051
206,0.4345806090039814,58553.4498810859,179.54230273072423
207,0.43667244097425384,58872.10088548061,851.8368140653486
208,0.4387671492209622,58813.395150187425,561.2374501630263
209,0.4408622534544343,58970.66927026001,339.68564186104584
210,0.44295516415095815,58754.05261243546,1167.3103542653691
211,0.4450482683181851,58759.10049551071,783.7252885629405
212,0.44714683875742495,58791.00267858286,-334.37824846067014
213,0.44924362280569813,58815.65692397385,715.767784569835
214,0.4513338633316258,58895.696859684365,762.9665463202792
215,0.45342753643259276,58905.90471193576,731.0852265146336
216,0.45552189548586586,58831.40674096888,788.7514055125079
217,0.45761716616081083,58776.80143882291,564.3271670487809
218,0.4597117909764672,58916.024357226575,731.5488156185637
219,0.4618031890496857,58890.302214030184,405.526606895471
220,0.4638995470730997,58662.49122230004,711.1743286177218
221,0.4659948171464902,58851.48682676177,670.5485441601845
222,0.46808929446972725,58930.96769252584,266.1793314364203
223,0.47018492649495636,58686.348904610175,898.3201026553037
224,0.4722792778491551,58840.6352837724,753.0748210698318
225,0.47437272572904565,58707.1982123359,7.609038194743478
226,0.47646593372141327,58789.90766910002,410.78836882813727
227,0.47856230727426236,58847.55083314021,549.4797675629374
228,0.48065904058976644,58913.013570252915,691.3134556970849
229,0.4827512226177774,58931.649100039846,771.3339857133318
230,0.4848441163240575,59046.0383082605,449.6214917212326
231,0.4869397730506266,59159.11770945407,482.6313646701513
232,0.48903678813400875,58941.47264629627,312.75714369063223
233,0.49113096964965397,59198.33847685581,666.826667005232
234,0.49322332174786626,59111.38376035442,652.5615051654321
235,0.4953187148676145,58919.36508563444,503.448850690112
236,0.49741120358770496,59230.39141821442,559.3056975476487
237,0.49950082345999325,59199.99077105614,437.85967740865317
238,0.5015952506837275,59134.568992943816,412.4818535044426
239,0.5036919972981919,59278.54135073758,341.6240145796111
240,0.5057872116617207,59201.75919376243,619.7421380873578
241,0.5078828569897101,59276.77957568296,510.310105671365
242,0.5099793452386306,59191.46486713874,121.578880595918
243,0.5120767256379639,59308.74423912826,-375.946501314334
244,0.5141702395931294,59468.03542116966,590.4459667726444
245,0.51626132102766,59261.19538610571,381.44738126588203
246,0.5183576899265504,59408.58876233118,221.91871596204308
247,0.5204524416424112,59245.96272032536,621.5498232928061
248,0.5225430403510469,59490.394029944284,337.6843238172541
249,0.5246378991347941,59373.49174861537,281.1456560938974
250,0.5267345150769579,59537.22273729731,-419.07002913864204
251,0.5288284644781793,59734.89104297698,771.3030687318396
252,0.5309200047543352,59569.7771047809,-291.6404048385977
253,0.5330154787982235,59673.17849147942,253.57978792961921
254,0.5351140455458262,59630.00475694504,502.8865261457895
255,0.5372066203065362,59677.917430742185,275.13582255777715
256,0.5392991990272246,59826.1303635318,86.92453670443307
257,0.5413944118270408,59776.29241511884,-23.37687170075626
258,0.5434881995106379,59745.37645830896,549.2912922011658
259,0.5455829952492127,59985.09019579017,816.6161930637221
260,0.5476769745662954,60131.20235895041,327.02846310107685
261,0.5497697255495043,59950.05404970445,639.8088272516111
262,0.5518645446467839,59993.76174636715,151.031435200377
263,0.5539598571350287,60045.41253831758,437.4828520307024
264,0.5560564538950566,60085.321207012516,3.3840937657393804
265,0.5581500505101624,60108.18030887499,103.92458631738468
266,0.5602409063261653,60152.23665755514,378.46247597734566
267,0.5623379637803174,60258.52123226357,-273.13407868951816
268,0.5644363283026402,60231.78399270704,-198.0557234288772
269,0.5665273824761494,60372.717537947705,233.3889668238955
270,0.568621249018378,60331.84716552661,491.74043006952525
271,0.5707181447612965,60302.41299013817,197.78477521065156
272,0.5728127938597997,60418.78628875253,-52.65355617936424
273,0.5749070881546879,60657.35442844026,352.8383222604415
274,0.5769991470923068,60562.98160535878,345.59614243319527
275,0.5790956911760897,60719.863423091156,-178.6457367470573
276,0.5811893306261757,60803.275792104876,-86.12957277639204
277,0.5832802267374103,60791.81565250586,92.41806363496474
278,0.5853761830306536,60733.69991910818,298.46130463590043
279,0.5874711784415975,60839.23402565976,7.1471253517699855
280,0.5895653958899879,60874.17346892268,204.7984000744347
281,0.591659786459685,60959.99498164316,536.772084884236
282,0.5937551851921442,61071.697837684114,202.5314493506211
283,0.5958498092767481,61133.33478533296,426.1863997448747
284,0.5979447066705442,61230.12383050546,331.22885402121767
285,0.6000383505174957,61266.130234939425,522.257829570024
286,0.6021313016181767,61325.352996840134,237.4319558232313
287,0.6042246965556944,61323.18689969502,414.64254645869835
288,0.6063189733697846,61474.28671332996,268.52537836437864
289,0.6084147213727373,61620.640209054465,429.1819921880686
290,0.6105090855473989,61700.40583716492,278.1520188472921
291,0.6126037649785722,61545.90733977244,228.36046635973065
292,0.6147002391370655,61646.017307815244,398.0135676521806
293,0.616794938930829,61677.084280802424,-91.43418373564877
294,0.6188886865784012,61787.17378881866,-11.20831266720924
295,0.6209825762252046,61673.84217397495,644.3895665635298
296,0.6230764414889526,61885.20607566647,749.881207756999
297,0.6251725389343245,62000.26610579038,284.3526920337843
298,0.627266923011265,61951.3311080384,-96.5534194641961
299,0.6293596211388142,62010.71900869486,-26.231206622331314
300,0.6314513250607457,62128.69471105249,639.18189901241
301,0.6335475720513941,62141.5275267294,13.319189109874381
302,0.6356444982495617,62325.85412910387,358.1284377704811
303,0.6377358562255245,62389.46063589465,602.5342894186666
304,0.6398302949107263,62456.232608749786,106.40426084693172
305,0.6419256185614247,62543.51861707182,524.3946357498959
306,0.6440214843206593,62541.22347526864,-33.414711372538584
307,0.6461142033434962,62621.228882726995,72.83477226381811
308,0.6482061138478032,62714.97232996255,-323.34568456470026
309,0.6503020867345045,62760.31043673038,444.197038743485
310,0.652398185537932,62929.814310164154,332.23848631223706
311,0.6544932048530038,63032.064683246084,426.98273727219237
312,0.6565867871776386,62996.76781753398,137.59575408362198
313,0.6586827890115348,63217.37710225997,57.596596697898335
314,0.6607793300725506,63255.82089990126,-34.215075589529675
315,0.6628724964198541,63322.210742816234,423.45067047112855
316,0.6649654402217313,63415.269698917844,97.78646390443492
317,0.667059865407609,63473.6550965046,424.04829741823363
318,0.6691532523078332,63648.06634748935,178.91982989195512
319,0.6712457992597233,63633.96294622205,307.8433684239796
320,0.6733390782258323,63680.46222959328,110.67331808008574
321,0.6754367503383576,63724.02698776415,371.5792448220072
322,0.6775335143160066,63878.87960325851,827.9930642818769
323,0.679624621064033,63929.86306394352,204.24638221061034
324,0.6817180292738917,64039.21314247804,95.93998639102088
325,0.6838149015047629,64163.42888865445,44.0928538154429
326,0.6859101434268815,64202.712861979315,392.55369378249657
327,0.6880046468184081,64401.5592146824,769.336957076973
328,0.6900999637264865,64538.58124491012,275.96303410591196
329,0.6921965733216279,64605.53922023804,136.90366867384282
330,0.6942884945981568,64631.24467486608,-87.48248880450906
331,0.6963781649531228,64693.96833989674,750.9592533859768
332,0.6984747371200234,64796.23053472326,227.90906658986302
333,0.7005690388882679,64946.65305419714,-94.74626365616943
334,0.7026621579778546,64948.83904005487,436.3353547729929
335,0.704757268847954,65157.70602101955,356.4782738732617
336,0.7068509057629639,65089.79733053436,160.30994707566776
337,0.708945644402387,65297.33817938811,114.17155075049116
338,0.7110406815970572,65231.76980825578,481.8379170620425
339,0.7131372373036142,65484.69920948521,8.66513325613273
340,0.7152323589250973,65598.6732038157,511.28837692778495
341,0.7173245162021571,65535.71985029882,377.83908205648856
342,0.7194199711852413,65591.60814466681,-30.384605457213315
343,0.7215151322330351,65760.1828048901,321.53682157229895
344,0.7236102334592447,65936.87173399993,256.32918202217394
345,0.7257047129497166,66049.51234784951,652.7471233161335
346,0.7277958825256088,66121.34281926288,207.42322477672917
347,0.7298900912292255,66082.47382167567,488.5587127056502
348,0.7319867159780691,66254.99404732375,391.5707857292595
349,0.7340808521059053,66469.33834347653,358.7844130768119
350,0.7361738853270124,66529.71973448005,130.44046782010236
351,0.7382682123604443,66796.41652737847,252.5908696398744
352,0.7403641944498084,66790.6062811689,628.3489234670574
353,0.7424576311971561,66868.61685113647,696.184883131119
354,0.7445523870480827,67036.61428439133,116.52496739550133
355,0.7466478284648128,66988.17323908728,187.22682196097696
356,0.7487413917548734,67208.39415950779,294.64792148564396
357,0.7508354594737505,67235.38528896468,742.6810322810487
358,0.7529278056847568,67405.64452614351,368.66909568476916
359,0.7550230257904859,67483.6970651515,-158.03313234493135
360,0.7571167923480437,67589.7067874603,536.9088984852341
361,0.7592113317151179,67693.15612443976,640.4903581273244
362,0.7613074731933067,67787.52742575797,410.83250115941
363,0.7634009581307508,67981.30451443295,790.7083268571301
364,0.7654969266569684,68071.95710060309,370.16742687838274
365,0.7675905899780763,68114.9063490032,486.8932963416719
366,0.7696837880547684,68301.96628457251,776.4834379414207
367,0.7717795008463626,68507.74083728394,463.8863196292299
368,0.7738757788346248,68489.99367880351,873.9194618096366
369,0.7759706260990727,68719.18316788666,441.7678285249535
370,0.7780620795267656,68764.51630867195,374.33119345888116
371,0.7801559906208961,69000.52124677601,92.25127758731584
372,0.7822523136569128,69099.04149540195,653.0680119792353
373,0.7843481481853999,69227.6098001374,-209.70085461003234
374,0.7864425511046899,69228.17497441628,570.5831417058938
375,0.7885343495966205,69218.96169032746,331.62951230647246
376,0.7906286372458883,69564.63993033502,644.0542888988215
377,0.7927244345313397,69565.96740810921,508.5124979672482
378,0.794818005513127,69832.60958064815,231.74105145638305
379,0.7969121491149282,69995.58766305217,479.90305930115585
380,0.7990047112993173,69902.21490362256,-74.20833476227821
381,0.8010984966914405,70222.2223393666,742.653134533457
382,0.8031950165575023,70223.52418385124,851.6796367960835
383,0.8052905677217739,70403.47497963662,261.97072456699016
384,0.8073868841230295,70460.6541725454,430.7218731730756
385,0.8094800557409162,70635.35527029268,580.1506306140851
386,0.8115724907946299,70929.01318584319,181.5991010516421
387,0.8136674854006812,70861.50960948762,506.92322499138226
388,0.8157633267681768,70978.05036069358,326.83681220500233
389,0.8178572815764139,71063.33888979984,320.35840178663926
390,0.8199509017046862,71265.88152326448,-144.92101064351064
391,0.8220464110750062,71382.85927942897,19.741383387052647
392,0.8241406544737637,71635.74321060102,557.7302751663308
393,0.8262328397247414,71716.19056399132,-37.00633505369138
394,0.8283269471334518,71776.40240123407,390.35303096113546
395,0.8304231064697798,72007.47940700318,131.63130218344705
396,0.8325161683796762,72080.42877301498,783.1657836767113
397,0.8346105557242035,72250.56599092818,371.41611872128703
398,0.8367059794413102,72398.84423124326,710.841605875047
399,0.8388002445604258,72567.56628983787,785.1446627727371
400,0.8408960756111226,72634.50418201466,887.0133290498081
401,0.8429905652842218,72669.16718022662,653.1424611158732
402,0.84508401313589,72786.24257127217,355.5355671940238
403,0.8471791713809247,73027.60564211797,477.4943981324495
404,0.8492743362825239,73083.60898563654,204.31033621078703
405,0.8513668888602299,73211.359079086,591.6536596360066
406,0.8534589296280589,73446.65970694378,606.2634545202325
407,0.8555558405338324,73558.16858367698,636.6494024245064
408,0.8576516874123633,73776.10337702453,698.1570953651834
409,0.859744590599333,73929.1943761808,313.3631490333818
410,0.8618400547669827,74110.85803540552,876.7457915058575
411,0.8639350434441438,74145.9035486687,252.74354926380076
412,0.8660280248974203,74486.6885202149,1172.7078053151904
413,0.8681201347325478,74447.34319199067,548.198190213353
414,0.8702157283801463,74643.89694966433,931.9148394133686
415,0.872310621353091,74765.1812075862,617.3719313326457
416,0.8744020359703552,74958.71891462238,1331.8723202023514
417,0.8764972088477568,75208.67080455009,468.1086114236925
418,0.878592835994214,75315.19926254664,1026.398475003754
419,0.8806870131084201,75440.74813218735,1159.375049500986
420,0.8827812802431019,75697.67716166913,697.6184856058034
421,0.884877279658285,75759.43528174372,659.5625933156006
422,0.8869730004154345,75842.74429379658,758.785028405313
423,0.8890661750433553,75967.31284932481,1055.7605969021786
424,0.891161435679344,76206.9511240809,895.712098508828
425,0.8932577960179496,76422.54853590051,858.1982926532247
426,0.8953527392107627,76494.89871003698,674.430504836774
427,0.8974462460666859,76695.09546896986,1126.8569086684392
428,0.899539340962409,76891.01502568102,211.2401593367333
429,0.9016318169027592,77144.58004585937,725.6474207838894
430,0.9037252249745606,77221.11423057111,783.6800202398409
431,0.9058199443223193,77311.51939838106,744.5866207741697
432,0.907915243986348,77547.84556447376,740.2420267294326
433,0.9100128049501981,77722.3808524087,678.8627917402812
434,0.9121059966002629,77965.16528763958,597.1159006890614
435,0.9141972861830797,78054.88461371831,750.1923291019284
436,0.9162932496702593,78201.21759840734,745.0417482630618
437,0.9183878012752863,78419.59978965466,731.0631012697346
438,0.9204823185419505,78634.60561467902,841.0813498980384
439,0.9225773629784582,78822.283245442,900.2750461359287
440,0.9246718174739146,78925.63833716401,285.6498998807654
441,0.926766211900197,79139.77697200858,926.8208611682285
442,0.9288591582540804,79349.22758273318,833.2575353560228
443,0.9309526610700547,79451.73508635019,800.5595660230374
444,0.9330479303067369,79669.97383814323,1511.8899401459873
445,0.9351433527997749,79676.29228915731,886.5166179369273
446,0.9372383527365933,79975.93873753444,867.4347940244689
447,0.939329757499591,80295.58449279386,1174.5622522806698
448,0.9414230571985791,80420.36646612277,603.5370776872427
449,0.9435210054806012,80468.5364439738,933.2604985409047
450,0.9456162503172072,80804.93267486947,1220.6774775936028
451,0.9477100092887099,80911.11912794379,1081.447532577678
452,0.9498046323041349,81214.74856275911,1020.7379499831683
453,0.9518991548408083,81287.43404826411,1043.170860824855
454,0.9539929332702277,81411.65970629071,893.4471710853719
455,0.9560874898052096,81509.15680020169,791.8359956835486
456,0.9581824530689178,81831.15916166213,1149.932901778419
457,0.9602770371571748,82134.19398788185,1081.4886211847854
458,0.9623710723241273,82349.11465600092,980.2708802364249
459,0.9644648349083941,82467.32854904937,1064.006005000727
460,0.966557887379011,82742.20017526108,876.8249120465084
461,0.9686513195291268,82928.93057678908,932.3471405501614
462,0.9707470393683869,83124.92300539157,1060.4451972876377
463,0.9728419987888902,83287.09592704942,1151.045780213984
464,0.9749363451418961,83386.48200225762,1018.6763493718473
465,0.9770319720978949,83604.42424188847,1098.210015257636
466,0.9791260608689247,83780.68144995056,1238.1667820276964
467,0.981219993418123,84060.36359111029,1047.357041551013
468,0.9833154848012966,84312.92856789584,1424.057018377674
469,0.985409217900734,84430.46177321958,1284.8171001912822
470,0.9875034929558208,84659.64499835548,1338.8349254831778
471,0.989598845059814,84835.61700853273,1190.3302051148314
472,0.9916925524589582,85053.48945686495,1190.032559884841
473,0.9937866222530743,85173.01928512527,1271.3499036143496
474,0.9958822538585521,85492.66062676799,1390.2803988097735
475,0.9979763461234663,85784.66306551217,843.9812068045468
476,1.0000687382803208,85946.23360990633,1464.567361643193
477,1.0021620574674717,86058.45184115107,924.6014672367081
478,1.0042566040705312,86304.40126891466,1380.1088673905278
479,1.0063510481087232,86743.35429091673,1436.2367812152027
480,1.0084458017147504,86737.24608440929,1184.4213380975402
481,1.0105412449330358,87074.87155020959,1177.8139876849866
482,1.0126363206852906,87346.61993340371,1304.9629632980877
483,1.014731689048677,87594.02643614757,1772.2779401090556
484,1.0168251811607234,87714.8340490561,996.8923256960773
485,1.0189183181794257,87994.44611477213,1314.0531420023983
486,1.0210135131858313,88167.89947963257,1619.1800488438548
487,1.023107899818119,88293.21334165138,1391.5290010056813
488,1.0252035642142994,88639.1196405531,1949.3134221900657
489,1.0272979326699727,88883.05979209197,1436.4831235697407
490,1.0293915165160124,89076.82670147711,1641.9436240390157
491,1.0314862118776227,89367.78534589312,1730.5406629383353
492,1.0335813276438528,89535.05678786003,1655.1291045866442
493,1.0356760372494827,89762.47107454517,1447.064133831116
494,1.0377697665518313,89968.56363900969,1573.4486220820097
495,1.0398635542890804,90193.12270290866,1405.8832221702373
496,1.0419580022733907,90527.08240071326,1692.982427464419
497,1.0440530837182007,90811.40440256942,1771.7558829342051
498,1.0461463909219801,90935.26734994924,1718.3313297993377
499,1.048241289239942,91196.2094782753,1301.1369340741148
500,1.0503346504195201,91586.40700859182,1507.7132368510966
501,1.0524278880438542,91726.83312275504,1240.765990588207
502,1.0545231057279465,91973.37410699531,1572.6754797806318
503,1.0566172205725972,92280.77027908726,1233.3896633721754
504,1.0587125681053644,92428.20722038984,1410.9654628812773
505,1.060806974942881,92739.24402102234,1575.3302884302682
506,1.062900937291859,93027.82262820483,935.2249482615897
507,1.0649968400029963,93096.4641120463,1443.9592977977516
508,1.0670917748856612,93425.79138827045,1641.1795361380575
509,1.0691837840599538,93805.57540260575,1774.203797972302
510,1.0712784055790137,93930.81596502292,1683.2982769269179
511,1.0733741944109443,94291.54117366191,1460.1708354173813
512,1.0754689143080451,94557.26158101138,1564.532877960168
513,1.0775625935653539,94687.75504141882,1492.3838569037139
514,1.079656551776009,95167.09236664342,1685.0091798304256
515,1.081751759033872,95339.72050035333,1762.0812543002955
516,1.0838450038800544,95518.24749646148,1676.0376557172447
517,1.0859393346043436,95875.04745961115,1912.19198604935
518,1.0880340737032612,96087.66388575487,1518.7361492946177
519,1.0901280973397867,96366.43598381175,2057.2767344393983
520,1.0922232205093443,96729.41916821372,2056.174476377656
521,1.0943183198095006,97045.7819082992,1341.9132977644192
522,1.0964124680620808,97257.14118617342,1682.1046086305744
523,1.0985066965945804,97538.68267057612,2089.5648380518733
524,1.1006022506925348,97887.0466005334,2121.9387785066474
525,1.1026960746069068,98046.51345066277,2082.734009088787
526,1.104789420523433,98279.8444889403,1761.9162823489867
527,1.1068841457204943,98479.44836542796,1946.8087965734776
528,1.1089772649904681,98864.99550569759,2080.355309346234
529,1.1110723868790173,99136.4327135903,2129.2672028845877
530,1.113168427194727,99577.78616137579,1938.2113791513725
531,1.1152626776337078,99762.91960690368,1903.0450410546164
532,1.1173574051129724,100099.43036758107,1987.7612932094296
533,1.119450573697561,100488.32294510785,2143.310858842963
534,1.1215436337779248,100636.22967709367,2188.335513985421
535,1.1236390334415942,101038.0627462566,1997.9843257396728
536,1.1257332200225998,101319.49896274832,2197.001633864558
537,1.1278283378211404,101505.93573207993,2006.8316441402749
538,1.1299238131648552,101942.74505280233,1860.7037000819416
539,1.132017447124327,102077.65262511,2068.546033079302
540,1.134110650036949,102363.89020345597,2001.3725943697434
541,1.1362036259959787,102732.45066265557,2044.017045143445
542,1.1382991427598659,103017.04356686094,2101.425067031769
543,1.1403936066737896,103425.1363675369,2197.098034247454
544,1.1424878264606209,103727.87434750442,2021.7761668250012
545,1.1445836717483504,104092.13096189938,2175.685172233794
546,1.1466778755714095,104321.58591003716,2428.4794739985405
547,1.1487715351237628,104619.44336972512,2646.560638533342
548,1.1508672245306748,104891.82836255475,2142.03354709565
549,1.152961670034179,105228.38497775557,2451.3471739181678
550,1.1550551275418117,105553.50272203567,2304.084934685202
551,1.1571500620004906,105887.87209263908,2428.9430862438016
552,1.1592451155989445,106126.5279300101,2347.2835313368923
553,1.1613401484055899,106458.28139827799,2182.8200191597807
554,1.1634328135986687,106859.0397751767,2641.9076794429616
555,1.1655280225544649,107099.231999155,2316.051634336291
556,1.1676232414157608,107624.47989107981,2277.4453681955
557,1.1697157183635434,108103.15575511604,2401.038522743684
558,1.171809765164966,108196.85845086,2505.621238676595
559,1.1739036754657965,108683.60859173576,2594.2259395381184
560,1.1759974618047027,108894.81994768069,2309.76229215013
561,1.1780927342002254,109216.71022825627,2808.600957289485
562,1.1801886215978319,109590.06304134108,2742.4201204322544
563,1.1822824649467334,109935.96229277895,3112.381864332708
564,1.1843777187054296,110405.01780024183,2132.858252401022
565,1.1864731317277017,110710.89114871238,2465.342809747755
566,1.1885662199882188,110954.2337471229,2299.0114517069783
567,1.1906603290984812,111377.33718554222,3127.4638472576307
568,1.1927560449071208,111649.14170298887,2742.305952444677
569,1.1948501301675682,111981.19411423289,3356.0814254590173
570,1.196942866326464,112534.97270056508,2760.2058325674557
571,1.1990363434731066,112883.87993399051,2689.899494395272
572,1.2011315528209288,113256.49651478248,2950.2605160202593
573,1.2032252726398727,113439.08057516486,3050.907105522319
574,1.205319131714267,113784.63780807852,3002.4437488964604
575,1.2074143429200774,114290.22265506361,3376.6118805729916
576,1.2095073316728018,114504.62293330036,2814.3196856552104
577,1.211602159357548,115024.42708336443,2638.711355900485
578,1.2136984428310558,115412.27958264708,2513.4177254921483
579,1.2157943340364452,115762.10719392123,3454.2759926470308
580,1.217888268816351,116038.30823917007,3226.4044286643275
581,1.2199821909033837,116447.33231292864,2640.682355054214
582,1.2220779372220854,116833.53536033297,3037.850413316257
583,1.2241720630448372,117321.83939889168,3276.7286599467743
584,1.2262656486341297,117555.38354144192,3306.447982607899
585,1.2283602712023978,118131.15241150222,3497.9540206060396
586,1.230453847781421,118416.22219027884,3531.937436842096
587,1.2325484279288663,118654.14819394007,3316.2721283486608
588,1.2346427330328844,119306.72227682477,3363.2608275787816
589,1.2367368340043534,119698.2867691941,3394.231233325418
590,1.2388320989568682,119920.14667416255,3442.4766567259326
591,1.2409254956441091,120409.89992437628,2786.829632563687
592,1.2430201387037565,120686.93845274726,3900.1958670612644
593,1.2451147141570293,121284.07348023156,3370.1604726890732
594,1.2472087367784284,121489.26049361209,3390.9630736415506
595,1.249302614173833,121950.24854912488,3593.372459639965
596,1.2513971052845823,122361.47684090331,3967.0186347434237
597,1.2534931066319515,122889.88115055973,3886.016218564752
598,1.2555863817711985,123167.39998202042,3889.693109757259
599,1.257678969059161,123621.85007589232,3716.338404139561
600,1.2597748382104277,124042.50163123236,3743.6036899241863
601,1.2618698898493887,124631.79598554158,3679.7433282479374
602,1.2639640740660565,124824.11100040046,3594.3244115095736
603,1.266059176034634,125406.4670124827,3454.3075651581025
604,1.26815329738596,125721.89921816801,3433.955845585994
605,1.2702469827768745,126341.89313752438,3596.4215028255203
606,1.272341439773769,126644.21429606424,3847.0478820796448
607,1.2744361591580655,127039.99498382234,3832.381275559913
608,1.2765301570381213,127425.23159857209,3865.7178190744394
609,1.2786243195908502,128118.5080807905,3567.5330990106995
610,1.2807201779848052,128558.40039049352,3805.6461961791288
611,1.2828149770647865,128850.42734405534,3615.6233460415715
612,1.28490831046805,129362.4424471367,4103.270444934407
613,1.2870024746125797,129773.58984673949,4151.711113323637
614,1.2890960788179595,130060.64785594412,4356.903869462958
615,1.2911903407610128,130721.77920237291,4329.455301020103
616,1.2932847299377603,131080.15463698652,3997.1928681587538
617,1.295379834193548,131459.78778551763,4227.890695322008
618,1.2974743412448833,131961.11694494402,4690.614878462822
619,1.299568838606027,132545.55142129865,4314.378355592057
620,1.3016640567270552,133044.2445085588,4279.078053147552
621,1.3037578272673165,133520.5352327429,4208.342562954163
622,1.3058518980796576,133995.8184297943,4830.492802884643
623,1.3079469520711469,134365.17990382065,4834.0923821373135
624,1.3100414674631762,134752.661424688,4462.827568731836
625,1.3121343419146885,135154.62472353104,4545.83458930549
626,1.3142291157646366,135948.93831592184,4527.492767229322
627,1.3163249547628966,136362.05412446792,4792.976440303639
628,1.3184204308819243,136769.65144207055,4952.821942047305
629,1.320514045081714,137467.552706466,5232.947324981891
630,1.322607731116918,137793.38564222536,4754.037326423952
631,1.3247030067977636,138320.96326709012,5035.67815834611
632,1.3267964975071294,138846.0931447029,5451.1147532017685
633,1.3288900457896358,139433.57986405175,4703.063135552429
634,1.3309846323229146,139953.6425761827,5293.89176891428
635,1.3330795391690438,140260.40244282468,5587.298360693662
636,1.335173949560825,140863.3705330959,5194.941333892522
637,1.3372672428845813,141459.57018595515,5288.987680571638
638,1.3393616502777206,142131.8225181932,5493.27292745701
639,1.3414564546808454,142366.4514245476,5151.025527364538
640,1.3435497634465539,142933.35904574362,5702.520879058272
641,1.3456439095281743,143319.2221488245,5746.623072750122
642,1.3477398961804745,144169.6669922379,6020.284302480269
643,1.3498356331361778,144510.49286917353,5508.064684896753
644,1.3519291222201564,145149.93998025137,5470.13424000169
645,1.3540221824451044,145623.02694050103,5730.727261235024
646,1.3561174165883387,146103.2380189388,5669.849777304608
647,1.3582118000666776,146839.6555838874,6533.261317809458
648,1.360305548489477,147376.69364209668,6530.82825255827
649,1.3624016471705516,147950.29049488818,6090.240827838369
650,1.364496581524498,148421.49976626594,6636.782754735869
651,1.366589927521404,149017.92001742765,5989.373867831993
652,1.3686839345616666,149722.17282672666,6372.9070557018895
653,1.3707785136744248,150243.83351234635,6373.16461805214
654,1.3728736781569988,150889.96752057565,6721.617931066784
655,1.3749673745335222,151496.49226906445,6476.643396526239
656,1.3770602631292597,151817.83598374363,6690.746147660223
657,1.379155717578164,152551.14550226674,6793.9899547879
658,1.3812508039107998,153183.38068682505,6552.252756348915
659,1.3833453325862841,153674.40200904413,6791.297429705866
660,1.3854396647384786,154157.7862677756,7026.422134278944
661,1.387533616953471,154933.69679237073,6492.524322127406
662,1.389628935147901,155431.46229702616,6776.294889296197
663,1.3917230672721894,155851.78147954156,6584.824265373956
664,1.3938172778813163,156679.09026120187,7293.897187491983
665,1.3959128506087028,157380.73893326832,7278.927032518273
666,1.3980069894682674,157883.80672983144,7567.100527665324
667,1.400100032768225,158315.59565698277,7610.909823689848
668,1.4021942273095422,159286.70903990878,7433.305806190646
669,1.4042879724639459,159707.78016288526,7239.115850235254
670,1.4063822250727482,160142.66614436297,7028.1535726404445
671,1.4084777998796327,161253.7360065436,8127.447292742427
672,1.4105725454065003,161709.85105051863,8139.129171035687
673,1.412666035757187,162360.6723391728,7212.948475172347
674,1.4147597581950535,162943.14175691718,8381.50712793756
675,1.4168552493745823,163652.96103485022,7859.9345105003595
676,1.4189502707585735,164312.8247502221,7704.397876529165
677,1.4210439871962917,165036.45474621208,8773.854361986268
678,1.4231379588066748,165602.87545425937,8426.444128117457
679,1.4252323843784174,166242.70235457685,8867.43670853215
680,1.4273263645812686,167056.6529506573,8359.222442221067
681,1.4294209343777806,167424.85792241993,8905.334400907093
682,1.4315160587565352,168234.0582463564,8615.266738585553
683,1.4336101809254245,168869.7970452104,9270.173307882711
684,1.4357047233292217,169633.69225716282,9005.122735021256
685,1.4377991034950037,170269.26246134634,9094.678147069533
686,1.439893269172154,170833.43049127783,8951.174763553161
687,1.4419870983325702,171737.61249952164,9085.70237499648
688,1.4440820971476513,172225.78717226812,9707.494952567142
689,1.4461780146809415,172976.17847634177,9309.581973139506
690,1.4482723645441788,173589.24824796137,9317.084253098672
691,1.4503661519067539,174582.16472381793,9718.923461712864
692,1.4524608997459605,175229.05238568576,9704.985957989113
693,1.454556191478353,175872.95489027057,10035.645541955162
694,1.4566505605195028,176545.09675658747,10266.762557223441
695,1.4587435672120013,177364.92487973816,9882.225708533799
696,1.460836376274075,178043.6563585976,9923.420158183155
697,1.4629315024559504,178809.78639621488,9822.524152095546
698,1.465026115161985,179598.1809684148,10909.514203798746
699,1.4671201905708728,180247.89313806675,10728.903929702481
700,1.4692142550197365,180976.82913479485,10968.83218634134
701,1.4713085109511452,181692.05803938376,11026.328886934689
702,1.4734040883627781,182496.89467188716,10978.843940220975
703,1.4754983077923518,183367.8950856115,11868.225876132907
704,1.4775927333883283,184138.4080811626,10865.542016680627
705,1.479686516386449,185111.86112908565,11078.558904385696
706,1.4817805445745025,185739.02933733288,11045.663272455311
707,1.483876051193717,186435.17172990556,11713.363796140397
708,1.4859713583510508,187244.34317141186,11226.96032521715
709,1.4880662760111125,188098.11272106762,11193.71189677186
710,1.4901603423423662,188879.22814133854,12545.372566719527
711,1.4922546168830801,189839.4516416267,11372.764147263386
712,1.4943493508016918,190438.67713873918,12062.76256210633
713,1.4964436549031517,191361.37332455983,12491.215833408469
714,1.4985372426394363,192206.94298119098,12327.10526315485
715,1.5006303537214591,193046.63947121042,12242.128429211705
716,1.5027246941647125,193873.69347319778,12288.201086861456
717,1.5048198674391857,194743.30626642218,12554.6422449032
718,1.5069136003861163,195463.53961022486,12960.56015437427
719,1.5090076377683221,196589.72187157103,12536.478170199664
720,1.5111026723067662,196962.32219672066,13285.212437092941
721,1.5131971028762412,198042.01538519876,13060.364543752226
722,1.5152912609041667,198820.69426754751,13556.84430139249
723,1.5173854934463344,199690.6799973041,13047.852840042266
724,1.5194808793753787,200503.83952935803,13330.25565171178
725,1.5215756259285513,201479.44944446193,13789.269467535512
726,1.5236695807770564,202518.7950627038,14730.714922110403
727,1.5257641081783464,203291.52394369428,13912.036875860122
728,1.5278584873608179,204036.3736992155,14286.875395783343
729,1.5299536435991428,205125.83751518355,14814.41447760501
730,1.5320476585044298,206093.53943010166,14671.291644017083
731,1.5341414384393777,207001.00887755986,14597.227070228286
732,1.536236950937659,207734.55999943998,15288.154450480195
733,1.5383317033374695,208669.43340671528,14926.666567216631
734,1.5404255753841434,209512.30063816233,15224.40661097126
735,1.5425198393431812,210509.10816682852,15390.762027757512
736,1.5446136227526486,211430.46321694666,15387.383620634027
737,1.5467072285753283,212290.63638503954,16562.793706439705
738,1.5488013111816905,213404.53467263028,15606.99183127249
739,1.550896674249749,214250.15766429374,15999.434539333204
740,1.552991701547339,215410.79758988615,16504.077156012547
741,1.5550856629518366,216253.5064727947,16014.572860403909
742,1.5571801051512508,217005.41324990868,15498.01037776351
743,1.559274417579796,218287.55203577445,16832.17253038053
744,1.5613691533539047,219381.71338976888,17452.38414637664
745,1.5634631934261796,220200.73744206328,16920.878187602633
746,1.5655577892497892,221530.8040612048,17189.062885942636
747,1.5676527275763066,222317.26088196202,15856.928505199017
748,1.5697461748764228,223308.74664235147,17582.27581392202
749,1.5718402189801153,224428.5227688208,18342.25559148997
750,1.5739346218160084,225402.0775900565,17580.827022148296
751,1.5760295037244485,226502.98369867064,18523.983736429807
752,1.5781239238326052,227442.80338076336,18460.67638389719
753,1.5802176736109215,228453.17171789828,18599.620047719378
754,1.5823123941098438,229526.5751557169,18856.397518375696
755,1.5844068047546922,230595.06741583542,18530.65969369497
756,1.5864996832696292,231598.06700175008,19360.369430744806
757,1.5885944598128996,232832.23393334786,19877.11900791823
758,1.5906903325437156,233855.98476907713,19200.037879254392
759,1.592784689092666,234930.9575715422,19767.663027084203
760,1.5948796873290236,235855.10684962035,20252.797204143404
761,1.5969745597395735,236891.7299224468,19751.422522685643
762,1.5990689218084002,238130.07381246274,19611.6374186262
763,1.6011633213632455,239198.45587714342,20951.511531119726
764,1.6032577776043084,240391.98887139058,20707.168025609415
765,1.6053514020964894,241581.5022916096,20792.292940256284
766,1.607445093072501,242734.45532913177,21925.59407803686
767,1.6095393086936036,243763.5962747955,18943.643165126927
768,1.6116336711357766,244834.26605045484,13826.576662428964
769,1.6137279918528686,245626.3193236776,7630.431586848503
770,1.6158221116449558,246845.696971652,4046.4157251041743
771,1.6179176229648538,247951.56776531765,-2011.1861364162621
772,1.6200131612431772,249221.4404663597,-6340.884940560623
773,1.6221069236192778,250323.01067084368,-13186.176793331651
774,1.6242011307622557,251421.2608268154,-17194.33129874896
775,1.6262960841945175,252389.55585971815,-22841.087092071222
776,1.6283896203498047,253690.62214704527,-27801.217574284972
777,1.6304834947928883,254798.37004729605,-33450.95710992009
778,1.632578127710653,256107.55249286283,-37072.70769854016
779,1.6346731813158608,257132.79183720224,-43286.72745934326
780,1.636767172365261,258317.69225525783,-48243.77193800257
781,1.6388603779595408,259417.50094444703,-53747.07512547225
782,1.6409563605892468,260298.11699894248,-58806.74311143824
783,1.643050621284035,261483.37908135142,-63435.648621456174
784,1.645144102645386,262971.0561367543,-69834.6699249143
785,1.6472395726584623,264080.2597550622,-73875.0896109913
786,1.6493331318477138,264996.6180590315,-79454.98079236543
787,1.6514277435583298,266258.15876617207,-84918.4434098345
788,1.6535225655624404,267708.7842354131,-90219.8112811046
789,1.655616100487628,268525.40196165413,-95400.33701746173
790,1.6577106071833263,269848.2690365027,-101186.2305009842
791,1.6598050724476994,271142.2790058055,-106339.75282173557
792,1.6619001395524664,272372.7392874904,-111268.94966499215
793,1.6639948642035431,273470.80718533194,-117268.40246206401
794,1.6660882997554614,274648.5204313325,-121936.901947303
795,1.6681827329415837,275990.10944517533,-126343.091321367
796,1.6702780557373313,277237.15755166125,-132270.50035527744
797,1.6723710846745943,278676.97273205954,-137968.51512371612
798,1.6744651718920411,279814.1113151947,-144004.5037287024
799,1.6765602044792516,280938.69397429813,-149729.9979340736
800,1.6786535596079524,282556.0941829629,-154471.8872367236
801,1.6807491745425278,283741.12941773154,-159826.2236943144
802,1.6828445761171116,285069.74763752957,-165427.4248988669
803,1.6849386388007168,286180.0672509478,-170662.92445471216
804,1.6870339476475265,287739.397282412,-175096.1445031192
805,1.6891280758541645,288940.61722164776,-181722.00643461136
806,1.691221272327691,290658.5189637465,-187736.23850506826
807,1.6933141346742315,291621.4678356303,-192534.9416011224
808,1.6954090930463133,293178.85307704256,-196884.80108893538
809,1.6975047078021417,294383.316535693,-203175.67815856682
810,1.6995991246970055,295561.551342683,-208057.73662303723
811,1.7016934918813407,297535.77518103895,-214588.40104632624
812,1.703786903721137,298800.34478448564,-219305.1868962169
813,1.7058818292953146,300247.41083075246,-225324.78640309552
814,1.7079768740006063,301600.934588554,-231137.7543258467
815,1.710070845319196,302839.9489802628,-236753.63210812912
816,1.7121645316176712,304344.7478065918,-242203.26051457966
817,1.7142597272321454,305614.63104863506,-247344.20399055452
818,1.7163549406546734,307205.7368824425,-253885.053607912
819,1.7184482195940645,308594.7629892461,-258422.25967776755
820,1.7205423072627637,310056.7554272821,-265482.99853865895
821,1.7226374847113666,311597.95584619086,-270180.02574915835
822,1.7247323233526113,312919.188975815,-275879.47973491414
823,1.7268266901810085,314799.42481567117,-281976.21353567735
824,1.72892134476467,316103.4537164393,-286706.52062070614
825,1.7310153629662073,317347.0148659881,-292931.5461371942
826,1.7331087353021186,319515.60254901735,-298730.3915105626
827,1.7352028820270462,320629.8348713685,-304913.5102843636
828,1.737297419510233,322123.7239431628,-310886.8217346975
829,1.7393924268721555,323672.81242947665,-315694.98491111683
830,1.7414865202316776,325455.4300693167,-321723.5870399198
831,1.7435798385311778,327034.3727252069,-327950.8941671666
832,1.7456747741592018,328926.75683156267,-334710.69715307123
833,1.7477707733578058,330167.13642676297,-338726.66860365344
834,1.7498644151299778,331666.89988659945,-345372.16600429756
835,1.7519579294274097,333364.6376901356,-351070.6440275933
836,1.754052537005875,334941.1332076917,-357024.2043843942
837,1.756146014277543,336277.5075829445,-362538.9562521678
838,1.7582399685899122,338100.4607189118,-367934.8392454084
839,1.760335124398212,340010.61357027484,-374981.7334776695
840,1.7624306374180432,341187.2065527996,-381419.8575541669
841,1.764524733445493,342980.2226115908,-387253.61598559935
842,1.7666195957988082,344765.7762425289,-392675.2925887761
843,1.7687146552767006,346738.036119165,-399592.96614146914
844,1.7708085687106505,348584.9803181853,-406047.13284712157
845,1.7729026984403262,349903.3783749949,-411541.5329617093
846,1.7749968373222131,351807.8914503715,-417982.34921172494
847,1.7770919795414395,353195.1368689659,-422875.8126687902
848,1.7791866891650514,355145.439772264,-429844.6235697165
849,1.7812805740714612,356759.76367999724,-436152.0749230814
850,1.7833749145944944,358627.262747271,-442111.6014773485
851,1.7854698174814119,360590.4550909784,-448886.91463904566
852,1.7875649050000997,362416.63165479165,-455021.4315111635
853,1.7896586091751823,364616.0080042353,-461933.69091897435
854,1.7917528105223397,365898.77547179704,-468000.43892149493
855,1.7938472619734778,367503.7576896524,-472909.72740834084
856,1.7959410333998334,369604.5201946374,-479637.4333766899
857,1.7980353139963554,371915.93783890124,-488135.486300226
858,1.8001292949050451,373578.0608337639,-493017.60176184983
859,1.8022240144636215,375065.37327910145,-499192.9823397038
860,1.8043180357006787,376915.6146641842,-506059.9703462242
861,1.8064120149556366,378979.8024425014,-511990.8962741792
862,1.808507216693214,381035.26491886174,-518694.0925552575
863,1.8106012235056632,382840.24491457327,-524512.1673683884
864,1.8126961076333348,384888.9541153792,-531823.5769729812
865,1.8147906359659112,386586.99184650875,-538640.9855741961
866,1.816885013662702,388887.2775266295,-544959.2591218947
867,1.8189799788179999,390560.46602270193,-550896.2209546268
868,1.8210733357472892,392932.4257015791,-557663.060967729
869,1.8231675363973032,394824.4695501963,-566548.1816655564
870,1.8252628639859947,396483.2638335907,-571456.4124978832
871,1.8273578690890415,398852.4290606203,-578139.7849918695
872,1.8294529153678178,401032.7872738147,-586378.281801471
873,1.8315468366202061,402689.2681029748,-592109.3259012802
874,1.8336403420201965,405140.690678064,-599761.3113899343
875,1.8357342642631629,407796.74052095186,-606847.536352932
876,1.837828606636473,409435.6731688174,-613157.0504030241
877,1.8399232687279,411316.00717055955,-620925.6233250938
878,1.8420169361094605,413636.50376743096,-627680.8144864056
879,1.8441103454239045,416141.0422356814,-635009.3169881476
880,1.8462047113551943,418369.89005685283,-642385.0559697853
881,1.848300337583767,420458.5257537944,-649124.8617526485
882,1.850395118058644,422060.13030773023,-655370.9993044623
883,1.8524895015648957,424717.1312704276,-662639.6926563926
884,1.85458435317291,426816.27169580123,-669883.3280617585
885,1.8566786691854407,429000.1848754465,-677275.8416670004
886,1.8587722962005393,431409.411854857,-684306.8194075543
887,1.8608667292143481,433424.6798835445,-692022.3074551134
888,1.8629623979972338,436076.74879393785,-697956.1291879823
889,1.8650575007618033,437969.6471782275,-706232.0382625377
890,1.8671515757398978,440513.1146120727,-715159.5046765943
891,1.86924567270883,442875.5546107445,-721772.8068688974
892,1.8713402290883943,445335.7150533824,-729350.1503151935
893,1.8734333441485889,447549.5805885798,-736299.4631459857
894,1.8755274569663687,450262.05951338256,-744653.830743442
895,1.8776226584010878,452499.1321861803,-752559.010130288
896,1.8797156234954413,454359.2490742738,-759233.5792789309
897,1.8818097674713492,456907.2939018578,-767185.7833722967
898,1.8839051205157094,459436.2345116839,-774907.953869526
899,1.886000042933448,462025.93780104833,-781875.0241686947
900,1.8880949075451439,464578.16614205955,-791625.7182871539
901,1.8901881584759161,466902.7744342911,-798165.040764607
902,1.892283217936019,469381.14810528443,-805208.5215556767
903,1.8943782680554568,472233.4017822621,-815497.0693478278
904,1.8964720473710392,474863.52734213596,-823124.7742240102
905,1.8985668668489433,477002.0417817948,-830082.3661087031
906,1.9006612809862096,480542.762638211,-840551.497457096
907,1.902755719587151,482496.9492397294,-845842.5145941863
908,1.904849757588545,485779.8905740856,-856916.6801295291
909,1.9069430754605277,487545.80881344434,-861997.2039059172
910,1.9090378340013505,490243.307105204,-872422.7011765598
911,1.9111324914183263,492871.2088523764,-879662.1088004563
912,1.913226965923519,496186.0663836313,-888654.0012010996
913,1.915321381331026,497930.13299365697,-896331.6514044441
914,1.9174162748437817,501058.0585754583,-905576.7215900861
915,1.91951096404297,503877.7861496313,-914076.6776962434
916,1.9216039358616672,506408.4168505583,-922194.4602319257
917,1.9236986253914137,509430.4918760839,-930914.9268199673
918,1.9257933066276691,511936.29901332065,-939235.4521271709
919,1.9278873651498682,514738.4096558547,-947752.266962175
920,1.9299807661659822,517438.3070348727,-956901.8175231759
921,1.9320760482648573,520591.38213149435,-966867.2764690676
922,1.934171767524072,523244.7268077163,-975453.4149191073
923,1.9362651059315399,526143.7892705359,-983817.8838440322
924,1.938359138419254,529262.4341822328,-992005.1545596634
925,1.9404538735984294,532239.2528742537,-1002366.8833028398
926,1.9425479146608418,535248.8365624101,-1010746.2694794332
927,1.9446418189559174,538006.6095030596,-1021002.6031164909
928,1.9467371502259871,540536.9481685186,-1027753.1780330254
929,1.9488329760684335,543955.6575077135,-1037127.1662554914
930,1.9509268120448882,547467.5636007725,-1048369.3896313161
931,1.953019609354344,550043.0499312894,-1057256.3037961358
932,1.9551147244404972,553657.210204118,-1067214.3411860117
933,1.957209950604826,556217.5643298668,-1077188.8315268885
934,1.9593041179655175,559304.944664753,-1085252.2200890728
935,1.9613980124620214,562879.1351779882,-1095490.4886613805
936,1.9634920823781827,565812.0976323116,-1104245.8522842913
937,1.9655870316775599,569744.9139352016,-1117037.6174006015
938,1.9676813106463258,573052.0155751554,-1125011.2666332372
939,1.9697755380711686,576387.3390939316,-1135892.997854548
940,1.9718704076888727,579259.550012885,-1144482.4020868393
941,1.9739643213778544,582263.9810600324,-1155124.3864811554
942,1.9760582139073395,585975.5573299445,-1164313.6642754436
943,1.9781533744008393,588875.1663782278,-1174275.479712264
944,1.980249297656676,592228.3901903799,-1184924.7111728338
945,1.9823436902775773,596916.9553406703,-1196867.4610381464
946,1.9844363854611324,599443.067931174,-1206011.2227822796
947,1.986530057736426,603452.2870728341,-1218661.0726228056
948,1.988624138262085,605789.2396795608,-1226483.4587180999
949,1.9907191302641989,609462.571013892,-1237867.8419278609
950,1.9928140678397719,612454.0240796369,-1246511.8675115549
951,1.994908057158038,616300.7329009611,-1258734.663564594
952,1.9970037235567513,619512.3925231572,-1268698.3696386328
953,1.999098539119481,624192.5798498718,-1279951.2733691433
954,2.001191245179364,627728.1655982485,-1291916.0520827172
955,2.003285465781134,630870.7380144058,-1300954.6434299722
956,2.005380090953843,634642.9547886384,-1312139.6020290237
957,2.007473757612322,638557.3033055484,-1322972.2907284966
958,2.0095674385752345,641894.2500619701,-1334412.7015566856
959,2.0116620669227445,645376.1452873934,-1345676.4425729553
960,2.0137574654124313,650156.2831418214,-1358414.5339846942
961,2.015851542299029,653029.7706024284,-1369222.7374138788
962,2.017945842236743,657397.2950382207,-1379502.7416207655
963,2.0200414078173843,662201.5700420627,-1394448.4133965806
964,2.0221364472105585,665331.4032996285,-1406372.38831811
965,2.0242304661583193,669601.0138057095,-1418341.7976523738
966,2.0263241213554704,672355.9186410225,-1426873.406176127
967,2.028418169537371,677336.0052382963,-1439962.7442610713
968,2.030512126699397,680256.5913433458,-1450669.05768739
969,2.032607257696191,684858.7992950925,-1464684.9921802734
970,2.0347026748788237,689166.1964063221,-1476144.7065993801
971,2.036797432049628,692787.9044919024,-1488823.853430593
972,2.0388917803566513,698378.1006735242,-1502453.0559463983
973,2.0409854404727548,700988.5166606752,-1514457.0793767641
974,2.043079158497923,705476.364776478,-1528433.2464383757
975,2.0451737042342053,709184.9247835322,-1538687.1196429092
976,2.047267957686092,713514.0048897843,-1550519.6715130608
977,2.0493625921646865,717920.9847443415,-1565181.1797079176
978,2.051458159400133,722229.0465517802,-1579933.3293943421
979,2.0535521918605197,726842.5928992886,-1589521.95483029
980,2.055645062675616,731051.3404499067,-1605338.4699172848
981,2.0577393587752955,735972.0523977671,-1620399.8022531832
982,2.059834437786395,739068.7354110006,-1629148.7507178267
983,2.061928055170489,743300.9440860637,-1642064.4697536558
984,2.0640226957402352,748143.1954309298,-1655004.4152740955
985,2.066118258189404,753312.5458067049,-1671207.5193781604
986,2.068213196804832,758980.506071395,-1685745.2112286603
987,2.0703072818107917,761811.942999145,-1700295.8852389434
988,2.072400931462771,766686.8690537,-1712289.8097098568
989,2.074494103322103,771630.3017471528,-1728871.1753954596
990,2.076588647294614,776112.3624541527,-1741693.4290207531
991,2.0786837571325223,781691.9686600261,-1756614.701845027
992,2.0807786951127576,785909.5934047011,-1772492.360092954
993,2.0828733611799306,789962.3747494254,-1783267.8277910943
994,2.0849676047315464,795637.9867848721,-1801579.817624436
995,2.08706191167589,799894.5103130987,-1814713.1625522352
996,2.0891552570733616,805113.2778764035,-1830927.51376797
997,2.0912498961643236,810195.7580792238,-1845000.3110561294
998,2.0933446561638878,815628.5729978936,-1861449.8694694634
999,2.0954387435644386,820300.890625871,-1876817.0640057845
1000,2.0975335870618825,823309.5892921516,-1890316.6612548302
1001,2.099629070349723,828402.5812309091,-1902868.8784150432
1002,2.1017228492895934,835593.2261824291,-1923427.0745486238
1003,2.1038170482062775,839815.6619990816,-1936465.8803724768
1004,2.1059122372778973,845936.757046389,-1957491.6106769142
1005,2.10800554057148,851788.1616496558,-1973705.8084687965
1006,2.110098599114947,855709.1962741133,-1985548.590976073
1007,2.1121927216235163,861275.0507532883,-2005424.4556630696
1008,2.1142879182187984,865707.3477410189,-2017066.9684073813
1009,2.1163820759811065,872068.6802612359,-2039527.719151031
1010,2.118476597123504,877744.8138111951,-2056419.6559419688
1011,2.120572077635568,882971.4539749144,-2072581.9802434745
1012,2.122666143506846,887824.6605913604,-2089679.814294422
1013,2.12475947440395,894729.7863763915,-2105924.6926931213
1014,2.1268549228070284,899854.0893280475,-2124540.587591975
1015,2.1289503858580807,903714.3635173597,-2140499.5520430435
1016,2.131043274916299,910830.5039648653,-2161076.9173116586
1017,2.1331378502136085,916575.1031793103,-2179650.8371268436
1018,2.135233020544507,922700.7152388216,-2196285.004047387
1019,2.137327211773404,927147.6813417902,-2211953.6669092816
1020,2.1394213678417553,934472.1878110846,-2233793.5355439554
1021,2.1415151935265153,940782.588212821,-2254195.4617976076
1022,2.143609686067666,945930.678144583,-2270412.7554824646
1023,2.1457039096890913,950773.5089917415,-2286989.821276277
1024,2.1477977892281794,958264.3287632276,-2311295.3174655805
1025,2.149892773795189,962483.8646936092,-2325923.5732908724
1026,2.151988207011953,969190.7155239481,-2347469.460099415
1027,2.154083430042502,976403.6054050361,-2369292.3157820352
1028,2.1561769020273363,981014.8901514774,-2383759.7337590163
1029,2.158269727638565,986427.5826864972,-2406213.639659309
1030,2.1603643338266334,994199.7161865692,-2424810.4661124954
1031,2.1624594611960894,999989.1607336667,-2451534.306246518
1032,2.1645538445620423,1006692.8144430368,-2472154.0058506746
1033,2.166649266160557,1012270.087257438,-2489384.551275776
1034,2.1687438965600263,1018845.8717400867,-2512160.5449937894
1035,2.1708363804402464,1026790.8670072071,-2533841.904578164
1036,2.17292939543057,1032758.3791582929,-2556586.802761143
1037,2.1750246621139153,1037892.4455028295,-2573769.5539225647
1038,2.1771189095943266,1045434.6119097458,-2598780.1499842224
1039,2.179212962470575,1053126.6197654442,-2626445.9106510035
1040,2.1813066434396426,1058657.8856257915,-2645153.7739802403
1041,2.183402629792164,1065410.8696398656,-2667980.8275300437
1042,2.185498119455816,1072238.6358684173,-2690628.2940307306
1043,2.1875916200185137,1079187.5417642684,-2716981.4857938844
1044,2.189686441120868,1085676.8341298972,-2737814.434907549
1045,2.191781413276182,1094477.5118059677,-2764222.013127884
1046,2.193875147711239,1099704.086088946,-2785475.9814401297
1047,2.1959686613130316,1107401.204230376,-2808725.473711561
1048,2.198063923558019,1113797.2573658067,-2839583.7987277447
1049,2.2001595001532226,1122000.4088143858,-2861798.5927105295
1050,2.202253779153767,1129125.8882023578,-2884082.480573081
1051,2.2043460760907565,1135722.9782731389,-2914525.8135262537
1052,2.206440891990371,1143072.836111223,-2934982.8184227417
1053,2.2085356491852317,1149458.636742116,-2965125.256348512
1054,2.2106277016542335,1157355.0576386903,-2987972.5307546617
1055,2.212721958545959,1164265.6570714922,-3013691.7778799566
1056,2.2148185083900422,1172733.4633169523,-3046145.91064804
1057,2.216913061952383,1181352.9093783482,-3075474.2315382515
1058,2.219006160150891,1186895.0042816703,-3103145.028566344
1059,2.2211007684745443,1195079.045523664,-3122925.7535372893
1060,2.2231966067711273,1201203.5226395356,-3157709.1849653325
1061,2.2252915180225106,1211905.8606248167,-3187042.9776386656
1062,2.2273849286831946,1217817.4971473345,-3216202.3748237942
1063,2.2294794057777056,1225124.089321647,-3242951.500009458
1064,2.231574082226972,1233035.575457201,-3273773.170736917
1065,2.2336675726385264,1241803.9974483214,-3311305.506958402
1066,2.2357616690730993,1250314.3762138549,-3333065.2437111856
1067,2.237857388038379,1258865.7539411166,-3370701.2826639847
1068,2.2399520699736297,1268924.1416633772,-3405336.683347177
1069,2.2420449617357057,1276967.9363876628,-3442444.102000829
1070,2.2441391380853632,1279778.398298617,-3465969.5698446473
1071,2.2462342793770116,1290948.2926222947,-3502733.0456566066
1072,2.248330004000319,1299675.4410956663,-3540954.834880145
1073,2.2504234986669656,1307265.7346050541,-3571039.672113881
1074,2.2525166459790467,1314785.0052901618,-3602852.7970812707
1075,2.254612702557845,1325657.735813811,-3649148.8532637223
1076,2.2567074239010356,1331646.1331327567,-3675783.661172291
1077,2.25879926569608,1337463.4316147398,-3708390.069431305
1078,2.2608934332232278,1349422.8829463872,-3750452.404481618
1079,2.2629890832862967,1357102.0522170877,-3789836.1412438457
1080,2.2650815906481947,1366288.635157799,-3822279.1303772978
1081,2.26717631551426,1374674.5574943393,-3866873.533325722
1082,2.2692717091510235,1382221.493703063,-3904819.0744694537
1083,2.2713660430599174,1390876.7784618204,-3944576.2930300124
1084,2.273460830916725,1402477.8077167238,-3994222.3878610367
1085,2.2755552510450507,1409440.3271657245,-4028756.743258369
1086,2.2776502981151867,1420270.553679556,-4076544.016629073
1087,2.2797428242388995,1426970.7738734465,-4106916.8375614383
1088,2.281836092329788,1433956.9823810542,-4141397.951738897
1089,2.283933556285596,1443889.8810732558,-4184284.0557982386
1090,2.286028868050817,1454695.1806463348,-4232794.866216557
1091,2.2881212248812486,1464384.7746987047,-4269133.2682071915
1092,2.290215014848569,1471256.39698363,-4306843.406570045
1093,2.292310229911211,1483297.138265486,-4351113.74971128
1094,2.2944051456334345,1491507.4124616461,-4389551.3202547375
1095,2.2964983471898495,1501776.5443710887,-4423803.074627687
1096,2.2985921024349003,1512166.1837510935,-4472556.89362487
1097,2.3006888643809247,1520916.9622091916,-4508240.823534813
1098,2.302783634096356,1531706.2397417559,-4552823.74943998
1099,2.3048756698218886,1541842.6474097096,-4592918.1173571795
1100,2.3069695720010412,1554383.827140218,-4642747.334593569
1101,2.3090651112173397,1563608.9907533142,-4682328.718231687
1102,2.311158495429861,1573981.9825454643,-4719175.029388538
1103,2.3132509513768182,1581684.9863473484,-4754967.486428301
1104,2.31534766594442,1590199.1772571607,-4797328.040199166
1105,2.3174438092641236,1606683.5165945322,-4850461.0642223675
1106,2.3195366518474128,1614049.5797690798,-4890018.75605247
1107,2.321631141204296,1629445.1898758416,-4947163.634272375
1108,2.323727832694395,1635062.6700370372,-4972530.263574408
1109,2.3258211826493147,1647127.9427520474,-5018808.409990617
1110,2.3279133966950116,1661245.2491800692,-5070509.839630839
1111,2.330008120458155,1671915.0831472222,-5115684.989428237
1112,2.332103956675321,1680698.0871814915,-5157699.947317084
1113,2.334197579452735,1690019.7232943135,-5189184.425429359
1114,2.336290017181209,1703516.9151981578,-5238225.280805777
1115,2.338385505091734,1713279.171300465,-5284638.368961555
1116,2.340480189114194,1725843.5764254502,-5331494.080430193
1117,2.342573391055059,1737374.8076176697,-5374574.2283565365
1118,2.344667848677038,1749888.7742250394,-5423688.225200886
1119,2.3467629878884537,1763478.1291798796,-5473877.738079979
1120,2.348858220839854,1778691.1862106551,-5533304.3717723545
1121,2.35095250082758,1787758.9509187045,-5567221.575880944
1122,2.3530449396760944,1798101.1037468037,-5608401.803807609
1123,2.355141499104623,1816682.4904365267,-5678884.950672123
1124,2.3572378412451434,1822981.3553653709,-5709851.567144422
1125,2.3593294861259198,1832361.5514210558,-5745930.42764449
1126,2.3614224992004984,1852190.3715726766,-5819159.632710673
1127,2.363517948981548,1858630.2884237808,-5844633.783033113
1128,2.3656139136423477,1871546.6536913102,-5897221.281087292
1129,2.367706660383537,1884023.68631115,-5940753.039509529
1130,2.3698014470222093,1906496.3873610157,-6022260.805768633
1131,2.3718977582075165,1912624.137057128,-6052435.076533544
1132,2.3739899214574836,1927663.1859295731,-6107226.998175266
1133,2.3760825194215927,1938678.2633053588,-6150020.567773893
1134,2.378179070039863,1956396.6857910384,-6219543.027301625
1135,2.380273759058959,1972263.7507999511,-6278298.378398194
1136,2.382365673610318,1986471.484526745,-6328014.511812322
1137,2.3844604460166168,1997280.6264237568,-6373589.471642102
1138,2.3865571190304595,2006887.0345506836,-6418906.230866978
1139,2.3886520978255446,2022962.889494674,-6470596.601906169
1140,2.3907442891236066,2039072.598035055,-6533331.527527754
1141,2.3928386457990913,2055321.5254033648,-6594844.368260082
1142,2.394934562690242,2065454.1667147116,-6634766.524773948
1143,2.397029599690107,2080455.3425694064,-6693697.3208927885
1144,2.3991222591305954,2099601.7635099445,-6761787.423532018
1145,2.401217024080888,2106862.6862094123,-6791180.244271425
1146,2.403314513026698,2118065.391387229,-6837284.993179609
1147,2.4054081911284184,2145332.0825283304,-6926705.074764969
1148,2.4075011183217048,2155005.6212839345,-6975610.176496875
1149,2.4095960074264258,2163742.0867708744,-7010290.109136183
1150,2.4116926326559978,2184913.367998114,-7083614.162401946
1151,2.41378425055939,2206617.8463995946,-7158946.331535601
1152,2.415877382497087,2218466.7779881745,-7212193.777550337
1153,2.4179783678062123,2235474.1463176645,-7277577.8558113715
1154,2.4200733739460714,2253029.557575029,-7338351.555680407
1155,2.422162501290004,2263508.054786856,-7381663.003315354
1156,2.424257158180454,2283523.5324444375,-7453365.847962686
1157,2.426355368807169,2294462.369252302,-7496952.177168247
1158,2.4284477900186845,2313516.363421474,-7562283.55398572
1159,2.43053883847394,2332029.676414085,-7635556.818352285
1160,2.4326356353293934,2349686.397998631,-7708416.854959197
1161,2.434732612021302,2366787.207861162,-7769011.420240325
1162,2.4368252927922227,2383208.222373278,-7828497.263461546
1163,2.43891890863681,2407813.684264677,-7920485.509141039
1164,2.441014895314609,2419875.483561958,-7968721.955586474
1165,2.4431105244568765,2437301.6040253257,-8031999.510506431
1166,2.4452031167440684,2448444.6791737103,-8074566.230176005
1167,2.4472938786799143,2471152.844676474,-8162194.674662932
1168,2.4493915902413868,2489435.640809824,-8223182.386446277
1169,2.4514877943094935,2511027.238301994,-8303412.311770588
1170,2.4535774837073663,2517160.8562323395,-8330813.903367161
1171,2.4556717453467782,2534979.1484443564,-8403675.699046945
1172,2.457770725968573,2562571.343298303,-8496062.610093303
1173,2.459865450868259,2588355.4877424566,-8594000.982769039
1174,2.461954843714291,2594077.8632099177,-8619873.96667828
1175,2.464051305962942,2624665.9542575977,-8724203.221581565
1176,2.4661493201186655,2640345.834621146,-8787867.925998136
1177,2.468239991051035,2661796.358823749,-8869316.510398604
1178,2.4703335941159144,2678838.920464231,-8922940.42294296
1179,2.472432426226094,2704951.666281549,-9028918.108368225
1180,2.47452690434623,2715890.7166480557,-9068948.189599732
1181,2.476615373809059,2744593.4184913114,-9169873.104820693
1182,2.478710457672189,2765425.513785061,-9244149.31398426
1183,2.48080966574444,2785393.9688576176,-9326287.087115478
1184,2.48290090100287,2801600.191535304,-9383324.524929486
1185,2.4849923340191187,2819702.9006150207,-9453425.078854127
1186,2.4870897130294636,2847474.955630538,-9550663.458711995
1187,2.4891862386660164,2869337.0018494334,-9632034.81516061
1188,2.491278235985619,2878708.5094706523,-9668954.34463943
1189,2.4933690456944357,2914056.632693704,-9795676.545625374
1190,2.495466543397291,2931053.7980176318,-9865974.687311394
1191,2.497563830960505,2933482.747894743,-9878441.668232279
1192,2.499654519205421,2959214.225717251,-9965257.810267676
1193,2.5017479497353943,2992014.015992689,-10091724.576029269
1194,2.5038480054516667,3029649.1814488815,-10222433.96911037
1195,2.505943433921919,3051642.996427517,-10296688.240752108
1196,2.5080284861327207,3078047.4114854257,-10396296.736773465
1197,2.510123955773609,3097881.5916726775,-10470459.308767699
1198,2.5122261646694253,3108310.2070489787,-10512922.71372109
1199,2.5143177674343575,3135116.9008548753,-10608547.79351261
1200,2.516405803072155,3158272.85979318,-10696608.006365204
1201,2.5185026929964116,3174811.932107543,-10761627.816867098
1202,2.5206041831245063,3225008.0179770445,-10938246.61003794
1203,2.5226964757648327,3232186.079215444,-10958869.289605102
1204,2.5247869961159406,3247846.0270257476,-11028648.398773443
1205,2.5268843920051487,3272582.3842034102,-11116447.238137312
1206,2.528980483597168,3301853.4117665812,-11220385.627801433
1207,2.5310684597394695,3354812.907543213,-11399849.255193938
1208,2.533161718042206,3372555.390518985,-11480157.76105146
1209,2.53526488574662,3375259.762677788,-11494814.118985007
1210,2.5373603920777454,3419920.283859931,-11649646.79617678
1211,2.539445749963502,3428873.713880309,-11683985.973115174
1212,2.5415417180131348,3460158.5309822783,-11803691.877429886
1213,2.5436457679371425,3501792.0660658143,-11951917.393690135
1214,2.545736808475733,3509436.329374405,-11971730.79998096
1215,2.5478233832874237,3567875.506144694,-12183326.944867134
1216,2.54992085584226,3576013.6862295135,-12220975.005193463
1217,2.5520207655356866,3601783.436207798,-12311836.912408471
1218,2.5541098448110064,3635841.7548524737,-12427022.13364429
1219,2.5562002600365847,3661075.588834097,-12522125.090950172
1220,2.558305455724291,3693723.050520277,-12653154.361082567
1221,2.5604026511470312,3711895.992647169,-12715665.301796362
1222,2.5624826414852553,3740098.110218344,-12805171.450660365
1223,2.564574391949512,3774698.600246737,-12941762.122318204
1224,2.5666808497683498,3792907.276582176,-13006782.482311685
1225,2.5687773451615423,3846380.6335798623,-13197707.565125851
1226,2.5708608935170316,3862309.46374329,-13258428.026814904
1227,2.5729575952355885,3887447.3561003427,-13358433.694583321
1228,2.575060651513359,3931702.331871298,-13507006.455891443
1229,2.577148431575012,3965069.0280477814,-13626835.119873405
1230,2.5792346077561192,3978140.5476386184,-13675921.335833605
1231,2.5813352493894732,4013032.2615346373,-13807670.385861855
1232,2.5834369526956515,4059899.318514049,-13973111.593272842
1233,2.5855218346006232,4103804.0899158646,-14133573.067363536
1234,2.587610713900489,4119827.617128046,-14185435.556789014
1235,2.5897186990593415,4157875.6435956038,-14325700.56823266
1236,2.5918181690667126,4196757.948937225,-14468027.77769282
1237,2.5938985009385314,4227227.525301801,-14576863.278456666
1238,2.5959901966325076,4258406.285950626,-14681883.05214187
1239,2.5980970827886534,4314238.924446342,-14896945.49689941
1240,2.6001911974764487,4317031.978891576,-14901875.549683174
1241,2.6022734575046016,4366176.469431047,-15077768.452027863
1242,2.604374761438423,4441862.563713446,-15345547.679936688
1243,2.606480077670044,4408915.683881702,-15242302.529650213
1244,2.6085618800169397,4470223.70597432,-15450781.836965958
1245,2.610646200048581,4500683.961588767,-15557461.245201793
1246,2.6127580952497533,4538687.902545885,-15697165.533146588
1247,2.6148609257992828,4568285.85885213,-15808366.12470553
1248,2.616933454172155,4632360.753123534,-16030813.392010972
1249,2.619020659870304,4659238.026828331,-16129516.146942992
1250,2.6211346279669097,4707167.128077856,-16298322.22398179
1251,2.623236503452788,4717127.379414292,-16345089.795399295
1252,2.6253090562225565,4780131.393699259,-16566838.369678393
1253,2.6274000701334055,4814185.591636461,-16689850.345603637
1254,2.629513118467727,4842400.045158598,-16775311.771470483
1255,2.631604301330356,4876030.816720519,-16906078.697246347
1256,2.633685254021577,4961586.542793244,-17202532.675646685
1257,2.6357889797673804,4949514.903633347,-17172158.032227203
1258,2.637895874321367,4980761.8089217,-17290636.102108054
1259,2.6399747081141895,5079670.9286999805,-17634872.574641947
1260,2.6420591747927733,5068284.618135997,-17610866.027700633
1261,2.6441764666284318,5158579.9125812845,-17913573.18840998
1262,2.6462775406423154,5209761.61809198,-18098692.8645792
1263,2.6483402943393326,5239048.667536907,-18200648.476120424
1264,2.650428729148096,5230806.261190555,-18183565.102719277
1265,2.652562718674548,5298178.493762029,-18417109.63159721
1266,2.654664088292312,5366956.646596808,-18673129.561961684
1267,2.656712651557163,5445186.089904963,-18934689.481158983
1268,2.6588106765908748,5428622.344872453,-18885405.313577913
1269,2.6609452450324915,5469212.885336974,-19028887.286408726
1270,2.663032290426174,5568226.322109195,-19382673.386962034
1271,2.6650914877184944,5603559.445649477,-19502581.313201915
1272,2.6671986225603375,5632896.842113134,-19614522.192699853
1273,2.6693218160411916,5717634.50722408,-19906010.22591986
1274,2.6714003686163363,5782286.525307082,-20128847.84846386
1275,2.673473653710363,5766648.254924343,-20078657.602225777
1276,2.675588689124729,5850808.5138249,-20383201.862159774
1277,2.6776964003773744,5957297.572664973,-20757968.069828447
1278,2.6797534796790945,5960862.701510377,-20784163.68727743
1279,2.681845016836506,5996695.035783033,-20915288.454295833
1280,2.6839785543392702,5978115.842275347,-20846941.07174525
1281,2.6860638705482365,6102392.595298714,-21278266.012916997
1282,2.688115580192901,6085696.432940064,-21222942.513419464
1283,2.6902421071216107,6215071.245024401,-21689977.381204814
1284,2.6923784453538007,6289782.300951167,-21941106.73662471
1285,2.6944235266222867,6289858.991089849,-21949714.24445404
1286,2.6964818302236213,6314789.665461886,-22035172.10800192
1287,2.698646249049189,6336129.547597539,-22114096.1506289
1288,2.7007725953070936,6480517.549338105,-22632620.485101495
1289,2.7027692368507834,6455884.853293467,-22534334.649615843
1290,2.7048443440936585,6577391.363604671,-22972020.31800562
1291,2.7070515904059915,6517430.117145034,-22756122.30902437
1292,2.7091632832728005,6741750.45341296,-23544788.26256158
1293,2.7110832098570423,6715097.274157977,-23463406.55676142
1294,2.713194248534394,6783887.53282658,-23704908.133129623
1295,2.7154564422347596,6776363.308599131,-23677076.047625303
1296,2.7175455830902693,6880171.051255544,-24037939.98347011
1297,2.7194409477796717,6833347.766803451,-23889000.80834667
1298,2.72159410281056,6964204.0229988005,-24349902.14568928
1299,2.723868494276683,7206252.743452562,-25191176.608550508
1300,2.725905473691433,7135008.158887341,-24933804.674875434
1301,2.7277938720843573,7311562.01218842,-25574463.80685067
1302,2.730005424734083,7369404.6902193045,-25764783.702301063
1303,2.7322910595910366,7270104.851222077,-25415410.37736662
1304,2.7342323934891035,7618719.366495158,-26636122.832481433
1305,2.7361123669415965,7348230.026407672,-25703138.98377169
1306,2.73841292247591,7390917.80984407,-25851461.039135043
1307,2.7407262152838343,7537109.265532528,-26355718.27735053
1308,2.7424923562337074,7726781.67292332,-27030088.935957905
1309,2.7444202272828333,7512626.664510688,-26273450.873637076
1310,2.7468188489948773,7786519.603067336,-27232789.248097084
1311,2.7491571251284848,7868495.051278503,-27539332.714636765
1312,2.7509012180135843,7969338.573354938,-27887516.39460683
1313,2.7528220566885997,7749887.665973261,-27114130.57419453
1314,2.7552245852341666,8177880.409182053,-28613841.176609114
1315,2.7575799064734774,8195327.634832615,-28673229.893680945
1316,2.7593246433872425,8281232.373540352,-28966610.2741541
1317,2.761234187120032,8245264.450236541,-28855276.107016668
1318,2.7636390504715083,8511829.849356994,-29801477.616655275
1319,2.765948826576436,8573905.604326889,-30005002.94177491
1320,2.7676191435751902,9068319.520708362,-31726457.33324479
1321,2.769651838220211,8556011.17821471,-29948457.013344027
1322,2.772055945845228,8384565.064961734,-29345490.7390211
1323,2.7739175955497957,9732912.404358782,-34059942.91702762
1324,2.775657495525559,9148565.832274266,-32021573.116774857
1325,2.7780509401576134,8230851.7483853,-28829232.363763303
1326,2.7804282678176238,8128003.3169909455,-28455365.473269224
1327,2.7823699672164355,7719659.974769646,-27029533.219363697
1328,2.7838806433920418,8690078.620480545,-30431373.842058767
1329,2.7859958234637583,14450397.901309142,-50576392.65458199
