,k,Pk0,Pk2
0,0.0029665470748989845,7150.522720703605,-6994.016672262689
1,0.005026374055021859,8572.285991393926,4882.06876052152
2,0.007149300621522788,9809.699264867855,-9925.026904064045
3,0.009278869254964255,12348.153847291584,5942.416716262639
4,0.011450332619344701,13547.37534786985,-6659.530220006456
5,0.013492955871419151,17630.293429723137,-0.9058209579313893
6,0.01558905561191893,16141.89374283283,-311.11232410916057
7,0.017694083672553172,15794.706347122663,-5645.371775770717
8,0.019817874803135297,17173.262734927466,6065.243846250575
9,0.02192074938196264,16671.13792821984,1945.0783091410492
10,0.02398877635566245,17076.97735570363,-256.7856243826554
11,0.026092869718961156,16094.199709844397,-2443.0485530083865
12,0.028234663152781798,15615.11281227103,-896.876588355163
13,0.03032284873509123,15424.903462211263,802.1915131466786
14,0.03240263258943404,14729.32949409864,769.3580164365575
15,0.03449210129864554,13668.848271282402,-149.8864920157495
16,0.03658588147515197,13653.907629223137,2628.389964822388
17,0.038684769492669774,13344.259923099511,599.0717775419812
18,0.040788988884582836,12472.161008674459,39.14367433112663
19,0.04289390876967646,12147.117181052114,-149.2027245174395
20,0.04498336005546935,11573.650709292753,2229.009627268998
21,0.047064985294738244,11291.39898860817,-299.85455614271547
22,0.04917111919158227,10843.513712884385,142.39681109775378
23,0.051262169141742274,10577.424053736428,279.7219574513832
24,0.05335525146837034,10386.263324516633,1073.2912970520988
25,0.05546637228956934,9817.645346388414,-143.5310543790699
26,0.057573188192548086,9809.629423985109,918.7215996708488
27,0.05965884044590281,9341.188536322521,1017.5579609295514
28,0.061745123021595065,9427.410968699991,-37.781210800866944
29,0.0638268929113719,8927.262486271198,626.7218303100176
30,0.06592966228838451,8527.33375968824,331.6298124683919
31,0.06803125784825748,8625.725839689127,35.71843016512598
32,0.07013131008699486,8126.331952335582,-272.5430442948486
33,0.07223032366074338,8046.351681483886,-217.23855028214896
34,0.07432334270720506,7751.992279002553,452.5979635128784
35,0.07642066756954473,7633.921674252797,186.9946369189414
36,0.07850471694556041,7428.912868490454,183.69014097146297
37,0.08059701946059529,7001.552626545715,63.51900468627454
38,0.08269521798132064,6837.131897643737,-45.06062982571975
39,0.08478307522909848,6559.963040794362,157.10229404465233
40,0.08687780839616016,6399.758165059996,274.0344145456121
41,0.08897524569656534,6115.439764460874,149.32509503061522
42,0.09108077810470518,5906.48047463152,191.1128757339158
43,0.09318432266948053,5721.3812950316105,148.91199129612897
44,0.0952788764104831,5592.512692413716,405.60114256620886
45,0.09736254237981037,5484.6303616535515,380.9013410371979
46,0.09944832814799408,5246.887731524734,262.43849598209795
47,0.1015460879802399,5195.038144557368,136.85652797366174
48,0.10364263756677322,4956.66257664098,122.74164030752475
49,0.10573893905394659,4859.429274905424,254.9869533074193
50,0.10783958559814742,4732.274291905966,205.58188133286617
51,0.10993894058501318,4688.660766360145,397.86437604101224
52,0.11203921431523854,4473.136510117917,238.81713536949007
53,0.11412334585697578,4388.449784553539,445.55132587355587
54,0.1162159397555423,4307.49540946563,340.21445580003393
55,0.11831372048037725,4233.277777056006,141.92661030822285
56,0.12039723118070132,4127.299148938086,298.2925268605732
57,0.12249223631878574,4034.3984968440886,138.85802294272995
58,0.12458825984258635,3964.6821467943,260.1859543986683
59,0.12668846771583772,3890.7488198752467,196.22013683410384
60,0.1287846620419941,3816.404754051221,143.45532134047377
61,0.13087133937881498,3719.68494235869,365.4448756283974
62,0.13297548334406448,3661.4185200762977,54.03245161186336
63,0.13506910815256093,3527.0681248738374,175.61832101304873
64,0.13716388258568254,3480.27991949095,207.94249970072585
65,0.13926047573721634,3378.951109951557,205.88833410836597
66,0.14134668829083769,3324.356719722193,76.16462206833585
67,0.1434475230090064,3209.930097388117,249.23243825170383
68,0.14554528534185418,3171.249761916049,162.254913903798
69,0.14763320610735878,3113.2543420570887,123.11323537097556
70,0.14972114728432864,3035.0673837760105,126.1577094255426
71,0.15181380487515775,2926.90230721423,160.50544138114822
72,0.15392114901003526,2896.1476002187105,97.65099526055047
73,0.15602147473412367,2818.3672087929394,250.73373080803833
74,0.15811617475881218,2747.971815253999,88.41531571235797
75,0.16021187122717997,2721.8530695545123,137.26614984394647
76,0.1623006419462899,2639.392744447372,188.62968297479006
77,0.1643899033199985,2577.6300770153243,132.20307363912028
78,0.16648355823815117,2564.5588919986544,160.2179858500683
79,0.16857196837784735,2497.8390918866344,203.44860087517057
80,0.17066413320893647,2461.4454060566327,209.92359759066744
81,0.17277086992561352,2436.392573024301,153.50173077986432
82,0.17486965460096995,2381.5921299090114,135.37460920978376
83,0.17695857694944453,2320.744091692924,153.1553249953039
84,0.17905245093155753,2315.232311334313,203.71658150588343
85,0.18115265212612636,2260.1147565769415,222.74234299760633
86,0.1832476884130739,2233.2388732468776,152.99786547698963
87,0.1853312475833926,2191.376849167962,146.8151849966371
88,0.1874284892203219,2155.7904700004497,167.3510620329771
89,0.1895337179075755,2111.8972928657367,174.87957147405976
90,0.1916268196474026,2081.7993044971577,178.2346495467202
91,0.1937183403446853,2028.382477288201,182.03365267653024
92,0.1958131498886989,2010.1551446416443,174.8024487781019
93,0.19790587400989662,1955.3811490352948,154.975828653003
94,0.19999906515978938,1932.475231867,211.79041050771934
95,0.2020893038374759,1888.9089321067909,182.8486500561488
96,0.2041823192148178,1873.7166759691015,115.4873812866047
97,0.2062825911013838,1841.201148164729,174.30687728379127
98,0.20837701891459662,1808.8989570124818,165.67824678657
99,0.21046758167944032,1789.4035081250402,142.06001764573878
100,0.21256678542440183,1740.461127541239,109.92346344900996
101,0.2146619261104852,1718.0891425710458,158.0777123840745
102,0.21675618057220372,1698.0361724356824,167.04327299772606
103,0.2188528705899679,1665.859292176587,157.8642956167398
104,0.22094564274530842,1638.782820423179,173.1913552980152
105,0.2230395148320731,1614.613381532188,160.3940674403087
106,0.22513567328585352,1588.5890275525608,170.19563548970913
107,0.22722785048644015,1570.5142093146078,160.19060448592188
108,0.22931975112872324,1544.1023830449642,128.1174769848178
109,0.23141147723465103,1522.777102306528,225.48084999912794
110,0.23350584674782457,1492.728775843188,148.55039464047326
111,0.23560416522029054,1476.5484049790684,178.84223380846817
112,0.2377006336558307,1450.4870879069713,171.08522319691681
113,0.23979727503904752,1438.650936108052,143.95767626717023
114,0.2418944602532704,1413.9357731297616,180.3495772548537
115,0.2439884227569783,1386.383228417472,143.37307102233288
116,0.24608359968283072,1367.712251226165,176.14044039755348
117,0.24817552807053123,1338.1773770689454,166.95706665716185
118,0.25026237006475704,1331.4676285034952,159.95620170833266
119,0.25235861551053484,1310.2866856579492,139.7557698615343
120,0.25445470778669854,1295.9560111989595,181.8551283631988
121,0.2565487653287422,1283.1826771085828,211.61685268285382
122,0.2586464955058471,1265.6539961712904,159.93018086430183
123,0.2607443047329862,1241.0408407609827,202.13137136281426
124,0.26284383121734134,1232.0511305043499,176.68459586853317
125,0.264929885565984,1208.0873448577859,160.76088040962088
126,0.2670163698864118,1196.9398665288832,189.91588640563612
127,0.269112135390912,1178.4635892287556,177.31603513029114
128,0.27120764961246213,1159.0830814589142,149.9066070986591
129,0.27330509996536784,1137.3700292903861,178.34144848770532
130,0.27539842121309294,1131.312734542456,170.7518542745901
131,0.27749656900268016,1111.0705256887113,187.6967636807659
132,0.27959864364035925,1105.0283345150435,169.49521314470203
133,0.2816878213234348,1085.5528993436603,190.97014150162659
134,0.28377609558542155,1075.110673804383,158.10462900296722
135,0.2858732754634003,1058.260391760766,175.27800516455667
136,0.28796861590208045,1042.3514545706767,170.3440424485286
137,0.2900612915162532,1029.3991029029537,184.78410854006924
138,0.2921547032025089,1018.5896563837601,191.50150144298902
139,0.2942501291133245,1011.3089543973418,169.71410043932954
140,0.2963444256131289,1000.0813537456257,183.64308651502324
141,0.2984361415704375,984.685306438496,163.80174759818865
142,0.3005318840555698,974.5793560747387,170.6670170641078
143,0.30262777760316095,958.7203770992045,183.27433854615137
144,0.3047248035439954,945.9899622587236,165.5018706999788
145,0.3068210272572538,938.9973236257777,188.1982297939114
146,0.3089144805088237,928.6432093883236,163.9048950104112
147,0.31101080657849756,916.7928026690686,170.4231561487151
148,0.31310885951912926,902.0314419258723,175.47987230629536
149,0.3151991603466065,893.8348418028377,162.32124680003062
150,0.317288667284839,887.1385770174631,164.97637266106813
151,0.31938044185106124,875.1523287112302,160.06305910869435
152,0.3214783648369702,867.2668011137763,169.82138441807706
153,0.3235785211189416,853.035617010639,171.8746284933971
154,0.32566935894833426,843.3680179187024,173.8993849932842
155,0.32776077751211374,831.1316878718079,170.77463909944456
156,0.3298523230655558,823.9014440667256,178.3938488110292
157,0.3319485433973702,817.0264769128677,172.72244449185865
158,0.33404540358127904,806.9206774925792,179.44832884846707
159,0.33613494177837844,799.0957229952417,169.12510133271692
160,0.3382313832787478,790.8737333939553,180.14635941110748
161,0.3403308518124324,779.1330328625072,171.35002193724603
162,0.3424246601457981,769.8889926181376,172.6721357149643
163,0.3445197272986724,762.6015815630445,168.089663211587
164,0.3466158524641983,754.9523329350898,168.37029287405275
165,0.3487089916477683,744.0339823838858,169.43267562070233
166,0.35080114560367615,739.7328369327932,181.7098466700155
167,0.35289356821720286,729.4685401492458,161.5864959374158
168,0.3549881110219297,723.5744291062881,168.45363644403335
169,0.35708559248027844,716.3923316985044,171.13595991661
170,0.3591813496003593,707.5778597210374,167.4682170539306
171,0.3612749400626811,699.4388501949752,178.6075924197001
172,0.3633693413142722,693.4104901751953,169.41304617473688
173,0.3654632219855477,683.6866333395047,174.28864103887736
174,0.3675603773529471,678.8361181060235,170.11786593611015
175,0.36965434919829326,670.6539727362617,174.8194633618146
176,0.3717418094879197,663.1407460542403,170.31854307352467
177,0.37383404253825586,658.0295057562606,165.911037849512
178,0.3759308579415973,652.2083228960003,175.05864437885788
179,0.37802985088946095,643.2573690524129,173.95384186470878
180,0.3801213498834686,639.0309828395158,170.90933026481355
181,0.38221306010699313,633.8578771373527,174.68390715402995
182,0.3843141376638833,623.591189256988,171.79543722699924
183,0.3864096355836929,618.3426579658268,167.59387923094357
184,0.388502907295756,613.4137466576634,178.19984733226298
185,0.39059769208540335,607.3538499414949,175.4297595561661
186,0.3926958121232196,600.7576544733183,173.4097715528619
187,0.39478921808384226,596.2318536849133,170.02515073480149
188,0.39687821409975554,588.990359101459,172.92740657463847
189,0.39897073627813356,583.9101755470008,173.08995622538976
190,0.401067192451382,578.5838637435653,176.92662157539937
191,0.40316228148056854,572.1978143553224,172.53956676198754
192,0.4052546340249366,567.4285045698311,176.18895290171574
193,0.4073499183903822,562.3517771723931,172.1010374036279
194,0.4094468722071623,557.2241738227442,173.2294875611813
195,0.41154432885897757,552.1881183077859,176.18459805446366
196,0.41363408239228544,545.4588468188333,167.4789851226558
197,0.41572494638156243,540.2042799223292,166.7971821383548
198,0.41782181997781404,534.8850945965274,174.55126202831192
199,0.4199166506307261,528.9409417225713,166.85896389474888
200,0.4220107143757513,525.2458915406261,170.07967419293402
201,0.42410542949066876,521.1444886363228,169.67370549195437
202,0.4262013850195404,517.3853209035309,171.06368782147857
203,0.4282955296445312,511.5831930610345,179.50513710852147
204,0.430391806688861,507.899043872954,169.07815885161807
205,0.432488575457924,503.7519075771002,170.97188476838977
206,0.4345806090039814,497.33167267166357,173.462407817871
207,0.43667244097425384,496.18704085167155,175.46837009695884
208,0.4387671492209622,489.5732864163477,170.33238393929258
209,0.4408622534544343,485.84588860097404,174.52707892912468
210,0.44295516415095815,482.2866866197874,171.86105165764374
211,0.4450482683181851,476.904155986459,172.04803906391112
212,0.44714683875742495,471.6841918605669,174.35944701105288
213,0.44924362280569813,469.64950661910126,167.35876529102813
214,0.4513338633316258,465.09655075230586,172.07859234326853
215,0.45342753643259276,460.38322055830673,170.47142876175695
216,0.45552189548586586,455.3658592205557,173.09351119585568
217,0.45761716616081083,454.5655779425075,168.3669068916109
218,0.4597117909764672,447.6070583529835,172.3109485307949
219,0.4618031890496857,444.7681274228077,166.17950108493773
220,0.4638995470730997,442.50990122338055,174.71945613039068
221,0.4659948171464902,438.1306591192189,172.20611162265192
222,0.46808929446972725,434.63361315653776,167.91874605158196
223,0.47018492649495636,431.6234956417013,168.7807219929306
224,0.4722792778491551,428.1942453281656,171.18347929619412
225,0.47437272572904565,423.1021589391034,169.89164044270728
226,0.47646593372141327,419.8987112918141,164.83411587129262
227,0.47856230727426236,415.9715287166836,167.29540101883413
228,0.48065904058976644,412.74609765397076,167.58031964391498
229,0.4827512226177774,409.9323771018449,165.1988426954575
230,0.4848441163240575,405.01303559594993,167.68166179816618
231,0.4869397730506266,402.68838514604255,168.38030528733506
232,0.48903678813400875,400.81589995871883,167.74374629706745
233,0.49113096964965397,395.91573592536963,167.8805944714223
234,0.49322332174786626,394.6447706757444,169.3619774463209
235,0.4953187148676145,391.08960596667845,169.51143549225503
236,0.49741120358770496,387.37241101164483,165.84444839854814
237,0.49950082345999325,383.1425705352859,166.441993289802
238,0.5015952506837275,380.5246804088855,169.02395683389264
239,0.5036919972981919,377.8270031068184,164.78251966102235
240,0.5057872116617207,376.2552479319204,170.1373554398544
241,0.5078828569897101,372.5115162279009,166.89868975499007
242,0.5099793452386306,369.36750007467134,164.82838750547873
243,0.5120767256379639,367.7317198956554,168.1377171387617
244,0.5141702395931294,364.1968089558204,165.80849526236545
245,0.51626132102766,361.9554499258537,162.41380922193775
246,0.5183576899265504,357.8691937020226,164.0442577745341
247,0.5204524416424112,355.49630473049075,165.70917008591493
248,0.5225430403510469,353.0204103672944,165.5243910599636
249,0.5246378991347941,349.5478701883527,161.53918817520764
250,0.5267345150769579,348.055375041186,164.85920487140564
251,0.5288284644781793,343.64939570379715,162.5136708081053
252,0.5309200047543352,342.5542029726952,162.7806662200768
253,0.5330154787982235,339.88444283812464,163.35077219184382
254,0.5351140455458262,337.4926827987606,164.80383006063286
255,0.5372066203065362,335.124160026987,162.1679326262892
256,0.5392991990272246,332.02598049397096,163.2573611126823
257,0.5413944118270408,329.6659267136408,161.20744565350418
258,0.5434881995106379,328.1230329909444,163.5919141620986
259,0.5455829952492127,325.8877002173876,162.03976497652647
260,0.5476769745662954,323.22870460344774,160.93925959258425
261,0.5497697255495043,321.4167499497348,162.24670328764364
262,0.5518645446467839,318.96011584072716,163.09542950608252
263,0.5539598571350287,317.11397500222796,163.90203719748135
264,0.5560564538950566,314.4947482290852,160.63591987375855
265,0.5581500505101624,311.8306739061405,164.30877087096712
266,0.5602409063261653,309.44872247125573,161.18802534124998
267,0.5623379637803174,307.9742090169048,164.51410135776783
268,0.5644363283026402,305.4901186086441,158.55733353897892
269,0.5665273824761494,303.2451395909588,158.06620165381727
270,0.568621249018378,301.00821498237246,158.6970111998664
271,0.5707181447612965,299.2388697537485,161.2531316373679
272,0.5728127938597997,296.9890090480265,159.53355651499777
273,0.5749070881546879,294.58753767365357,159.05540781485354
274,0.5769991470923068,293.46492397211614,160.61416471360405
275,0.5790956911760897,291.32061436190816,157.21629159556727
276,0.5811893306261757,289.8761270458244,160.7296492197417
277,0.5832802267374103,287.4311137330834,159.82159388437086
278,0.5853761830306536,285.47254364034137,157.88656877030297
279,0.5874711784415975,282.6116373026698,158.1590421451006
280,0.5895653958899879,282.0646048689795,157.34930123888665
281,0.591659786459685,279.81707880060515,155.36184793835457
282,0.5937551851921442,277.35694875687267,157.42238969886407
283,0.5958498092767481,276.34340873284475,158.38548987449516
284,0.5979447066705442,273.4644161450135,154.8748334263496
285,0.6000383505174957,272.50608055880195,154.99716238773402
286,0.6021313016181767,270.6480423185582,154.2204228278646
287,0.6042246965556944,268.41952262759804,153.4701439702378
288,0.6063189733697846,267.13930185047343,157.35398888403563
289,0.6084147213727373,266.52940714811194,157.81352348425565
290,0.6105090855473989,263.2139757846608,153.60709563656886
291,0.6126037649785722,261.9872909848419,155.2139710749966
292,0.6147002391370655,260.9303782916052,155.6867184671228
293,0.616794938930829,258.6225161375803,151.44618625665103
294,0.6188886865784012,257.4975450448472,154.6892991303012
295,0.6209825762252046,255.79025429041107,154.74789660532238
296,0.6230764414889526,254.4544116409276,155.76137709804885
297,0.6251725389343245,252.48939354906054,154.170644964956
298,0.627266923011265,250.82353312137346,153.14841796086515
299,0.6293596211388142,249.62462944402313,153.57235671985035
300,0.6314513250607457,247.45459810024852,154.27101641641718
301,0.6335475720513941,245.4653528349906,149.01050563053877
302,0.6356444982495617,244.24935005065177,151.45413468415788
303,0.6377358562255245,243.33513982764623,152.96595655334022
304,0.6398302949107263,241.45382393766752,150.5640539766299
305,0.6419256185614247,239.94952906562514,150.9017542919594
306,0.6440214843206593,239.01714286014254,151.96942094386944
307,0.6461142033434962,237.55542949869084,151.94362866425533
308,0.6482061138478032,235.9153006291088,150.62797706529966
309,0.6503020867345045,234.258852145601,149.10148678297543
310,0.652398185537932,232.91604603157214,150.10467423495763
311,0.6544932048530038,231.71813548723696,150.92090674865668
312,0.6565867871776386,230.6351078861639,151.0982856419039
313,0.6586827890115348,229.60669488534484,149.0225433079286
314,0.6607793300725506,228.26419695439606,151.0664672997353
315,0.6628724964198541,226.10600110813905,148.14943237454415
316,0.6649654402217313,225.3020687688827,148.3341975794817
317,0.667059865407609,223.9302984721914,149.96476474069271
318,0.6691532523078332,222.10932707231765,148.84668024779418
319,0.6712457992597233,220.77763069096198,148.5342730727366
320,0.6733390782258323,220.22796423440658,148.21716663523085
321,0.6754367503383576,218.37747061803623,146.28656350749267
322,0.6775335143160066,217.2599137717955,146.76206067051962
323,0.679624621064033,216.15689044543615,146.99847180986825
324,0.6817180292738917,214.83347069982818,146.76648912813636
325,0.6838149015047629,213.79608596795535,147.86773924201714
326,0.6859101434268815,212.03013735044416,145.79914433994165
327,0.6880046468184081,211.78335140870837,147.33234027411154
328,0.6900999637264865,209.8456298792191,143.87028124820083
329,0.6921965733216279,208.4697503655269,144.82756969234097
330,0.6942884945981568,208.09231404537704,146.03768260690146
331,0.6963781649531228,206.29419162041142,144.49113536577883
332,0.6984747371200234,205.22081728792463,144.36311847703013
333,0.7005690388882679,204.67373596152882,146.06591275514822
334,0.7026621579778546,203.08439946504973,143.63490420037496
335,0.704757268847954,202.178672054251,143.064906180533
336,0.7068509057629639,201.21512779642413,144.07672220585772
337,0.708945644402387,199.78855183075245,143.02681044657936
338,0.7110406815970572,198.86465710449448,143.76178996604597
339,0.7131372373036142,197.51758796433828,142.72709711290068
340,0.7152323589250973,196.4942446195653,142.0362822004674
341,0.7173245162021571,195.7322636025951,142.80224982551258
342,0.7194199711852413,194.5711040501685,141.0053497849996
343,0.7215151322330351,193.41715279604705,141.6540056478555
344,0.7236102334592447,192.39701435794944,141.1347968310048
345,0.7257047129497166,191.40763658357633,141.78659919761284
346,0.7277958825256088,190.65104948307288,141.31174247954036
347,0.7298900912292255,189.1200690479813,140.24402162858584
348,0.7319867159780691,188.7042210977895,140.4168982426161
349,0.7340808521059053,187.48015312657486,139.21978402488398
350,0.7361738853270124,186.21311934674193,138.59892116526714
351,0.7382682123604443,185.62401734221118,139.76674504938387
352,0.7403641944498084,184.54702554789847,139.06676804426016
353,0.7424576311971561,182.9864748205484,138.38337568526225
354,0.7445523870480827,182.87288015482892,138.74904600350305
355,0.7466478284648128,181.49343319802165,138.14492828573202
356,0.7487413917548734,180.81449914528275,138.0586106359772
357,0.7508354594737505,180.1045902090641,138.07779406314066
358,0.7529278056847568,179.0051567163325,137.69116295314922
359,0.7550230257904859,177.9488326432166,137.35289413822994
360,0.7571167923480437,176.97862928368684,137.37241934002859
361,0.7592113317151179,176.69043307091752,137.16357037454844
362,0.7613074731933067,175.30777452706167,136.0499921949816
363,0.7634009581307508,174.4535230978633,137.26533333656613
364,0.7654969266569684,173.60301977171673,136.28314991666076
365,0.7675905899780763,172.73761443549458,136.46497060937548
366,0.7696837880547684,171.9459515870009,135.54410087662555
367,0.7717795008463626,170.97961290101873,135.78719492228385
368,0.7738757788346248,169.9813093830496,134.4972404386026
369,0.7759706260990727,169.62291527160068,134.6206588251505
370,0.7780620795267656,168.54292124542607,134.5751251888241
371,0.7801559906208961,167.79160881645979,135.14206380379463
372,0.7822523136569128,167.17278973277314,135.21342652568097
373,0.7843481481853999,166.038783819891,134.69628835331793
374,0.7864425511046899,165.6763206180823,135.09019999541843
375,0.7885343495966205,164.54983589016598,133.80241927132354
376,0.7906286372458883,163.8319421836059,133.39200408412216
377,0.7927244345313397,162.92307156362418,133.79331118831166
378,0.794818005513127,162.5701149987505,132.75919485573147
379,0.7969121491149282,161.10706640314697,132.32222903389325
380,0.7990047112993173,160.67554824818677,132.5102715814539
381,0.8010984966914405,159.65531120112504,132.40442648451605
382,0.8031950165575023,159.08634058745022,132.10726001114043
383,0.8052905677217739,158.26035175051106,131.42766649747742
384,0.8073868841230295,157.80251875397454,131.67229535191555
385,0.8094800557409162,156.9406376805285,131.02048798826283
386,0.8115724907946299,155.94814013999067,130.07518982271682
387,0.8136674854006812,155.551705336278,129.91093726072015
388,0.8157633267681768,154.63487077429826,130.69892217003292
389,0.8178572815764139,154.15357154394138,130.8846833935076
390,0.8199509017046862,153.30538629509385,130.02191091810872
391,0.8220464110750062,152.8174131502548,129.4330716046903
392,0.8241406544737637,151.7363537609266,129.12702619377043
393,0.8262328397247414,151.24895404582924,129.57052795305972
394,0.8283269471334518,150.47413608694907,129.00605878855862
395,0.8304231064697798,149.90935685610822,128.22972700432265
396,0.8325161683796762,148.99789973763916,128.15645805880072
397,0.8346105557242035,148.54059024060027,128.04314764279596
398,0.8367059794413102,147.7593885523997,128.2803362459165
399,0.8388002445604258,147.0196260894328,127.67137814895918
400,0.8408960756111226,146.62828988672828,127.42894272908018
401,0.8429905652842218,146.2450445563285,127.90575971617282
402,0.84508401313589,145.13686046448404,127.3982559447026
403,0.8471791713809247,144.82063729210248,126.82503751628184
404,0.8492743362825239,144.0785463447212,126.75482830928317
405,0.8513668888602299,143.5137067672084,126.50451805812081
406,0.8534589296280589,142.6859389155987,125.86185135888708
407,0.8555558405338324,142.4622786667814,126.70484042945891
408,0.8576516874123633,141.91212270561647,126.43309799686939
409,0.859744590599333,140.83585437745725,124.89761888214701
410,0.8618400547669827,140.48170621749142,125.83539913892169
411,0.8639350434441438,139.4623541649655,124.71050252511748
412,0.8660280248974203,139.35934939120605,125.27078240951268
413,0.8681201347325478,138.4413873401735,124.17840736258995
414,0.8702157283801463,137.70880449332026,123.71318765825959
415,0.872310621353091,137.38661360425613,123.77768210585137
416,0.8744020359703552,136.90158674857494,124.2618635857134
417,0.8764972088477568,136.0836135750176,122.7824387294178
418,0.878592835994214,135.78511548331906,124.32312009344848
419,0.8806870131084201,135.06625380504752,123.93286504674903
420,0.8827812802431019,134.6941750660056,123.0070817792739
421,0.884877279658285,134.0997191594258,122.97455632758496
422,0.8869730004154345,133.92014736519533,122.72550383975437
423,0.8890661750433553,133.04051558711018,122.67565130791908
424,0.891161435679344,132.21215613653717,122.41364991063324
425,0.8932577960179496,131.80366123841674,121.93817976383187
426,0.8953527392107627,131.4732543528635,121.8320511404604
427,0.8974462460666859,130.81558680705146,121.43334260920162
428,0.899539340962409,130.32251582802542,121.2419630442994
429,0.9016318169027592,129.56223907649394,120.23408647793823
430,0.9037252249745606,129.03038347764593,119.65881550253923
431,0.9058199443223193,128.72443936196248,121.03184459966205
432,0.907915243986348,128.23100084196574,120.20541224837022
433,0.9100128049501981,127.62434732433472,119.83756831256171
434,0.9121059966002629,126.76814160163426,119.28102905462458
435,0.9141972861830797,126.49327864506178,119.3830582353558
436,0.9162932496702593,126.09438104400505,119.48685983017214
437,0.9183878012752863,125.48120558961139,119.30373994464155
438,0.9204823185419505,125.02175897698926,119.04720701302467
439,0.9225773629784582,124.47424764345371,118.35041597828445
440,0.9246718174739146,124.18712354489637,118.87350718582482
441,0.926766211900197,123.59704624882717,118.2118382760223
442,0.9288591582540804,123.06418826422798,117.68166721944141
443,0.9309526610700547,122.56685326999037,117.834235718517
444,0.9330479303067369,122.2231522515212,117.92992759557112
445,0.9351433527997749,121.8202976536257,117.9048155502641
446,0.9372383527365933,121.34839844218189,116.86541266336599
447,0.939329757499591,120.74070200739726,117.01287865058485
448,0.9414230571985791,120.50479135173778,117.39628987661133
449,0.9435210054806012,119.93054510641562,117.09222462184884
450,0.9456162503172072,119.31095935410536,116.30460053032174
451,0.9477100092887099,119.03732698331129,115.78735261324708
452,0.9498046323041349,118.58228775135825,116.17193945269568
453,0.9518991548408083,118.17498026043639,115.96524566175256
454,0.9539929332702277,117.35328548899345,114.76919586594914
455,0.9560874898052096,117.22009951271203,115.54836901196876
456,0.9581824530689178,116.78441819864886,115.24571985552691
457,0.9602770371571748,116.56492745457484,115.35334064716105
458,0.9623710723241273,115.64315680272612,114.28140102015048
459,0.9644648349083941,115.6566667700702,114.60206955947174
460,0.966557887379011,115.17497144738375,115.04787231094498
461,0.9686513195291268,114.66178989815033,114.45757762545641
462,0.9707470393683869,114.04097719194677,113.6094099922495
463,0.9728419987888902,113.90395854870896,113.6884941827705
464,0.9749363451418961,113.32597988731301,113.08500533658464
465,0.9770319720978949,112.98988978357346,113.8138747297585
466,0.9791260608689247,112.7560640782313,113.29997582293545
467,0.981219993418123,112.26516394469817,112.86799855738838
468,0.9833154848012966,111.83786063480098,112.93925375343561
469,0.985409217900734,111.26771038223933,112.48315871386875
470,0.9875034929558208,110.98837479286237,112.08807204844796
471,0.989598845059814,110.51554617587685,112.06280056257731
472,0.9916925524589582,110.26306762458033,112.37459454370656
473,0.9937866222530743,109.7889871937193,111.71432500704115
474,0.9958822538585521,109.27543193377642,111.30036272947092
475,0.9979763461234663,109.00648447672194,111.24639361500633
476,1.0000687382803208,108.57935235294629,110.93745568038216
477,1.0021620574674717,108.0819534562646,110.96901048895829
478,1.0042566040705312,107.8765184010034,110.81248680612379
479,1.0063510481087232,107.3698791570756,110.55040594867278
480,1.0084458017147504,107.32373830098288,110.4857155219562
481,1.0105412449330358,106.7271282197043,110.36827254884186
482,1.0126363206852906,106.40271619277776,109.67351007312705
483,1.014731689048677,106.09450032733014,109.71765421274408
484,1.0168251811607234,105.51658300692137,109.12451394194487
485,1.0189183181794257,105.32424201167112,109.47136211346404
486,1.0210135131858313,105.02418241910375,109.55041844867897
487,1.023107899818119,104.65146729646749,109.31180023248163
488,1.0252035642142994,104.44260520950876,108.94518873968761
489,1.0272979326699727,104.00255691947488,108.97853436000733
490,1.0293915165160124,103.61881747747108,108.28860203677428
491,1.0314862118776227,103.17780504897361,108.18741941251082
492,1.0335813276438528,102.89999513426604,108.05456424943078
493,1.0356760372494827,102.49491459329137,107.38605094773426
494,1.0377697665518313,102.33699820490502,108.20021239154453
495,1.0398635542890804,101.83954876979455,107.32037467240178
496,1.0419580022733907,101.47202022259569,107.31621830165491
497,1.0440530837182007,101.3193046259185,107.79620358817336
498,1.0461463909219801,100.99468634089988,107.55059259000362
499,1.048241289239942,100.53656355965559,106.55277990122168
500,1.0503346504195201,100.31900976542683,106.76077968828517
501,1.0524278880438542,99.93814775586362,106.34005589844894
502,1.0545231057279465,99.56227457890208,106.10936911051994
503,1.0566172205725972,99.25829117396448,106.31585845171756
504,1.0587125681053644,99.14788626908839,106.22943295848985
505,1.060806974942881,98.7267050089323,106.13264363200202
506,1.062900937291859,98.45786419853546,105.36518287967225
507,1.0649968400029963,98.15918984333894,105.95054197598687
508,1.0670917748856612,97.86904088444015,105.46938303629486
509,1.0691837840599538,97.44956218748696,105.09918892710334
510,1.0712784055790137,97.19655020638805,104.90082046825441
511,1.0733741944109443,96.85260358258998,104.92224156839632
512,1.0754689143080451,96.72815278427292,104.98133738768041
513,1.0775625935653539,96.28642195798335,104.39681506113911
514,1.079656551776009,96.05683942901989,104.6762685495381
515,1.081751759033872,95.59562070071107,103.82974940445114
516,1.0838450038800544,95.46304570092168,104.03841240331263
517,1.0859393346043436,95.22883212867208,103.87238285160807
518,1.0880340737032612,94.81210669616237,103.57911482060598
519,1.0901280973397867,94.3853558062828,102.95383063585729
520,1.0922232205093443,94.4135017145866,103.42239061469037
521,1.0943183198095006,94.1076140156968,103.749971054799
522,1.0964124680620808,93.69683857926651,103.074896463061
523,1.0985066965945804,93.5146456033598,103.0026165625649
524,1.1006022506925348,93.24795881112306,103.29612661552768
525,1.1026960746069068,93.04969487765285,103.08433692649092
526,1.104789420523433,92.65411678225912,102.36083060286667
527,1.1068841457204943,92.43926098943241,102.76478456585099
528,1.1089772649904681,92.21857099575598,102.30024959829957
529,1.1110723868790173,91.86326858320245,102.10103696471062
530,1.113168427194727,91.5816030840421,101.79205988386013
531,1.1152626776337078,91.36571825095184,101.98184274318382
532,1.1173574051129724,91.05644290825644,101.43666322524511
533,1.119450573697561,90.832226789678,101.51089896908334
534,1.1215436337779248,90.39725641968201,100.90805745016056
535,1.1236390334415942,90.35105234663611,101.18047923311757
536,1.1257332200225998,89.95393792750927,100.78339755553785
537,1.1278283378211404,89.83554956910955,100.97393641039427
538,1.1299238131648552,89.63578915222895,100.69751112763467
539,1.132017447124327,89.28172498106007,100.45122872214124
540,1.134110650036949,89.02943552266478,100.50184921867002
541,1.1362036259959787,88.78474248106792,100.19195323895248
542,1.1382991427598659,88.54662489201809,100.13698743756672
543,1.1403936066737896,88.28156161979528,99.9854849777657
544,1.1424878264606209,88.01015076022662,99.54820162700567
545,1.1445836717483504,87.9064660612713,100.04749200885716
546,1.1466778755714095,87.5778385448584,99.38680268172295
547,1.1487715351237628,87.54644421124796,99.90137807866516
548,1.1508672245306748,87.07188178044899,99.11148064760168
549,1.152961670034179,87.03271644433029,99.55092646407398
550,1.1550551275418117,86.77919912631971,99.3980743236581
551,1.1571500620004906,86.44728548305018,98.9517071389492
552,1.1592451155989445,86.22137342816885,98.68881425969714
553,1.1613401484055899,86.07428335724221,98.81457213228846
554,1.1634328135986687,86.01236417275081,99.10078832627055
555,1.1655280225544649,85.52494588497397,98.37203107306162
556,1.1676232414157608,85.55360042701955,98.64280919671336
557,1.1697157183635434,85.21529443182578,98.01086567858408
558,1.171809765164966,85.00887880230752,98.1258118227246
559,1.1739036754657965,84.76894636543919,98.04449237033893
560,1.1759974618047027,84.70237277171323,98.30057557269214
561,1.1780927342002254,84.22476642465537,97.40663873839361
562,1.1801886215978319,84.01307346892709,97.39120874542009
563,1.1822824649467334,83.8234543693172,97.13532669654025
564,1.1843777187054296,83.60319289670117,97.04099804093256
565,1.1864731317277017,83.46838102960682,97.26488228348424
566,1.1885662199882188,83.30804349604286,97.39882883592867
567,1.1906603290984812,83.06336042434279,97.11420712605222
568,1.1927560449071208,82.86681793254525,96.98225915603308
569,1.1948501301675682,82.62273801296672,96.48590040061876
570,1.196942866326464,82.59284508813633,96.93949683118959
571,1.1990363434731066,82.11535932832476,95.83916587565959
572,1.2011315528209288,81.93913068189926,96.25893458867523
573,1.2032252726398727,81.78966179703632,95.93242018272696
574,1.205319131714267,81.79326547921836,96.51658446129147
575,1.2074143429200774,81.40418565875699,95.82259866847426
576,1.2095073316728018,81.37298833818451,95.9689602221334
577,1.211602159357548,81.18923961349759,95.85827476036772
578,1.2136984428310558,80.94897536209349,95.8059152090936
579,1.2157943340364452,80.82603889124518,96.04702241151743
580,1.217888268816351,80.5536343618345,95.66815312103063
581,1.2199821909033837,80.40022049412337,95.55540923081548
582,1.2220779372220854,80.17107558460356,95.32595386702152
583,1.2241720630448372,80.08950836471432,95.52497555768218
584,1.2262656486341297,79.90634526726534,95.24710558429298
585,1.2283602712023978,79.71153156879154,95.00092772275829
586,1.230453847781421,79.38102455600759,94.6782825456235
587,1.2325484279288663,79.28464192858034,94.83763674119639
588,1.2346427330328844,79.25913284688613,94.8920216794359
589,1.2367368340043534,79.03453287442387,94.88230239050495
590,1.2388320989568682,78.88415933652068,94.85345753956527
591,1.2409254956441091,78.7009515814604,94.84354705017802
592,1.2430201387037565,78.53995069091147,94.62312815203583
593,1.2451147141570293,78.26519188042977,94.21530110815505
594,1.2472087367784284,78.19067243892087,94.4186150686687
595,1.249302614173833,77.85026572458172,93.82742504169254
596,1.2513971052845823,77.90536399524598,94.0972399719479
597,1.2534931066319515,77.64022556266484,93.94138155398495
598,1.2555863817711985,77.4557079615174,93.7603310541835
599,1.257678969059161,77.42536420911745,94.14180018178307
600,1.2597748382104277,77.25286493175689,93.63513491663895
601,1.2618698898493887,77.1794568931267,94.00115072895257
602,1.2639640740660565,76.9575492015794,93.57899804389803
603,1.266059176034634,76.75883161134459,93.76179236722002
604,1.26815329738596,76.53722351024439,93.17677245916964
605,1.2702469827768745,76.45829805217156,93.70462737313964
606,1.272341439773769,76.32868500916231,93.33500006379015
607,1.2744361591580655,76.16933563341709,93.38924569008745
608,1.2765301570381213,75.94440450841269,93.05567596699905
609,1.2786243195908502,75.8933672172823,93.31073658595858
610,1.2807201779848052,75.81879306321193,93.45287152820912
611,1.2828149770647865,75.54262362315801,92.91889006734473
612,1.28490831046805,75.44553276889864,92.9177980500331
613,1.2870024746125797,75.29472607440383,92.61920763479107
614,1.2890960788179595,75.08268154178617,92.39064311080516
615,1.2911903407610128,75.11353102557958,92.99767245940689
616,1.2932847299377603,74.86248431909328,92.64068214050519
617,1.295379834193548,74.79890951662699,92.78616203650809
618,1.2974743412448833,74.69747250341278,92.8052129293527
619,1.299568838606027,74.4668144344886,92.34671147238272
620,1.3016640567270552,74.30008302577734,92.21800807958503
621,1.3037578272673165,74.20702044836634,92.32435445815375
622,1.3058518980796576,74.01423539393741,91.94955217311919
623,1.3079469520711469,74.01023341708334,92.23401048743982
624,1.3100414674631762,73.88777157892382,92.27014090674368
625,1.3121343419146885,73.7538148752781,92.35336363702903
626,1.3142291157646366,73.55215641146862,91.91631032885385
627,1.3163249547628966,73.56432540699532,92.2255036760315
628,1.3184204308819243,73.47061305046064,92.4474766790601
629,1.320514045081714,73.19642001609851,91.81942218883258
630,1.322607731116918,73.16799992783702,92.09432856581508
631,1.3247030067977636,73.06748558677185,92.0454005364507
632,1.3267964975071294,73.02753274501329,92.22965926207732
633,1.3288900457896358,72.8277581205911,91.90158454099215
634,1.3309846323229146,72.80808680279152,92.21767847044228
635,1.3330795391690438,72.64957376588629,91.97643515445024
636,1.335173949560825,72.57174086832735,92.15874207226439
637,1.3372672428845813,72.35316633107983,91.75378077002779
638,1.3393616502777206,72.35644822730448,91.93688081874882
639,1.3414564546808454,72.26789703252004,92.14592682840708
640,1.3435497634465539,72.10797317502244,91.62436484000308
641,1.3456439095281743,71.96501884504528,91.86092800899539
642,1.3477398961804745,71.90795721167324,91.79995246615827
643,1.3498356331361778,71.86895611475285,91.97094232242738
644,1.3519291222201564,71.81738783373382,91.95118505246856
645,1.3540221824451044,71.58978787844202,91.75106497352219
646,1.3561174165883387,71.65327379674686,91.87645035897462
647,1.3582118000666776,71.47419764443147,91.79636647540585
648,1.360305548489477,71.40328472475622,91.88031528285914
649,1.3624016471705516,71.24603234292292,91.67317675579375
650,1.364496581524498,71.2618151656011,91.9053895330133
651,1.366589927521404,71.13357861970128,91.90746928132133
652,1.3686839345616666,71.02327165546372,91.78331741522652
653,1.3707785136744248,70.96385730584889,91.90276860111862
654,1.3728736781569988,70.85162078659322,91.8904053560237
655,1.3749673745335222,70.72712171504898,91.69205208470952
656,1.3770602631292597,70.78514327392537,91.98192841010216
657,1.379155717578164,70.48755913291342,91.42976296471973
658,1.3812508039107998,70.4608969454983,91.58331692928407
659,1.3833453325862841,70.4934121291579,91.92689761725967
660,1.3854396647384786,70.31339391569689,91.91808375310077
661,1.387533616953471,70.3043008990132,91.81794438298083
662,1.389628935147901,70.26758143769395,92.01551423809673
663,1.3917230672721894,70.20884235867982,92.0113566421584
664,1.3938172778813163,70.14947150030123,92.29123982533818
665,1.3959128506087028,70.0142209136162,91.99186423302112
666,1.3980069894682674,69.91018383735779,92.02224562228493
667,1.400100032768225,69.93831880783733,92.16186911733243
668,1.4021942273095422,69.82660748305398,92.09784223649812
669,1.4042879724639459,69.8174088539289,92.27796614861298
670,1.4063822250727482,69.70630025223507,92.11527997318224
671,1.4084777998796327,69.68407910473226,92.42079604283379
672,1.4105725454065003,69.59826615465005,92.26719810129997
673,1.412666035757187,69.55229502138071,92.47868140325436
674,1.4147597581950535,69.50179026439902,92.52734389735534
675,1.4168552493745823,69.46048901981735,92.56086042829357
676,1.4189502707585735,69.23418370993308,92.27829882158461
677,1.4210439871962917,69.27623017787016,92.39858924208842
678,1.4231379588066748,69.1956682071536,92.5304634533012
679,1.4252323843784174,69.23125770239426,92.72895917737547
680,1.4273263645812686,69.21657173991794,92.68834650405438
681,1.4294209343777806,69.1666114737191,92.88968722290164
682,1.4315160587565352,69.01114630433453,92.68089215285384
683,1.4336101809254245,69.02985943389452,92.94647253958209
684,1.4357047233292217,68.96694678032945,92.87848742591251
685,1.4377991034950037,68.96451936691713,93.19613958606767
686,1.439893269172154,68.84009063124972,93.03678400039233
687,1.4419870983325702,68.97006877783872,93.48275409488956
688,1.4440820971476513,68.84985391344985,93.23860554580087
689,1.4461780146809415,68.77919426294588,93.28001815413033
690,1.4482723645441788,68.83268512027816,93.75172018986065
691,1.4503661519067539,68.74380785936832,93.64353186134666
692,1.4524608997459605,68.71040989402967,93.83526666111534
693,1.454556191478353,68.68820265920789,93.91184713025666
694,1.4566505605195028,68.5728893602013,93.64066313801526
695,1.4587435672120013,68.71738646876022,94.13602965947709
696,1.460836376274075,68.61206047573388,94.23399033750093
697,1.4629315024559504,68.62326056878516,94.17174533871454
698,1.465026115161985,68.51333073405468,94.19069950672295
699,1.4671201905708728,68.51057874751108,94.51317456458703
700,1.4692142550197365,68.49861594288438,94.42243918285976
701,1.4713085109511452,68.49146044559849,94.57493730142613
702,1.4734040883627781,68.40465935961296,94.64410402092813
703,1.4754983077923518,68.47448474122366,94.79684859711095
704,1.4775927333883283,68.51387243205639,95.04387100332747
705,1.479686516386449,68.46953233079036,94.96820803529758
706,1.4817805445745025,68.46892524688207,95.37918114768529
707,1.483876051193717,68.34226319280185,95.30239734832396
708,1.4859713583510508,68.3248546385767,95.26163831439435
709,1.4880662760111125,68.44840655610345,95.79703707024616
710,1.4901603423423662,68.41297728721891,95.89024973564267
711,1.4922546168830801,68.42779014212717,95.86948811346213
712,1.4943493508016918,68.44731163857746,96.09162468965097
713,1.4964436549031517,68.36457014047768,96.12805719127466
714,1.4985372426394363,68.44905703377654,96.4417290303931
715,1.5006303537214591,68.42340415938578,96.49595806097916
716,1.5027246941647125,68.47965737429956,96.86562040695001
717,1.5048198674391857,68.39109527240979,96.65781623134663
718,1.5069136003861163,68.4681092964354,97.08266255438457
719,1.5090076377683221,68.48949691722791,97.37223921769767
720,1.5111026723067662,68.38371808514049,97.24996777753445
721,1.5131971028762412,68.55264240956888,97.81916474532787
722,1.5152912609041667,68.48345869355008,97.70998570095644
723,1.5173854934463344,68.58008719750737,98.0314929356575
724,1.5194808793753787,68.58515368930009,98.26990467633821
725,1.5215756259285513,68.59057773701481,98.40344189539948
726,1.5236695807770564,68.5358833273982,98.49769822128438
727,1.5257641081783464,68.5914779113002,98.57444222957993
728,1.5278584873608179,68.59960903456154,98.93834938132494
729,1.5299536435991428,68.65075209470834,99.13704462118103
730,1.5320476585044298,68.66297234607381,99.36285743824803
731,1.5341414384393777,68.74002869844354,99.53660945471775
732,1.536236950937659,68.71786005696214,99.73897633513488
733,1.5383317033374695,68.85677178301404,100.20385957945447
734,1.5404255753841434,68.86169375555382,100.2038860502369
735,1.5425198393431812,68.9034178145073,100.4686165853012
736,1.5446136227526486,69.01857711211224,101.04360676570431
737,1.5467072285753283,68.95797183139287,100.8893488085933
738,1.5488013111816905,69.06973800228954,101.34319993680342
739,1.550896674249749,69.08639407658544,101.3784957098644
740,1.552991701547339,69.15093510458028,101.84154745901093
741,1.5550856629518366,69.22063757368159,102.23871428061929
742,1.5571801051512508,69.34453795926458,102.47748923488848
743,1.559274417579796,69.29554941412569,102.57849366104489
744,1.5613691533539047,69.33467803078955,102.85805191441976
745,1.5634631934261796,69.43609851873038,103.21479678528809
746,1.5655577892497892,69.47975970023704,103.41302639623154
747,1.5676527275763066,69.55712811129779,103.60852927811443
748,1.5697461748764228,69.67448440862086,104.0861043111587
749,1.5718402189801153,69.57650448439311,103.87414722934204
750,1.5739346218160084,69.70735546300233,104.645351578765
751,1.5760295037244485,69.8321775672973,104.9329569928407
752,1.5781239238326052,69.92221258945325,105.41996458756812
753,1.5802176736109215,69.99835079949713,105.5433548850149
754,1.5823123941098438,70.00742289686809,105.62993855953562
755,1.5844068047546922,70.18502463894269,106.2168573730684
756,1.5864996832696292,70.19101736122931,106.41217522631734
757,1.5885944598128996,70.28634634059435,106.80075264846505
758,1.5906903325437156,70.33591148032278,107.05931722338887
759,1.592784689092666,70.52058213087699,107.76260047343982
760,1.5948796873290236,70.57400174297734,107.83408738391881
761,1.5969745597395735,70.64783788079127,108.01538464307734
762,1.5990689218084002,70.7209718842694,108.37721624410416
763,1.6011633213632455,70.89875026078006,109.08824777180537
764,1.6032577776043084,70.98024605998154,109.46999974849932
765,1.6053514020964894,71.07039832919598,109.75015979909858
766,1.607445093072501,71.17217438629312,110.1479363278331
767,1.6095393086936036,70.96976068391068,108.89282541286408
768,1.6116336711357766,70.21817877906736,105.66293709825126
769,1.6137279918528686,69.6484095235535,103.12422460443469
770,1.6158221116449558,69.24524098776531,100.99021709729391
771,1.6179176229648538,68.52883938750487,97.98326660859972
772,1.6200131612431772,68.20140609172843,95.99851634146768
773,1.6221069236192778,67.60704141473575,93.50798225534082
774,1.6242011307622557,67.3099623414684,91.96333165527297
775,1.6262960841945175,66.94077571128147,89.94008241993376
776,1.6283896203498047,66.51872155555665,87.79443305838579
777,1.6304834947928883,66.04538967258304,85.80530990215583
778,1.632578127710653,65.82180026197264,84.38600531405125
779,1.6346731813158608,65.40766010052633,82.5451482818627
780,1.636767172365261,64.98361075512736,80.58594723229383
781,1.6388603779595408,64.64754127648436,78.89370394228045
782,1.6409563605892468,64.34772407094864,77.55472587210562
783,1.643050621284035,64.00170567274236,75.83491771972383
784,1.645144102645386,63.75402199634017,74.40585947024513
785,1.6472395726584623,63.37502842080806,72.74156318910904
786,1.6493331318477138,63.274374415287475,71.65113356876728
787,1.6514277435583298,62.846964802864946,69.9602892135961
788,1.6535225655624404,62.717371024779126,69.11205527931851
789,1.655616100487628,62.39836989441273,67.38418469409727
790,1.6577106071833263,62.11134175847129,65.97203868018877
791,1.6598050724476994,61.89116704969913,64.8104214366214
792,1.6619001395524664,61.69261017574891,63.73966928834745
793,1.6639948642035431,61.27380151387108,62.106739505465214
794,1.6660882997554614,61.07928367313178,60.96115437311725
795,1.6681827329415837,60.948276332914595,60.116337403602664
796,1.6702780557373313,60.525346291476545,58.527270411000465
797,1.6723710846745943,60.45608027336934,57.583917139765056
798,1.6744651718920411,60.322243659537634,56.71550068777466
799,1.6765602044792516,59.93693274781167,55.37071227291979
800,1.6786535596079524,59.85106531791759,54.58547294411795
801,1.6807491745425278,59.61590821022465,53.41863533588309
802,1.6828445761171116,59.37605948335587,52.297882499476614
803,1.6849386388007168,59.18969815670296,51.35404510529566
804,1.6870339476475265,58.99873150996062,50.26506422560163
805,1.6891280758541645,58.79628211947339,49.381291680056066
806,1.691221272327691,58.70557814579065,48.495698984714465
807,1.6933141346742315,58.49960386601954,47.45225134389952
808,1.6954090930463133,58.2939507101673,46.643330908764234
809,1.6975047078021417,58.11054768193877,45.73407636875385
810,1.6995991246970055,57.93555680820324,44.71236104443987
811,1.7016934918813407,57.66820113513863,43.55490171263481
812,1.703786903721137,57.5544667709623,42.96590467792486
813,1.7058818292953146,57.403486751055894,42.084768657655296
814,1.7079768740006063,57.21861781251948,41.1703883795869
815,1.710070845319196,57.12790666010496,40.49343454680331
816,1.7121645316176712,56.98053551515993,39.72394458886361
817,1.7142597272321454,56.850453125817616,38.86108841653907
818,1.7163549406546734,56.627257314222106,37.97245269588407
819,1.7184482195940645,56.50482846182512,37.2132797874138
820,1.7205423072627637,56.35900165179064,36.45497837309894
821,1.7226374847113666,56.12262254061959,35.47743079442754
822,1.7247323233526113,56.02275825923227,34.85655082378297
823,1.7268266901810085,55.91419184341004,34.176403105729385
824,1.72892134476467,55.77977748594761,33.31277686014731
825,1.7310153629662073,55.70447814131394,32.75212821952211
826,1.7331087353021186,55.50834839154893,31.93340715032326
827,1.7352028820270462,55.36909991450838,31.198370311882744
828,1.737297419510233,55.190794782057836,30.475969079532433
829,1.7393924268721555,55.092740361195524,29.87125513776322
830,1.7414865202316776,55.01444820296396,29.102903404250153
831,1.7435798385311778,54.774363463762704,28.34191658782059
832,1.7456747741592018,54.658190580845385,27.490352327557115
833,1.7477707733578058,54.6061170945023,27.20362355432368
834,1.7498644151299778,54.544291316961115,26.766981515827204
835,1.7519579294274097,54.39194272229167,25.931794072190687
836,1.754052537005875,54.200626938554215,25.174199691805786
837,1.756146014277543,54.12283645232985,24.68517747675203
838,1.7582399685899122,54.044108491206536,24.135986080453648
839,1.760335124398212,53.92001699733624,23.379822892340986
840,1.7624306374180432,53.818961158554494,22.81619314001595
841,1.764524733445493,53.72098724588333,22.432836094302083
842,1.7666195957988082,53.666280031403524,21.89062793721954
843,1.7687146552767006,53.4714121987199,21.102274479740004
844,1.7708085687106505,53.399089674676205,20.42360086781436
845,1.7729026984403262,53.28212775071212,19.831188013320574
846,1.7749968373222131,53.241589636055224,19.53347215870546
847,1.7770919795414395,53.14694460168797,18.961652047659634
848,1.7791866891650514,52.98002224609042,18.320990455224678
849,1.7812805740714612,52.90741515787643,17.8280752540926
850,1.7833749145944944,52.81451653107029,17.31990909929479
851,1.7854698174814119,52.76686489836831,16.82011925310734
852,1.7875649050000997,52.60179024013572,16.09423517028069
853,1.7896586091751823,52.5628947685662,15.722536708859478
854,1.7917528105223397,52.45547958947153,15.17769398342554
855,1.7938472619734778,52.28787631952509,14.578408248079995
856,1.7959410333998334,52.32639917999284,14.31476826917784
857,1.7980353139963554,52.180401981284895,13.585916094350438
858,1.8001292949050451,52.00021084107734,12.982276493732417
859,1.8022240144636215,52.0477291226987,12.973695350651063
860,1.8043180357006787,51.92143051439608,12.098044473226265
861,1.8064120149556366,51.89119128923426,11.706296631130986
862,1.808507216693214,51.78728399404685,11.281707920396064
863,1.8106012235056632,51.70955554294191,10.76613450591266
864,1.8126961076333348,51.659555337971874,10.433852665253267
865,1.8147906359659112,51.55941728478852,9.708307863141414
866,1.816885013662702,51.54383457225945,9.634831232122758
867,1.8189799788179999,51.404577081430915,8.806576052798397
868,1.8210733357472892,51.33974480887892,8.521752231423068
869,1.8231675363973032,51.2707733263051,8.048738307519624
870,1.8252628639859947,51.18759647199411,7.492583592359045
871,1.8273578690890415,51.157807006193316,7.314245342697372
872,1.8294529153678178,51.05103923623793,6.541670184192847
873,1.8315468366202061,51.04896752347145,6.453232428244359
874,1.8336403420201965,50.91543602714606,5.828688103635743
875,1.8357342642631629,50.89197690707206,5.345482846418135
876,1.837828606636473,50.8193222292711,4.965272000977867
877,1.8399232687279,50.71216708908418,4.623275268472895
878,1.8420169361094605,50.61440369772726,4.207728494735393
879,1.8441103454239045,50.6896695327124,4.107841810552044
880,1.8462047113551943,50.69767585715595,3.756357041089955
881,1.848300337583767,50.547959049538406,3.045574806136808
882,1.850395118058644,50.51294393510811,2.854033166529081
883,1.8524895015648957,50.41190579809968,2.2212274621681507
884,1.85458435317291,50.34022600929635,1.8323441163792042
885,1.8566786691854407,50.284365889153904,1.4724192088523353
886,1.8587722962005393,50.262435684244,1.1170904822471917
887,1.8608667292143481,50.23992340845896,0.9415301258846805
888,1.8629623979972338,50.09697504124274,0.20919234223276842
889,1.8650575007618033,50.133288588901095,-0.052377852691628236
890,1.8671515757398978,50.155658725661915,0.012073668837494902
891,1.86924567270883,50.05999758575291,-0.6720190009066741
892,1.8713402290883943,50.035414021227425,-0.8398902376623655
893,1.8734333441485889,49.87607113653785,-1.5116040503641377
894,1.8755274569663687,49.89132327536668,-1.7538259723379288
895,1.8776226584010878,49.89232752699231,-1.9533692731321435
896,1.8797156234954413,49.73682922247844,-2.724038109390476
897,1.8818097674713492,49.80808096503509,-2.668529383753493
898,1.8839051205157094,49.680731099614455,-3.384248754353857
899,1.886000042933448,49.712995977428285,-3.3760020079478448
900,1.8880949075451439,49.65641655950664,-3.7914272128963127
901,1.8901881584759161,49.529037070228576,-4.434818914092606
902,1.892283217936019,49.58635985794625,-4.606790494051822
903,1.8943782680554568,49.48165130160934,-5.135730107473542
904,1.8964720473710392,49.57852963204889,-4.989690471528301
905,1.8985668668489433,49.380754849796354,-5.8582163975649095
906,1.9006612809862096,49.397610358412784,-6.091214710659161
907,1.902755719587151,49.46250756099653,-5.859411300820585
908,1.904849757588545,49.37218183970429,-6.602519538733166
909,1.9069430754605277,49.444821002558974,-6.761230198686269
910,1.9090378340013505,49.29333435571085,-7.178023694696195
911,1.9111324914183263,49.26793372508658,-7.722090638349131
912,1.913226965923519,49.305360522466,-7.806444857105823
913,1.915321381331026,49.23465892305421,-8.233252969709538
914,1.9174162748437817,49.225762145291455,-8.176087828416378
915,1.91951096404297,49.21339328615346,-8.744783992089163
916,1.9216039358616672,49.24414217324992,-8.87861060897927
917,1.9236986253914137,49.10049870046811,-9.39334697314276
918,1.9257933066276691,49.09704313804641,-9.854423851359677
919,1.9278873651498682,49.106909393498476,-9.721887632712994
920,1.9299807661659822,49.1029752526041,-10.267036276957889
921,1.9320760482648573,49.10936312301812,-10.642119275592279
922,1.934171767524072,49.097982247491494,-10.934910748780647
923,1.9362651059315399,49.0709503342799,-11.215021698246872
924,1.938359138419254,48.95924237133265,-11.448744325753266
925,1.9404538735984294,48.92813933104359,-12.0046779328266
926,1.9425479146608418,49.038133681300316,-11.832179412282043
927,1.9446418189559174,48.91186967718177,-12.510886996532887
928,1.9467371502259871,48.99434982904137,-12.571839465577398
929,1.9488329760684335,48.98816170914096,-12.833512010723151
930,1.9509268120448882,49.01940496594922,-13.195039172243508
931,1.953019609354344,48.914566451621035,-13.539923950467681
932,1.9551147244404972,48.93528063898245,-14.035593503116525
933,1.957209950604826,48.91467019686689,-14.094798641207014
934,1.9593041179655175,48.87297393986518,-14.514912173949831
935,1.9613980124620214,48.93019735095669,-14.69249737022282
936,1.9634920823781827,48.84423383435874,-15.221585994606027
937,1.9655870316775599,48.86517484158723,-15.422349534350927
938,1.9676813106463258,48.82577414383544,-15.592314123707443
939,1.9697755380711686,48.8509327736011,-15.845470605705898
940,1.9718704076888727,48.9148890582771,-16.155366160910987
941,1.9739643213778544,48.81830792505362,-16.617860595794117
942,1.9760582139073395,48.80436473839994,-16.937001275236476
943,1.9781533744008393,48.95362106564449,-16.91969031427383
944,1.980249297656676,48.931200787876236,-17.153195149225347
945,1.9823436902775773,48.87325303464032,-17.518638760257215
946,1.9844363854611324,48.863658826035994,-17.77778381145857
947,1.986530057736426,48.883941534802524,-18.13880049413194
948,1.988624138262085,48.961513769349935,-18.181175975882113
949,1.9907191302641989,48.82185956753237,-18.90447045488345
950,1.9928140678397719,48.904963352259884,-18.959998487385192
951,1.994908057158038,48.89574711940085,-19.37553996423292
952,1.9970037235567513,48.82913960057202,-19.69161059985005
953,1.999098539119481,48.91941975149464,-19.869818471861144
954,2.001191245179364,48.92470507392505,-20.264142558985217
955,2.003285465781134,48.942105594789474,-20.22438436333079
956,2.005380090953843,48.926013788281516,-20.713509818880567
957,2.007473757612322,49.004052222605296,-20.88207632599713
958,2.0095674385752345,48.93334630191988,-21.251943541508926
959,2.0116620669227445,48.933145023668,-21.73566719819931
960,2.0137574654124313,49.02241661866953,-21.755916473362646
961,2.015851542299029,48.988749287514466,-22.213810499467886
962,2.017945842236743,48.97197956826518,-22.495786651470972
963,2.0200414078173843,49.09655472771453,-22.51753022070167
964,2.0221364472105585,49.03013454568999,-23.168428254444926
965,2.0242304661583193,49.097827209336266,-23.035168626047227
966,2.0263241213554704,49.034048915033516,-23.914819419763983
967,2.028418169537371,49.11137185804832,-23.6481385546386
968,2.030512126699397,49.071109465366064,-24.2447197409173
969,2.032607257696191,49.058085364440124,-24.361795738685675
970,2.0347026748788237,49.18155052470545,-24.72859887483374
971,2.036797432049628,49.09434657247398,-25.312346331092055
972,2.0388917803566513,49.30097230732668,-24.85559451859326
973,2.0409854404727548,49.20671611350202,-25.75980214815049
974,2.043079158497923,49.18815505769743,-25.858758014659728
975,2.0451737042342053,49.29856714602078,-26.16839087809801
976,2.047267957686092,49.244673771471426,-26.71159660451727
977,2.0493625921646865,49.3838434437676,-26.521889728881277
978,2.051458159400133,49.17988492293816,-27.228858300253794
979,2.0535521918605197,49.42233944634697,-27.002700303850826
980,2.055645062675616,49.351521325685326,-27.749783339959492
981,2.0577393587752955,49.45036519527577,-28.016600335499223
982,2.059834437786395,49.49316522604425,-28.251295683022377
983,2.061928055170489,49.43651372152352,-28.88069641512606
984,2.0640226957402352,49.56752517729812,-28.54873034631492
985,2.066118258189404,49.519967862564435,-29.30347324112553
986,2.068213196804832,49.498849103426004,-29.60970953425013
987,2.0703072818107917,49.628487191183105,-29.642514338338433
988,2.072400931462771,49.460400557536644,-30.68882713617456
989,2.074494103322103,49.69430446921176,-30.104938062957256
990,2.076588647294614,49.72296288993553,-30.751883330952882
991,2.0786837571325223,49.80867659271653,-30.491019097711636
992,2.0807786951127576,49.75309891503149,-31.677259716949248
993,2.0828733611799306,49.613411838209004,-32.16364488618184
994,2.0849676047315464,49.829061022500476,-31.850377161977246
995,2.08706191167589,49.761579237590965,-32.84252401457788
996,2.0891552570733616,49.91970569397622,-32.69366555844725
997,2.0912498961643236,49.960348696425484,-33.00586694432493
998,2.0933446561638878,49.96531438687513,-33.36004062783852
999,2.0954387435644386,50.04039848965738,-33.69196809797254
1000,2.0975335870618825,49.92419691937263,-34.46090820330669
1001,2.099629070349723,50.089933754410616,-34.199922549407994
1002,2.1017228492895934,49.99673324338491,-35.00446423209837
1003,2.1038170482062775,50.17515080382422,-34.864901732172285
1004,2.1059122372778973,50.17626943376236,-35.518380927299894
1005,2.10800554057148,50.158914230467886,-36.078199889069886
1006,2.110098599114947,50.31701495090448,-36.17171045131274
1007,2.1121927216235163,50.20856533814658,-36.78595336279301
1008,2.1142879182187984,50.3450518070098,-37.01988534533445
1009,2.1163820759811065,50.291219141018225,-37.38079310375076
1010,2.118476597123504,50.312101114665026,-37.89379052923823
1011,2.120572077635568,50.35078450160795,-38.236405678741136
1012,2.122666143506846,50.28945026162061,-39.14374025802773
1013,2.12475947440395,50.61861363551065,-38.60057571240972
1014,2.1268549228070284,50.359191158198485,-39.431737733565754
1015,2.1289503858580807,50.597694814416954,-39.76307729836401
1016,2.131043274916299,50.61078050144571,-39.945237432677594
1017,2.1331378502136085,50.510838990079336,-40.81960033918332
1018,2.135233020544507,50.7408408837742,-40.60836686528198
1019,2.137327211773404,50.47809394099863,-41.947004365893385
1020,2.1394213678417553,50.88134506596813,-41.570078369166296
1021,2.1415151935265153,50.77621720926106,-42.284103442139205
1022,2.143609686067666,50.82916387732302,-42.641799663942514
1023,2.1457039096890913,51.00229862027012,-42.842921667285005
1024,2.1477977892281794,50.77898141629617,-43.79956550158436
1025,2.149892773795189,50.947342316689415,-43.83918370868235
1026,2.151988207011953,50.77799642130751,-44.95073078053747
1027,2.154083430042502,50.97950419396555,-45.01555980182217
1028,2.1561769020273363,50.951959631722545,-45.61814347927827
1029,2.158269727638565,50.907413839735135,-46.17745599270694
1030,2.1603643338266334,51.14342352677634,-46.14334181011164
1031,2.1624594611960894,50.92643099490513,-47.58115451957853
1032,2.1645538445620423,51.00345182253749,-47.41181782419969
1033,2.166649266160557,51.061683401129606,-48.322563742024364
1034,2.1687438965600263,51.0204177915179,-48.93408662425574
1035,2.1708363804402464,51.098972323635984,-49.123623077920314
1036,2.17292939543057,51.06142057614718,-49.97456072121078
1037,2.1750246621139153,51.267617465472235,-49.84721454557663
1038,2.1771189095943266,51.10711441205588,-51.41565215767021
1039,2.179212962470575,51.13568844072889,-51.35406156937841
1040,2.1813066434396426,51.20461450319957,-52.13836196589164
1041,2.183402629792164,50.844766879185975,-53.55054349198746
1042,2.185498119455816,51.31650753276005,-52.569640685652345
1043,2.1875916200185137,51.03874378306029,-54.61014199978064
1044,2.189686441120868,51.237853059467504,-54.22102170360593
1045,2.191781413276182,51.17791572037499,-54.902409639010166
1046,2.193875147711239,51.10449514523988,-56.22120925297024
1047,2.1959686613130316,51.13263370942559,-56.57084221866324
1048,2.198063923558019,51.031910756339414,-57.74259413405759
1049,2.2001595001532226,51.12527771107444,-57.89357395561788
1050,2.202253779153767,50.96565369626114,-59.210381990270804
1051,2.2043460760907565,50.94469728768105,-59.883322464223056
1052,2.206440891990371,51.01260297307182,-60.11379230473436
1053,2.2085356491852317,50.763098934256334,-61.85099028361016
1054,2.2106277016542335,51.0762236086412,-61.31585341677472
1055,2.212721958545959,50.65483090336344,-62.934069932153335
1056,2.2148185083900422,50.821167424908914,-63.348546190887376
1057,2.216913061952383,50.89288258487185,-64.28153321221899
1058,2.219006160150891,50.60736017018654,-65.8676679620779
1059,2.2211007684745443,50.908203483796484,-65.55123756280972
1060,2.2231966067711273,50.33557943934798,-68.01153291739247
1061,2.2252915180225106,50.53956787800079,-67.4187849721136
1062,2.2273849286831946,50.32659993682588,-69.41199119349236
1063,2.2294794057777056,50.170910867978684,-70.43945471482532
1064,2.231574082226972,50.30398198446586,-70.68971503073834
1065,2.2336675726385264,49.643976904041246,-73.08152309206207
1066,2.2357616690730993,50.020334579425054,-72.04805702448199
1067,2.237857388038379,49.60151242433736,-74.65719888962455
1068,2.2399520699736297,49.63217958124709,-75.06882014491151
1069,2.2420449617357057,49.374296932693206,-76.32950463265286
1070,2.2441391380853632,49.125067367598206,-78.42533368612598
1071,2.2462342793770116,49.269199409181326,-78.07118270811789
1072,2.248330004000319,48.87721328559473,-80.46448294059913
1073,2.2504234986669656,48.967879518461935,-80.8481453192706
1074,2.2525166459790467,48.40535539247148,-82.66342216759396
1075,2.254612702557845,48.24850328295242,-84.30128185075603
1076,2.2567074239010356,48.03704900284233,-85.19332477476084
1077,2.25879926569608,47.53347189543029,-87.22902836426921
1078,2.2608934332232278,47.664326183096954,-87.54175247542877
1079,2.2629890832862967,47.00529467678293,-90.15400749270097
1080,2.2650815906481947,46.94495820446433,-91.26710882173046
1081,2.26717631551426,46.49227088164292,-93.13471532536097
1082,2.2692717091510235,46.1119700357526,-94.96112040267376
1083,2.2713660430599174,45.757748923507,-96.10551691776381
1084,2.273460830916725,45.44875224698203,-98.21026140452504
1085,2.2755552510450507,44.96479407951726,-100.16215461003699
1086,2.2776502981151867,44.625705281848184,-101.36235899530203
1087,2.2797428242388995,44.53263305582887,-102.61280923210855
1088,2.281836092329788,44.37673833649631,-103.45389532399585
1089,2.283933556285596,44.1431439995502,-104.5449417533885
1090,2.286028868050817,44.133253308129696,-105.64678508585612
1091,2.2881212248812486,43.930468728396306,-106.36799053453657
1092,2.290215014848569,43.83877944679635,-107.1645129821919
1093,2.292310229911211,43.730645834598064,-108.1648316883845
1094,2.2944051456334345,43.627797657249914,-108.94422876003169
1095,2.2964983471898495,43.581492955035735,-109.56920006209701
1096,2.2985921024349003,43.463204007545315,-110.34098907505607
1097,2.3006888643809247,43.42699775326088,-110.93264325213327
1098,2.302783634096356,43.391796509523985,-111.83566657991705
1099,2.3048756698218886,43.40418947957555,-112.25384010039471
1100,2.3069695720010412,43.33956666202326,-113.03995691633237
1101,2.3090651112173397,43.290986052436544,-113.87905773763725
1102,2.311158495429861,43.25034557371929,-114.17267787005531
1103,2.3132509513768182,43.092639107358536,-114.68344025871833
1104,2.31534766594442,43.079709160042015,-115.34844204082681
1105,2.3174438092641236,43.29834346604706,-116.24223852221152
1106,2.3195366518474128,43.1673909230964,-116.48590823654291
1107,2.321631141204296,43.16025506656145,-117.40584019029768
1108,2.323727832694395,43.1656830093136,-117.84816954688468
1109,2.3258211826493147,43.06746484972489,-118.16552768983479
1110,2.3279133966950116,43.135001967033496,-119.09419739354327
1111,2.330008120458155,43.08966612039248,-119.48992217252898
1112,2.332103956675321,43.168144190683215,-120.34564215106998
1113,2.334197579452735,43.16055316774546,-120.71982221281405
1114,2.336290017181209,43.26170957949211,-121.56832178514006
1115,2.338385505091734,43.17634102000164,-121.90844881266352
1116,2.340480189114194,43.17681618448764,-122.50151139188843
1117,2.342573391055059,43.194871169969396,-122.91603250834328
1118,2.344667848677038,43.29687182669255,-123.57601449854116
1119,2.3467629878884537,43.25012864788103,-124.21975957172046
1120,2.348858220839854,43.31645776580563,-124.64357528216654
1121,2.35095250082758,43.366147185176466,-125.19251487503816
1122,2.3530449396760944,43.37788199825845,-125.66466765719852
1123,2.355141499104623,43.40381391153186,-126.23474830491531
1124,2.3572378412451434,43.42652917242607,-126.64529622516964
1125,2.3593294861259198,43.46525432388521,-127.31714695383043
1126,2.3614224992004984,43.52162688944925,-127.94502457617222
1127,2.363517948981548,43.52206056460833,-128.2638787076017
1128,2.3656139136423477,43.53464255383225,-128.62316747201356
1129,2.367706660383537,43.63884508911596,-129.30214825837362
1130,2.3698014470222093,43.61664875506108,-129.56964383787627
1131,2.3718977582075165,43.759069591310606,-130.6041245156563
1132,2.3739899214574836,43.74581405233282,-130.6547825152731
1133,2.3760825194215927,43.78419750995987,-131.37796376980975
1134,2.378179070039863,43.93038436613779,-132.09667303573968
1135,2.380273759058959,43.997137806295854,-132.63592050743432
1136,2.382365673610318,44.10837204248113,-133.39356193827174
1137,2.3844604460166168,44.11699037474809,-133.53573154723188
1138,2.3865571190304595,44.087174126632924,-134.00291374241047
1139,2.3886520978255446,44.30394271119456,-134.9859566885645
1140,2.3907442891236066,44.28078883610818,-135.3110231024767
1141,2.3928386457990913,44.28590533816319,-135.72056559811523
1142,2.394934562690242,44.44114696841799,-136.37587955822477
1143,2.397029599690107,44.573444387750406,-137.1151179819406
1144,2.3991222591305954,44.54964794231035,-137.42142813262473
1145,2.401217024080888,44.528691964995105,-137.64390889749214
1146,2.403314513026698,44.61607052147188,-138.2117415302259
1147,2.4054081911284184,44.719589431775304,-138.90570848886873
1148,2.4075011183217048,44.85160378192426,-139.4628048345678
1149,2.4095960074264258,44.90882654016189,-140.11694186137854
1150,2.4116926326559978,45.17940823720463,-141.07881817709122
1151,2.41378425055939,45.11103248435425,-141.1842487620199
1152,2.415877382497087,45.243599135560466,-141.94931975839583
1153,2.4179783678062123,45.31979793070153,-142.5006058870338
1154,2.4200733739460714,45.46351456206866,-143.25950876176313
1155,2.422162501290004,45.59172702542761,-143.7738660100714
1156,2.424257158180454,45.58387466858592,-144.06474091925895
1157,2.426355368807169,45.707065034140705,-144.67671013746033
1158,2.4284477900186845,45.689927450420306,-144.97756781231553
1159,2.43053883847394,46.041028920697315,-146.30002695916525
1160,2.4326356353293934,45.93256789071849,-146.25803583505808
1161,2.434732612021302,46.06979812221646,-146.84648559548427
1162,2.4368252927922227,46.0945503471548,-147.15876303132723
1163,2.43891890863681,46.32578259492309,-148.26758709223702
1164,2.441014895314609,46.47934032093614,-149.0399385914338
1165,2.4431105244568765,46.39314047611061,-148.82358534933275
1166,2.4452031167440684,46.75172394638524,-150.13587301546121
1167,2.4472938786799143,46.77749488659879,-150.635811240954
1168,2.4493915902413868,46.78424122375152,-150.98522210719887
1169,2.4514877943094935,46.864990062749825,-151.3015967751399
1170,2.4535774837073663,47.05737540115576,-152.28642281905505
1171,2.4556717453467782,47.15877670174026,-152.9910956399499
1172,2.457770725968573,47.35160362091915,-153.5603776234051
1173,2.459865450868259,47.40918822458446,-154.11042896643963
1174,2.461954843714291,47.52821339126007,-154.66578755937144
1175,2.464051305962942,47.77333155502212,-155.67779691558735
1176,2.4661493201186655,47.774729341484054,-155.83231414825912
1177,2.468239991051035,47.87665233580221,-156.38224383009202
1178,2.4703335941159144,47.99016409554904,-156.95330926559862
1179,2.472432426226094,48.361778032667125,-158.38675893750928
1180,2.47452690434623,48.47776272746663,-159.07328012950452
1181,2.476615373809059,48.43938636646658,-159.02353580530345
1182,2.478710457672189,48.79711183996453,-160.54257202024797
1183,2.48080966574444,48.83762401401351,-160.84082945734517
1184,2.48290090100287,48.93266279590451,-161.36449505434516
1185,2.4849923340191187,49.19230248276838,-162.2543709569419
1186,2.4870897130294636,49.46177809723218,-163.4503056644165
1187,2.4891862386660164,49.42712572335477,-163.43400299398544
1188,2.491278235985619,49.66488645116636,-164.33702843002033
1189,2.4933690456944357,49.75277324735318,-164.87941989492435
1190,2.495466543397291,49.76394243928992,-165.09087280036772
1191,2.497563830960505,50.031640112552495,-166.04472961836308
1192,2.499654519205421,50.28560834051266,-167.13492296856714
1193,2.5017479497353943,50.44894007514156,-168.03547190931533
1194,2.5038480054516667,50.477722789335054,-168.10349128135658
1195,2.505943433921919,50.67058986809205,-168.90881166319704
1196,2.5080284861327207,51.07465353030361,-170.4922156885818
1197,2.510123955773609,51.29532242528306,-171.48027240534802
1198,2.5122261646694253,51.47968984362823,-172.11462606217705
1199,2.5143177674343575,51.4150068244849,-171.96984186532669
1200,2.516405803072155,51.75771637059896,-173.4850270091293
1201,2.5185026929964116,51.629246875645286,-173.3090782256881
1202,2.5206041831245063,52.15642033044288,-175.14606685218442
1203,2.5226964757648327,52.16610001821393,-175.23378936576216
1204,2.5247869961159406,52.453894014137234,-176.4357443374868
1205,2.5268843920051487,52.618159514764244,-177.0751299190641
1206,2.528980483597168,52.84989392310839,-178.02794236194345
1207,2.5310684597394695,53.20352910707342,-179.22036038700043
1208,2.533161718042206,53.09159741056602,-179.20270117555506
1209,2.53526488574662,53.499992026495846,-180.70534229830207
1210,2.5373603920777454,53.712406883267086,-181.4636307547186
1211,2.539445749963502,54.116518517803016,-183.09101221495018
1212,2.5415417180131348,54.1732478621342,-183.3829340864531
1213,2.5436457679371425,54.25458345852703,-183.69617568970972
1214,2.545736808475733,54.66728008746795,-185.25931863311905
1215,2.5478233832874237,54.8023792739407,-185.91237484832777
1216,2.54992085584226,55.092597485641875,-187.14205895100494
1217,2.5520207655356866,55.17405493205,-187.31756452520017
1218,2.5541098448110064,55.568360141691144,-188.94731502331342
1219,2.5562002600365847,55.79984399168421,-189.6979515941454
1220,2.558305455724291,55.62700926585989,-189.410589186713
1221,2.5604026511470312,56.165304422266836,-191.36573611505546
1222,2.5624826414852553,56.46632963257498,-192.48244751792748
1223,2.564574391949512,56.858265069315344,-194.04570331934335
1224,2.5666808497683498,56.95616472535501,-194.3315092850395
1225,2.5687773451615423,56.928763830212155,-194.32886938912145
1226,2.5708608935170316,57.553118585525944,-196.64066796740443
1227,2.5729575952355885,57.95561422972078,-198.19430835840765
1228,2.575060651513359,58.076347052995445,-198.6292293851696
1229,2.577148431575012,58.33035608268802,-199.54058300116492
1230,2.5792346077561192,58.80234226813281,-201.3444009768868
1231,2.5813352493894732,58.91499128110108,-201.92442688464482
1232,2.5834369526956515,58.92750982803896,-202.08067969124775
1233,2.5855218346006232,59.57550285656182,-204.2358970116664
1234,2.587610713900489,59.412567114805576,-203.83539658793043
1235,2.5897186990593415,60.12473286084742,-206.4601601370816
1236,2.5918181690667126,59.98773762004899,-206.18724766178323
1237,2.5938985009385314,60.42186141586386,-207.74292849626946
1238,2.5959901966325076,61.187444590746296,-210.30388051196445
1239,2.5980970827886534,61.041927599818166,-209.91096736789706
1240,2.6001911974764487,61.810864466358886,-212.8184563592353
1241,2.6022734575046016,62.10581077785767,-213.88607117807447
1242,2.604374761438423,62.39416722447968,-214.97182629956293
1243,2.606480077670044,62.495412428676495,-215.44093536114386
1244,2.6085618800169397,62.91757741958373,-216.91250668631707
1245,2.610646200048581,63.278017356454754,-218.36221776788173
1246,2.6127580952497533,63.7615318167968,-220.15012201596292
1247,2.6148609257992828,63.87936550130511,-220.4128050551354
1248,2.616933454172155,64.22520332709196,-221.76993656906882
1249,2.619020659870304,64.49966749051833,-222.83856274553517
1250,2.6211346279669097,65.42328284597228,-226.2072732686864
1251,2.623236503452788,65.33058848845238,-225.81444018364704
1252,2.6253090562225565,65.81942935533777,-227.6523887413934
1253,2.6274000701334055,66.10536753350458,-228.82752114910215
1254,2.629513118467727,66.1460561235729,-228.92584405143538
1255,2.631604301330356,66.6181064106202,-230.58376229048196
1256,2.633685254021577,67.66228361651878,-234.21846933857918
1257,2.6357889797673804,67.67948045070855,-234.72926354389455
1258,2.637895874321367,68.6138136168926,-237.79186146829417
1259,2.6399747081141895,68.82424132925833,-238.6208309744786
1260,2.6420591747927733,69.28129207263818,-240.34169281838243
1261,2.6441764666284318,69.39213934554564,-240.718418315941
1262,2.6462775406423154,69.61925034061923,-241.58434293375348
1263,2.6483402943393326,70.48585318454181,-244.6531715923332
1264,2.650428729148096,70.3760675477075,-244.5355886948833
1265,2.652562718674548,71.10068588061935,-246.94055818289834
1266,2.654664088292312,71.00687516392938,-246.6652030564416
1267,2.656712651557163,71.70782285937064,-249.2722627260595
1268,2.6588106765908748,72.24274668686532,-251.13599381432107
1269,2.6609452450324915,72.27334323042822,-251.30018839078573
1270,2.663032290426174,73.33230823669032,-255.07066712579268
1271,2.6650914877184944,73.87082120586838,-256.8730446381674
1272,2.6671986225603375,73.78335467864797,-256.70618124015766
1273,2.6693218160411916,74.42406096319905,-258.93936726177094
1274,2.6714003686163363,75.58440292460534,-263.18385805156186
1275,2.673473653710363,75.49281077258274,-262.8705600532333
1276,2.675588689124729,76.14880664855428,-265.13127074257596
1277,2.6776964003773744,75.96270139887397,-264.567654010482
1278,2.6797534796790945,77.33717270472951,-269.4237123909139
1279,2.681845016836506,77.8923393802364,-271.52260632419484
1280,2.6839785543392702,78.89760771791683,-274.92883698081664
1281,2.6860638705482365,79.33791273565957,-276.50835902319113
1282,2.688115580192901,79.21160357416046,-276.04284632297123
1283,2.6902421071216107,79.26357027132843,-276.34785855761885
1284,2.6923784453538007,80.95466477764457,-282.31135633519
1285,2.6944235266222867,81.58316721806696,-284.6228884179579
1286,2.6964818302236213,81.90297892724266,-285.67687169211996
1287,2.698646249049189,83.15965064806339,-290.26228976854213
1288,2.7007725953070936,83.03364006296248,-289.881172054344
1289,2.7027692368507834,83.20426731810439,-290.2892016274416
1290,2.7048443440936585,83.50120002208453,-291.5751826172278
1291,2.7070515904059915,84.63727308682107,-295.47334557535703
1292,2.7091632832728005,85.53640806312097,-298.72237316386855
1293,2.7110832098570423,86.54777271535069,-302.1662000913559
1294,2.713194248534394,86.0545157727889,-300.5570280563718
1295,2.7154564422347596,87.44429605793309,-305.5150400280226
1296,2.7175455830902693,88.18687741014094,-307.84775261126333
1297,2.7194409477796717,88.40586962291097,-308.86535358630675
1298,2.72159410281056,89.52453771296673,-312.87497300178717
1299,2.723868494276683,89.21801164470418,-311.87620530774905
1300,2.725905473691433,90.9801974945317,-318.00936222514696
1301,2.7277938720843573,92.03308124482805,-321.59201044707663
1302,2.730005424734083,91.11038759688147,-318.4801868628353
1303,2.7322910595910366,92.61318424786226,-323.8151680813436
1304,2.7342323934891035,93.91162967469172,-328.3296426149827
1305,2.7361123669415965,93.58364575014049,-327.3309446319055
1306,2.73841292247591,94.90052561608248,-331.91403127956426
1307,2.7407262152838343,96.90403816929607,-338.8419290083181
1308,2.7424923562337074,95.93626281621214,-335.52426586319064
1309,2.7444202272828333,95.7087461255909,-334.74907068805885
1310,2.7468188489948773,96.89205602568758,-338.88718395388486
1311,2.7491571251284848,101.64850307495011,-355.64794220043507
1312,2.7509012180135843,97.78603473839664,-342.04091752446374
1313,2.7528220566885997,102.01126462867003,-356.9439237367643
1314,2.7552245852341666,99.69945440097506,-348.84169684004405
1315,2.7575799064734774,101.31970537263038,-354.54333301974384
1316,2.7593246433872425,104.42119990602423,-365.2979799554601
1317,2.761234187120032,105.3245498074252,-368.47721291406253
1318,2.7636390504715083,102.48041218020623,-358.65428539468326
1319,2.765948826576436,107.03473655170811,-374.4980630285841
1320,2.7676191435751902,107.6891396261921,-376.9287419431
1321,2.769651838220211,108.96827916945682,-381.38458770921727
1322,2.772055945845228,105.9658072927949,-370.90177743121427
1323,2.7739175955497957,109.00264545753117,-381.6516143465248
1324,2.775657495525559,110.54661119216635,-386.8270245592878
1325,2.7780509401576134,112.70969074521935,-394.53014505370055
1326,2.7804282678176238,116.13094891230445,-406.44903149865644
1327,2.7823699672164355,133.61885568510783,-467.50273573136366
1328,2.7838806433920418,66.8537199640797,-233.87386628314056
1329,2.7859958234637583,128.46967088170354,-449.64384808596225
