,k,Pk0,Pk2
0,0.0029665470748989845,31118.331990912946,-53287.81814598506
1,0.005026374055021859,52800.53258674018,30956.118788695603
2,0.007149300621522788,68415.58620139289,-2433.8593310767183
3,0.009278869254964255,55928.1315795641,-14093.168183729913
4,0.011450332619344701,59224.25443769946,26727.814075958744
5,0.013492955871419151,62534.006180289194,-6758.882959255887
6,0.01558905561191893,59324.566661895915,-2402.9908259752133
7,0.017694083672553172,60118.08889420536,356.47874163373706
8,0.019817874803135297,55406.66776741972,3683.7990915128316
9,0.02192074938196264,47234.00271404041,4986.674538301603
10,0.02398877635566245,45966.8326775433,-5194.3208175971795
11,0.026092869718961156,40421.30078748356,-20.889970144540737
12,0.028234663152781798,37060.32557960157,3305.7241066566844
13,0.03032284873509123,31921.307243075484,-439.0266940325585
14,0.03240263258943404,30181.837205423228,-1673.79169963313
15,0.03449210129864554,28143.74455361773,-890.6109538685403
16,0.03658588147515197,25803.33876169963,-723.126697407132
17,0.038684769492669774,22147.329176604853,1483.1413460427789
18,0.040788988884582836,20811.197992253576,-828.9209030086794
19,0.04289390876967646,20639.227263461213,-1196.4897776938608
20,0.04498336005546935,18602.439717305486,1300.1247925798398
21,0.047064985294738244,17986.2245732118,-589.7871830911026
22,0.04917111919158227,17601.503912762917,-88.02717707517354
23,0.051262169141742274,16814.86294386298,-1713.5007155731992
24,0.05335525146837034,16413.26287829087,652.5350034009447
25,0.05546637228956934,16395.13229603346,1743.8236141975387
26,0.057573188192548086,15805.441481085005,-203.79318432569218
27,0.05965884044590281,14963.85371622799,-101.5919424438286
28,0.061745123021595065,15084.243363564852,-117.57587050487946
29,0.0638268929113719,14706.290748308596,417.7163534719694
30,0.06592966228838451,14004.310868886696,-868.1151027314451
31,0.06803125784825748,13313.129104087024,-159.73908405801913
32,0.07013131008699486,13051.308897401193,618.1113305239993
33,0.07223032366074338,12280.790503339054,542.9945687773993
34,0.07432334270720506,11503.106262649671,37.80388723301943
35,0.07642066756954473,10984.543244248509,90.83443301153845
36,0.07850471694556041,10365.070235220835,235.89362474393715
37,0.08059701946059529,9793.407448155562,41.96654001718173
38,0.08269521798132064,9212.629324825564,-81.35879552204078
39,0.08478307522909848,8648.495053810053,-38.54338776746201
40,0.08687780839616016,8371.969046949116,172.32694016281442
41,0.08897524569656534,7812.177538274194,165.1549066085008
42,0.09108077810470518,7543.577471948609,194.3164875066697
43,0.09318432266948053,7155.012939223427,203.08704759988476
44,0.0952788764104831,7029.6943856807375,-76.23532750997242
45,0.09736254237981037,6806.017234776113,280.21512814981435
46,0.09944832814799408,6630.850860462539,37.88961406885082
47,0.1015460879802399,6519.640423561438,17.96943363886372
48,0.10364263756677322,6379.64791854405,158.45060340916868
49,0.10573893905394659,6282.945967174595,118.14366286598357
50,0.10783958559814742,6043.675439906689,-9.493390599793065
51,0.10993894058501318,5978.799375649648,74.20693490540368
52,0.11203921431523854,5976.50392012612,-102.27601882255027
53,0.11412334585697578,5845.253249323667,-28.720951878893217
54,0.1162159397555423,5765.026416751387,70.80759877235802
55,0.11831372048037725,5610.267608698744,167.4407211337542
56,0.12039723118070132,5499.987296922719,331.2091362838069
57,0.12249223631878574,5363.130138320191,-15.722811174746475
58,0.12458825984258635,5242.781970119045,89.33616287097499
59,0.12668846771583772,5057.341313030474,-89.03557755590097
60,0.1287846620419941,4968.514235718272,19.47668011063564
61,0.13087133937881498,4803.981958715484,-40.946441043172285
62,0.13297548334406448,4660.47120939157,-22.45838099880186
63,0.13506910815256093,4558.062572181551,55.4061741576146
64,0.13716388258568254,4401.893598413495,10.78376749322576
65,0.13926047573721634,4349.056008440711,204.61235443823563
66,0.14134668829083769,4182.306914305828,-76.41344093348891
67,0.1434475230090064,4032.46143470114,108.8975643012425
68,0.14554528534185418,3943.1417309660305,37.89852678505696
69,0.14763320610735878,3902.4981284040064,46.66459234700999
70,0.14972114728432864,3781.813292651164,-22.1107626302951
71,0.15181380487515775,3703.729877821037,168.15335172570667
72,0.15392114901003526,3637.0189445176693,161.55953951745462
73,0.15602147473412367,3565.825996487888,133.26928195522012
74,0.15811617475881218,3489.336198864326,38.54998888022929
75,0.16021187122717997,3441.1941662141917,74.94355751388578
76,0.1623006419462899,3391.9698433251638,86.27840194173196
77,0.1643899033199985,3338.7472519807825,49.9083824779231
78,0.16648355823815117,3307.228454956495,33.84045375697513
79,0.16857196837784735,3255.9622309523324,25.159093885467737
80,0.17066413320893647,3183.4160008339422,50.28233895429039
81,0.17277086992561352,3148.3166887414673,-25.835508860728385
82,0.17486965460096995,3076.857328975881,77.26234406420696
83,0.17695857694944453,3034.1806040537476,135.3360517937363
84,0.17905245093155753,3014.220864626797,121.75589346746885
85,0.18115265212612636,2934.519147470449,30.18974218234994
86,0.1832476884130739,2881.117997331162,118.22716754393379
87,0.1853312475833926,2853.1643708704596,30.682909663238693
88,0.1874284892203219,2797.3678718975966,67.49298015879275
89,0.1895337179075755,2765.025786274932,13.181499942635165
90,0.1916268196474026,2696.2331696395804,40.42408260214322
91,0.1937183403446853,2665.0413865598853,62.36449267701004
92,0.1958131498886989,2626.948802844261,122.71721816513943
93,0.19790587400989662,2604.391155527393,-1.3240143731062837
94,0.19999906515978938,2565.51683957465,37.053903611016054
95,0.2020893038374759,2506.1858453518184,65.05083638694659
96,0.2041823192148178,2474.6554084291643,4.606930596058935
97,0.2062825911013838,2432.4546971504606,12.614456997164051
98,0.20837701891459662,2391.385454969897,88.30797366186161
99,0.21046758167944032,2363.10389030526,72.78959721561289
100,0.21256678542440183,2331.2056464398725,22.713540514330763
101,0.2146619261104852,2301.3543122735614,31.580713655188028
102,0.21675618057220372,2274.850869248463,111.27398306904031
103,0.2188528705899679,2273.7087791672093,2.7761051613887044
104,0.22094564274530842,2225.3724156778385,63.54736028267438
105,0.2230395148320731,2191.703182114518,42.41385048102832
106,0.22513567328585352,2182.102635514435,11.274521925184628
107,0.22722785048644015,2153.7209360881875,44.862641397919745
108,0.22931975112872324,2119.541969767684,42.460998200154464
109,0.23141147723465103,2102.9631274070653,59.93710034611078
110,0.23350584674782457,2067.938566359849,88.26748824711966
111,0.23560416522029054,2042.5372398513266,50.99836476484721
112,0.2377006336558307,2023.3952802941942,35.20816494379183
113,0.23979727503904752,1985.7905580406796,59.984467214475366
114,0.2418944602532704,1978.1932840660884,66.02804955129704
115,0.2439884227569783,1941.7068938771545,25.55222150132277
116,0.24608359968283072,1934.8860045429412,29.995961049635888
117,0.24817552807053123,1910.5197871343073,29.596816596765258
118,0.25026237006475704,1888.622904517892,73.59681258221845
119,0.25235861551053484,1877.444410239305,25.150931014244257
120,0.25445470778669854,1840.6818459087654,53.591835951805955
121,0.2565487653287422,1816.6500484092087,54.745540424727515
122,0.2586464955058471,1807.111343996201,67.55132138220809
123,0.2607443047329862,1791.4503370684306,73.38985030951528
124,0.26284383121734134,1780.5199898773324,30.05143544179035
125,0.264929885565984,1744.38517950091,75.23995516859934
126,0.2670163698864118,1739.9220633791613,43.22819360747992
127,0.269112135390912,1724.19550016965,38.580461299749736
128,0.27120764961246213,1699.0064986451428,41.90752625846812
129,0.27330509996536784,1690.2830190625339,87.8274417977532
130,0.27539842121309294,1676.8622208768556,27.42733244101478
131,0.27749656900268016,1647.2862299672538,60.16009617023885
132,0.27959864364035925,1641.8428772912496,53.8783931248584
133,0.2816878213234348,1627.151002185511,49.8330802925589
134,0.28377609558542155,1600.2899890657352,39.75462070890858
135,0.2858732754634003,1595.560896844369,21.95045468178303
136,0.28796861590208045,1565.4412847827657,53.33436448797163
137,0.2900612915162532,1563.875165296478,56.472830930375935
138,0.2921547032025089,1546.5697272992136,41.66903795742951
139,0.2942501291133245,1538.0567270165004,39.93080567631299
140,0.2963444256131289,1525.887980138833,57.09873756134453
141,0.2984361415704375,1510.4609825831308,33.56548463547917
142,0.3005318840555698,1502.9916260702364,31.96038852363784
143,0.30262777760316095,1485.314963070343,48.04235207869178
144,0.3047248035439954,1476.788475948335,34.029008412215525
145,0.3068210272572538,1469.412015643723,27.71058956426552
146,0.3089144805088237,1445.659311942896,34.739143797642164
147,0.31101080657849756,1433.6296044337264,53.84816577412215
148,0.31310885951912926,1429.963354611105,62.15464942771274
149,0.3151991603466065,1417.1446736965165,45.069923024162584
150,0.317288667284839,1404.745363475482,34.107221826692864
151,0.31938044185106124,1395.8639540195575,44.318524530901065
152,0.3214783648369702,1382.6102382314564,35.138941444624855
153,0.3235785211189416,1367.3642447938803,32.037315287697936
154,0.32566935894833426,1358.1425876248022,57.625510991538505
155,0.32776077751211374,1352.6748738243436,32.21145007529033
156,0.3298523230655558,1339.1504345925616,43.22396587635823
157,0.3319485433973702,1330.410415117068,49.54328808797937
158,0.33404540358127904,1321.8448153487338,47.3103710980347
159,0.33613494177837844,1308.2145502486885,27.81057411075466
160,0.3382313832787478,1303.1648646362594,46.139456968487366
161,0.3403308518124324,1287.2136667596067,28.413870124278393
162,0.3424246601457981,1277.8985538805125,48.60519063421968
163,0.3445197272986724,1277.5835459654509,36.051909684076456
164,0.3466158524641983,1262.9487331632586,34.45238339312764
165,0.3487089916477683,1252.4369871733854,38.43382966457311
166,0.35080114560367615,1243.284064746374,47.635827819865085
167,0.35289356821720286,1236.5210792754087,35.57598993745536
168,0.3549881110219297,1220.5663983468917,51.34947451194956
169,0.35708559248027844,1226.5786474366885,53.673634274948306
170,0.3591813496003593,1213.6872813347538,38.10975797181104
171,0.3612749400626811,1205.8893794762275,36.059085828012044
172,0.3633693413142722,1198.1250543127157,45.065422785894384
173,0.3654632219855477,1191.5652156857975,36.03274277282386
174,0.3675603773529471,1179.903058445817,43.08930470995686
175,0.36965434919829326,1172.5859522266087,50.63156421533884
176,0.3717418094879197,1160.9997211578057,35.51077996574576
177,0.37383404253825586,1157.2409714566081,51.19643445572132
178,0.3759308579415973,1153.6434642885442,35.81195591149521
179,0.37802985088946095,1143.8199120603392,44.6074346703862
180,0.3801213498834686,1135.1258411621798,22.03202760930107
181,0.38221306010699313,1127.2018879314885,40.60254716532498
182,0.3843141376638833,1117.0649512649431,34.53661293545081
183,0.3864096355836929,1118.5625509493232,50.27293600553922
184,0.388502907295756,1111.7115655347893,44.749856358384754
185,0.39059769208540335,1105.8524120596041,41.960406980742874
186,0.3926958121232196,1097.4854939677493,33.68735638080764
187,0.39478921808384226,1090.898142453904,26.397234886859408
188,0.39687821409975554,1083.2456938060532,35.2908412062994
189,0.39897073627813356,1080.8530216853947,37.348380089067085
190,0.401067192451382,1072.286088919745,38.111969710383114
191,0.40316228148056854,1063.4669668981994,38.884865243213135
192,0.4052546340249366,1056.2660612316945,33.10037947100955
193,0.4073499183903822,1050.5735969006819,36.702065289693614
194,0.4094468722071623,1047.4975069116244,46.99241903025754
195,0.41154432885897757,1044.4171424510134,34.239530895437284
196,0.41363408239228544,1035.4916901845331,38.06292665764482
197,0.41572494638156243,1032.2817175712532,30.285647501745014
198,0.41782181997781404,1024.4805362093196,32.35064017164106
199,0.4199166506307261,1016.1308893202724,26.95794721699683
200,0.4220107143757513,1013.8179799843047,41.58801063621727
201,0.42410542949066876,1004.1107786687277,27.625713840527172
202,0.4262013850195404,1006.0454675258296,31.082630326413398
203,0.4282955296445312,996.0065752263059,36.9369186453782
204,0.430391806688861,990.0889861186195,25.029386646629174
205,0.432488575457924,989.6657365951985,37.06128999362952
206,0.4345806090039814,983.0006149269417,34.719928079526284
207,0.43667244097425384,976.2396838891708,34.96824969065658
208,0.4387671492209622,975.6674040508482,38.750242919038065
209,0.4408622534544343,968.6931846573713,32.02680377015741
210,0.44295516415095815,962.645607422674,26.939714513187056
211,0.4450482683181851,954.1817742156152,35.34550641151265
212,0.44714683875742495,950.2194969150329,39.538324268253646
213,0.44924362280569813,948.3684360254823,37.3923759251523
214,0.4513338633316258,945.1198573355291,34.21206276601199
215,0.45342753643259276,938.4909579652193,35.94779124757497
216,0.45552189548586586,933.7751364965832,25.971159010494695
217,0.45761716616081083,930.5279468916872,29.76433293774859
218,0.4597117909764672,923.2539692302245,45.31326723196701
219,0.4618031890496857,918.9570446520262,35.30711168964669
220,0.4638995470730997,915.0162516775848,27.837568114390162
221,0.4659948171464902,911.5048290800822,33.612155228071245
222,0.46808929446972725,909.4812338473001,38.50537698898585
223,0.47018492649495636,903.9323707841669,30.928363129248904
224,0.4722792778491551,899.6038495882391,36.43257007035471
225,0.47437272572904565,895.6565208040678,28.197134145689322
226,0.47646593372141327,892.57423957068,28.60424431988775
227,0.47856230727426236,890.0948491247902,29.62716780576525
228,0.48065904058976644,883.1537482967121,30.79920515848935
229,0.4827512226177774,875.4778449818955,36.05532425812638
230,0.4848441163240575,876.1411823886463,33.867178153480765
231,0.4869397730506266,870.2778311456142,29.808623321219656
232,0.48903678813400875,866.0122977391713,33.41710633350258
233,0.49113096964965397,862.399954360009,31.462680230940222
234,0.49322332174786626,857.8060442596275,44.455028852439185
235,0.4953187148676145,856.3474110308899,32.27929820594798
236,0.49741120358770496,854.4027298468944,34.19201237212549
237,0.49950082345999325,849.0673515362406,34.08439644012961
238,0.5015952506837275,843.8028446314224,29.002391889539606
239,0.5036919972981919,839.3939720877806,24.890489878743683
240,0.5057872116617207,840.187862664303,33.65476571841871
241,0.5078828569897101,835.0725061071341,34.45204455503337
242,0.5099793452386306,831.2529971721984,33.3208574333954
243,0.5120767256379639,826.504486254981,23.42458957449339
244,0.5141702395931294,825.7773629055132,27.169431821841933
245,0.51626132102766,821.4509751922571,26.931716736349426
246,0.5183576899265504,818.4638683865472,26.94081715898851
247,0.5204524416424112,813.7259619616681,29.487308959514873
248,0.5225430403510469,809.0829424749761,26.75903832667342
249,0.5246378991347941,804.7683279833618,31.955188948639787
250,0.5267345150769579,803.7533982658807,29.116668698427812
251,0.5288284644781793,801.528378823261,32.80157891264531
252,0.5309200047543352,796.5052248162082,33.22812774554338
253,0.5330154787982235,795.2770697669116,24.342197114123923
254,0.5351140455458262,789.8534831404878,33.94287646005674
255,0.5372066203065362,788.8675994393711,28.33375213087485
256,0.5392991990272246,786.417088191738,26.04580932687794
257,0.5413944118270408,781.0944983410278,29.689125975856353
258,0.5434881995106379,777.5173580732302,23.542616474880813
259,0.5455829952492127,774.7285249378838,25.112017333064028
260,0.5476769745662954,773.8377343014904,28.654073874076122
261,0.5497697255495043,769.3795697094303,32.58896235409673
262,0.5518645446467839,768.2474936245443,24.168521772719956
263,0.5539598571350287,764.0836647956157,26.040987157211934
264,0.5560564538950566,760.5806533793229,25.944605094120686
265,0.5581500505101624,758.1374740953704,33.51239219062129
266,0.5602409063261653,756.6660982190313,26.276614652447183
267,0.5623379637803174,754.0783582381166,29.315031907204716
268,0.5644363283026402,749.585534570491,27.371422990019248
269,0.5665273824761494,745.7902707000612,23.161543708553218
270,0.568621249018378,743.9152744746755,25.865837257611524
271,0.5707181447612965,742.6019541984671,23.451600064628682
272,0.5728127938597997,739.5136816691652,25.46135648428282
273,0.5749070881546879,735.0905432982771,27.69456876257156
274,0.5769991470923068,733.5518834730011,31.244698820224666
275,0.5790956911760897,732.2207841297876,29.938658376800518
276,0.5811893306261757,728.5150965595674,29.427409051101158
277,0.5832802267374103,726.8684918088552,22.693214408381515
278,0.5853761830306536,723.8319748162205,21.51704015792067
279,0.5874711784415975,720.7834128170911,27.663090234026935
280,0.5895653958899879,716.2177906963957,30.02926123920866
281,0.591659786459685,716.1316876943683,23.0237023158344
282,0.5937551851921442,714.0954233339775,22.558922233034536
283,0.5958498092767481,711.7634410640912,25.467774688142686
284,0.5979447066705442,708.6647988909399,24.55323486958567
285,0.6000383505174957,706.942557354319,28.59160289310809
286,0.6021313016181767,702.267115202166,23.395394404956917
287,0.6042246965556944,699.5339727124849,29.83726525980329
288,0.6063189733697846,700.0151616650876,22.83148945563981
289,0.6084147213727373,695.9393024238395,28.5372279600805
290,0.6105090855473989,693.3004398896774,24.094172520780493
291,0.6126037649785722,691.0904694878577,21.2579129015628
292,0.6147002391370655,690.9015751829866,24.658092622343307
293,0.616794938930829,686.3063560634897,28.118469683855892
294,0.6188886865784012,683.0118116434072,16.429202071084912
295,0.6209825762252046,682.4103879541123,23.53447946666489
296,0.6230764414889526,679.9712255674194,30.36859375454849
297,0.6251725389343245,679.0383226321483,28.7251898718241
298,0.627266923011265,675.8708768944231,20.07764629259992
299,0.6293596211388142,675.4584654760735,24.06866885730703
300,0.6314513250607457,672.0643976070754,25.083261725403485
301,0.6335475720513941,669.0063789084754,24.53084863585228
302,0.6356444982495617,669.3441679376292,29.210915053489337
303,0.6377358562255245,665.428753010227,23.232123821786725
304,0.6398302949107263,662.1125634604409,23.844826801259394
305,0.6419256185614247,658.8269074197627,22.484319696456748
306,0.6440214843206593,659.2877193751635,25.479777995688536
307,0.6461142033434962,656.1221253663284,24.600677113399293
308,0.6482061138478032,653.7859591345273,21.095310558619037
309,0.6503020867345045,651.8281321777326,24.607814064939316
310,0.652398185537932,649.8729910698116,19.18975957685382
311,0.6544932048530038,649.7654444532944,28.402863359503804
312,0.6565867871776386,646.2257233666425,22.819141565542527
313,0.6586827890115348,646.0114589790114,21.501640262480144
314,0.6607793300725506,640.864690335548,23.751511765226116
315,0.6628724964198541,641.6721334031007,20.16392818103824
316,0.6649654402217313,637.8046489919165,23.110559998997502
317,0.667059865407609,638.4118182112533,27.061812852428048
318,0.6691532523078332,635.9289503714189,23.047245105626672
319,0.6712457992597233,631.1202267599003,20.41278621666116
320,0.6733390782258323,632.6600199547067,25.066079049072624
321,0.6754367503383576,629.0873114828198,23.024984782748255
322,0.6775335143160066,627.5751384605094,23.372288322848586
323,0.679624621064033,626.334616241652,22.847033628461343
324,0.6817180292738917,624.2758002566791,19.771272295634237
325,0.6838149015047629,621.4245582631404,23.64515531420753
326,0.6859101434268815,618.4122951151767,20.998568107092954
327,0.6880046468184081,617.6414964614816,21.5155540564599
328,0.6900999637264865,615.8855492066369,19.512937547946407
329,0.6921965733216279,614.765627199713,21.873481847137523
330,0.6942884945981568,613.155548907608,23.55407191689493
331,0.6963781649531228,610.9643716061258,21.12889404462231
332,0.6984747371200234,609.2523000109713,18.932165684255203
333,0.7005690388882679,606.7228712550387,28.647674959363975
334,0.7026621579778546,605.399096901711,21.65696288089096
335,0.704757268847954,603.6939880844784,19.91492028844835
336,0.7068509057629639,602.4203317059219,21.59362460941045
337,0.708945644402387,599.4991998072427,21.157123819360137
338,0.7110406815970572,597.9087959523113,27.25058658075123
339,0.7131372373036142,597.2257995633885,17.915910309810613
340,0.7152323589250973,595.333242386253,20.448555307867736
341,0.7173245162021571,593.0497871180237,24.147152460762616
342,0.7194199711852413,590.7471178160912,19.345354535614764
343,0.7215151322330351,590.2941151636369,20.37023771677795
344,0.7236102334592447,588.2781712267164,19.45992837025493
345,0.7257047129497166,586.1555522420815,22.031507595521102
346,0.7277958825256088,586.4612615828206,18.781459560646493
347,0.7298900912292255,582.5174213559983,20.3838653411123
348,0.7319867159780691,582.2124203279282,19.457780654321432
349,0.7340808521059053,579.5448636121145,20.466715858436466
350,0.7361738853270124,579.3602886916224,20.289771178050728
351,0.7382682123604443,577.2224259434249,20.623873025258046
352,0.7403641944498084,574.4820411086141,21.581944161118273
353,0.7424576311971561,573.325179134498,19.756436740792815
354,0.7445523870480827,571.4785358061057,22.21619145181338
355,0.7466478284648128,570.9117951736399,19.49383821502796
356,0.7487413917548734,570.2015590858856,21.092408993392127
357,0.7508354594737505,568.7983562402646,23.73924566840978
358,0.7529278056847568,566.5293905569943,20.394207464613594
359,0.7550230257904859,563.8081185879521,24.456750182604925
360,0.7571167923480437,563.919766735592,20.77824200289936
361,0.7592113317151179,561.7509488076179,17.735676266882137
362,0.7613074731933067,560.253751967382,21.429370193579253
363,0.7634009581307508,558.5908975182335,22.453726098719148
364,0.7654969266569684,557.3001765557362,22.00962555328832
365,0.7675905899780763,556.1263104436515,22.310258778277714
366,0.7696837880547684,553.5746812661192,20.81120654246228
367,0.7717795008463626,551.8519667641747,20.512786487290526
368,0.7738757788346248,550.5156450327661,19.926382877336618
369,0.7759706260990727,549.9206374960946,19.621204708413103
370,0.7780620795267656,548.0169522219377,19.494897883338282
371,0.7801559906208961,546.638311046199,16.160074878026354
372,0.7822523136569128,545.7946636274395,17.328849462109883
373,0.7843481481853999,544.7419157848971,20.531460309743842
374,0.7864425511046899,544.3407599744438,17.300847086878026
375,0.7885343495966205,541.0747023937945,18.78172576408886
376,0.7906286372458883,540.4171754347509,18.60721763457005
377,0.7927244345313397,538.8423762832617,18.044133943559583
378,0.794818005513127,536.9238198627457,17.83352364147674
379,0.7969121491149282,536.1227803716819,20.97201039849227
380,0.7990047112993173,534.8115289249138,17.000301862237247
381,0.8010984966914405,533.7078429654113,19.215717341372002
382,0.8031950165575023,531.3327122012921,19.141845780708657
383,0.8052905677217739,530.2541418742677,15.66225655342149
384,0.8073868841230295,529.8741156723115,16.715740591396777
385,0.8094800557409162,528.4527727839239,20.800290906826504
386,0.8115724907946299,526.8919226586717,16.3251713129156
387,0.8136674854006812,525.646885589707,19.685890206869658
388,0.8157633267681768,523.7515045307825,16.775729019688082
389,0.8178572815764139,523.0533391183849,18.176611549194725
390,0.8199509017046862,522.1343493023759,17.440114036129284
391,0.8220464110750062,519.8021565009105,15.944377493862177
392,0.8241406544737637,518.4550337022029,16.89101092571328
393,0.8262328397247414,517.4166069103146,17.939870381014213
394,0.8283269471334518,514.99246533577,19.147743636984895
395,0.8304231064697798,514.901224253394,14.53858763836409
396,0.8325161683796762,512.4404911001924,18.69896908649803
397,0.8346105557242035,512.7964999469826,18.8733909213807
398,0.8367059794413102,511.4858139388329,17.48119515814482
399,0.8388002445604258,510.88670153947675,18.607780714794295
400,0.8408960756111226,508.9233001988855,17.636347513636988
401,0.8429905652842218,508.69505868102146,17.30809125746935
402,0.84508401313589,506.3558855523682,17.63221440049632
403,0.8471791713809247,505.5734202169734,17.386837516115058
404,0.8492743362825239,504.22467649309186,21.631177030959442
405,0.8513668888602299,502.4193338582027,17.748672567221384
406,0.8534589296280589,500.9074064112131,15.626532704234824
407,0.8555558405338324,500.64285750763355,17.642931148859358
408,0.8576516874123633,498.9596680144626,17.207654978330588
409,0.859744590599333,497.9332708229894,17.94998853217538
410,0.8618400547669827,496.9176556150362,17.884767010409117
411,0.8639350434441438,496.81608803593394,18.672753107843757
412,0.8660280248974203,495.06723860307653,19.573249643919166
413,0.8681201347325478,493.3597169173109,19.63869629319153
414,0.8702157283801463,492.20421376717695,16.901123398511704
415,0.872310621353091,491.4739053260884,16.927057131961597
416,0.8744020359703552,490.0052495583057,20.233518431121144
417,0.8764972088477568,488.5368693466736,16.416172788774215
418,0.878592835994214,488.12237987513805,20.259283855353456
419,0.8806870131084201,486.66086131280576,18.75685416819275
420,0.8827812802431019,485.3525221492354,17.067610118109545
421,0.884877279658285,484.270853136396,15.822374304788205
422,0.8869730004154345,483.4690215181334,16.81538504812622
423,0.8890661750433553,482.2038472992433,19.500453363901354
424,0.891161435679344,481.09605941376157,18.774510146950732
425,0.8932577960179496,480.4134278323854,17.62738614196361
426,0.8953527392107627,479.19350842003684,16.01519256613059
427,0.8974462460666859,477.3775277297491,19.45037366690962
428,0.899539340962409,476.84950814112767,15.802328079403848
429,0.9016318169027592,475.3130330610742,15.857227706674454
430,0.9037252249745606,475.30585307808536,19.55911399474251
431,0.9058199443223193,474.0179686850132,19.292902058208693
432,0.907915243986348,472.45101967700236,18.59239405181503
433,0.9100128049501981,470.8265108369504,17.878383241917692
434,0.9121059966002629,469.48135321886105,17.848088000833723
435,0.9141972861830797,469.3871806506942,17.666937369868144
436,0.9162932496702593,468.72184675038216,17.1478614798991
437,0.9183878012752863,466.68009783456364,16.01688166818808
438,0.9204823185419505,466.16096010412343,18.067539442822877
439,0.9225773629784582,464.7537266138635,15.138954961430636
440,0.9246718174739146,464.1682423058272,18.237462581893265
441,0.926766211900197,463.2722988798527,18.250684447131107
442,0.9288591582540804,461.6177977276887,15.930162854439795
443,0.9309526610700547,460.8865501429185,18.786109540442222
444,0.9330479303067369,459.52847965085994,18.974369520913484
445,0.9351433527997749,459.3863498633049,17.81715030239739
446,0.9372383527365933,458.29927526053336,16.26955402892685
447,0.939329757499591,456.6263783922041,17.924403747910315
448,0.9414230571985791,455.60570019345033,16.554613051595506
449,0.9435210054806012,455.335308306282,18.716401557635816
450,0.9456162503172072,454.43790108580004,20.088996675474636
451,0.9477100092887099,452.80302018324835,16.22749797207124
452,0.9498046323041349,452.05525096830513,18.119004924153636
453,0.9518991548408083,451.49769374757994,17.297575950611343
454,0.9539929332702277,449.33287506838866,16.291672486332594
455,0.9560874898052096,449.3070894630396,15.839340103308222
456,0.9581824530689178,448.8567309810571,17.605063482557238
457,0.9602770371571748,446.96406225991683,16.265501454151867
458,0.9623710723241273,445.4812414386593,15.608772579107798
459,0.9644648349083941,445.39003926996753,17.223005156694676
460,0.966557887379011,444.25229370006633,16.282846992211475
461,0.9686513195291268,443.5703702250185,17.06750956869854
462,0.9707470393683869,442.93265069775066,18.122658106226485
463,0.9728419987888902,441.54647211577,18.08340380879218
464,0.9749363451418961,440.5476852614922,16.853039240981072
465,0.9770319720978949,440.2646431435775,16.675478035842826
466,0.9791260608689247,438.2245832193481,18.094678691535268
467,0.981219993418123,437.62120093830777,17.90936174058395
468,0.9833154848012966,436.29980918949815,18.149171801320847
469,0.985409217900734,435.664623192074,16.351337106998482
470,0.9875034929558208,435.168908198007,18.601589476610975
471,0.989598845059814,434.25022589973037,18.265731642487605
472,0.9916925524589582,433.2685945797367,18.388186412411233
473,0.9937866222530743,432.2199983332736,16.7201288351433
474,0.9958822538585521,431.9743450824906,16.537055950917832
475,0.9979763461234663,431.23500876863665,16.90925173963566
476,1.0000687382803208,429.9423521795751,16.995176748965292
477,1.0021620574674717,428.45828945882005,14.205390567539402
478,1.0042566040705312,428.16630730731555,17.685723953808747
479,1.0063510481087232,428.10755373124437,18.099215850054293
480,1.0084458017147504,426.343339395949,15.104021730636969
481,1.0105412449330358,425.34547947128857,16.836388145145946
482,1.0126363206852906,424.99442897709224,17.82816113147641
483,1.014731689048677,424.02157238001126,20.24451976328834
484,1.0168251811607234,422.6758171660048,17.206064798519467
485,1.0189183181794257,421.75414933120464,17.996631534059507
486,1.0210135131858313,420.71539706327286,16.820797872016243
487,1.023107899818119,420.10100066436695,16.198341213445367
488,1.0252035642142994,419.13254671965103,17.325710799524597
489,1.0272979326699727,418.20676408484354,17.450219862451572
490,1.0293915165160124,417.16755847641633,19.12956509632819
491,1.0314862118776227,416.987995359163,17.4862681277866
492,1.0335813276438528,416.05891205337565,18.41508080457622
493,1.0356760372494827,415.26665937800186,17.491844891487794
494,1.0377697665518313,414.2253207355849,17.458778065611526
495,1.0398635542890804,413.8805084663173,17.719911987182893
496,1.0419580022733907,412.40294875115364,18.059006863350096
497,1.0440530837182007,412.17405029194447,17.079596183683265
498,1.0461463909219801,410.9365272685327,18.953095268289527
499,1.048241289239942,410.73968200089934,19.096702358670104
500,1.0503346504195201,409.7887262349506,17.116678417863334
501,1.0524278880438542,408.95399817305673,17.34185708327976
502,1.0545231057279465,408.09407271461487,18.88435197354268
503,1.0566172205725972,407.6366042548019,15.99277737616903
504,1.0587125681053644,406.655697933949,18.26325536233429
505,1.060806974942881,406.02424951369096,20.05134825789547
506,1.062900937291859,404.69214072945283,18.72618717991194
507,1.0649968400029963,403.6936666163335,18.610821652882606
508,1.0670917748856612,403.1158689057677,19.04556105250778
509,1.0691837840599538,402.6662519730454,18.608337584883163
510,1.0712784055790137,401.51986886311226,18.078027013602068
511,1.0733741944109443,401.41009639735785,20.679289718101113
512,1.0754689143080451,401.005532128891,19.22975305097649
513,1.0775625935653539,399.06819999084524,16.633549937579055
514,1.079656551776009,399.063388264593,17.580600226833948
515,1.081751759033872,398.0335146451609,18.1329388060316
516,1.0838450038800544,397.4031289820325,18.480515851984613
517,1.0859393346043436,396.4356619759305,18.576886173068303
518,1.0880340737032612,395.919754721982,18.50620649666926
519,1.0901280973397867,394.61125002769467,19.953383573566114
520,1.0922232205093443,394.0864808735374,17.861048439758655
521,1.0943183198095006,393.34722512321724,19.12576328192584
522,1.0964124680620808,392.9542282873011,17.52819420889053
523,1.0985066965945804,392.6352857950541,19.123558724087335
524,1.1006022506925348,391.4425849510781,20.383603149986197
525,1.1026960746069068,391.02296293748043,16.937210826228643
526,1.104789420523433,390.47690559493674,18.233038361182256
527,1.1068841457204943,389.0965032918838,20.712186451095164
528,1.1089772649904681,389.2058510693247,20.659916741731934
529,1.1110723868790173,387.80436124986517,19.16046819530772
530,1.113168427194727,387.3311462432864,20.076384180846627
531,1.1152626776337078,386.459107449879,20.925037932450078
532,1.1173574051129724,385.7408025008031,20.30642862430513
533,1.119450573697561,384.8188639998603,20.598038965126992
534,1.1215436337779248,384.1117947882026,20.916179302208565
535,1.1236390334415942,384.06637407402127,21.00455359086016
536,1.1257332200225998,383.131740998619,21.5537200033564
537,1.1278283378211404,382.0673773575595,20.400845657611395
538,1.1299238131648552,381.5194420280516,20.883456504878026
539,1.132017447124327,380.91637120984075,20.852333615510407
540,1.134110650036949,380.52662804022043,21.033034828461233
541,1.1362036259959787,379.5782712273772,21.525194315848594
542,1.1382991427598659,379.1473415113041,21.117830964372168
543,1.1403936066737896,378.7488754902554,22.37843033053558
544,1.1424878264606209,377.89101913896826,21.775785357949104
545,1.1445836717483504,377.60262411776824,20.89594809045124
546,1.1466778755714095,376.3266973588794,20.391279802004718
547,1.1487715351237628,376.3566760881448,22.064177766203972
548,1.1508672245306748,375.0241786786164,21.71788165531172
549,1.152961670034179,374.4762676676153,21.689879919047616
550,1.1550551275418117,374.0325514341521,21.59555678383148
551,1.1571500620004906,373.6395410293747,22.179597375775142
552,1.1592451155989445,372.81487896108547,21.92367725187259
553,1.1613401484055899,372.07038672711894,22.187428078230422
554,1.1634328135986687,371.88358022814094,23.791092940885022
555,1.1655280225544649,371.0884409650192,23.172952553403434
556,1.1676232414157608,370.0418993227865,23.177199773936263
557,1.1697157183635434,369.39146378461965,22.591614997814
558,1.171809765164966,369.310513022197,24.589651203038585
559,1.1739036754657965,368.3434382586953,23.26003928380413
560,1.1759974618047027,367.9002810822297,22.16597846694242
561,1.1780927342002254,367.14290285987585,23.490258434726506
562,1.1801886215978319,366.504120629456,22.977420206343833
563,1.1822824649467334,365.75913874029516,23.581663055128157
564,1.1843777187054296,364.87175416183806,22.559109082403545
565,1.1864731317277017,364.7721716623014,23.842599851961026
566,1.1885662199882188,363.4558907215983,24.45351233715443
567,1.1906603290984812,363.46988950255104,24.79923986054468
568,1.1927560449071208,363.01890237675843,23.867776116669095
569,1.1948501301675682,362.56640642220185,24.35929125416672
570,1.196942866326464,361.56866514882154,24.884535105656038
571,1.1990363434731066,361.09688334309186,25.041016907476475
572,1.2011315528209288,360.7957518156497,24.7705477980236
573,1.2032252726398727,360.46118999694033,24.762774103496472
574,1.205319131714267,359.1709827601786,24.93729146521229
575,1.2074143429200774,358.8964478132993,25.86986594522601
576,1.2095073316728018,358.6603144006843,24.64299342046876
577,1.211602159357548,358.19801736043047,25.403592799358883
578,1.2136984428310558,357.45772867380987,26.291887522543647
579,1.2157943340364452,356.799100876354,27.623166387177964
580,1.217888268816351,356.0174537568006,27.2139581521159
581,1.2199821909033837,355.80376021318745,26.211562382807376
582,1.2220779372220854,355.03433710295604,25.278778951281748
583,1.2241720630448372,354.7729276596695,27.11296495857819
584,1.2262656486341297,354.13033791658546,27.583709381002013
585,1.2283602712023978,353.3218344653157,28.00953598655248
586,1.230453847781421,353.3496425143775,27.428424047090438
587,1.2325484279288663,352.3852424735465,28.322988429758524
588,1.2346427330328844,351.8100324411723,27.853730648450863
589,1.2367368340043534,351.16806438237194,29.26495642170559
590,1.2388320989568682,351.1192220931721,28.550277868680233
591,1.2409254956441091,350.4860015633373,27.73616693353106
592,1.2430201387037565,350.09691906856466,29.65166249352977
593,1.2451147141570293,349.3727456896784,30.65069785102021
594,1.2472087367784284,349.067933984467,27.590066170428216
595,1.249302614173833,348.71950297583555,28.1879754039342
596,1.2513971052845823,348.2345664725459,30.081718480735884
597,1.2534931066319515,347.1004109338033,30.60200971054317
598,1.2555863817711985,346.4379070666253,29.871233642841172
599,1.257678969059161,345.96765511892664,30.845050901977277
600,1.2597748382104277,345.6123952075334,29.91950503743253
601,1.2618698898493887,345.3828244852626,30.908315163446087
602,1.2639640740660565,344.7909499542954,30.446528935875673
603,1.266059176034634,344.45771533936164,30.470094944796493
604,1.26815329738596,344.1843082765631,29.97603229382931
605,1.2702469827768745,343.56077997020503,33.01433256313317
606,1.272341439773769,342.9550523500254,33.65559589554197
607,1.2744361591580655,342.6062099853491,31.90294782996065
608,1.2765301570381213,342.10354581858473,31.247412918981613
609,1.2786243195908502,341.8273373530886,32.75365193851637
610,1.2807201779848052,340.94832326247,33.60105227481003
611,1.2828149770647865,340.5917587083178,32.43458274486044
612,1.28490831046805,340.3197862045447,33.90533604079185
613,1.2870024746125797,340.16506054139484,35.607487333610194
614,1.2890960788179595,339.61498704099176,33.57901631532558
615,1.2911903407610128,339.1714133957654,34.666735490198064
616,1.2932847299377603,338.6753067053766,34.589128135229004
617,1.295379834193548,338.18916214602245,35.77795530492993
618,1.2974743412448833,337.62942934144786,35.115591204918545
619,1.299568838606027,337.3030383780152,34.485049380947764
620,1.3016640567270552,337.00638867816093,34.341961957418306
621,1.3037578272673165,336.76744333132984,36.89289109125541
622,1.3058518980796576,336.0552293286929,35.66289928182483
623,1.3079469520711469,336.10633846792837,37.1571553238218
624,1.3100414674631762,335.2090723925626,38.36812712323892
625,1.3121343419146885,335.21457714369376,37.39292928972242
626,1.3142291157646366,334.4605379869688,38.28687658873044
627,1.3163249547628966,334.1256215031128,36.943489997870955
628,1.3184204308819243,333.5180212676774,38.675261626578845
629,1.320514045081714,333.4800821708947,39.25900339274108
630,1.322607731116918,332.9284258759465,40.00196027769192
631,1.3247030067977636,332.97168648905534,39.29391384584212
632,1.3267964975071294,332.114779264616,39.23024265528382
633,1.3288900457896358,332.025792236469,38.09501779110253
634,1.3309846323229146,331.47809154819436,38.93611174594992
635,1.3330795391690438,331.2618237605896,40.859204896332464
636,1.335173949560825,330.665455848623,41.022872693816524
637,1.3372672428845813,330.6978192153998,41.310056207045314
638,1.3393616502777206,330.0426504207156,40.39132124978487
639,1.3414564546808454,329.6993585846692,42.42621287514314
640,1.3435497634465539,329.36261793234604,43.22728492651634
641,1.3456439095281743,329.3629808526355,42.95604766517986
642,1.3477398961804745,328.8071774164502,43.66204495172227
643,1.3498356331361778,328.5038604906642,43.30081166258626
644,1.3519291222201564,327.71532493660874,44.17598555569412
645,1.3540221824451044,327.3121767137933,43.863229648970055
646,1.3561174165883387,327.51691748728894,44.8177590430554
647,1.3582118000666776,327.1495478326618,45.95293082193833
648,1.360305548489477,327.17802627961,45.28309906097039
649,1.3624016471705516,326.4850948836173,44.215284624442134
650,1.364496581524498,326.52122135289795,47.741234452232845
651,1.366589927521404,325.69236583965693,47.86393184635157
652,1.3686839345616666,325.7238809938149,48.33155755613708
653,1.3707785136744248,325.48877760161054,48.857985187744035
654,1.3728736781569988,325.16942473822894,48.1865036318601
655,1.3749673745335222,324.31584871807064,48.67823809562439
656,1.3770602631292597,324.64572194383055,48.93525941212522
657,1.379155717578164,324.2806306902975,49.0051849147122
658,1.3812508039107998,323.9492166317746,50.15403702514698
659,1.3833453325862841,323.8027811806667,51.2517158428789
660,1.3854396647384786,323.2499760196447,50.53696478285524
661,1.387533616953471,323.1669425355488,51.436909565439194
662,1.389628935147901,322.38352211799526,52.09766743113629
663,1.3917230672721894,322.65690637813947,53.253918912936115
664,1.3938172778813163,322.6189301990313,52.1845242634258
665,1.3959128506087028,321.88858219780855,53.68575127925895
666,1.3980069894682674,321.7818214264697,54.22827856336207
667,1.400100032768225,321.74121958248895,54.49340111420879
668,1.4021942273095422,321.51498788714076,54.69365387874453
669,1.4042879724639459,321.38240841532735,55.40341262457513
670,1.4063822250727482,321.07339258518346,56.766478738927844
671,1.4084777998796327,320.8197471987952,56.19081741020218
672,1.4105725454065003,320.64837664712644,57.55073735096131
673,1.412666035757187,320.4437347644183,57.243300503631595
674,1.4147597581950535,320.0538591992152,58.144042831979
675,1.4168552493745823,319.97068278703074,60.04725205868738
676,1.4189502707585735,319.8748055443719,60.88618802146329
677,1.4210439871962917,319.6145851660146,60.40048291764997
678,1.4231379588066748,319.2229889161529,60.988746303686135
679,1.4252323843784174,319.24937414075,60.89740313582382
680,1.4273263645812686,318.8432341190281,62.58055703156021
681,1.4294209343777806,318.68221309526814,62.283085975613055
682,1.4315160587565352,318.78324901496575,63.422870183228106
683,1.4336101809254245,318.9671512901288,64.61630114443747
684,1.4357047233292217,318.2946088392713,64.1339771320568
685,1.4377991034950037,317.6673299439237,65.8485365939266
686,1.439893269172154,317.99592606182955,65.69400007467246
687,1.4419870983325702,317.9471544522457,66.45131583289226
688,1.4440820971476513,317.8434900917682,67.17602066545331
689,1.4461780146809415,317.49950911518374,67.29767561869662
690,1.4482723645441788,317.1448265343883,68.56127730884579
691,1.4503661519067539,317.3841035952893,69.01587311573333
692,1.4524608997459605,317.1424360352344,70.61130283946112
693,1.454556191478353,317.19940596420986,70.22344284822623
694,1.4566505605195028,316.6523060785883,71.57988491336467
695,1.4587435672120013,316.7588319720102,72.01053976488092
696,1.460836376274075,316.8970056897875,72.85097006605935
697,1.4629315024559504,316.77728969323414,73.90273793667764
698,1.465026115161985,316.53052441779795,73.70636924896633
699,1.4671201905708728,316.7442640113208,75.47270694270581
700,1.4692142550197365,316.24398522821184,76.31076469639042
701,1.4713085109511452,316.4595357570685,76.88339292056253
702,1.4734040883627781,316.30795561817695,78.16974006343624
703,1.4754983077923518,316.1323111393642,79.07578455783549
704,1.4775927333883283,315.78389519693,78.80390706824252
705,1.479686516386449,316.3696422147034,79.89600768776776
706,1.4817805445745025,316.13889351831773,80.37107228863688
707,1.483876051193717,316.2234634886085,82.64567847619972
708,1.4859713583510508,316.3148075725802,82.31527126632386
709,1.4880662760111125,316.03089591693714,83.74325871926801
710,1.4901603423423662,315.7731589906483,84.55306164973388
711,1.4922546168830801,315.5879552698037,85.11485393418216
712,1.4943493508016918,315.7135904520785,85.35018600638183
713,1.4964436549031517,316.00713313740545,87.16338041794829
714,1.4985372426394363,316.0280545118317,88.5843178293723
715,1.5006303537214591,316.0838720283934,89.32182137620757
716,1.5027246941647125,315.87391110608695,89.79454622979948
717,1.5048198674391857,316.0408648633051,90.88378281597537
718,1.5069136003861163,315.94113640120617,90.69370450752551
719,1.5090076377683221,316.096040218012,91.84717565216577
720,1.5111026723067662,315.9195418042453,94.08837181409089
721,1.5131971028762412,316.24866349059863,94.79818688156982
722,1.5152912609041667,316.03347173882514,95.8043548440137
723,1.5173854934463344,316.375878914501,95.53779767404446
724,1.5194808793753787,316.1042577229929,97.12410719417308
725,1.5215756259285513,316.4339347881855,99.52043053830123
726,1.5236695807770564,316.51456273720004,100.1200588546915
727,1.5257641081783464,316.43952739265626,99.7154994457354
728,1.5278584873608179,316.5347461370083,101.75227571316005
729,1.5299536435991428,316.39096031582756,103.77112040814622
730,1.5320476585044298,316.5637353566954,103.99609824002621
731,1.5341414384393777,316.64203634402446,105.31420858474686
732,1.536236950937659,316.90308316234336,107.52483571217168
733,1.5383317033374695,317.092280107558,107.75643959525583
734,1.5404255753841434,317.3868668066178,109.09018763947616
735,1.5425198393431812,317.3286413399591,109.3180144306198
736,1.5446136227526486,317.52957419338276,110.8249230018248
737,1.5467072285753283,317.7510376272429,112.4748478488571
738,1.5488013111816905,317.9357589360645,113.47587566158208
739,1.550896674249749,317.9417019027887,115.80866403453405
740,1.552991701547339,318.1053958783396,115.07125120332643
741,1.5550856629518366,318.45502495784376,118.6946077532849
742,1.5571801051512508,318.44913182132075,118.69505812559034
743,1.559274417579796,318.8168712574689,119.6891173409873
744,1.5613691533539047,318.76774817211844,120.78091062099442
745,1.5634631934261796,319.2432713234553,123.15355987488856
746,1.5655577892497892,319.368752071043,124.23341889661057
747,1.5676527275763066,319.563363747036,124.73996075634098
748,1.5697461748764228,319.62835193398905,126.81400189015396
749,1.5718402189801153,320.29109508024095,127.94690649770286
750,1.5739346218160084,320.4788002547708,129.02261043890311
751,1.5760295037244485,320.5981206660209,130.1064919981334
752,1.5781239238326052,320.95695730220575,131.96567705983853
753,1.5802176736109215,320.79543508492816,132.52441116385415
754,1.5823123941098438,321.4169731974944,135.28077974315437
755,1.5844068047546922,321.5555346921623,136.21328807660922
756,1.5864996832696292,321.69664801650595,137.16416450993907
757,1.5885944598128996,322.21795209496094,138.97997488477333
758,1.5906903325437156,322.5434281178583,141.62426706764234
759,1.592784689092666,322.9190532761982,142.86877092146403
760,1.5948796873290236,323.31888040934587,144.01881769261263
761,1.5969745597395735,323.65195538510096,145.81610449460456
762,1.5990689218084002,323.8410634873304,147.14281010496669
763,1.6011633213632455,324.0631271959336,149.1412038227557
764,1.6032577776043084,324.8262140178955,151.36641366125687
765,1.6053514020964894,325.14036888354883,152.59662500294667
766,1.607445093072501,325.45853310700693,153.32881569707428
767,1.6095393086936036,325.3934589853823,150.1560369201056
768,1.6116336711357766,324.87330987105275,140.937993709896
769,1.6137279918528686,324.59595752825254,132.86923105063147
770,1.6158221116449558,324.5943128620001,127.01263033403174
771,1.6179176229648538,323.7231784054515,116.93871092597345
772,1.6200131612431772,323.14529674585344,109.82331943898477
773,1.6221069236192778,323.0421699338792,100.7981655942486
774,1.6242011307622557,322.672864079849,94.13115538712792
775,1.6262960841945175,322.27372029494234,85.10483848297069
776,1.6283896203498047,321.7984181677219,76.80220508815536
777,1.6304834947928883,321.44342996418817,70.25446382169795
778,1.632578127710653,321.06954788792655,62.765184749197076
779,1.6346731813158608,321.07170064750744,55.112374248762954
780,1.636767172365261,320.32720513918383,46.5032747672787
781,1.6388603779595408,320.02403658156595,39.90991418197464
782,1.6409563605892468,319.62120862294245,33.64959777647249
783,1.643050621284035,319.68062884495635,26.769285635873203
784,1.645144102645386,319.26842396382597,18.796099593865655
785,1.6472395726584623,318.7894589553234,11.621901090051498
786,1.6493331318477138,318.4318506863356,3.652310010060268
787,1.6514277435583298,318.18007295424513,-1.962739246372745
788,1.6535225655624404,317.8813989672776,-9.15841307037124
789,1.655616100487628,317.76099727533267,-15.393107583708233
790,1.6577106071833263,317.1686022214538,-22.281884743880322
791,1.6598050724476994,316.77094730155585,-29.05522545218806
792,1.6619001395524664,316.544928491886,-35.43845893194032
793,1.6639948642035431,316.23195264876955,-41.894472937600156
794,1.6660882997554614,315.7496859257589,-48.390422237713935
795,1.6681827329415837,315.91941107917756,-53.95140457232991
796,1.6702780557373313,314.9503434563738,-60.66624887952777
797,1.6723710846745943,315.1820691384569,-67.19907017599473
798,1.6744651718920411,314.327591559328,-73.49443985971956
799,1.6765602044792516,314.72906173756314,-78.5831495143728
800,1.6786535596079524,314.3055935274964,-84.36677733529622
801,1.6807491745425278,313.7390706973882,-91.62832340917883
802,1.6828445761171116,313.58591171991543,-97.2574636948356
803,1.6849386388007168,313.30071034286414,-103.26952191774689
804,1.6870339476475265,312.886518115303,-108.5482521744564
805,1.6891280758541645,312.6819386057877,-115.18454213452632
806,1.691221272327691,312.29196417542204,-120.37119938749558
807,1.6933141346742315,312.167707137446,-125.46603947622205
808,1.6954090930463133,311.8182443519151,-130.34333075165745
809,1.6975047078021417,311.2858999936132,-136.04527589292934
810,1.6995991246970055,311.40872665902594,-142.42724224153355
811,1.7016934918813407,311.15144781563583,-146.69147147477622
812,1.703786903721137,310.66947073007964,-153.20590081005807
813,1.7058818292953146,310.3839401684139,-158.4135286461544
814,1.7079768740006063,310.1467974238564,-162.654845923938
815,1.710070845319196,309.8053248364606,-167.96321437510736
816,1.7121645316176712,309.5067111875543,-173.56853648910538
817,1.7142597272321454,309.4346164677461,-178.43102094550665
818,1.7163549406546734,309.060487917873,-183.72624919270174
819,1.7184482195940645,308.80129307929906,-188.72564513669855
820,1.7205423072627637,308.5153705041549,-193.95020590935914
821,1.7226374847113666,308.6637122792387,-198.61125499860836
822,1.7247323233526113,308.1416667907849,-204.08995733011565
823,1.7268266901810085,308.1968213678501,-208.5331428251961
824,1.72892134476467,307.5747783982844,-213.6728108065257
825,1.7310153629662073,307.2064442534485,-216.9774901254925
826,1.7331087353021186,307.3449885257094,-221.34231903828123
827,1.7352028820270462,306.82195212023873,-226.82146676617143
828,1.737297419510233,306.90955129673483,-231.6305124541442
829,1.7393924268721555,306.4697007722263,-235.46456552583007
830,1.7414865202316776,306.3149830228457,-240.1957492585949
831,1.7435798385311778,306.23285958683255,-243.69638334720375
832,1.7456747741592018,305.6955722869719,-249.36383955606928
833,1.7477707733578058,305.5718303646322,-252.82009632156084
834,1.7498644151299778,305.6409400693339,-257.64194573753343
835,1.7519579294274097,305.1536054612384,-260.963724850224
836,1.754052537005875,305.0259209062538,-266.4660050575329
837,1.756146014277543,304.96097283412377,-270.43143731766213
838,1.7582399685899122,304.5530545622708,-274.52526471946464
839,1.760335124398212,304.7179028204078,-278.69180480832387
840,1.7624306374180432,304.57568525409135,-283.24794005543686
841,1.764524733445493,303.9296631724503,-286.74940597776083
842,1.7666195957988082,303.60851466183794,-289.6735985389931
843,1.7687146552767006,304.107078767851,-294.4569847386098
844,1.7708085687106505,303.3822048498679,-298.48710259499353
845,1.7729026984403262,303.420549297481,-302.7477502773466
846,1.7749968373222131,303.2779359221159,-307.2979062636009
847,1.7770919795414395,303.0609264056931,-309.9650318298862
848,1.7791866891650514,302.9324798784945,-313.2244084098552
849,1.7812805740714612,302.76039199963,-317.7172317728607
850,1.7833749145944944,302.5970758473952,-320.8416199199504
851,1.7854698174814119,302.28218671915425,-324.8179441324089
852,1.7875649050000997,302.32256678324904,-328.3875471914612
853,1.7896586091751823,302.45945164690596,-332.9821789795072
854,1.7917528105223397,302.0336810569131,-335.79897252704694
855,1.7938472619734778,301.93619633186216,-339.80686442111556
856,1.7959410333998334,301.87806573099664,-343.5335245069181
857,1.7980353139963554,301.86472902695766,-346.77699281444904
858,1.8001292949050451,301.1690196646012,-350.15621284460127
859,1.8022240144636215,301.3665616067359,-352.9080114918939
860,1.8043180357006787,301.16789127929263,-356.4507017668583
861,1.8064120149556366,300.9189950734076,-360.50569879982856
862,1.808507216693214,300.62634295560616,-363.32803045660665
863,1.8106012235056632,300.67004965778335,-367.065532081459
864,1.8126961076333348,300.61597928624695,-369.7095124233596
865,1.8147906359659112,301.07272308342164,-374.7108181293679
866,1.816885013662702,300.43377649052263,-376.84419658472854
867,1.8189799788179999,300.26655380583856,-380.34998366581556
868,1.8210733357472892,300.3955320695202,-383.0028575699296
869,1.8231675363973032,300.0821606489971,-387.1316866693983
870,1.8252628639859947,300.1608584861847,-389.78079944580315
871,1.8273578690890415,299.9757793303824,-392.3859429509219
872,1.8294529153678178,300.05577588688647,-396.1172921667511
873,1.8315468366202061,299.72824431756027,-398.9344282411847
874,1.8336403420201965,299.87749140707257,-402.5751886385168
875,1.8357342642631629,299.215215745261,-404.8920054706805
876,1.837828606636473,299.495540965886,-408.0011964816382
877,1.8399232687279,299.4844187922223,-411.5011376422154
878,1.8420169361094605,299.08859377049174,-414.1276481657034
879,1.8441103454239045,298.95718607994735,-416.8742763676384
880,1.8462047113551943,298.85440157706415,-419.9474830206482
881,1.848300337583767,298.98038696074667,-422.79009587067145
882,1.850395118058644,298.7771057460743,-424.8681782572479
883,1.8524895015648957,298.83453377586983,-428.3918658711894
884,1.85458435317291,298.8471048980088,-431.96578595695587
885,1.8566786691854407,298.8780771841166,-434.5254234873698
886,1.8587722962005393,298.9425033073168,-437.11422934401
887,1.8608667292143481,299.0350288673309,-440.6820789849917
888,1.8629623979972338,298.77873252804386,-443.8895122361599
889,1.8650575007618033,298.8965248018193,-445.92152723485
890,1.8671515757398978,298.6778588751924,-448.60174616793375
891,1.86924567270883,298.45737968768697,-450.390965978922
892,1.8713402290883943,298.509890296263,-453.767889286139
893,1.8734333441485889,298.4945668238738,-456.4155719677185
894,1.8755274569663687,298.381249309696,-458.63979022877714
895,1.8776226584010878,298.35856820522514,-461.60613550840003
896,1.8797156234954413,298.65819839771956,-464.93413904424654
897,1.8818097674713492,298.32131482912405,-466.70293645627964
898,1.8839051205157094,298.472242434825,-469.285201842966
899,1.886000042933448,298.10196311996253,-471.47925884310536
900,1.8880949075451439,298.57567364675015,-474.9560950499892
901,1.8901881584759161,298.2629570130255,-477.03135023435135
902,1.892283217936019,298.3859068733367,-479.9041520723858
903,1.8943782680554568,298.18077422483907,-482.0272961055986
904,1.8964720473710392,298.52234047473314,-485.2090341942742
905,1.8985668668489433,298.3248557721106,-487.1610203258694
906,1.9006612809862096,298.33590935170844,-489.5526522561783
907,1.902755719587151,298.16081726825905,-491.26281333439016
908,1.904849757588545,298.3612018515564,-493.5532277708975
909,1.9069430754605277,298.06565445819217,-495.8658928395273
910,1.9090378340013505,298.4893259664867,-499.4879900598914
911,1.9111324914183263,298.6243237143072,-501.9729545137839
912,1.913226965923519,298.3168213171547,-503.406431117464
913,1.915321381331026,298.34078311363095,-507.1099161823045
914,1.9174162748437817,298.989541583348,-509.2792826757848
915,1.91951096404297,298.8200880984207,-511.4294347991575
916,1.9216039358616672,298.5377274141817,-514.0339360982201
917,1.9236986253914137,298.5775897463872,-515.4814458015101
918,1.9257933066276691,298.7131672708178,-518.6453799890326
919,1.9278873651498682,298.687426294454,-520.1770378687316
920,1.9299807661659822,299.06520051731906,-523.1462238123987
921,1.9320760482648573,298.8075244010207,-525.0511162351888
922,1.934171767524072,298.83809482171375,-526.6799071456579
923,1.9362651059315399,299.44303677171314,-529.7934686852958
924,1.938359138419254,299.38367401876815,-532.716655088672
925,1.9404538735984294,299.17121067763486,-534.1263869660424
926,1.9425479146608418,299.31655813734415,-536.4808757377815
927,1.9446418189559174,299.3952024820318,-538.9674370222004
928,1.9467371502259871,299.6062193239712,-540.8746150758792
929,1.9488329760684335,299.4617715268421,-543.2843119041929
930,1.9509268120448882,299.82048544072546,-546.4231664205447
931,1.953019609354344,300.03935301697624,-547.5323043755824
932,1.9551147244404972,300.2682944708953,-550.156096002554
933,1.957209950604826,300.12620220882167,-551.9587025621731
934,1.9593041179655175,300.0215794454767,-554.0271907027304
935,1.9613980124620214,300.1547188315781,-556.3368954448837
936,1.9634920823781827,300.37481049919376,-558.786328014321
937,1.9655870316775599,300.3796591932725,-560.5086267451165
938,1.9676813106463258,300.6034932143231,-563.4668839624933
939,1.9697755380711686,300.8109116390773,-564.9859382958738
940,1.9718704076888727,300.64869349749364,-567.4936970160117
941,1.9739643213778544,301.2220219566344,-569.8369831501532
942,1.9760582139073395,301.1371691780884,-571.2885420516365
943,1.9781533744008393,301.4222590956011,-574.7596308374166
944,1.980249297656676,301.58522998552735,-576.2509260636369
945,1.9823436902775773,301.84122274464715,-578.266231543332
946,1.9844363854611324,301.50474626645433,-579.5655211967206
947,1.986530057736426,302.15025397065466,-582.6942639285917
948,1.988624138262085,302.4303788224717,-585.342645814919
949,1.9907191302641989,302.14268997659445,-586.3062190074784
950,1.9928140678397719,302.49277900380457,-587.9407229806449
951,1.994908057158038,302.7063357854361,-590.8105016340734
952,1.9970037235567513,302.9016908736476,-592.5915986295306
953,1.999098539119481,303.3563628571276,-595.9513594512537
954,2.001191245179364,303.2344639802312,-598.1482484104916
955,2.003285465781134,303.63805916576,-599.7353021156249
956,2.005380090953843,303.94229603506375,-602.354340686816
957,2.007473757612322,303.7084109614439,-602.927302867627
958,2.0095674385752345,304.354507985519,-606.0709237550826
959,2.0116620669227445,304.46028153402267,-608.5740678892496
960,2.0137574654124313,304.9121225586256,-610.1442548207211
961,2.015851542299029,305.0040326988357,-611.518412288137
962,2.017945842236743,305.2116868559844,-614.4649104068968
963,2.0200414078173843,305.30076821818125,-616.8994912448803
964,2.0221364472105585,305.6678830536342,-618.7778811090272
965,2.0242304661583193,305.73478265183076,-620.6045509261613
966,2.0263241213554704,306.0045710286007,-623.3647911124665
967,2.028418169537371,306.4228805672216,-625.4627082889854
968,2.030512126699397,306.5593510269838,-627.6134478469447
969,2.032607257696191,307.0022297944544,-629.0104019951948
970,2.0347026748788237,307.0394091524366,-631.2747317477782
971,2.036797432049628,307.6428924018566,-633.4561542294025
972,2.0388917803566513,307.51687332628796,-634.5770446311426
973,2.0409854404727548,308.38760293656503,-638.6354199885518
974,2.043079158497923,308.37334699182935,-640.6844224557483
975,2.0451737042342053,309.1312672331074,-643.647461959348
976,2.047267957686092,309.52041861377165,-645.4300519849436
977,2.0493625921646865,309.1527381618126,-646.3882789087627
978,2.051458159400133,309.78515352724634,-649.5107669058272
979,2.0535521918605197,309.93487135129095,-650.886853526867
980,2.055645062675616,310.04310319235805,-652.7996733298622
981,2.0577393587752955,310.3658076431248,-655.5951108716307
982,2.059834437786395,311.310188241235,-659.2849419069327
983,2.061928055170489,311.20547090687495,-660.0985729633829
984,2.0640226957402352,311.53767815199035,-661.7544332838851
985,2.066118258189404,312.39720226899544,-665.0953822764277
986,2.068213196804832,312.5613409227341,-667.3098378397874
987,2.0703072818107917,312.8318049632144,-669.3092267960072
988,2.072400931462771,313.1441909045242,-672.3702562828327
989,2.074494103322103,313.33102386006635,-672.8538504730801
990,2.076588647294614,313.5449719528608,-675.2069776453723
991,2.0786837571325223,314.5090059484136,-678.266241926179
992,2.0807786951127576,314.5307345698847,-679.7979649412016
993,2.0828733611799306,314.75817181268565,-682.4377296581881
994,2.0849676047315464,315.48074796970775,-684.4638888014568
995,2.08706191167589,316.01019178058044,-688.6907242354397
996,2.0891552570733616,316.5659395458135,-689.9761673827838
997,2.0912498961643236,316.84532969383474,-692.4354152273793
998,2.0933446561638878,317.0774353012313,-694.3100105771692
999,2.0954387435644386,317.2575221740754,-697.2130604251912
1000,2.0975335870618825,317.81918172039605,-699.617754285192
1001,2.099629070349723,318.5393094468615,-701.2497879090805
1002,2.1017228492895934,318.63667162453504,-702.9282993109019
1003,2.1038170482062775,319.195813162751,-705.8912482841425
1004,2.1059122372778973,319.8167244812914,-709.4093911987032
1005,2.10800554057148,320.14524415729545,-711.4971868302871
1006,2.110098599114947,320.8879855863943,-714.0446978717368
1007,2.1121927216235163,320.7568694360665,-714.6320651605199
1008,2.1142879182187984,321.5204653531752,-718.2873456931093
1009,2.1163820759811065,321.82914198265075,-720.4117730852074
1010,2.118476597123504,322.2215701685261,-723.8279676958456
1011,2.120572077635568,323.0047229967595,-726.1708337422634
1012,2.122666143506846,323.3646221182901,-728.6492834708953
1013,2.12475947440395,324.08198992120145,-730.7424429117947
1014,2.1268549228070284,324.1344273202511,-733.1645705529962
1015,2.1289503858580807,325.0364106919434,-737.25349439231
1016,2.131043274916299,324.79259247472686,-737.8699804980541
1017,2.1331378502136085,325.36009552021284,-740.5529832355674
1018,2.135233020544507,326.84941924501686,-744.2841845460496
1019,2.137327211773404,326.765442450091,-747.1891619476602
1020,2.1394213678417553,327.1775256105934,-748.2656430798784
1021,2.1415151935265153,328.14759489451006,-752.053942822982
1022,2.143609686067666,327.951851574205,-754.8259516954903
1023,2.1457039096890913,328.9600862979033,-756.6351308171085
1024,2.1477977892281794,329.0105707132176,-760.0489445604318
1025,2.149892773795189,329.5303827475608,-761.9127737142178
1026,2.151988207011953,330.235281801908,-765.3716126980403
1027,2.154083430042502,330.96592609562083,-767.0493793433099
1028,2.1561769020273363,331.3114229328318,-770.4872412003591
1029,2.158269727638565,332.10462459223726,-773.5182005158123
1030,2.1603643338266334,332.50787264783474,-776.8945618792433
1031,2.1624594611960894,332.9285655377259,-779.0170562406747
1032,2.1645538445620423,333.54827700787337,-782.2219405118888
1033,2.166649266160557,334.33154850333034,-786.1638017929446
1034,2.1687438965600263,334.45546644855307,-787.388666595718
1035,2.1708363804402464,335.09137759808675,-789.999662723383
1036,2.17292939543057,336.0220663990676,-794.8596961978
1037,2.1750246621139153,336.48600869781626,-796.1098926603871
1038,2.1771189095943266,336.6731969375771,-798.0190787203741
1039,2.179212962470575,337.74449394501323,-803.335678334682
1040,2.1813066434396426,338.16158692592774,-805.7076149139879
1041,2.183402629792164,338.4156374811203,-809.7479939472983
1042,2.185498119455816,338.91136264485095,-810.3076665283415
1043,2.1875916200185137,339.7250977315835,-815.4723343763939
1044,2.189686441120868,340.30372756042306,-818.1582911586954
1045,2.191781413276182,340.57182487318136,-821.988597736005
1046,2.193875147711239,341.03954434349913,-825.1276523834085
1047,2.1959686613130316,341.6954837396797,-827.8098117901641
1048,2.198063923558019,341.6057901900081,-828.6617642155137
1049,2.2001595001532226,342.3360839650119,-833.2284951195168
1050,2.202253779153767,343.345511487257,-836.3417084774319
1051,2.2043460760907565,343.2017323811692,-840.6290754802502
1052,2.206440891990371,344.14168301707446,-842.2637806764947
1053,2.2085356491852317,344.61894134651635,-846.7630303474256
1054,2.2106277016542335,345.45613262706075,-851.3747136260457
1055,2.212721958545959,344.9051390610151,-853.0919001300745
1056,2.2148185083900422,345.7255054247516,-855.1935947809793
1057,2.216913061952383,347.1074648483264,-860.8734255581819
1058,2.219006160150891,346.84109674385763,-864.2581203624497
1059,2.2211007684745443,347.60408399151953,-866.5736447988005
1060,2.2231966067711273,347.4550027077064,-872.2994381653916
1061,2.2252915180225106,348.7148303265125,-875.3537999477539
1062,2.2273849286831946,348.38616548341446,-879.2027039630932
1063,2.2294794057777056,348.37285244482416,-880.4994798720892
1064,2.231574082226972,349.440419057672,-884.1034330590109
1065,2.2336675726385264,348.8986249989959,-888.3365383495858
1066,2.2357616690730993,349.892436964736,-892.04897015646
1067,2.237857388038379,349.5400279618351,-895.1093316877023
1068,2.2399520699736297,350.35036558012314,-898.5451754262211
1069,2.2420449617357057,350.2305116213076,-900.998025151753
1070,2.2441391380853632,350.14739502014214,-906.7704147751476
1071,2.2462342793770116,350.6281428109242,-907.1005518628459
1072,2.248330004000319,349.8304588907403,-912.3960026654803
1073,2.2504234986669656,350.11285638870925,-913.8435624165512
1074,2.2525166459790467,350.3132970975781,-919.7216256505862
1075,2.254612702557845,350.6566683060138,-923.8354799629014
1076,2.2567074239010356,350.2589242739403,-925.5959061572979
1077,2.25879926569608,350.3365270220148,-932.5053539321998
1078,2.2608934332232278,350.4918547438187,-934.7761290958858
1079,2.2629890832862967,349.575054275594,-939.0163026096291
1080,2.2650815906481947,349.81907005007747,-941.7752319789613
1081,2.26717631551426,349.1329351765257,-945.6589753299679
1082,2.2692717091510235,348.8207428282895,-950.2828395186709
1083,2.2713660430599174,348.42381369552135,-954.3627581873147
1084,2.273460830916725,348.0777417625352,-957.5700937395663
1085,2.2755552510450507,347.5766572101027,-961.9685167153946
1086,2.2776502981151867,346.8600091924462,-964.3751541263551
1087,2.2797428242388995,347.3814752584228,-968.6451775235372
1088,2.281836092329788,346.8415994416826,-972.4844772279624
1089,2.283933556285596,346.8617728296412,-976.8908011449882
1090,2.286028868050817,345.9507230348318,-977.1135808801214
1091,2.2881212248812486,346.18973632081713,-981.53243014302
1092,2.290215014848569,345.70430734863385,-984.36606102185
1093,2.292310229911211,345.6602489857876,-987.7421856422228
1094,2.2944051456334345,345.7710727780857,-990.946303127211
1095,2.2964983471898495,346.48316646087517,-996.9661533100738
1096,2.2985921024349003,346.3349696002164,-999.155296089631
1097,2.3006888643809247,346.26629442159594,-1000.6841434963072
1098,2.302783634096356,346.2795073690796,-1005.7488823444286
1099,2.3048756698218886,346.34937262736224,-1007.5179311692052
1100,2.3069695720010412,346.1310082118938,-1011.107011539592
1101,2.3090651112173397,347.1891597101884,-1016.4160894010294
1102,2.311158495429861,346.66122699453484,-1015.6672557072544
1103,2.3132509513768182,346.9740335149407,-1021.3332389387431
1104,2.31534766594442,346.95416308485915,-1025.596239102694
1105,2.3174438092641236,347.68247023459645,-1029.1533316854031
1106,2.3195366518474128,346.84203575219726,-1030.077201892745
1107,2.321631141204296,347.78264548052164,-1035.8174430252948
1108,2.323727832694395,348.58348616537677,-1039.564053197907
1109,2.3258211826493147,348.57685700088064,-1040.7514255406536
1110,2.3279133966950116,348.8093785771454,-1044.9399984426884
1111,2.330008120458155,348.6820415982093,-1048.103913993722
1112,2.332103956675321,349.4342093456473,-1052.430987437781
1113,2.334197579452735,349.80701729806185,-1055.185085707289
1114,2.336290017181209,349.73025121256234,-1057.389045908098
1115,2.338385505091734,350.06226194660445,-1060.348366096065
1116,2.340480189114194,349.73935690896593,-1063.0923359477429
1117,2.342573391055059,350.406150665433,-1067.7904790411899
1118,2.344667848677038,350.39610812432727,-1069.244730593877
1119,2.3467629878884537,351.92185148777,-1075.9519302688877
1120,2.348858220839854,351.43047871290173,-1077.8371863651332
1121,2.35095250082758,352.42819369545623,-1081.719307109727
1122,2.3530449396760944,352.53375103870786,-1083.5009852040075
1123,2.355141499104623,352.7201377315549,-1087.4857807897738
1124,2.3572378412451434,352.4625056946171,-1088.3080532092215
1125,2.3593294861259198,354.2778735542574,-1095.8453868715333
1126,2.3614224992004984,353.268674539809,-1095.0152921596389
1127,2.363517948981548,354.8302421339961,-1101.8115029719547
1128,2.3656139136423477,353.83224849305526,-1100.6177158788596
1129,2.367706660383537,355.300082535667,-1107.3484318485332
1130,2.3698014470222093,355.9617961864522,-1111.8603379227286
1131,2.3718977582075165,356.0227756477791,-1114.0775686487589
1132,2.3739899214574836,356.12702692381885,-1115.8775671646863
1133,2.3760825194215927,356.9461527457914,-1120.1486921951318
1134,2.378179070039863,356.9562922012727,-1121.805909085043
1135,2.380273759058959,358.08779605463263,-1126.9187600494786
1136,2.382365673610318,357.88214276666315,-1128.9342718350215
1137,2.3844604460166168,359.7106712558394,-1136.5460274746604
1138,2.3865571190304595,359.5784734762919,-1137.8667506419577
1139,2.3886520978255446,359.4950378523394,-1139.3572904515847
1140,2.3907442891236066,360.3638097036235,-1142.0131339056516
1141,2.3928386457990913,361.0979426943143,-1147.6597768475392
1142,2.394934562690242,362.1032938163391,-1152.8590107199718
1143,2.397029599690107,362.26047977173744,-1154.20978283003
1144,2.3991222591305954,364.05038747654544,-1161.9346074627242
1145,2.401217024080888,362.7961327418323,-1159.5780110096116
1146,2.403314513026698,366.1296671585619,-1172.4711007619078
1147,2.4054081911284184,364.84087461837066,-1170.0155645912755
1148,2.4075011183217048,365.5565100242604,-1173.615063518719
1149,2.4095960074264258,366.199853381173,-1177.8021615799712
1150,2.4116926326559978,367.05315448891093,-1181.1914118866305
1151,2.41378425055939,367.409021785695,-1184.003039407802
1152,2.415877382497087,369.11355065978466,-1192.2180530114013
1153,2.4179783678062123,369.3401094505287,-1194.0480091037762
1154,2.4200733739460714,370.30190536030466,-1199.4764672345327
1155,2.422162501290004,370.0178370692169,-1199.3132302138088
1156,2.424257158180454,371.388459272079,-1204.869158927641
1157,2.426355368807169,371.49325376171385,-1205.8753724166913
1158,2.4284477900186845,373.6386707202255,-1215.2704041412553
1159,2.43053883847394,374.88182072546755,-1220.3413926785088
1160,2.4326356353293934,373.631981907149,-1217.8265900062097
1161,2.434732612021302,374.78532691698945,-1223.0766921417164
1162,2.4368252927922227,376.206116156034,-1229.2651957773269
1163,2.43891890863681,376.3273844339969,-1230.937143262004
1164,2.441014895314609,376.8567495094551,-1234.4889910972615
1165,2.4431105244568765,376.915499670604,-1235.2378465780434
1166,2.4452031167440684,380.1441557589359,-1247.4491013975146
1167,2.4472938786799143,380.8452540772007,-1252.4127793537518
1168,2.4493915902413868,380.5586128911054,-1251.1947107660203
1169,2.4514877943094935,381.6356867147738,-1256.2299065518596
1170,2.4535774837073663,383.13539181499567,-1262.5175062048304
1171,2.4556717453467782,382.23943461643114,-1261.2342924006261
1172,2.457770725968573,384.6910593820039,-1269.9060795285884
1173,2.459865450868259,385.4970971686134,-1274.3690363659252
1174,2.461954843714291,386.2702695522829,-1278.402662124437
1175,2.464051305962942,386.96314226280924,-1281.529571779335
1176,2.4661493201186655,389.4889709684759,-1289.7845119594128
1177,2.468239991051035,390.35520414255154,-1295.2962587955642
1178,2.4703335941159144,390.689020405171,-1297.8922696646166
1179,2.472432426226094,392.2675282313317,-1305.6500307240349
1180,2.47452690434623,392.4405726835798,-1305.9590904514978
1181,2.476615373809059,394.9587266616533,-1315.5350874513163
1182,2.478710457672189,394.67701181426366,-1316.3058230099941
1183,2.48080966574444,395.8917275123078,-1320.58959154817
1184,2.48290090100287,397.01920819335396,-1324.5633881975389
1185,2.4849923340191187,397.91430294088855,-1330.6329082121588
1186,2.4870897130294636,400.0290938349451,-1337.6023453125044
1187,2.4891862386660164,401.6798583235207,-1344.020365033065
1188,2.491278235985619,403.20182862154553,-1349.9873570557697
1189,2.4933690456944357,402.73148272753,-1349.7812711646714
1190,2.495466543397291,402.9087859686763,-1351.3721045393604
1191,2.497563830960505,406.4127074574832,-1365.2527847958004
1192,2.499654519205421,407.82381554192096,-1370.4727333173294
1193,2.5017479497353943,407.90918867812894,-1371.907166841769
1194,2.5038480054516667,407.90708908515194,-1372.7885399254305
1195,2.505943433921919,411.65729337567274,-1386.1419388021432
1196,2.5080284861327207,413.0584882865916,-1391.198999788616
1197,2.510123955773609,413.251252529811,-1394.3790811312138
1198,2.5122261646694253,414.720686983153,-1399.711640010333
1199,2.5143177674343575,415.6767946467846,-1403.7296392538963
1200,2.516405803072155,418.5327605599027,-1414.152343871725
1201,2.5185026929964116,417.21717127043325,-1411.474286247128
1202,2.5206041831245063,421.48423425092983,-1425.9159173367682
1203,2.5226964757648327,421.89554549178666,-1428.5833026077728
1204,2.5247869961159406,424.3124234983316,-1438.2101351664332
1205,2.5268843920051487,424.2642860711751,-1438.6018027070243
1206,2.528980483597168,425.310053665112,-1443.931905046005
1207,2.5310684597394695,429.1621311620092,-1457.0929115845345
1208,2.533161718042206,430.57220409070334,-1462.7008717991455
1209,2.53526488574662,431.4325480570236,-1466.2299964130013
1210,2.5373603920777454,432.7182993200316,-1471.1458363779907
1211,2.539445749963502,432.77626606726136,-1473.1254371297935
1212,2.5415417180131348,436.7670864527994,-1487.223102955831
1213,2.5436457679371425,435.7052470517684,-1484.2683136027974
1214,2.545736808475733,440.34078068512844,-1501.0638370068853
1215,2.5478233832874237,440.9377037017229,-1503.1512130492126
1216,2.54992085584226,444.12986303007386,-1515.6870452968742
1217,2.5520207655356866,446.17888638851707,-1523.6345156802556
1218,2.5541098448110064,446.31253415734295,-1524.849185351488
1219,2.5562002600365847,447.5617977090983,-1529.727065008877
1220,2.558305455724291,449.66739650284734,-1538.6449194901293
1221,2.5604026511470312,452.5244719382379,-1549.3319080935078
1222,2.5624826414852553,455.11302431582766,-1557.6736314042519
1223,2.564574391949512,454.0620986715988,-1556.1067646489282
1224,2.5666808497683498,458.15963006128993,-1569.5666176083453
1225,2.5687773451615423,461.0911105805863,-1580.9045156119362
1226,2.5708608935170316,463.15043470933495,-1588.914092811788
1227,2.5729575952355885,462.84185962147075,-1588.9122625646578
1228,2.575060651513359,466.9558814309373,-1603.605744249092
1229,2.577148431575012,466.77359242545367,-1602.6767605337106
1230,2.5792346077561192,468.6464681455049,-1610.4781268366548
1231,2.5813352493894732,472.04891044204345,-1621.9135094635433
1232,2.5834369526956515,475.94784848181786,-1637.0131609198058
1233,2.5855218346006232,476.66541920620256,-1639.4971765449288
1234,2.587610713900489,476.04066784005533,-1638.7206847753841
1235,2.5897186990593415,479.3893295583045,-1651.0202736296255
1236,2.5918181690667126,484.2395440826253,-1668.4234990284374
1237,2.5938985009385314,485.30298838121195,-1672.356054641453
1238,2.5959901966325076,488.15083540205353,-1683.4049850327901
1239,2.5980970827886534,490.98395068128474,-1693.9920660120881
1240,2.6001911974764487,492.011997456461,-1699.1154951142364
1241,2.6022734575046016,493.99365978621614,-1704.7611654110829
1242,2.604374761438423,498.66824582585645,-1722.2159497886107
1243,2.606480077670044,495.6884368873708,-1711.779504601919
1244,2.6085618800169397,502.3972950687494,-1735.9093961185238
1245,2.610646200048581,506.72991552395337,-1751.9369777313761
1246,2.6127580952497533,506.7644319398146,-1752.4372488904187
1247,2.6148609257992828,510.8395785660417,-1766.4028107912
1248,2.616933454172155,514.7465163147687,-1781.2536978846106
1249,2.619020659870304,516.3849065118634,-1787.3100273095372
1250,2.6211346279669097,520.240833380847,-1800.6847140938737
1251,2.623236503452788,520.4372911442213,-1803.0905320136178
1252,2.6253090562225565,525.1026808505125,-1819.2396782996648
1253,2.6274000701334055,525.4801779689511,-1821.0293983943993
1254,2.629513118467727,526.8427929655553,-1826.2588001459894
1255,2.631604301330356,531.4039842834158,-1842.0453034873397
1256,2.633685254021577,536.0747561698824,-1859.4387029877946
1257,2.6357889797673804,538.3147511247535,-1867.5857991387604
1258,2.637895874321367,540.9702113319431,-1877.2431461930182
1259,2.6399747081141895,546.8363796073886,-1898.0906465670419
1260,2.6420591747927733,549.3994417759748,-1907.6695243615836
1261,2.6441764666284318,553.1481562520306,-1921.1301791733997
1262,2.6462775406423154,554.9381454030158,-1927.7589027907711
1263,2.6483402943393326,556.6965532590361,-1933.7382611132557
1264,2.650428729148096,558.2464276321928,-1940.32000667858
1265,2.652562718674548,570.5680805539266,-1983.465873926708
1266,2.654664088292312,572.3369263008037,-1990.8032725036392
1267,2.656712651557163,566.0343338107168,-1968.4164991240184
1268,2.6588106765908748,572.9671786182788,-1993.2037952296328
1269,2.6609452450324915,579.4828505186438,-2015.8715267920563
1270,2.663032290426174,582.9479451916366,-2029.4210828081466
1271,2.6650914877184944,583.7169286729951,-2032.5075914170786
1272,2.6671986225603375,592.4007628491642,-2062.9289801806294
1273,2.6693218160411916,597.448678886037,-2081.3787297143895
1274,2.6714003686163363,596.93238239399,-2078.188834264964
1275,2.673473653710363,597.0990623615016,-2080.3635580764667
1276,2.675588689124729,602.7295267601672,-2099.5175855830744
1277,2.6776964003773744,610.0137317858487,-2125.4841954706735
1278,2.6797534796790945,613.0508329721276,-2137.421878683764
1279,2.681845016836506,622.1224164838878,-2168.324771707304
1280,2.6839785543392702,617.4180465055463,-2152.7876718280463
1281,2.6860638705482365,627.2944437624109,-2187.361083653624
1282,2.688115580192901,631.1787582535079,-2201.5373190657347
1283,2.6902421071216107,635.4210531273409,-2217.430461183797
1284,2.6923784453538007,633.0534643310398,-2209.516827349479
1285,2.6944235266222867,648.797647224759,-2263.074912046546
1286,2.6964818302236213,654.0492824744819,-2281.91992820451
1287,2.698646249049189,654.6361074601934,-2285.1010643641685
1288,2.7007725953070936,657.594627181159,-2297.156771110202
1289,2.7027692368507834,656.6384724030685,-2291.8532310064656
1290,2.7048443440936585,660.5398879249452,-2306.8484606562624
1291,2.7070515904059915,674.419670077853,-2355.572376541106
1292,2.7091632832728005,673.6853130817034,-2353.013923675863
1293,2.7110832098570423,683.3340982426226,-2386.962454875238
1294,2.713194248534394,677.279422376289,-2365.548426101275
1295,2.7154564422347596,692.1397958406455,-2418.318714005184
1296,2.7175455830902693,699.2287939119253,-2444.3694989288147
1297,2.7194409477796717,707.5979529877474,-2471.981503536204
1298,2.72159410281056,707.2949073064777,-2471.147517125945
1299,2.723868494276683,711.277749663381,-2486.968511907392
1300,2.725905473691433,714.3283083258564,-2496.5717889724783
1301,2.7277938720843573,716.0511568901599,-2502.6646632619827
1302,2.730005424734083,715.7498218856633,-2502.978851015396
1303,2.7322910595910366,747.4715083007226,-2613.9260005730303
1304,2.7342323934891035,745.0828533748235,-2604.632137580898
1305,2.7361123669415965,742.6355186890676,-2596.008763133565
1306,2.73841292247591,749.2919376973526,-2621.1012909430815
1307,2.7407262152838343,763.9980238981868,-2671.2164233045
1308,2.7424923562337074,755.5901239210096,-2644.021420257166
1309,2.7444202272828333,765.2710004077753,-2676.323526946178
1310,2.7468188489948773,763.5358245698947,-2671.641275742836
1311,2.7491571251284848,780.7508135464955,-2732.7526140250334
1312,2.7509012180135843,761.8092829217308,-2663.95031669237
1313,2.7528220566885997,811.7216207196733,-2840.663240449249
1314,2.7552245852341666,827.6329087787627,-2895.7730140128583
1315,2.7575799064734774,819.9051118936808,-2869.3217900297473
1316,2.7593246433872425,815.6753867483317,-2853.0790005175336
1317,2.761234187120032,823.4900775849696,-2881.5585128507123
1318,2.7636390504715083,835.8187171560627,-2925.7136935465405
1319,2.765948826576436,802.9176194739991,-2809.26777992222
1320,2.7676191435751902,879.0038099148368,-3075.3971026386394
1321,2.769651838220211,847.8936119809454,-2967.47250443769
1322,2.772055945845228,816.7625507898007,-2858.328476618651
1323,2.7739175955497957,990.5163654518419,-3466.225188868901
1324,2.775657495525559,774.4567446091123,-2710.158240927986
1325,2.7780509401576134,800.2505704358002,-2800.961340438196
1326,2.7804282678176238,924.5003775845089,-3236.4002507122223
1327,2.7823699672164355,807.7217552974602,-2826.3495238450537
1328,2.7838806433920418,972.7217636159114,-3406.5377264637164
1329,2.7859958234637583,127.17697079278193,-445.1193977747367
