,k,Pk0,Pk2
0,0.0029665470748989845,22698.777276770463,-16433.032664267037
1,0.005026374055021859,29441.00317148864,-10010.417021727879
2,0.007149300621522788,33697.738772775054,9091.562736446202
3,0.009278869254964255,40821.52023169529,4955.424930302006
4,0.011450332619344701,36779.720570027566,-5877.251874890737
5,0.013492955871419151,39473.72180589762,11398.90619647131
6,0.01558905561191893,39078.720382659,-4456.967376976419
7,0.017694083672553172,37978.36258137252,4919.202851171076
8,0.019817874803135297,37863.940482471175,3330.15849875777
9,0.02192074938196264,37111.14830816044,2158.555722975794
10,0.02398877635566245,35594.35453833311,-419.66426424108755
11,0.026092869718961156,32844.22010819108,-4746.9484407889695
12,0.028234663152781798,31511.07873796365,4042.990583714633
13,0.03032284873509123,29642.492286219032,4688.8219564545825
14,0.03240263258943404,27821.279224227823,-1641.7791105096185
15,0.03449210129864554,26770.27168725433,-1740.999659462682
16,0.03658588147515197,24459.712882704058,1993.39960284856
17,0.038684769492669774,24140.687526320595,-1859.244171000023
18,0.040788988884582836,22336.06137781795,1460.2784382895545
19,0.04289390876967646,22938.04228275376,-2182.4969159746643
20,0.04498336005546935,22135.197955561744,-221.50758332942303
21,0.047064985294738244,20973.797014143685,1098.926588458823
22,0.04917111919158227,20026.61845139684,899.3633766643562
23,0.051262169141742274,19025.847560807768,-197.53832580969794
24,0.05335525146837034,18258.853070211473,1703.9466252804164
25,0.05546637228956934,18695.48164002634,387.00568392536996
26,0.057573188192548086,17114.038178933308,-951.0829254755896
27,0.05965884044590281,16808.719449072996,1231.5163374567906
28,0.061745123021595065,16186.561798172517,-998.7992643525178
29,0.0638268929113719,15679.818573572547,-196.26207780429925
30,0.06592966228838451,14962.271376416897,-831.2870930341456
31,0.06803125784825748,14062.14353063364,172.32425410864377
32,0.07013131008699486,13860.123638579718,572.847406122146
33,0.07223032366074338,13323.940179596872,-49.78398712488299
34,0.07432334270720506,13031.424560546215,270.94296154360956
35,0.07642066756954473,12248.883307303831,-92.58919517872785
36,0.07850471694556041,11874.39423767769,197.20625482826452
37,0.08059701946059529,11267.578172789083,203.39181380235328
38,0.08269521798132064,10942.571278943764,477.23045739089594
39,0.08478307522909848,10496.884841785062,225.32104405558525
40,0.08687780839616016,10297.367877976532,-106.6558626630858
41,0.08897524569656534,9964.467172941006,-46.80284173911112
42,0.09108077810470518,9522.348419773072,-17.166060019414626
43,0.09318432266948053,9312.24991323307,184.30379590718755
44,0.0952788764104831,9111.422333909359,236.52650056144205
45,0.09736254237981037,8717.272879469043,-49.24545329524339
46,0.09944832814799408,8692.892497701388,-31.08720563956828
47,0.1015460879802399,8337.362633457506,-196.0348054793942
48,0.10364263756677322,8162.507608524137,26.214982960117062
49,0.10573893905394659,7935.388216588308,224.85433169033607
50,0.10783958559814742,7822.220854074973,308.9288443180857
51,0.10993894058501318,7724.677897421974,-135.44575748040168
52,0.11203921431523854,7511.1963168989105,-210.16247521741136
53,0.11412334585697578,7206.742345226237,-93.97941109993853
54,0.1162159397555423,7162.233994508717,214.7008488584568
55,0.11831372048037725,7061.202954038688,278.08570065904814
56,0.12039723118070132,6824.946909682749,314.6280919334765
57,0.12249223631878574,6587.779580368445,-20.60253910764356
58,0.12458825984258635,6434.239182844865,10.241053072744768
59,0.12668846771583772,6232.605424917994,-40.2718919277369
60,0.1287846620419941,6251.694018322765,-6.66747879821866
61,0.13087133937881498,6069.225094870786,-93.63315353333411
62,0.13297548334406448,5893.188374538681,45.99519128763287
63,0.13506910815256093,5830.379247981801,107.04446232713777
64,0.13716388258568254,5672.257545454805,1.7157985278958967
65,0.13926047573721634,5546.021446237043,135.66747186127037
66,0.14134668829083769,5427.967560128205,87.86075014464792
67,0.1434475230090064,5337.746685332307,79.93919543895161
68,0.14554528534185418,5175.273754101474,139.20065970915698
69,0.14763320610735878,5128.999211287798,102.90447255011762
70,0.14972114728432864,5032.0389731567875,-61.40857155570686
71,0.15181380487515775,4915.263922740457,103.05309516942977
72,0.15392114901003526,4858.571000468598,155.71300876124067
73,0.15602147473412367,4776.7091620744695,99.17903758819553
74,0.15811617475881218,4677.4206168285955,-8.56744245993739
75,0.16021187122717997,4633.993625224472,103.81369139056046
76,0.1623006419462899,4542.0037355797685,125.39018321828937
77,0.1643899033199985,4458.770898455607,-52.954862296834776
78,0.16648355823815117,4387.946113053993,-41.38311070649978
79,0.16857196837784735,4332.964844784368,112.55443473553775
80,0.17066413320893647,4278.244199724963,109.69782637175419
81,0.17277086992561352,4194.960350326619,94.89922964154174
82,0.17486965460096995,4125.085946528126,97.95600292381181
83,0.17695857694944453,4048.5023475735475,110.02446804230603
84,0.17905245093155753,4010.870549072708,15.1720309345989
85,0.18115265212612636,3935.765929093726,115.6683467543596
86,0.1832476884130739,3903.0431181877516,36.08090165348088
87,0.1853312475833926,3860.804947071473,193.10456887122263
88,0.1874284892203219,3756.3821789475837,38.02112878899686
89,0.1895337179075755,3719.9956697754296,-7.811417428109533
90,0.1916268196474026,3682.758925779523,11.221576085431185
91,0.1937183403446853,3605.7285870527758,108.87078154696417
92,0.1958131498886989,3557.6719481048053,80.9318217255783
93,0.19790587400989662,3518.1075806436265,91.90867059267806
94,0.19999906515978938,3476.003811150399,163.00410331907364
95,0.2020893038374759,3443.9693497871426,39.87392784332016
96,0.2041823192148178,3406.4636776657226,75.38231311219181
97,0.2062825911013838,3362.188198913812,11.396610153087614
98,0.20837701891459662,3307.5198333769986,117.74930406365463
99,0.21046758167944032,3288.229871149574,38.64788687153863
100,0.21256678542440183,3219.6045158245574,95.76831199606369
101,0.2146619261104852,3181.7201172745154,-22.30264578014604
102,0.21675618057220372,3155.6457211639877,89.38932465710594
103,0.2188528705899679,3116.9039775941883,86.27002277420854
104,0.22094564274530842,3097.196713986964,134.5315768051624
105,0.2230395148320731,3047.27113997359,107.22147686587122
106,0.22513567328585352,3027.0210098117873,125.80879869643312
107,0.22722785048644015,2973.31265834069,46.698635933756
108,0.22931975112872324,2955.17705366252,50.03522746035686
109,0.23141147723465103,2929.8000754235513,66.38670007812634
110,0.23350584674782457,2879.3802341351147,86.72105017531561
111,0.23560416522029054,2878.0460077095267,60.83639765609988
112,0.2377006336558307,2835.6584311805477,86.79548362062738
113,0.23979727503904752,2796.2817693030584,87.95824216593545
114,0.2418944602532704,2778.2647275207273,64.05872126375372
115,0.2439884227569783,2735.904082839711,4.684143497361879
116,0.24608359968283072,2722.4488747566243,102.98568776011986
117,0.24817552807053123,2679.7669813061466,114.34471511825411
118,0.25026237006475704,2658.214063983836,64.10921899288545
119,0.25235861551053484,2615.2332942907146,62.331826474210196
120,0.25445470778669854,2616.766975464859,66.45314801330272
121,0.2565487653287422,2598.4710457985866,111.86349954842824
122,0.2586464955058471,2572.8325565149785,25.179388703344365
123,0.2607443047329862,2530.161301529162,57.656656532536516
124,0.26284383121734134,2519.6239654713836,106.13132082590909
125,0.264929885565984,2490.139350639089,85.33280827445284
126,0.2670163698864118,2462.0664833509068,85.24716216035887
127,0.269112135390912,2437.1821082619263,88.52162394694577
128,0.27120764961246213,2423.192149530943,124.2001931595921
129,0.27330509996536784,2396.4588825587057,111.50172067359591
130,0.27539842121309294,2401.764815287877,53.82683766569472
131,0.27749656900268016,2376.751707621589,80.80509090955707
132,0.27959864364035925,2346.653865784848,49.689154568498346
133,0.2816878213234348,2321.300037088522,55.742297339688
134,0.28377609558542155,2315.423367333713,11.781031933572114
135,0.2858732754634003,2297.155867968778,118.59741632647092
136,0.28796861590208045,2277.268150993491,57.858469225831534
137,0.2900612915162532,2252.2273834237176,77.94728358460824
138,0.2921547032025089,2229.6673053612944,54.13467137935427
139,0.2942501291133245,2216.3553214370154,60.344802251247096
140,0.2963444256131289,2202.419085097942,30.75073888802022
141,0.2984361415704375,2179.3216840372957,83.23936550075169
142,0.3005318840555698,2172.628741432234,63.57545463443392
143,0.30262777760316095,2154.968061398614,65.27359186518702
144,0.3047248035439954,2121.894046043128,74.26580084015364
145,0.3068210272572538,2115.9487527132596,55.26663684649119
146,0.3089144805088237,2101.009602941143,83.49100651632341
147,0.31101080657849756,2077.254258026854,60.12037878826242
148,0.31310885951912926,2067.566441268876,46.06186076277897
149,0.3151991603466065,2058.701167703812,62.501312904252444
150,0.317288667284839,2045.497594257895,73.79511415653376
151,0.31938044185106124,2031.8910541626528,56.07666228463597
152,0.3214783648369702,2011.6138297663579,28.752249153319678
153,0.3235785211189416,1993.933987094102,82.76342788472535
154,0.32566935894833426,1979.3832096167544,82.63602210764715
155,0.32776077751211374,1976.3317063870556,68.68664239595064
156,0.3298523230655558,1957.7937680679129,54.48966697179504
157,0.3319485433973702,1953.7101736420823,42.39644830962754
158,0.33404540358127904,1933.9099995188988,63.52014530565285
159,0.33613494177837844,1919.1257785444352,82.49635985509244
160,0.3382313832787478,1921.074491250751,84.84112666634795
161,0.3403308518124324,1893.1892066633804,46.29517097262088
162,0.3424246601457981,1883.521995213209,64.9653874130778
163,0.3445197272986724,1873.2810315369095,58.324597214764566
164,0.3466158524641983,1857.3787546540439,45.482469537065356
165,0.3487089916477683,1850.6968939781095,83.2083087303841
166,0.35080114560367615,1832.7559490704348,54.886278255046044
167,0.35289356821720286,1826.1211223023895,58.88322645991822
168,0.3549881110219297,1816.774785660311,76.10724723011872
169,0.35708559248027844,1806.6627739468588,87.40914974681606
170,0.3591813496003593,1792.050295715989,38.52496935880338
171,0.3612749400626811,1781.8260267841702,44.950162291001064
172,0.3633693413142722,1773.3269191508696,64.39521731576761
173,0.3654632219855477,1768.2762879403513,71.5022578743301
174,0.3675603773529471,1746.491435646404,55.345213250694734
175,0.36965434919829326,1744.3004411908144,64.88525376379616
176,0.3717418094879197,1728.9416947622665,71.78625311073908
177,0.37383404253825586,1725.005344055262,61.828306459705004
178,0.3759308579415973,1717.1381117754745,20.916274821453293
179,0.37802985088946095,1708.279308649717,51.32197380707193
180,0.3801213498834686,1699.5358301844135,52.95816314631617
181,0.38221306010699313,1685.3037525237635,81.63862549386657
182,0.3843141376638833,1675.5679323307013,36.214091046624574
183,0.3864096355836929,1664.6900912641127,53.117792636432505
184,0.388502907295756,1657.1776916085503,53.16124079516846
185,0.39059769208540335,1652.0103186647998,41.25288010746472
186,0.3926958121232196,1643.551005859543,53.775551334163076
187,0.39478921808384226,1629.0741580737279,53.65766280099432
188,0.39687821409975554,1626.5081699314005,43.89355030208698
189,0.39897073627813356,1623.1221330423043,45.79173850540811
190,0.401067192451382,1608.2197392738472,40.2415015333597
191,0.40316228148056854,1600.4838956846263,37.21640195957252
192,0.4052546340249366,1586.9207752119119,49.99549095446432
193,0.4073499183903822,1580.4174624541376,43.9804994015542
194,0.4094468722071623,1577.821743570346,20.060312898854608
195,0.41154432885897757,1567.0985359285671,44.00226499476392
196,0.41363408239228544,1558.4461686179218,44.90186007536192
197,0.41572494638156243,1548.5742973320687,39.77057409145868
198,0.41782181997781404,1543.6654875879392,41.73276304343822
199,0.4199166506307261,1537.4905241325048,49.49534505459779
200,0.4220107143757513,1526.9260370283457,46.84330765018726
201,0.42410542949066876,1522.9056490130458,29.066350715168873
202,0.4262013850195404,1512.049944599316,30.524414073634986
203,0.4282955296445312,1509.042829455027,49.60454658155574
204,0.430391806688861,1499.7042740659242,43.88794589584325
205,0.432488575457924,1496.769210159618,42.846842161014024
206,0.4345806090039814,1485.981302721497,45.00266356781634
207,0.43667244097425384,1482.0670580687888,19.344544051831797
208,0.4387671492209622,1471.5549661623595,38.412016929845585
209,0.4408622534544343,1467.940419680114,31.438087935987692
210,0.44295516415095815,1457.8292033794783,44.75138152736293
211,0.4450482683181851,1454.3926145420742,38.119845302258604
212,0.44714683875742495,1446.2270559028286,43.95755751249791
213,0.44924362280569813,1442.2376385806099,28.04207387719506
214,0.4513338633316258,1433.634138873212,38.10555499745412
215,0.45342753643259276,1431.2980725191012,41.395739201281856
216,0.45552189548586586,1422.5285655792416,42.42294299076613
217,0.45761716616081083,1416.2102344631608,38.4639342771575
218,0.4597117909764672,1410.7308215474172,54.44932346180326
219,0.4618031890496857,1402.9218201658691,25.536680317337304
220,0.4638995470730997,1400.9604498437368,18.469380330100407
221,0.4659948171464902,1394.678315979082,52.12418638560379
222,0.46808929446972725,1386.294741445032,51.821404051188416
223,0.47018492649495636,1380.1532610639504,34.4820670004067
224,0.4722792778491551,1375.4329425692617,29.646773033394794
225,0.47437272572904565,1372.7299493518617,44.83904477239229
226,0.47646593372141327,1364.9192327542255,38.8905554798717
227,0.47856230727426236,1355.5172118270402,37.42084549675757
228,0.48065904058976644,1354.5867436114204,21.375827137109557
229,0.4827512226177774,1347.569078826819,40.07929529127763
230,0.4848441163240575,1343.0339619658016,36.96626650989106
231,0.4869397730506266,1332.430942289805,20.453828172481376
232,0.48903678813400875,1330.9668816243254,42.07697862119209
233,0.49113096964965397,1326.232641960686,48.795331894775224
234,0.49322332174786626,1321.5210216992398,47.97878017022156
235,0.4953187148676145,1315.8107199805522,36.19998883711141
236,0.49741120358770496,1313.191695013767,40.68310629641859
237,0.49950082345999325,1302.4895917932024,45.37711417681231
238,0.5015952506837275,1299.8903654366957,20.329421234281952
239,0.5036919972981919,1292.9506672858229,40.9637953027243
240,0.5057872116617207,1294.543620388037,46.274639570404304
241,0.5078828569897101,1285.6973932358565,30.98053173969947
242,0.5099793452386306,1280.755245211505,36.90873648754024
243,0.5120767256379639,1274.376490068832,41.56710722677975
244,0.5141702395931294,1272.11783383729,37.548225836875595
245,0.51626132102766,1265.9687404715323,36.966610051317204
246,0.5183576899265504,1263.8720838336626,27.817611423052337
247,0.5204524416424112,1258.9860305906564,42.366409419218584
248,0.5225430403510469,1251.2573126353711,37.28138428858429
249,0.5246378991347941,1246.2837731401735,38.328498211943604
250,0.5267345150769579,1240.3068568049373,26.910498081723144
251,0.5288284644781793,1242.0601354126666,29.3556420180672
252,0.5309200047543352,1231.8508124495504,23.627562816871258
253,0.5330154787982235,1230.211266052055,33.84668946533434
254,0.5351140455458262,1224.3171245913488,41.62834482404094
255,0.5372066203065362,1217.422975946463,25.67671341262013
256,0.5392991990272246,1216.0761538461675,29.275842114367954
257,0.5413944118270408,1212.618902245279,27.251838276953155
258,0.5434881995106379,1207.8038034054887,30.67036207308311
259,0.5455829952492127,1203.9839368297355,30.187259959422363
260,0.5476769745662954,1199.925811087263,27.29351471342508
261,0.5497697255495043,1195.1038547404794,31.922628513393843
262,0.5518645446467839,1193.552365855823,29.28629111866925
263,0.5539598571350287,1186.2147338457526,30.761211451686073
264,0.5560564538950566,1183.4345396795513,24.017280121896093
265,0.5581500505101624,1174.9431870423427,29.840088069660595
266,0.5602409063261653,1170.5527115011878,34.3700066581259
267,0.5623379637803174,1170.0065680167704,28.116455281634813
268,0.5644363283026402,1163.921567590438,29.116316931719073
269,0.5665273824761494,1163.3730275896585,27.544884359324588
270,0.568621249018378,1158.6445695036575,34.60752545699926
271,0.5707181447612965,1152.1086902864565,23.20105840891664
272,0.5728127938597997,1150.533046012602,32.02850358036509
273,0.5749070881546879,1148.3642820448258,17.48103055361355
274,0.5769991470923068,1146.621344255774,31.32734433037399
275,0.5790956911760897,1139.4922518001633,27.65164398425182
276,0.5811893306261757,1137.2469611445404,26.096570684526444
277,0.5832802267374103,1130.697148857337,34.6340590417759
278,0.5853761830306536,1127.4059346978536,29.660558036882602
279,0.5874711784415975,1126.175456856126,24.89472352871562
280,0.5895653958899879,1120.2366104738255,32.599356664651005
281,0.591659786459685,1115.9319631935762,30.396567578659678
282,0.5937551851921442,1112.9979476569913,27.94818463993534
283,0.5958498092767481,1108.3834980184956,33.86828078810939
284,0.5979447066705442,1104.0463937409227,29.65170830596128
285,0.6000383505174957,1102.3760671604298,25.27159508611022
286,0.6021313016181767,1099.322891348294,20.257178199405327
287,0.6042246965556944,1096.8838522222727,21.519374714503915
288,0.6063189733697846,1090.0333894911853,17.224452379627227
289,0.6084147213727373,1087.5426922322235,28.99110048426008
290,0.6105090855473989,1086.0388807858233,21.301114485916475
291,0.6126037649785722,1082.2931993720451,29.546079018192763
292,0.6147002391370655,1075.6768939461176,32.27914976815024
293,0.616794938930829,1074.4139901488115,33.044431393584645
294,0.6188886865784012,1070.1889840047295,27.535854520195453
295,0.6209825762252046,1066.4932793106368,24.753641410763166
296,0.6230764414889526,1065.2134217269029,26.26896791148575
297,0.6251725389343245,1061.4535769400734,20.567138304190966
298,0.627266923011265,1057.5974095962438,24.438125335732416
299,0.6293596211388142,1056.3031120785088,21.127377977873916
300,0.6314513250607457,1050.734109170141,32.595330035189065
301,0.6335475720513941,1049.6858661936337,25.052620360678553
302,0.6356444982495617,1046.0515148267766,22.97359487827587
303,0.6377358562255245,1042.4356686127815,12.37836558360996
304,0.6398302949107263,1040.195615581503,32.599919686883304
305,0.6419256185614247,1038.5367779119617,24.957818942035807
306,0.6440214843206593,1033.836036663211,29.98916330094813
307,0.6461142033434962,1030.3010148712021,26.879033341048668
308,0.6482061138478032,1026.6823580772345,18.516413225178898
309,0.6503020867345045,1024.9826296109254,27.192608697903733
310,0.652398185537932,1021.7707682074265,25.964791669068294
311,0.6544932048530038,1019.1639892526621,28.315796472223834
312,0.6565867871776386,1016.085321437217,29.04054558996424
313,0.6586827890115348,1010.3569227193684,18.352085224709022
314,0.6607793300725506,1011.3166695665399,33.7859064323239
315,0.6628724964198541,1006.7848110734848,24.078651467563446
316,0.6649654402217313,1003.4262712519162,17.74040243688374
317,0.667059865407609,1002.207968014827,21.122692797063173
318,0.6691532523078332,995.9319200613354,27.360444164543807
319,0.6712457992597233,995.4377111272925,32.52475296763476
320,0.6733390782258323,993.0382648859926,25.6056398912468
321,0.6754367503383576,988.4217703751151,24.1781871012993
322,0.6775335143160066,987.1344859165015,30.90970583083046
323,0.679624621064033,982.0607761573951,18.204810408116604
324,0.6817180292738917,980.8726861918856,24.273433422868983
325,0.6838149015047629,978.5822238330817,31.64835979836964
326,0.6859101434268815,974.925217778529,25.78820208222282
327,0.6880046468184081,971.8670354727446,25.563313330425014
328,0.6900999637264865,969.2942269159693,17.459907814438157
329,0.6921965733216279,967.0046533583646,22.925716730330432
330,0.6942884945981568,965.331351994486,22.22516057914235
331,0.6963781649531228,961.9212263045985,22.39064580912783
332,0.6984747371200234,957.6769721581215,26.43118801562497
333,0.7005690388882679,956.363935227058,30.712118614685373
334,0.7026621579778546,951.9151768062607,22.646855966083752
335,0.704757268847954,950.7266164824534,18.658035891652016
336,0.7068509057629639,947.9998036502124,24.737708565116094
337,0.708945644402387,944.4440252711635,17.56167913619231
338,0.7110406815970572,944.3862598556219,25.630168840412395
339,0.7131372373036142,938.4030236518714,18.06292739788083
340,0.7152323589250973,938.2769826283571,19.951606564502143
341,0.7173245162021571,935.320593031078,20.75175149220868
342,0.7194199711852413,932.7059386831182,19.89458918030383
343,0.7215151322330351,930.275174800757,24.503525777298986
344,0.7236102334592447,927.9685425014052,19.778496808796586
345,0.7257047129497166,923.9739317839326,27.941073813199363
346,0.7277958825256088,922.1559136796316,29.243615671926555
347,0.7298900912292255,920.1613551311148,23.952003614359803
348,0.7319867159780691,918.7775891716014,21.675776132677367
349,0.7340808521059053,917.8748113731683,16.112069169597337
350,0.7361738853270124,910.5334017106387,22.296639400947626
351,0.7382682123604443,908.3606271331811,19.898932831423785
352,0.7403641944498084,907.0175550341089,23.96428055977729
353,0.7424576311971561,905.3355608254199,18.41390842704656
354,0.7445523870480827,904.9010875001973,19.950368498337426
355,0.7466478284648128,900.0301938687583,22.37497541363815
356,0.7487413917548734,898.006089690208,17.95241321161887
357,0.7508354594737505,896.2107566860931,19.354042815948546
358,0.7529278056847568,893.410665712889,22.518471994851723
359,0.7550230257904859,891.1562987163392,20.737453366398213
360,0.7571167923480437,887.0477760744219,21.51973426588809
361,0.7592113317151179,887.6681168228242,16.285232572314438
362,0.7613074731933067,885.3137127417544,23.71296953084032
363,0.7634009581307508,881.4029290189062,19.791811856269536
364,0.7654969266569684,879.7648263841382,23.82473234151044
365,0.7675905899780763,876.527224518079,17.878799856386227
366,0.7696837880547684,873.2869817390691,21.397089382954086
367,0.7717795008463626,871.574868813645,21.316666851645763
368,0.7738757788346248,870.9327457361744,19.762137558889282
369,0.7759706260990727,868.0262313664684,20.362442248052705
370,0.7780620795267656,866.4562872772767,22.988183219156607
371,0.7801559906208961,863.6188008125515,18.13719239325223
372,0.7822523136569128,862.2434454563909,19.803297974607105
373,0.7843481481853999,858.4582919191266,10.27282995179339
374,0.7864425511046899,857.1632158103305,21.28669116004766
375,0.7885343495966205,855.053778682135,20.09309358796653
376,0.7906286372458883,851.3029731273643,22.68857618246885
377,0.7927244345313397,849.9807455600038,18.066990478360857
378,0.794818005513127,847.3695405149517,17.004299971402585
379,0.7969121491149282,846.2084229536389,18.32029161473284
380,0.7990047112993173,844.4492602211776,15.902260805505533
381,0.8010984966914405,839.9591492137858,21.421275274759747
382,0.8031950165575023,838.7506052974285,21.746301103706877
383,0.8052905677217739,838.6356815610778,21.008124824461458
384,0.8073868841230295,835.6995145314447,19.119424144785786
385,0.8094800557409162,834.2410936693755,20.77538821315989
386,0.8115724907946299,832.1215243540034,15.495372546879764
387,0.8136674854006812,831.2553415500751,16.375727997829575
388,0.8157633267681768,827.6710636560086,19.8636277760716
389,0.8178572815764139,824.7422239712745,23.413397945708418
390,0.8199509017046862,825.0378709106371,16.982111716578018
391,0.8220464110750062,820.7881283019569,20.66784730355998
392,0.8241406544737637,819.5289759168807,19.71424065382012
393,0.8262328397247414,815.9944562589448,19.990641743972162
394,0.8283269471334518,814.7869909025335,19.722079672083186
395,0.8304231064697798,812.889345659622,18.112130062204216
396,0.8325161683796762,810.6498476487732,14.776899002536112
397,0.8346105557242035,811.0408936995532,19.224696120780752
398,0.8367059794413102,807.7492984063404,18.706548153774936
399,0.8388002445604258,806.5548026137299,16.874735544801815
400,0.8408960756111226,803.3698178336317,22.42525775469169
401,0.8429905652842218,801.6278068881583,21.84474377927266
402,0.84508401313589,801.3435651171737,17.18294729179057
403,0.8471791713809247,797.8999176591593,20.482868380918337
404,0.8492743362825239,795.5703981341244,19.902792089707415
405,0.8513668888602299,792.0349294147327,20.482593779887868
406,0.8534589296280589,792.480884954488,17.28883931947904
407,0.8555558405338324,789.1989583328059,18.06050433740653
408,0.8576516874123633,788.5650614498682,21.87973476762452
409,0.859744590599333,785.4051089645569,19.57309413943147
410,0.8618400547669827,784.5678547374729,18.33002615791299
411,0.8639350434441438,781.5492543147136,18.994949361854903
412,0.8660280248974203,779.565371293257,17.530969512143248
413,0.8681201347325478,777.6310859578361,20.521703463167746
414,0.8702157283801463,775.101473080844,16.239954269767644
415,0.872310621353091,773.9451195277119,20.14102080504196
416,0.8744020359703552,772.5397703468325,17.48871233770806
417,0.8764972088477568,771.2486558258195,14.46611672120964
418,0.878592835994214,770.0699993824534,20.556326010040408
419,0.8806870131084201,766.950658345027,18.2349380345282
420,0.8827812802431019,765.503917695244,19.39199743695465
421,0.884877279658285,763.3117023451971,13.549501639762626
422,0.8869730004154345,762.3544361674474,16.618120188376853
423,0.8890661750433553,760.874377977829,26.68130103401613
424,0.891161435679344,758.1934720404489,16.51055395110876
425,0.8932577960179496,756.9329091245484,19.665156910874327
426,0.8953527392107627,753.9625536738197,18.308445484406224
427,0.8974462460666859,753.8996144605926,21.864838933258774
428,0.899539340962409,751.6511034891241,16.7259628904207
429,0.9016318169027592,749.173446537721,20.712754807338737
430,0.9037252249745606,749.2840503448309,19.639285338947982
431,0.9058199443223193,746.508817071011,20.568551059844975
432,0.907915243986348,743.7830113811355,16.6292036731707
433,0.9100128049501981,742.6434847191546,20.673007201931025
434,0.9121059966002629,741.2002493048861,19.289893052105917
435,0.9141972861830797,738.1680934994383,20.44534944349823
436,0.9162932496702593,737.42942824502,17.316022506519584
437,0.9183878012752863,735.8399923516623,19.40872618784643
438,0.9204823185419505,734.1432864149082,17.24747572041872
439,0.9225773629784582,733.4999967352567,18.983919469912813
440,0.9246718174739146,730.3457734444688,16.05564304506499
441,0.926766211900197,730.2327520671482,19.262760872387076
442,0.9288591582540804,727.7570416537673,18.2458050842522
443,0.9309526610700547,726.5709373449772,17.930456518211546
444,0.9330479303067369,724.4488211681304,16.882048323729983
445,0.9351433527997749,722.0046257705915,18.540446533422635
446,0.9372383527365933,721.0997853432173,15.661334021925724
447,0.939329757499591,718.5688953249091,24.471039531218402
448,0.9414230571985791,718.5037616276178,17.89705515103016
449,0.9435210054806012,715.3897934879027,20.535582354797512
450,0.9456162503172072,714.6298841936973,18.917568503265752
451,0.9477100092887099,713.7118288880732,17.941830978894387
452,0.9498046323041349,710.404557914538,17.537466483421127
453,0.9518991548408083,708.4692992113474,15.181546440269326
454,0.9539929332702277,707.6568859903766,20.043876740759114
455,0.9560874898052096,707.4050884364628,15.710290152111016
456,0.9581824530689178,704.3834325665295,19.513227169905505
457,0.9602770371571748,703.6274088933139,20.343500993295347
458,0.9623710723241273,702.1308324293701,19.306312700080287
459,0.9644648349083941,699.5827545799972,17.18096170172044
460,0.966557887379011,697.7743616811583,16.13651313386496
461,0.9686513195291268,696.9894321736904,18.40682351208234
462,0.9707470393683869,695.6287919166616,21.315357516562596
463,0.9728419987888902,694.5460965776712,18.09548984419799
464,0.9749363451418961,692.8108286858493,21.271851681491945
465,0.9770319720978949,690.7234628342301,18.23380834375864
466,0.9791260608689247,690.0390354611148,17.69429090496486
467,0.981219993418123,688.0110003841706,17.35796703983527
468,0.9833154848012966,685.5142203695434,18.159037250804467
469,0.985409217900734,685.4029868897378,18.736580225167653
470,0.9875034929558208,684.1236693249442,17.8911196408304
471,0.989598845059814,681.6328802249171,22.30736935669958
472,0.9916925524589582,680.8484063500249,17.619011782059292
473,0.9937866222530743,679.4099278546731,17.879114459466713
474,0.9958822538585521,677.9590572093538,19.207998338177873
475,0.9979763461234663,675.5138886933369,19.347288200876488
476,1.0000687382803208,674.5802887883222,23.341370329076643
477,1.0021620574674717,673.0044189363048,18.673987632544097
478,1.0042566040705312,672.2524175321768,17.69859127359584
479,1.0063510481087232,670.5379032337274,13.926490899423564
480,1.0084458017147504,669.1754820499882,16.792349818997167
481,1.0105412449330358,667.2363440509025,15.867978694669313
482,1.0126363206852906,665.7722625611455,17.551301365144447
483,1.014731689048677,664.4537267399437,22.232568244866144
484,1.0168251811607234,661.9914727405114,19.358773025934426
485,1.0189183181794257,662.7740087248391,16.642216436756613
486,1.0210135131858313,660.5527705273869,18.731121132503493
487,1.023107899818119,659.2400755137943,20.96324552642845
488,1.0252035642142994,657.5649756878134,20.62942283443143
489,1.0272979326699727,656.6038345152984,21.199879430815077
490,1.0293915165160124,654.0319519032223,21.54846945693012
491,1.0314862118776227,654.2567739503188,21.13018159630055
492,1.0335813276438528,651.5632389261283,19.49296931515304
493,1.0356760372494827,650.4704655416779,21.654569312644924
494,1.0377697665518313,649.7058833305076,21.984841040357605
495,1.0398635542890804,648.3561239580303,19.541811738561215
496,1.0419580022733907,647.0391384113103,19.452473715110703
497,1.0440530837182007,644.9443052780558,19.19122113974579
498,1.0461463909219801,644.157822884022,19.448619734304636
499,1.048241289239942,642.9035291239835,21.61581605320453
500,1.0503346504195201,641.608959325099,20.5789504219811
501,1.0524278880438542,639.5589972880557,19.837216484664072
502,1.0545231057279465,638.8487830048443,19.064178273029896
503,1.0566172205725972,637.2914254210951,21.614556512457245
504,1.0587125681053644,635.6267882504258,21.9319361506352
505,1.060806974942881,634.4329868477168,24.76562393556588
506,1.062900937291859,633.407214140643,17.941401557277302
507,1.0649968400029963,631.8434253756946,20.989182621462234
508,1.0670917748856612,630.9970710088214,19.588995585624982
509,1.0691837840599538,629.9100258272136,22.582802473614215
510,1.0712784055790137,628.0371171740936,18.112527731545345
511,1.0733741944109443,627.6276623265157,20.372845996798834
512,1.0754689143080451,626.2834426566162,21.875684457281547
513,1.0775625935653539,624.7542267050301,17.787190405806726
514,1.079656551776009,623.4216162278992,21.77935965268535
515,1.081751759033872,621.505963659825,22.003209690293293
516,1.0838450038800544,620.5473421549087,17.011240151222204
517,1.0859393346043436,618.7523590119243,22.8729578220734
518,1.0880340737032612,618.1878176684262,21.263119698406147
519,1.0901280973397867,617.1664779398327,19.805450040397762
520,1.0922232205093443,615.3581141085643,20.5048777549135
521,1.0943183198095006,613.8980946078934,23.45262344968166
522,1.0964124680620808,613.1763690332757,21.90444082107108
523,1.0985066965945804,611.8849437452831,20.958196004547055
524,1.1006022506925348,610.7968337074875,24.573729595822144
525,1.1026960746069068,609.6669391161698,19.977069671244617
526,1.104789420523433,607.8389247323198,21.418926815394677
527,1.1068841457204943,607.4055433445493,25.79630473196024
528,1.1089772649904681,606.2067178290646,23.68529767972402
529,1.1110723868790173,605.1583623356674,24.122455104519023
530,1.113168427194727,603.8126858386343,23.07895128662965
531,1.1152626776337078,601.6276790316036,23.12903338721517
532,1.1173574051129724,600.0643286019799,22.77529189239183
533,1.119450573697561,600.1734597327265,21.358328314247622
534,1.1215436337779248,599.376475818706,24.485544168755833
535,1.1236390334415942,597.7424089687939,22.113592831647537
536,1.1257332200225998,596.0978826112788,25.795631400769775
537,1.1278283378211404,594.9549302236333,23.851428792594636
538,1.1299238131648552,594.6005608211146,25.586227716859938
539,1.132017447124327,593.0667993721472,25.282114786248727
540,1.134110650036949,592.3294443277952,25.87267723831933
541,1.1362036259959787,589.90786454732,23.675035267755774
542,1.1382991427598659,588.6810916580454,25.91879443408794
543,1.1403936066737896,588.6440663303853,27.023342612795567
544,1.1424878264606209,588.0286139725787,25.400775217991693
545,1.1445836717483504,586.8091585304965,25.647004053877012
546,1.1466778755714095,585.0743334808321,25.36265192215926
547,1.1487715351237628,583.8002585461544,24.26650127691193
548,1.1508672245306748,583.2446481902093,25.73275323482
549,1.152961670034179,581.264384561328,24.124327157144073
550,1.1550551275418117,580.6585917666732,25.29360001898582
551,1.1571500620004906,579.848425270114,26.995974590426258
552,1.1592451155989445,577.9225682248369,26.207874075094537
553,1.1613401484055899,577.4360270806683,24.886292167526268
554,1.1634328135986687,576.2322038216241,28.623129345489282
555,1.1655280225544649,575.1670508852806,27.147594084008162
556,1.1676232414157608,573.9654966850924,26.84949889957873
557,1.1697157183635434,572.8777840811921,24.72555308404691
558,1.171809765164966,572.3561533899556,27.976016253916768
559,1.1739036754657965,570.9663329390373,27.353325314103216
560,1.1759974618047027,570.5741657450242,28.996192891566153
561,1.1780927342002254,569.0913516481069,26.842055732452565
562,1.1801886215978319,568.269178923446,28.03305031340639
563,1.1822824649467334,566.9706879557461,25.419674420388876
564,1.1843777187054296,565.5327961909,26.144230415371567
565,1.1864731317277017,564.8395622261016,29.154358987732184
566,1.1885662199882188,563.3828462567959,26.9998133658231
567,1.1906603290984812,563.2645086194505,28.553575583344973
568,1.1927560449071208,561.7785622794967,29.349192972335175
569,1.1948501301675682,560.4138088485779,28.333850415327593
570,1.196942866326464,559.3209587798193,29.203035855304645
571,1.1990363434731066,559.3399166667216,30.801701258493964
572,1.2011315528209288,557.5598318445525,33.08158573376763
573,1.2032252726398727,556.8590192109745,29.46705305025991
574,1.205319131714267,555.8249893163329,29.805582966043854
575,1.2074143429200774,554.9326324108157,30.82128144308648
576,1.2095073316728018,554.0155745482065,31.772688304491126
577,1.211602159357548,552.5249933910262,30.270969312006546
578,1.2136984428310558,551.6706681800715,30.629173145956294
579,1.2157943340364452,551.4293008060655,31.864647796572008
580,1.217888268816351,550.8501112051823,32.70392832973472
581,1.2199821909033837,549.2485934309492,33.51209324081701
582,1.2220779372220854,548.6324036040872,30.809133096161013
583,1.2241720630448372,546.6490355831587,32.907393674936344
584,1.2262656486341297,545.8319023703027,34.58745518950794
585,1.2283602712023978,545.1578080873013,33.046749652373364
586,1.230453847781421,544.2756995684932,34.61229890096004
587,1.2325484279288663,543.3460374080368,31.500401185881145
588,1.2346427330328844,542.2925380059866,35.292836932441226
589,1.2367368340043534,541.8603656157785,31.84114985009205
590,1.2388320989568682,540.117619547046,35.73941666018034
591,1.2409254956441091,539.540835565896,34.58808028579936
592,1.2430201387037565,539.3325338373359,37.587560003432046
593,1.2451147141570293,538.5261737961954,35.394077039867916
594,1.2472087367784284,536.8738120204281,34.76324238176917
595,1.249302614173833,536.4277940124919,35.90537420050107
596,1.2513971052845823,535.2584683761937,37.01161669685235
597,1.2534931066319515,534.8348504893823,36.75573481483166
598,1.2555863817711985,533.1165325272775,38.061184053512775
599,1.257678969059161,532.3237165937065,36.3909590678731
600,1.2597748382104277,531.6301303200588,35.40254698265791
601,1.2618698898493887,530.7922567520322,40.220548027593814
602,1.2639640740660565,529.8489935427673,38.520853368316395
603,1.266059176034634,529.4065620408838,41.015159039447795
604,1.26815329738596,528.8684060024543,38.29018809354519
605,1.2702469827768745,527.6096665582286,39.0622011153802
606,1.272341439773769,527.3313384963863,41.62724189778511
607,1.2744361591580655,526.2435795179925,38.281406817924015
608,1.2765301570381213,525.0149112381954,39.61403330423199
609,1.2786243195908502,523.8958336059629,38.842059980804386
610,1.2807201779848052,523.8658744048599,43.4165704274467
611,1.2828149770647865,522.6910078073921,41.63415242993696
612,1.28490831046805,521.7354358092952,43.04071424292222
613,1.2870024746125797,521.4182334151689,43.74159332746838
614,1.2890960788179595,520.0499642210574,41.72091122511765
615,1.2911903407610128,519.5552021400739,41.481457633752655
616,1.2932847299377603,518.4734224533779,43.98951947861404
617,1.295379834193548,517.846873563226,43.15901882446547
618,1.2974743412448833,516.4617475898473,46.45828851095872
619,1.299568838606027,516.2833867327837,44.55751251255002
620,1.3016640567270552,515.4245259649166,44.384423034181026
621,1.3037578272673165,514.6378319552281,46.4962174522654
622,1.3058518980796576,514.5854317735118,45.55416438781994
623,1.3079469520711469,513.7413881832736,46.21460962941634
624,1.3100414674631762,512.2624425657984,47.27182825965563
625,1.3121343419146885,511.48305920718934,48.55170598011153
626,1.3142291157646366,511.4689169799474,47.93498196729095
627,1.3163249547628966,510.73194767720435,47.799705706282026
628,1.3184204308819243,509.284196108315,49.55920874951406
629,1.320514045081714,509.15340550012263,48.4766481157451
630,1.322607731116918,508.3900430587132,49.28690686613549
631,1.3247030067977636,507.94107049468954,52.07697206624891
632,1.3267964975071294,506.6751654627414,50.45213465882631
633,1.3288900457896358,506.45611802495193,50.44724274541767
634,1.3309846323229146,505.28891829289967,50.80527539262415
635,1.3330795391690438,505.2244757112827,53.17382990787063
636,1.335173949560825,504.4197545120804,52.55286422573347
637,1.3372672428845813,503.8114362474582,53.72381393811674
638,1.3393616502777206,503.1126636871998,53.35092275131111
639,1.3414564546808454,502.72393617258814,54.87533670049575
640,1.3435497634465539,501.75535541267607,55.12028839494821
641,1.3456439095281743,501.2443595610826,54.288328657864014
642,1.3477398961804745,500.0461367241045,56.135359541247865
643,1.3498356331361778,499.66096197923036,57.164674849407355
644,1.3519291222201564,498.9823405472043,57.51317102585186
645,1.3540221824451044,498.5710965977256,56.70822422334642
646,1.3561174165883387,498.06148617047387,57.22426563129207
647,1.3582118000666776,497.46868671436914,60.95256780112186
648,1.360305548489477,496.5994404799749,60.65791578634408
649,1.3624016471705516,495.79362465757976,59.79326728791286
650,1.364496581524498,495.6284091481096,61.64061060782535
651,1.366589927521404,495.71388822328504,61.91820424788895
652,1.3686839345616666,494.4230228663587,61.57226920561708
653,1.3707785136744248,493.82044995811447,61.235949661189835
654,1.3728736781569988,493.1073132512666,63.26588582447708
655,1.3749673745335222,492.2657219706283,65.24643813361915
656,1.3770602631292597,492.20966339471414,62.45838297711643
657,1.379155717578164,491.7142702871624,66.54933016269975
658,1.3812508039107998,490.9309305582546,65.85718291185681
659,1.3833453325862841,490.6807917143166,66.77260774293893
660,1.3854396647384786,489.9367329024608,66.51304898403932
661,1.387533616953471,489.6285051695622,69.65124739900737
662,1.389628935147901,488.59752942957005,66.91024938229727
663,1.3917230672721894,489.1162285686459,68.14213894552252
664,1.3938172778813163,488.3177920357621,69.22226783320698
665,1.3959128506087028,487.5027126041348,70.48843341126232
666,1.3980069894682674,487.2226321802551,72.135478925148
667,1.400100032768225,486.4661732313248,71.82323625598683
668,1.4021942273095422,486.4012290668305,71.56945634664008
669,1.4042879724639459,485.25837390313484,72.69610487298591
670,1.4063822250727482,485.1527825736974,74.64729788795023
671,1.4084777998796327,484.53174968117764,75.12487112160657
672,1.4105725454065003,484.0389277899568,77.53559061522127
673,1.412666035757187,483.69033926709227,75.6202869724715
674,1.4147597581950535,482.7404960557874,78.8280634756802
675,1.4168552493745823,482.4057722472878,79.3613640899893
676,1.4189502707585735,482.2785148525046,79.22362635032017
677,1.4210439871962917,481.80892008704365,80.17497106920705
678,1.4231379588066748,481.60883177971994,80.20459285287254
679,1.4252323843784174,481.03758295993657,83.26680595176722
680,1.4273263645812686,480.87892337157723,82.88957480776783
681,1.4294209343777806,480.8404850989023,84.74856144059294
682,1.4315160587565352,480.1789678137532,86.44273155767893
683,1.4336101809254245,479.54115869233044,86.69974087955086
684,1.4357047233292217,479.5451639633697,86.76858713888258
685,1.4377991034950037,479.4403145927543,88.76545955431313
686,1.439893269172154,478.2847587579741,89.66660532747298
687,1.4419870983325702,478.1349344493617,88.85862573172285
688,1.4440820971476513,477.6074858575231,91.29579085847814
689,1.4461780146809415,477.7833384762162,90.16472683943238
690,1.4482723645441788,477.0949294774883,91.67151249816439
691,1.4503661519067539,477.0636022384537,94.54387095959527
692,1.4524608997459605,476.89520977488667,94.99401840809443
693,1.454556191478353,476.2317311645292,95.20454269631432
694,1.4566505605195028,475.57767471403844,95.93282708516472
695,1.4587435672120013,475.5189582687201,99.01178498830797
696,1.460836376274075,475.3395011194002,98.20625710937621
697,1.4629315024559504,475.1882974491237,100.3444688719806
698,1.465026115161985,474.8669826299652,100.18075683184196
699,1.4671201905708728,474.6307297168079,103.16171856217503
700,1.4692142550197365,474.8101097056009,102.47657415904571
701,1.4713085109511452,474.2850340542807,105.17653138032843
702,1.4734040883627781,473.9669683814248,104.80915099208251
703,1.4754983077923518,474.19986622110395,108.41496546657075
704,1.4775927333883283,473.47474382508415,106.77909062553657
705,1.479686516386449,473.01681856631274,107.14802982809616
706,1.4817805445745025,473.3582319583613,110.07065607519466
707,1.483876051193717,473.1690676064071,111.5135660149816
708,1.4859713583510508,472.61527399194983,111.56861543611765
709,1.4880662760111125,471.9507899396103,113.3433927169642
710,1.4901603423423662,472.52239927506446,116.77803124854911
711,1.4922546168830801,471.87570012765894,115.38229767570486
712,1.4943493508016918,472.168136373684,117.87989752633803
713,1.4964436549031517,472.08995325154785,118.20602731458989
714,1.4985372426394363,472.02084227802146,120.33637083909346
715,1.5006303537214591,472.14012915286537,123.21261574146443
716,1.5027246941647125,471.6300850281544,121.65713607598924
717,1.5048198674391857,471.5456079824638,125.14440431269311
718,1.5069136003861163,471.23748342527745,125.93308555837388
719,1.5090076377683221,471.52121162135023,127.53826508074705
720,1.5111026723067662,471.5537752046283,128.92397726392159
721,1.5131971028762412,471.24023596917925,130.5387651630341
722,1.5152912609041667,471.32614417320855,130.48102478755413
723,1.5173854934463344,471.54436579844065,131.41873740939124
724,1.5194808793753787,471.33544911263976,133.94610652930166
725,1.5215756259285513,471.3122592650561,135.38527574584424
726,1.5236695807770564,471.6329218628682,138.89527069650285
727,1.5257641081783464,471.3551192631093,139.05405568218526
728,1.5278584873608179,471.7271288407513,141.99328657208656
729,1.5299536435991428,470.87982409444646,141.18066599787153
730,1.5320476585044298,471.402602796472,143.39704184959217
731,1.5341414384393777,471.1417010518886,145.42268607944
732,1.536236950937659,471.0620438132799,147.15819264112756
733,1.5383317033374695,471.61892519275614,149.12664870924624
734,1.5404255753841434,471.1985212275421,150.1291805996172
735,1.5425198393431812,471.9498334096721,151.21873071369677
736,1.5446136227526486,471.6961860106729,153.9403174408877
737,1.5467072285753283,472.174442424922,156.45342476223874
738,1.5488013111816905,471.6096715231889,156.9803203046492
739,1.550896674249749,471.91325106763617,159.08490675712972
740,1.552991701547339,472.2095792341356,161.16498615355252
741,1.5550856629518366,472.3714593079749,163.39462068365438
742,1.5571801051512508,472.46084668047706,164.69084223578574
743,1.559274417579796,472.4832135447304,165.7876041255498
744,1.5613691533539047,472.8808853389448,168.0115860427038
745,1.5634631934261796,473.15170504941887,171.51734382187468
746,1.5655577892497892,473.2214785378261,172.66255718964803
747,1.5676527275763066,473.14981146258066,172.25361772279717
748,1.5697461748764228,473.5331770319848,176.2865659166453
749,1.5718402189801153,473.70078127731136,179.61627155474062
750,1.5739346218160084,473.7198652615513,179.36105241340144
751,1.5760295037244485,474.3283111002969,183.8849640035341
752,1.5781239238326052,474.638831138586,183.98753211840184
753,1.5802176736109215,474.9040688797319,185.76239100743038
754,1.5823123941098438,475.94930166624687,188.48813683727934
755,1.5844068047546922,476.0120392738688,190.90177931059128
756,1.5864996832696292,476.0344322052341,192.29328295538875
757,1.5885944598128996,476.2521329033771,194.44467063608636
758,1.5906903325437156,476.59905717751496,197.635964389899
759,1.592784689092666,477.4559923130933,201.38292793063272
760,1.5948796873290236,477.3800113586555,201.22008024269226
761,1.5969745597395735,478.36392028114955,205.24820022735412
762,1.5990689218084002,478.28637315079595,206.4365589502121
763,1.6011633213632455,478.89698641937827,210.5958955131998
764,1.6032577776043084,479.06268072127443,211.97272082674695
765,1.6053514020964894,479.2621607683711,213.0675064158142
766,1.607445093072501,479.8689411593045,216.66984932181174
767,1.6095393086936036,480.10056086683886,212.021553285182
768,1.6116336711357766,479.4069116249215,199.80260226668435
769,1.6137279918528686,478.329933204367,188.35410402014534
770,1.6158221116449558,478.1157081255841,176.93989301226546
771,1.6179176229648538,477.11277547054846,162.95665020688247
772,1.6200131612431772,477.10320885657154,153.06030336472142
773,1.6221069236192778,475.8405545168855,140.00171247660975
774,1.6242011307622557,475.2746401671247,128.77428446624523
775,1.6262960841945175,475.16511942705716,117.86092923804728
776,1.6283896203498047,474.4007440539866,107.99140141758714
777,1.6304834947928883,473.96603028523947,95.16088194004996
778,1.632578127710653,472.94243551030496,85.05547654330965
779,1.6346731813158608,472.16187983782095,73.53890606351084
780,1.636767172365261,472.1849225161514,62.314653945649525
781,1.6388603779595408,471.12438470694866,52.952917028483114
782,1.6409563605892468,470.51882786528216,42.56297950960183
783,1.643050621284035,470.25169121435493,32.5382434620168
784,1.645144102645386,469.2374314134679,20.396094498842967
785,1.6472395726584623,468.95415521615644,11.384920614162327
786,1.6493331318477138,468.755347707804,1.043020000137811
787,1.6514277435583298,467.278393419289,-9.835249015799844
788,1.6535225655624404,466.9868590158811,-19.74091369158769
789,1.655616100487628,466.5413967772616,-28.611706098771876
790,1.6577106071833263,466.26227387792454,-38.984349369179085
791,1.6598050724476994,465.9353751361558,-48.016553215297904
792,1.6619001395524664,465.12060768702804,-56.56309283533454
793,1.6639948642035431,464.69556683760743,-67.44457695620085
794,1.6660882997554614,464.2170293718679,-75.28593360034999
795,1.6681827329415837,463.40816670281174,-82.92476607692164
796,1.6702780557373313,462.93167469915454,-93.83377967289476
797,1.6723710846745943,462.62217927174396,-103.7991292210985
798,1.6744651718920411,462.282285590041,-112.12448951434686
799,1.6765602044792516,461.343328411321,-121.68080641523117
800,1.6786535596079524,461.18293731716705,-128.80237474918073
801,1.6807491745425278,460.40543768786426,-139.68049139015326
802,1.6828445761171116,460.0592918262619,-146.42183264275414
803,1.6849386388007168,459.4439361835663,-153.95626811614656
804,1.6870339476475265,459.07811532526205,-162.86263951283374
805,1.6891280758541645,459.10095576721017,-172.00325384009514
806,1.691221272327691,458.29028810870426,-179.07622310111674
807,1.6933141346742315,457.72640974592383,-187.56373849666815
808,1.6954090930463133,456.80546236240417,-195.39411421846532
809,1.6975047078021417,456.8096475458037,-203.78385277403322
810,1.6995991246970055,456.10166997436403,-211.5392683625471
811,1.7016934918813407,455.57715979388917,-217.64120691362092
812,1.703786903721137,455.06725160792035,-226.31446192994198
813,1.7058818292953146,454.58295900812385,-234.6333534138042
814,1.7079768740006063,454.45451961758124,-241.32358767306823
815,1.710070845319196,453.4699992246533,-249.21688533538924
816,1.7121645316176712,453.1267198026998,-256.9781238117501
817,1.7142597272321454,452.34958361719,-264.20099263783135
818,1.7163549406546734,452.49943394822003,-270.94887948980676
819,1.7184482195940645,452.1199169682979,-277.914011826128
820,1.7205423072627637,451.343320326437,-284.84331791608264
821,1.7226374847113666,451.2315179858022,-292.4120066965918
822,1.7247323233526113,451.15248126138613,-300.46192850294966
823,1.7268266901810085,450.28521803843046,-306.1551740753053
824,1.72892134476467,449.7825526297942,-313.3483602093115
825,1.7310153629662073,449.2083990218067,-320.0177086833714
826,1.7331087353021186,448.9820230008809,-326.3705909016584
827,1.7352028820270462,448.4942815603058,-332.95762117429615
828,1.737297419510233,448.0492243659013,-339.67984569016676
829,1.7393924268721555,447.61003543621666,-345.87491095174477
830,1.7414865202316776,447.48069243662883,-352.88012832899625
831,1.7435798385311778,446.9007582730825,-357.42120101469817
832,1.7456747741592018,446.0268886865299,-366.67213888718186
833,1.7477707733578058,446.20466374704455,-371.25059506468625
834,1.7498644151299778,445.5832989588208,-378.02277315950346
835,1.7519579294274097,444.9617948340504,-383.1352588634161
836,1.754052537005875,445.4205733648868,-390.41353756582487
837,1.756146014277543,444.4059594321533,-395.85566300414615
838,1.7582399685899122,443.78332256691783,-402.047218731321
839,1.760335124398212,443.864081704772,-407.9692377846577
840,1.7624306374180432,443.07987308744924,-413.2669865387022
841,1.764524733445493,443.1914513715299,-419.0167644484044
842,1.7666195957988082,442.7301982662993,-423.92618841122584
843,1.7687146552767006,442.1929684208638,-430.45959548419165
844,1.7708085687106505,441.885869310971,-436.5291096065677
845,1.7729026984403262,441.53692075257237,-440.7030062756194
846,1.7749968373222131,441.1603209311236,-446.60719347779497
847,1.7770919795414395,440.91125281031543,-452.49737241938135
848,1.7791866891650514,440.90365472254985,-458.6801174873692
849,1.7812805740714612,440.4130639795173,-464.1651965938467
850,1.7833749145944944,439.9678782988828,-468.6606013800548
851,1.7854698174814119,439.64275026510524,-474.0979454088542
852,1.7875649050000997,439.25012205164813,-479.69089716255377
853,1.7896586091751823,439.03232566312266,-484.39993731820044
854,1.7917528105223397,438.8837832843894,-490.2717656156261
855,1.7938472619734778,437.7350713796046,-492.9851743449269
856,1.7959410333998334,438.1841936430098,-499.23331953355375
857,1.7980353139963554,437.74358847313545,-504.7739729299822
858,1.8001292949050451,437.5698417460504,-509.78275013456596
859,1.8022240144636215,437.3686506386335,-514.6037648433125
860,1.8043180357006787,437.0387699582224,-518.3136625577837
861,1.8064120149556366,436.60419027313543,-524.3651665100516
862,1.808507216693214,436.5617236613081,-529.0736825907916
863,1.8106012235056632,436.0947162314918,-534.5891155838265
864,1.8126961076333348,435.99434122490464,-538.3321277925158
865,1.8147906359659112,435.3270637757004,-542.562925160899
866,1.816885013662702,434.8637458987055,-545.9546400002115
867,1.8189799788179999,435.07681887885457,-551.4192497640959
868,1.8210733357472892,434.8574764869784,-555.8713909496371
869,1.8231675363973032,434.785418510462,-561.4097553346032
870,1.8252628639859947,434.04279900393703,-564.6343499500435
871,1.8273578690890415,433.7217550298591,-568.5987013290683
872,1.8294529153678178,433.5147063155982,-574.0560890796002
873,1.8315468366202061,433.7702369011033,-577.6585382918004
874,1.8336403420201965,432.6880411236224,-581.0902080525241
875,1.8357342642631629,433.06679161083576,-587.1898974308913
876,1.837828606636473,432.69839626381395,-590.3415941086663
877,1.8399232687279,432.3985510863022,-595.6199661409585
878,1.8420169361094605,432.1899869185881,-599.6268747013037
879,1.8441103454239045,431.9215900471885,-603.1607687602898
880,1.8462047113551943,431.70117757136643,-607.9334735032262
881,1.848300337583767,431.99920663405607,-611.1298560449262
882,1.850395118058644,431.53860718597224,-615.5846025609936
883,1.8524895015648957,431.09304402571604,-618.3064404716894
884,1.85458435317291,430.9175884583989,-623.5551207706884
885,1.8566786691854407,431.09016898222666,-626.8348822350075
886,1.8587722962005393,430.50319380639513,-630.8905020129954
887,1.8608667292143481,430.5050625412562,-636.0577567721527
888,1.8629623979972338,430.0944964437508,-638.7590752221063
889,1.8650575007618033,430.2320354775234,-641.8346961509704
890,1.8671515757398978,430.1078289984878,-646.4811089204371
891,1.86924567270883,429.8199547362711,-650.4567840790312
892,1.8713402290883943,429.5341197438731,-653.261892215533
893,1.8734333441485889,428.7423990056649,-655.7102007615873
894,1.8755274569663687,428.9416918914967,-660.4971410110978
895,1.8776226584010878,428.87526124814275,-664.4806886264732
896,1.8797156234954413,428.91619782183903,-668.3225042089359
897,1.8818097674713492,428.61001446037386,-671.0810091327397
898,1.8839051205157094,428.9796554927971,-676.625293080768
899,1.886000042933448,428.59433606071093,-680.4479911351962
900,1.8880949075451439,428.3410671648893,-682.0255105602045
901,1.8901881584759161,428.3973963394199,-685.7863828789175
902,1.892283217936019,428.39091294963447,-689.2530974168566
903,1.8943782680554568,428.2360732238867,-693.8831620529179
904,1.8964720473710392,427.5218599786029,-694.7105565930113
905,1.8985668668489433,428.02730254829567,-700.0903432708434
906,1.9006612809862096,427.96657833543503,-703.4442388746608
907,1.902755719587151,427.68790726306514,-705.2678421566902
908,1.904849757588545,427.82197943238134,-710.8975966112167
909,1.9069430754605277,428.21002430236274,-713.4369852259848
910,1.9090378340013505,427.6662196059648,-716.6200047325165
911,1.9111324914183263,427.4129889859961,-718.5550836134465
912,1.913226965923519,427.2601811016332,-721.9149780980392
913,1.915321381331026,427.0630951782029,-726.7991912133361
914,1.9174162748437817,426.76455869468094,-728.2166875633477
915,1.91951096404297,427.4662992967485,-732.909049460608
916,1.9216039358616672,427.26322669745656,-736.5499757183067
917,1.9236986253914137,427.1751334823113,-739.5820425072015
918,1.9257933066276691,426.79570214768273,-741.4807728288677
919,1.9278873651498682,427.0046935609101,-745.8661553249373
920,1.9299807661659822,427.24397146743655,-749.0513724423546
921,1.9320760482648573,426.75830601283184,-750.031946509754
922,1.934171767524072,427.0717575084476,-754.4264034980074
923,1.9362651059315399,427.20396244344573,-758.4662243998908
924,1.938359138419254,427.15772125959904,-760.8469068782373
925,1.9404538735984294,426.7399293285271,-763.087682115576
926,1.9425479146608418,427.30224263812727,-767.8745474732123
927,1.9446418189559174,427.1202596661778,-770.4511376655483
928,1.9467371502259871,426.9554824659785,-772.8420307702827
929,1.9488329760684335,427.07569066504044,-775.3013807791687
930,1.9509268120448882,426.91325163770233,-778.1072386200225
931,1.953019609354344,427.566359118485,-781.6687474086181
932,1.9551147244404972,427.3774083132827,-785.3124731490125
933,1.957209950604826,427.3106691098703,-788.2800545398945
934,1.9593041179655175,427.32903061562786,-790.641683957673
935,1.9613980124620214,427.45967249728307,-794.0445289358842
936,1.9634920823781827,427.01096053476465,-795.6822033489873
937,1.9655870316775599,427.2735690418114,-799.0428327420705
938,1.9676813106463258,427.98295085806996,-804.2422639413702
939,1.9697755380711686,427.38968718820786,-804.7704208245544
940,1.9718704076888727,427.76802039695406,-808.0972957918249
941,1.9739643213778544,428.3142462697863,-813.8459121335618
942,1.9760582139073395,427.88742180683283,-814.6841151856217
943,1.9781533744008393,427.6573270191206,-815.605658116606
944,1.980249297656676,428.47795951503497,-820.2582029270939
945,1.9823436902775773,428.3072714844127,-822.5104346010164
946,1.9844363854611324,428.32172954573804,-825.5155615443405
947,1.986530057736426,428.38956987716574,-827.886098730733
948,1.988624138262085,428.8745996716968,-830.5018293654883
949,1.9907191302641989,428.6719893743437,-834.3199901644031
950,1.9928140678397719,429.28980043780444,-837.3770899504282
951,1.994908057158038,429.17634040621596,-840.030469981271
952,1.9970037235567513,429.13346045500566,-842.6815168502052
953,1.999098539119481,429.59859259083976,-844.9141255415018
954,2.001191245179364,429.6721809418043,-848.0573803293549
955,2.003285465781134,429.6734623141479,-850.3784578972743
956,2.005380090953843,429.81875019800185,-853.5025264048234
957,2.007473757612322,430.2267435025473,-856.4328065945181
958,2.0095674385752345,430.70994576046303,-859.7609573943246
959,2.0116620669227445,430.6991652022321,-863.3686202551373
960,2.0137574654124313,430.73673594292495,-864.3479436291827
961,2.015851542299029,431.7390054471706,-868.3668529972691
962,2.017945842236743,431.41728370566864,-870.6520656580082
963,2.0200414078173843,431.70770035120165,-874.3044370867754
964,2.0221364472105585,431.2319950869227,-875.0283364272387
965,2.0242304661583193,431.8594985682159,-879.0365865318217
966,2.0263241213554704,432.1256747202335,-883.4830135012186
967,2.028418169537371,432.6450366832701,-885.1874339245112
968,2.030512126699397,433.25194492784107,-890.1289708097204
969,2.032607257696191,433.36379777799056,-890.0167331996728
970,2.0347026748788237,433.6351796149097,-893.8946734868946
971,2.036797432049628,433.2209289840203,-896.4203494098653
972,2.0388917803566513,433.53853082760185,-898.0702359089441
973,2.0409854404727548,434.8026709527463,-903.0304376322163
974,2.043079158497923,435.24141745252376,-906.6428576834551
975,2.0451737042342053,434.8049888429107,-907.5895983620848
976,2.047267957686092,435.06206532709206,-910.7295507080469
977,2.0493625921646865,435.4294400830038,-910.3525912730568
978,2.051458159400133,435.71312993222085,-915.4627220629387
979,2.0535521918605197,436.34422431693923,-918.5442004634275
980,2.055645062675616,437.09995930199983,-922.0471885583411
981,2.0577393587752955,436.96589758049925,-925.3601123370281
982,2.059834437786395,437.8655197095874,-929.7165870137236
983,2.061928055170489,437.6481853412754,-929.9984174798511
984,2.0640226957402352,438.684211462227,-934.9746406362183
985,2.066118258189404,438.0814714363209,-935.26580505558
986,2.068213196804832,438.8825890580483,-939.2195643815073
987,2.0703072818107917,439.52105900671,-942.2864532768991
988,2.072400931462771,439.61795194553065,-944.5133573262312
989,2.074494103322103,439.97627808489716,-947.3666001735207
990,2.076588647294614,440.20767443671804,-950.5865653469798
991,2.0786837571325223,440.74561303043885,-952.5548513843794
992,2.0807786951127576,441.8863933626377,-956.9371876912151
993,2.0828733611799306,441.90127458752534,-960.4429604844674
994,2.0849676047315464,442.1573090575799,-962.1601621899041
995,2.08706191167589,442.9423690441292,-965.8198426111015
996,2.0891552570733616,443.09820098637886,-968.9561074055574
997,2.0912498961643236,443.4210299146368,-971.353553957974
998,2.0933446561638878,444.4506855511404,-975.8301722021863
999,2.0954387435644386,444.3381706057487,-976.489234729033
1000,2.0975335870618825,444.9528818435755,-981.2179302125437
1001,2.099629070349723,446.06221844287023,-986.5505979776544
1002,2.1017228492895934,446.035346786088,-986.8838896970842
1003,2.1038170482062775,446.53275041845393,-990.1991402267772
1004,2.1059122372778973,447.0352825942138,-994.5050446809126
1005,2.10800554057148,447.6902339487234,-995.2566588768963
1006,2.110098599114947,448.4175259918534,-998.9803355268847
1007,2.1121927216235163,448.2943107027179,-1003.0388691555648
1008,2.1142879182187984,450.0530831374803,-1007.1172563804737
1009,2.1163820759811065,450.2431847249704,-1011.4299591589887
1010,2.118476597123504,450.14546752787317,-1012.6527061760063
1011,2.120572077635568,451.12618840922164,-1016.132906259816
1012,2.122666143506846,451.26468505586774,-1020.7276215002413
1013,2.12475947440395,452.6283441983593,-1022.9098708101576
1014,2.1268549228070284,452.4054314744819,-1026.6349751587816
1015,2.1289503858580807,453.2650147017035,-1028.1341364742598
1016,2.131043274916299,453.51979580860115,-1030.8244371897601
1017,2.1331378502136085,454.3614213363795,-1036.717874985288
1018,2.135233020544507,454.8459964175382,-1040.2420498542106
1019,2.137327211773404,455.40750941093256,-1043.199130463199
1020,2.1394213678417553,456.70287128455425,-1046.9837653294696
1021,2.1415151935265153,457.2638899227933,-1051.2850100718063
1022,2.143609686067666,456.73757269166873,-1052.5940277436462
1023,2.1457039096890913,458.32174272475487,-1057.8894833410661
1024,2.1477977892281794,458.65144443878745,-1059.3734115541288
1025,2.149892773795189,459.0111169877646,-1062.8270860943721
1026,2.151988207011953,459.55656904349075,-1066.8074373233558
1027,2.154083430042502,460.7798405989276,-1071.4173315582289
1028,2.1561769020273363,461.26714220989754,-1073.7736008969403
1029,2.158269727638565,461.5455313964536,-1077.2022463968758
1030,2.1603643338266334,462.44930501309096,-1080.5407004030694
1031,2.1624594611960894,463.09289350704915,-1087.4045468981521
1032,2.1645538445620423,463.81177817433496,-1089.0913179169
1033,2.166649266160557,465.14376593165986,-1094.5546553192412
1034,2.1687438965600263,464.61123588028954,-1095.9910730564475
1035,2.1708363804402464,466.29921692348125,-1100.5746705342797
1036,2.17292939543057,466.82886719111127,-1103.3393459895678
1037,2.1750246621139153,467.3296523704637,-1107.9028527818698
1038,2.1771189095943266,466.6576806802885,-1111.2000625387948
1039,2.179212962470575,468.6898059729911,-1119.1353558715696
1040,2.1813066434396426,469.09350742644057,-1119.932514990552
1041,2.183402629792164,468.787863509827,-1122.797192812194
1042,2.185498119455816,470.92285295733797,-1128.5985450646137
1043,2.1875916200185137,470.49080506080577,-1131.5702319628717
1044,2.189686441120868,472.21219052561275,-1138.1327039357268
1045,2.191781413276182,472.01964972005084,-1140.200353683263
1046,2.193875147711239,472.9048148097726,-1145.0171494840756
1047,2.1959686613130316,474.5664285569235,-1151.1053318592715
1048,2.198063923558019,474.005544045326,-1153.7236264645892
1049,2.2001595001532226,474.0327836766054,-1154.3780440098099
1050,2.202253779153767,476.0236683730768,-1163.1341870025763
1051,2.2043460760907565,474.8156321887965,-1162.2843983360506
1052,2.206440891990371,476.8452056089363,-1168.4915709173886
1053,2.2085356491852317,476.8409397309837,-1174.571101434326
1054,2.2106277016542335,476.93732449550174,-1176.3250334661566
1055,2.212721958545959,476.84229904812554,-1181.4355128271225
1056,2.2148185083900422,478.2290722936922,-1185.7850002722669
1057,2.216913061952383,479.0148992328028,-1190.3645261129673
1058,2.219006160150891,479.1842650110839,-1194.6800453274832
1059,2.2211007684745443,479.45479669088934,-1198.4886806971815
1060,2.2231966067711273,479.72883925635927,-1205.2946230850162
1061,2.2252915180225106,480.69556370166583,-1206.9363569625655
1062,2.2273849286831946,480.91572335372587,-1214.1343676333522
1063,2.2294794057777056,481.930692684287,-1220.6384748729183
1064,2.231574082226972,481.9351369912303,-1221.0741012281635
1065,2.2336675726385264,481.72394607957216,-1227.7487558769287
1066,2.2357616690730993,482.88184272782064,-1229.9114894723534
1067,2.237857388038379,482.0631002894952,-1235.9821108987433
1068,2.2399520699736297,482.31661221649495,-1239.290343603604
1069,2.2420449617357057,482.6192900364732,-1243.5071022539453
1070,2.2441391380853632,483.114086386874,-1250.83901565011
1071,2.2462342793770116,484.1513903264563,-1256.7368213350633
1072,2.248330004000319,482.3407416280504,-1260.7347703886069
1073,2.2504234986669656,484.1391909828551,-1264.0017816213842
1074,2.2525166459790467,483.2297574603181,-1270.8782118323097
1075,2.254612702557845,482.5819622982136,-1273.8290244816408
1076,2.2567074239010356,482.9556792178977,-1278.1277203574107
1077,2.25879926569608,482.20979278758637,-1282.9725762450505
1078,2.2608934332232278,481.22195628501277,-1284.631789128062
1079,2.2629890832862967,480.9992906711067,-1292.7606326301495
1080,2.2650815906481947,481.3180178521461,-1297.623573719557
1081,2.26717631551426,480.4633710935092,-1302.4408898695501
1082,2.2692717091510235,479.83210749109867,-1306.3529871560918
1083,2.2713660430599174,479.1013380873328,-1312.617256664187
1084,2.273460830916725,478.2398886761616,-1317.8540857583616
1085,2.2755552510450507,477.5897943114806,-1323.8399611817135
1086,2.2776502981151867,477.4373153441079,-1327.654384411765
1087,2.2797428242388995,476.85128821269893,-1332.4086458290133
1088,2.281836092329788,476.3455515358014,-1337.6416822415356
1089,2.283933556285596,475.3586448951834,-1339.8419817361614
1090,2.286028868050817,474.8507632020797,-1342.910760689065
1091,2.2881212248812486,475.3868147134855,-1349.267479368316
1092,2.290215014848569,474.79713417295665,-1351.217770310735
1093,2.292310229911211,474.34561181291656,-1355.5936925186918
1094,2.2944051456334345,474.71894525981617,-1360.1654444829128
1095,2.2964983471898495,475.39567013792714,-1366.495089211565
1096,2.2985921024349003,474.8521754578062,-1371.0434619676118
1097,2.3006888643809247,475.7286617717805,-1378.8901271762866
1098,2.302783634096356,474.85895041071524,-1379.5435837062412
1099,2.3048756698218886,474.13513496237704,-1380.7531226180122
1100,2.3069695720010412,473.98438449616145,-1384.9316266724604
1101,2.3090651112173397,474.8364999185611,-1391.834817743454
1102,2.311158495429861,475.47896561782716,-1396.1242541249503
1103,2.3132509513768182,475.27490816249394,-1399.7752231895745
1104,2.31534766594442,475.714816231571,-1405.4221514806964
1105,2.3174438092641236,475.15873738256965,-1405.824103124113
1106,2.3195366518474128,475.79113425865796,-1413.364202316721
1107,2.321631141204296,475.8304517333932,-1416.4789833309728
1108,2.323727832694395,476.1120257756081,-1422.055518970024
1109,2.3258211826493147,475.7042494703395,-1421.3637086889516
1110,2.3279133966950116,476.76620131380974,-1428.8991108749146
1111,2.330008120458155,477.16581852524945,-1434.4911894282156
1112,2.332103956675321,476.8597348869289,-1437.418616788104
1113,2.334197579452735,477.0390788476613,-1440.684776365374
1114,2.336290017181209,476.82887892686693,-1442.8898875211773
1115,2.338385505091734,478.17607175828294,-1449.726692237906
1116,2.340480189114194,476.64540544661276,-1449.7871123735697
1117,2.342573391055059,478.8745962381361,-1459.032572525336
1118,2.344667848677038,479.3450459906053,-1461.9283232384644
1119,2.3467629878884537,478.09639489874274,-1462.393525377243
1120,2.348858220839854,479.47585224668927,-1469.7972332253255
1121,2.35095250082758,478.67604735798494,-1469.5464306897213
1122,2.3530449396760944,479.1413295001548,-1474.255089841666
1123,2.355141499104623,480.2699176446423,-1481.2689684696215
1124,2.3572378412451434,480.85389169017543,-1484.9538685801099
1125,2.3593294861259198,480.73981977290777,-1488.423309541854
1126,2.3614224992004984,481.6072464141526,-1494.7177961569496
1127,2.363517948981548,480.5224176693907,-1494.0213848537455
1128,2.3656139136423477,482.15993158814814,-1500.2508983342536
1129,2.367706660383537,483.3219327349251,-1505.4642820559163
1130,2.3698014470222093,482.6901656123765,-1507.1253849397858
1131,2.3718977582075165,483.598982946564,-1513.9022469002414
1132,2.3739899214574836,484.7061524258717,-1519.5356489595936
1133,2.3760825194215927,485.2451940149403,-1523.6276255253076
1134,2.378179070039863,484.84276947539354,-1524.0342882737766
1135,2.380273759058959,486.6476985473382,-1531.4152985491908
1136,2.382365673610318,487.35172688851634,-1538.1353129857273
1137,2.3844604460166168,486.66639200929035,-1536.059551293879
1138,2.3865571190304595,487.0039187677164,-1540.2181198883359
1139,2.3886520978255446,488.84260741229275,-1549.4367852946473
1140,2.3907442891236066,490.2913272690736,-1555.8464521655026
1141,2.3928386457990913,490.12148587105435,-1557.9770385862753
1142,2.394934562690242,490.67536770983963,-1562.4771787783855
1143,2.397029599690107,491.00537589643676,-1563.7014031360106
1144,2.3991222591305954,492.4121164854669,-1571.8350471955346
1145,2.401217024080888,493.2868438732235,-1576.7091586736763
1146,2.403314513026698,493.8833413400604,-1581.6517122141606
1147,2.4054081911284184,493.9432466268765,-1582.743986137715
1148,2.4075011183217048,494.93470110421765,-1589.7386065636265
1149,2.4095960074264258,495.1073870284629,-1591.9061421420583
1150,2.4116926326559978,496.1446065932032,-1598.3440306152304
1151,2.41378425055939,497.2261506581091,-1602.613880647812
1152,2.415877382497087,499.2552089141201,-1611.913140378169
1153,2.4179783678062123,496.7775414185378,-1607.0875046080314
1154,2.4200733739460714,499.19088559435465,-1615.2840654463166
1155,2.422162501290004,500.1817469845939,-1620.402501094771
1156,2.424257158180454,500.7514183485238,-1623.6657483448596
1157,2.426355368807169,500.81726796763115,-1626.2243062313053
1158,2.4284477900186845,501.9347951403371,-1632.2208447706898
1159,2.43053883847394,504.10749434606817,-1640.9072399983788
1160,2.4326356353293934,505.7114425158439,-1649.5287382840913
1161,2.434732612021302,505.65183613492985,-1649.735812747303
1162,2.4368252927922227,506.6220680256454,-1655.160754757541
1163,2.43891890863681,508.469276780499,-1663.6868564958997
1164,2.441014895314609,509.14982651637746,-1666.552792121941
1165,2.4431105244568765,511.8218105869222,-1676.5747967192665
1166,2.4452031167440684,511.5541845911918,-1678.418734865165
1167,2.4472938786799143,512.164199260273,-1683.301973747145
1168,2.4493915902413868,511.7606536175147,-1682.5785419668134
1169,2.4514877943094935,514.702704192167,-1694.0561197341433
1170,2.4535774837073663,515.4373771541063,-1698.466255830233
1171,2.4556717453467782,516.0829603652504,-1702.5682203044673
1172,2.457770725968573,516.7720709015433,-1706.3483284763633
1173,2.459865450868259,519.2501310382013,-1716.2486180437993
1174,2.461954843714291,520.836182466176,-1723.0041877871217
1175,2.464051305962942,521.9417764080436,-1728.3783352155178
1176,2.4661493201186655,522.603567579619,-1732.8301281760696
1177,2.468239991051035,523.5400247761796,-1736.9427192865885
1178,2.4703335941159144,525.2263094959949,-1743.5480635522326
1179,2.472432426226094,526.3077202124107,-1749.9700141112837
1180,2.47452690434623,528.6905015491701,-1757.7012175231007
1181,2.476615373809059,528.9507481522521,-1761.6240650474651
1182,2.478710457672189,527.6557081547721,-1758.7319922588777
1183,2.48080966574444,531.0582605846471,-1771.8557289852245
1184,2.48290090100287,532.8216206923076,-1778.8824409529768
1185,2.4849923340191187,535.3232952425453,-1788.0925023751145
1186,2.4870897130294636,535.987755543277,-1793.6174338319042
1187,2.4891862386660164,536.5748675562062,-1795.8735091675344
1188,2.491278235985619,539.4965377588544,-1806.529673725225
1189,2.4933690456944357,541.6503134448925,-1816.8369504427856
1190,2.495466543397291,540.4667268757543,-1814.0926942091662
1191,2.497563830960505,543.4624481951066,-1823.9012266895882
1192,2.499654519205421,546.5032100761749,-1835.9590920484432
1193,2.5017479497353943,544.487372951775,-1831.2053517836002
1194,2.5038480054516667,545.633352047906,-1835.680848278787
1195,2.505943433921919,550.3047571610097,-1853.328461075547
1196,2.5080284861327207,550.8995797627524,-1856.896295685813
1197,2.510123955773609,551.9406588921479,-1862.4485590980719
1198,2.5122261646694253,553.012260294584,-1867.1699112131712
1199,2.5143177674343575,555.2952191043751,-1876.0254933274443
1200,2.516405803072155,557.5328061990244,-1884.4639987738658
1201,2.5185026929964116,559.5949972766233,-1892.0014779140056
1202,2.5206041831245063,561.2449609388403,-1900.5043888079197
1203,2.5226964757648327,564.3317484456536,-1909.0490106417892
1204,2.5247869961159406,564.7059930998076,-1913.8079799826144
1205,2.5268843920051487,567.2714061992385,-1924.1137246374876
1206,2.528980483597168,567.321568738407,-1925.987230657508
1207,2.5310684597394695,569.9264611408707,-1933.2113861250814
1208,2.533161718042206,572.1796114895973,-1943.1678738739201
1209,2.53526488574662,573.9064122125011,-1951.6443764513865
1210,2.5373603920777454,578.0220483587455,-1966.247438560448
1211,2.539445749963502,579.3422140417675,-1971.102269330521
1212,2.5415417180131348,578.1977324371893,-1969.0441583669647
1213,2.5436457679371425,581.3143222919988,-1980.740674079923
1214,2.545736808475733,585.0400268313256,-1995.191934284707
1215,2.5478233832874237,586.2363700962148,-2000.823020075201
1216,2.54992085584226,588.1524682371394,-2007.4960225133952
1217,2.5520207655356866,588.9030474644362,-2009.9926668369133
1218,2.5541098448110064,592.9515913056459,-2025.5091893214392
1219,2.5562002600365847,594.0574784352344,-2031.1488474381079
1220,2.558305455724291,599.6371099605518,-2051.592940536473
1221,2.5604026511470312,597.1804363565137,-2042.4868686405018
1222,2.5624826414852553,602.3208869019282,-2060.8779681375236
1223,2.564574391949512,606.282073246015,-2076.928553383089
1224,2.5666808497683498,609.0470330558353,-2087.150192362382
1225,2.5687773451615423,611.0322584563489,-2095.1179889787018
1226,2.5708608935170316,616.6893063624416,-2114.8276289418736
1227,2.5729575952355885,616.3795117945647,-2116.5462894829134
1228,2.575060651513359,619.2783618722734,-2128.844546040102
1229,2.577148431575012,619.9275615158864,-2128.4966000216637
1230,2.5792346077561192,625.0480998075261,-2147.8720397594957
1231,2.5813352493894732,624.6658775051326,-2148.552343696115
1232,2.5834369526956515,629.1319918263152,-2163.8778234342126
1233,2.5855218346006232,627.2795865670519,-2158.1076911207133
1234,2.587610713900489,631.3080625134658,-2172.830382989014
1235,2.5897186990593415,635.9390735715904,-2189.578284128199
1236,2.5918181690667126,638.4575491916884,-2200.261213771222
1237,2.5938985009385314,643.1687421797203,-2216.893854478816
1238,2.5959901966325076,644.9937082832337,-2223.6590835815623
1239,2.5980970827886534,648.0363298750036,-2234.8080126040095
1240,2.6001911974764487,649.9632072079606,-2242.8157161891527
1241,2.6022734575046016,654.9595184917748,-2260.0806269632512
1242,2.604374761438423,656.7258650251249,-2267.542909089905
1243,2.606480077670044,656.554464544537,-2266.513300529441
1244,2.6085618800169397,665.3299420721135,-2298.519508436283
1245,2.610646200048581,669.1167450252294,-2311.6812881027545
1246,2.6127580952497533,675.5733711664984,-2335.574156747121
1247,2.6148609257992828,671.6679829238252,-2322.5630631910426
1248,2.616933454172155,680.8556055983706,-2355.3062062978306
1249,2.619020659870304,682.7547710362775,-2362.490248019144
1250,2.6211346279669097,687.818413534759,-2382.6531619987218
1251,2.623236503452788,692.3540414106941,-2398.5072109158386
1252,2.6253090562225565,693.8532775805226,-2404.9707115919437
1253,2.6274000701334055,696.0621749777687,-2411.370058959915
1254,2.629513118467727,699.4500620010051,-2422.8254908655076
1255,2.631604301330356,705.1766603125477,-2444.805050029238
1256,2.633685254021577,706.6902481518122,-2450.4819130842466
1257,2.6357889797673804,709.2511021673218,-2460.9673265335387
1258,2.637895874321367,718.272833857914,-2492.305594181321
1259,2.6399747081141895,712.6047847180392,-2473.277018951794
1260,2.6420591747927733,726.2734107984945,-2521.8616934645715
1261,2.6441764666284318,725.1514651380543,-2518.338209859099
1262,2.6462775406423154,735.3985120959655,-2554.3698097857623
1263,2.6483402943393326,734.468493021139,-2550.145930399435
1264,2.650428729148096,736.7324929896146,-2560.7712512770004
1265,2.652562718674548,747.3476467042057,-2597.264633714131
1266,2.654664088292312,747.3410333863058,-2599.036458739868
1267,2.656712651557163,754.9193537321723,-2624.477899561631
1268,2.6588106765908748,756.3809542953153,-2631.2514979281536
1269,2.6609452450324915,769.6883123626187,-2676.315661197239
1270,2.663032290426174,769.9974833901077,-2680.081452573107
1271,2.6650914877184944,773.7170658878227,-2693.3926415973124
1272,2.6671986225603375,773.2025128820765,-2691.813822120854
1273,2.6693218160411916,784.6404502868504,-2733.1513635726806
1274,2.6714003686163363,786.6600237621452,-2739.745481180212
1275,2.673473653710363,795.0323101025539,-2769.41154736334
1276,2.675588689124729,787.4406285588358,-2744.389100406286
1277,2.6776964003773744,804.5934957171546,-2803.9422316376385
1278,2.6797534796790945,810.6279377132615,-2824.246238083739
1279,2.681845016836506,809.7110542494863,-2823.3299450229156
1280,2.6839785543392702,815.0071270487358,-2840.374134219121
1281,2.6860638705482365,826.0563672181205,-2881.10177743678
1282,2.688115580192901,837.5579665127663,-2920.8743894264458
1283,2.6902421071216107,825.6313305609642,-2879.6194906121978
1284,2.6923784453538007,842.8923685919563,-2940.3412416992173
1285,2.6944235266222867,842.8425983329071,-2940.894140752206
1286,2.6964818302236213,853.4120244379908,-2978.8019736851415
1287,2.698646249049189,867.171391959509,-3027.2094187634434
1288,2.7007725953070936,861.4378648022004,-3008.011867999025
1289,2.7027692368507834,875.375937196312,-3056.0920269985436
1290,2.7048443440936585,871.5598260817167,-3043.5902519180972
1291,2.7070515904059915,892.040083133731,-3114.523934462908
1292,2.7091632832728005,885.6140581674125,-3092.025570504147
1293,2.7110832098570423,894.7857875585162,-3124.150512626512
1294,2.713194248534394,916.7959697558242,-3203.4731824988917
1295,2.7154564422347596,917.2152323533495,-3203.8887897144295
1296,2.7175455830902693,923.7906024326724,-3229.124395327139
1297,2.7194409477796717,922.5713091091504,-3223.571986321773
1298,2.72159410281056,928.3923011262799,-3245.573657924193
1299,2.723868494276683,925.5783928008934,-3233.873381221581
1300,2.725905473691433,929.6769114069322,-3249.432280688721
1301,2.7277938720843573,936.765368995273,-3274.593418625075
1302,2.730005424734083,941.4468419192168,-3290.9154269442593
1303,2.7322910595910366,953.734639739217,-3335.826930144683
1304,2.7342323934891035,965.3788578294848,-3375.9576043128213
1305,2.7361123669415965,989.017855598831,-3457.8215187542496
1306,2.73841292247591,999.5853886365478,-3494.4193236036
1307,2.7407262152838343,1007.3416551571737,-3521.9255224206045
1308,2.7424923562337074,1008.2094104813931,-3526.6811346197705
1309,2.7444202272828333,987.1256080117354,-3452.28414121303
1310,2.7468188489948773,1015.1865427495071,-3551.4737035591597
1311,2.7491571251284848,1034.334698147576,-3618.191524581961
1312,2.7509012180135843,1010.2950175407226,-3532.9809906069895
1313,2.7528220566885997,1049.1274427634196,-3668.792549023436
1314,2.7552245852341666,1066.3436839692117,-3731.813732453894
1315,2.7575799064734774,1067.0085346431629,-3732.6407581185263
1316,2.7593246433872425,1069.275064046565,-3741.0431752982413
1317,2.761234187120032,1109.3869542317623,-3883.2134876059267
1318,2.7636390504715083,1059.9662735383877,-3709.550222978674
1319,2.765948826576436,1046.4544059273146,-3662.796863503059
1320,2.7676191435751902,1143.9903106146676,-4005.916394467922
1321,2.769651838220211,1128.5200333524524,-3949.675150667655
1322,2.772055945845228,1134.40340473489,-3970.189280890356
1323,2.7739175955497957,1182.6682107942736,-4139.5373261026225
1324,2.775657495525559,1159.0922019756586,-4055.585386354311
1325,2.7780509401576134,1130.5217353249634,-3955.793870567473
1326,2.7804282678176238,1132.5236972017663,-3964.634218717519
1327,2.7823699672164355,1043.753415799179,-3653.4623890352423
1328,2.7838806433920418,1024.2836056985368,-3584.9340134996282
1329,2.7859958234637583,977.8910726131041,-3422.618754145864
