,k,Pk0,Pk2
0,0.0029665470748989845,195336.9329775769,-8236.779731968034
1,0.005026374055021859,192569.65823393018,-1080.053268700368
2,0.007149300621522788,270076.6707626874,-11732.184149334595
3,0.009278869254964255,267677.60749385,150166.43144050374
4,0.011450332619344701,261499.32651082968,-52809.98146775258
5,0.013492955871419151,235812.80233848983,35192.52484697832
6,0.01558905561191893,216803.48366061837,2662.8226620759765
7,0.017694083672553172,173730.25357550764,9638.950551041167
8,0.019817874803135297,151728.7347862749,23185.119666980074
9,0.02192074938196264,121888.36998808454,27861.855979984313
10,0.02398877635566245,107919.68863752452,-149.99894497590026
11,0.026092869718961156,90109.31197977111,-2604.2236754003147
12,0.028234663152781798,71913.682539277,14677.50307396822
13,0.03032284873509123,58956.37039262379,-723.9089443947868
14,0.03240263258943404,51088.07335960975,564.3459559471823
15,0.03449210129864554,40490.78883680856,-4038.909250412182
16,0.03658588147515197,34819.2914711172,-729.2598466471078
17,0.038684769492669774,29861.544886908785,-836.6466992182195
18,0.040788988884582836,26416.60313102239,-464.94313651469423
19,0.04289390876967646,22575.50267430897,-1182.055289467959
20,0.04498336005546935,20780.973206385028,1084.189882105233
21,0.047064985294738244,20062.68699410929,-1988.936156815375
22,0.04917111919158227,19240.03978828553,-655.8667857878459
23,0.051262169141742274,19366.47371790408,513.1668416041172
24,0.05335525146837034,19245.72605113333,-876.7739996997054
25,0.05546637228956934,19436.507379184302,892.5230761277819
26,0.057573188192548086,19555.966325847425,-629.9187314696794
27,0.05965884044590281,20379.59346395402,426.289287257151
28,0.061745123021595065,20853.016502098017,-229.73584796915802
29,0.0638268929113719,20020.916521575426,207.1060552492172
30,0.06592966228838451,19935.90028606391,58.01227709472146
31,0.06803125784825748,19947.025587691063,941.9700092845601
32,0.07013131008699486,19579.091627254304,-270.5446381334587
33,0.07223032366074338,18728.480938333312,57.02136524895987
34,0.07432334270720506,17815.512074783786,-14.538906612785421
35,0.07642066756954473,17228.38620502381,-591.8387007081908
36,0.07850471694556041,15863.785356053137,1194.532195679523
37,0.08059701946059529,14713.344786364081,-384.24871625071546
38,0.08269521798132064,13565.921371237713,1.4595072236719024
39,0.08478307522909848,12628.155442960066,287.6406993366062
40,0.08687780839616016,11686.453387501717,-231.8719153006504
41,0.08897524569656534,10728.068214818984,-279.6011269324404
42,0.09108077810470518,9716.704263530464,799.3600605206823
43,0.09318432266948053,9379.655857824364,13.744663756232114
44,0.0952788764104831,8663.339479490676,-131.55869210289958
45,0.09736254237981037,8233.000667860704,294.01868110238553
46,0.09944832814799408,7802.349392319758,130.88870862852235
47,0.1015460879802399,7615.836460212897,-24.717617232928387
48,0.10364263756677322,7340.642832827674,-263.90522411425223
49,0.10573893905394659,7091.365660423885,94.17360359071817
50,0.10783958559814742,6990.537990733917,100.42045094097396
51,0.10993894058501318,6790.53588589233,170.23636899734186
52,0.11203921431523854,6731.750913777499,-18.297359972816636
53,0.11412334585697578,6609.249148612894,60.2860531216422
54,0.1162159397555423,6597.013382789641,200.17250945691075
55,0.11831372048037725,6615.54310314508,89.34845364326807
56,0.12039723118070132,6533.325612945006,285.9507716763501
57,0.12249223631878574,6452.24051914529,-106.72403897480486
58,0.12458825984258635,6427.19678670131,150.1607288471311
59,0.12668846771583772,6329.93546825461,-79.05207801787928
60,0.1287846620419941,6167.36325779124,-139.0463634098177
61,0.13087133937881498,6069.945007427803,88.18878530402608
62,0.13297548334406448,5958.858983949473,165.20574188295438
63,0.13506910815256093,5772.339432963274,123.50984632889167
64,0.13716388258568254,5714.899469377212,-18.887158994467413
65,0.13926047573721634,5506.086542456526,229.37457239228686
66,0.14134668829083769,5369.086560636843,26.84479712988793
67,0.1434475230090064,5132.059169430122,96.95864956524528
68,0.14554528534185418,5001.045547768253,20.793121138409532
69,0.14763320610735878,4824.437839567951,90.72976627325072
70,0.14972114728432864,4772.345783724639,17.30809436200878
71,0.15181380487515775,4601.226700765341,81.4368135384721
72,0.15392114901003526,4518.570926271677,166.4886084703298
73,0.15602147473412367,4396.54234455651,75.3686815940919
74,0.15811617475881218,4298.972948712982,64.59570063361765
75,0.16021187122717997,4162.988606456644,48.840944762965876
76,0.1623006419462899,4079.608153697214,-34.65579103077231
77,0.1643899033199985,3969.6578532952053,-43.94546126791048
78,0.16648355823815117,3938.941397540045,-36.512026202847814
79,0.16857196837784735,3880.6098477820046,2.319822286942751
80,0.17066413320893647,3769.309105162313,148.53822466071426
81,0.17277086992561352,3728.137030014009,214.858434087851
82,0.17486965460096995,3701.5487546724044,78.80031942976468
83,0.17695857694944453,3617.683084903724,67.17846667837749
84,0.17905245093155753,3601.2206818784566,-22.07598027970943
85,0.18115265212612636,3549.871810152212,69.80813660873297
86,0.1832476884130739,3476.670091252461,47.37810969403153
87,0.1853312475833926,3412.8443658711776,119.54588374608582
88,0.1874284892203219,3386.933409349767,69.81502353985289
89,0.1895337179075755,3310.7573220745767,55.683968622162254
90,0.1916268196474026,3305.819649462918,3.855699794030985
91,0.1937183403446853,3212.8864254576233,90.81428710570673
92,0.1958131498886989,3187.325338434119,64.08916562047139
93,0.19790587400989662,3135.119422818802,72.31322501154376
94,0.19999906515978938,3092.938253564205,86.1681594591917
95,0.2020893038374759,3048.57610064756,26.87188241038244
96,0.2041823192148178,2982.753055606597,47.2500011661852
97,0.2062825911013838,2945.338982339832,71.1219660222922
98,0.20837701891459662,2917.9690928237374,114.53543062034468
99,0.21046758167944032,2866.156798845821,32.99969092042934
100,0.21256678542440183,2816.7771402476383,49.151859639966126
101,0.2146619261104852,2806.9579768254453,50.88046158633153
102,0.21675618057220372,2753.0422645378426,106.03399015153921
103,0.2188528705899679,2718.878259614085,-65.24405875538478
104,0.22094564274530842,2671.042389696824,32.99096004187267
105,0.2230395148320731,2649.490130947084,42.515262745655775
106,0.22513567328585352,2599.6440620618037,66.3842350138752
107,0.22722785048644015,2584.180322840814,47.494349446381975
108,0.22931975112872324,2548.126198317994,80.6607472038331
109,0.23141147723465103,2515.4465945719944,24.077499550257524
110,0.23350584674782457,2498.9189119630687,75.11155642909921
111,0.23560416522029054,2465.3517461870765,49.61872683515023
112,0.2377006336558307,2435.0417147773474,50.459831743636514
113,0.23979727503904752,2413.657876676846,8.407759200060553
114,0.2418944602532704,2377.2153831475794,72.61685337569165
115,0.2439884227569783,2360.0258700526797,10.15879396638847
116,0.24608359968283072,2327.319099348524,59.721296602691424
117,0.24817552807053123,2296.3132068300547,35.360413437074556
118,0.25026237006475704,2272.045480980516,48.50400119648856
119,0.25235861551053484,2242.548283174162,7.749047225196665
120,0.25445470778669854,2215.7328900772645,60.112611658178594
121,0.2565487653287422,2209.741706852788,30.27112160148078
122,0.2586464955058471,2196.8725880016796,50.4487920020316
123,0.2607443047329862,2153.609687550038,85.04139840359638
124,0.26284383121734134,2146.5680501058514,63.25123671743858
125,0.264929885565984,2116.2328426928048,59.65148331585415
126,0.2670163698864118,2087.4982675663405,56.43466764826795
127,0.269112135390912,2075.919406189107,23.429150632263994
128,0.27120764961246213,2051.2913639065664,52.25176495875449
129,0.27330509996536784,2029.4552223623102,40.30349316403031
130,0.27539842121309294,2021.1445713908445,20.895548280838582
131,0.27749656900268016,1998.4152881208004,54.94189412167821
132,0.27959864364035925,1979.5785233357412,36.29692463043855
133,0.2816878213234348,1959.4891455415575,22.326324654368975
134,0.28377609558542155,1939.0488794570103,20.39550205374524
135,0.2858732754634003,1918.1871290596857,49.03099654893531
136,0.28796861590208045,1906.1441465061582,38.39321446879523
137,0.2900612915162532,1877.896257402792,16.70496962018016
138,0.2921547032025089,1862.8872503827297,38.36773552447328
139,0.2942501291133245,1848.6815823167997,68.01599162911961
140,0.2963444256131289,1842.3076923111437,30.696963372925584
141,0.2984361415704375,1822.5335248313481,38.29715767090818
142,0.3005318840555698,1808.643606281008,-0.7232912837755323
143,0.30262777760316095,1790.2975813837497,45.853090660762966
144,0.3047248035439954,1785.111523390975,16.170156185032003
145,0.3068210272572538,1760.180295379067,43.7855943555835
146,0.3089144805088237,1749.7152859056823,49.26804856727787
147,0.31101080657849756,1728.6036145621283,35.73560739171178
148,0.31310885951912926,1713.385799384046,59.859077833798146
149,0.3151991603466065,1701.9493722871846,34.65595213342291
150,0.317288667284839,1690.0621605066685,50.39531761471593
151,0.31938044185106124,1683.1174951609794,39.24530041147459
152,0.3214783648369702,1665.862026837327,41.62803462224886
153,0.3235785211189416,1651.8225758273318,43.79017607488433
154,0.32566935894833426,1644.0743849174746,32.79955731571029
155,0.32776077751211374,1631.0824782173095,42.9685808506706
156,0.3298523230655558,1610.0501930555797,41.705730317201954
157,0.3319485433973702,1605.5537353554846,56.50359532643927
158,0.33404540358127904,1591.7245659438972,48.0732037193844
159,0.33613494177837844,1577.0546592275377,26.108989917626662
160,0.3382313832787478,1566.4657867860249,45.17731528698609
161,0.3403308518124324,1554.3028594105397,40.149922836292376
162,0.3424246601457981,1547.8325296674857,48.05617010585166
163,0.3445197272986724,1537.8544163230624,29.930200767256814
164,0.3466158524641983,1523.9533854119784,33.65366061457708
165,0.3487089916477683,1513.0927760390693,38.94166066474367
166,0.35080114560367615,1508.6841374984544,34.084610449354734
167,0.35289356821720286,1497.7484408247994,47.33510882797214
168,0.3549881110219297,1482.1494218207506,35.89153385827258
169,0.35708559248027844,1474.0246894452553,42.459459164501595
170,0.3591813496003593,1459.9148247055302,25.556967268227112
171,0.3612749400626811,1455.810348996004,22.50365610849581
172,0.3633693413142722,1441.8483829603056,45.36695272213454
173,0.3654632219855477,1433.511359626145,59.31001248620301
174,0.3675603773529471,1427.2832197072623,4.414248802192354
175,0.36965434919829326,1413.8610337430514,24.307670634961042
176,0.3717418094879197,1406.0495735091472,22.714933066060592
177,0.37383404253825586,1401.7252861848558,51.40222356851095
178,0.3759308579415973,1385.8034750787738,51.20992033830332
179,0.37802985088946095,1378.1382877248795,45.600389711883835
180,0.3801213498834686,1372.3609932640784,41.63717573088092
181,0.38221306010699313,1359.0312966018341,34.32906037969358
182,0.3843141376638833,1357.484561150824,29.454463105205715
183,0.3864096355836929,1343.7575859378703,36.85504296402101
184,0.388502907295756,1337.8191848568229,34.610264143353206
185,0.39059769208540335,1333.1477658045865,30.605388439131776
186,0.3926958121232196,1324.302616197989,25.543133819600257
187,0.39478921808384226,1311.8440633963703,28.581648681824632
188,0.39687821409975554,1308.1891617171984,29.708736796968083
189,0.39897073627813356,1296.308210040366,35.146428310331
190,0.401067192451382,1291.5692295710421,27.97081214069645
191,0.40316228148056854,1289.3018537848034,43.165616896229004
192,0.4052546340249366,1274.6813642167149,46.522487525948314
193,0.4073499183903822,1270.721800790961,45.90419175045146
194,0.4094468722071623,1262.9643524925048,40.247479224863525
195,0.41154432885897757,1255.757839107595,21.826960015873304
196,0.41363408239228544,1253.094418556893,47.02841937819525
197,0.41572494638156243,1245.1917092679419,38.628421423238535
198,0.41782181997781404,1237.4700986017808,49.330477519868914
199,0.4199166506307261,1229.3445556549555,38.018547871969986
200,0.4220107143757513,1221.0798388483986,36.26963020144378
201,0.42410542949066876,1215.5712478244054,19.637066994624032
202,0.4262013850195404,1207.8745680365596,39.6242308806248
203,0.4282955296445312,1203.1252333690204,53.31334907117128
204,0.430391806688861,1197.8539195528863,33.111779577458364
205,0.432488575457924,1189.6717656830244,30.937529842653777
206,0.4345806090039814,1184.2736958280743,28.494537898628106
207,0.43667244097425384,1179.740186116664,41.62805125638631
208,0.4387671492209622,1173.7090207522228,36.73882646600414
209,0.4408622534544343,1168.7511780965883,35.10549792257154
210,0.44295516415095815,1162.9239577653407,40.734514250372754
211,0.4450482683181851,1156.6145325898876,42.57386244319327
212,0.44714683875742495,1149.854695519452,17.544197495628325
213,0.44924362280569813,1145.9481630836337,41.616343245548485
214,0.4513338633316258,1140.6054278963663,28.10066365759044
215,0.45342753643259276,1137.5812372631283,30.983810951622843
216,0.45552189548586586,1132.2841131165537,40.288520394098306
217,0.45761716616081083,1127.9226781667605,33.06692252224031
218,0.4597117909764672,1120.6487976730741,36.83731558836509
219,0.4618031890496857,1114.2027873641239,30.09387018557434
220,0.4638995470730997,1107.0590386855872,36.962083910780926
221,0.4659948171464902,1101.3355247356783,36.532164928284274
222,0.46808929446972725,1097.7795658195005,26.80578991838942
223,0.47018492649495636,1089.8482985178903,38.142428806003636
224,0.4722792778491551,1089.2041429548485,39.37924087856906
225,0.47437272572904565,1081.0474442719549,32.1087229724612
226,0.47646593372141327,1077.8237913381713,38.23888097058123
227,0.47856230727426236,1071.20327173126,39.91325685984533
228,0.48065904058976644,1069.8996866307618,33.012004862998076
229,0.4827512226177774,1064.8865220411703,36.796077441527245
230,0.4848441163240575,1061.9072311142356,38.98271815372364
231,0.4869397730506266,1057.1228789957893,38.59106060828862
232,0.48903678813400875,1048.4059964658961,34.418143326962635
233,0.49113096964965397,1045.8178438797565,38.116081432033845
234,0.49322332174786626,1041.1771987750474,36.76792888073288
235,0.4953187148676145,1036.2854526172957,37.39696896963389
236,0.49741120358770496,1035.0955519166428,42.27227930945497
237,0.49950082345999325,1026.429558698908,38.56387148412144
238,0.5015952506837275,1023.7128988704909,33.03734496791975
239,0.5036919972981919,1022.3468822064295,35.3176831817624
240,0.5057872116617207,1013.1576770071628,40.36446880492346
241,0.5078828569897101,1012.3793861029304,33.46705704317222
242,0.5099793452386306,1007.1341631370423,30.85836509082876
243,0.5120767256379639,1003.2455221303883,29.899376360985944
244,0.5141702395931294,1002.4982526807175,36.732217562261376
245,0.51626132102766,994.8529068656533,39.65289319161155
246,0.5183576899265504,992.7658842197758,34.810077140883394
247,0.5204524416424112,986.006376621757,39.87803476726836
248,0.5225430403510469,982.73701992241,42.376084819513224
249,0.5246378991347941,981.0787818791958,38.23298340413073
250,0.5267345150769579,977.7879100315236,33.189203208560784
251,0.5288284644781793,974.7481788668696,42.26191331410754
252,0.5309200047543352,968.5764680814686,31.461891004202172
253,0.5330154787982235,966.2405404048544,38.815919411940435
254,0.5351140455458262,963.9143513138766,37.02393645964004
255,0.5372066203065362,958.9684056127003,43.64246061067299
256,0.5392991990272246,956.0778798839484,37.347047904249294
257,0.5413944118270408,950.8796138422148,32.67858801334777
258,0.5434881995106379,947.3549196403881,41.44432083208421
259,0.5455829952492127,945.2180074377999,44.41522892871947
260,0.5476769745662954,945.9055885205628,40.7009105101745
261,0.5497697255495043,938.2606165277243,48.00428605446067
262,0.5518645446467839,935.1002467478684,34.472793077105294
263,0.5539598571350287,931.934487163282,44.23172494576753
264,0.5560564538950566,927.1060240617577,41.19358949134862
265,0.5581500505101624,926.2630038023027,40.95000861235955
266,0.5602409063261653,922.1771889627619,45.498313046351846
267,0.5623379637803174,920.9923673046776,44.08236843025412
268,0.5644363283026402,915.6757149624975,41.15048572168748
269,0.5665273824761494,913.7910180932826,45.01479743180288
270,0.568621249018378,910.4664421836445,48.548110627507256
271,0.5707181447612965,906.7306642235263,44.699647376325956
272,0.5728127938597997,904.525222705888,40.44629991000457
273,0.5749070881546879,902.5089713354796,50.14981216982631
274,0.5769991470923068,898.6801874760558,49.474010840398094
275,0.5790956911760897,895.649343226562,43.26759044886937
276,0.5811893306261757,894.6419352795249,44.810950579747605
277,0.5832802267374103,890.3898255756984,46.59351557715886
278,0.5853761830306536,887.1020135874935,54.05233306790331
279,0.5874711784415975,885.127834422865,48.56014055149844
280,0.5895653958899879,880.9208346922082,45.801035569170374
281,0.591659786459685,879.7915270622661,58.001553415089674
282,0.5937551851921442,878.4365778109693,48.47868094169226
283,0.5958498092767481,873.8526867242232,53.52584164364034
284,0.5979447066705442,871.5858550275611,56.112819438056235
285,0.6000383505174957,870.7142553344254,58.96843180945939
286,0.6021313016181767,867.7611654260735,57.477397224229826
287,0.6042246965556944,864.4012145693489,58.53346183300926
288,0.6063189733697846,864.191712169146,61.40327934873846
289,0.6084147213727373,861.7156549141387,60.6182050950636
290,0.6105090855473989,860.5664881121921,58.125468906492266
291,0.6126037649785722,854.0298605929194,66.13684739896611
292,0.6147002391370655,853.9985077181907,63.79666379736876
293,0.616794938930829,849.8860624661775,56.24928259177594
294,0.6188886865784012,848.4171160158553,62.00961469533629
295,0.6209825762252046,845.0531589435667,74.84915552778197
296,0.6230764414889526,843.4600559069147,68.75537149048985
297,0.6251725389343245,841.3788720201416,68.8370560473271
298,0.627266923011265,840.3215328481197,64.644781695901
299,0.6293596211388142,836.886694469706,70.18499272933364
300,0.6314513250607457,836.3498944440724,74.55744902384428
301,0.6335475720513941,833.5331400440723,68.12891353290267
302,0.6356444982495617,833.519450761554,73.90981951214354
303,0.6377358562255245,831.5555804432796,73.10067879703328
304,0.6398302949107263,828.9125190510152,76.62776281763158
305,0.6419256185614247,827.2827397895826,77.8558551294511
306,0.6440214843206593,824.4541494205213,76.15777577206325
307,0.6461142033434962,823.6120044243937,80.63130075887402
308,0.6482061138478032,821.749144344326,75.29918724937603
309,0.6503020867345045,817.9487521256509,81.27457311075008
310,0.652398185537932,818.7179059837703,81.20299804063296
311,0.6544932048530038,816.5695241334081,86.28754260810433
312,0.6565867871776386,815.9489126298329,92.01268012195561
313,0.6586827890115348,814.4799771891792,84.02098699823385
314,0.6607793300725506,812.2696194258041,90.8828811572994
315,0.6628724964198541,810.4175833398285,92.35703795850887
316,0.6649654402217313,808.779716652928,92.98234328934099
317,0.667059865407609,807.8043008830041,96.89830934531722
318,0.6691532523078332,806.1184151504002,98.15093094152327
319,0.6712457992597233,805.1634573844345,99.4947447562256
320,0.6733390782258323,803.2906178724846,100.50730301657322
321,0.6754367503383576,801.9086229155931,104.77496932077074
322,0.6775335143160066,803.2530716586853,113.73685043487725
323,0.679624621064033,798.963290055417,104.40388441724654
324,0.6817180292738917,797.9634935780175,107.66268586858428
325,0.6838149015047629,798.1748825847236,110.3004055857502
326,0.6859101434268815,797.7619903822737,111.1669467378859
327,0.6880046468184081,796.611385107872,114.46491326139287
328,0.6900999637264865,794.6985842918077,118.38685602315543
329,0.6921965733216279,794.8866299261717,118.12775226640748
330,0.6942884945981568,792.6725253887988,120.96279620789898
331,0.6963781649531228,792.1801623152118,125.60791650586663
332,0.6984747371200234,789.9674650630229,126.39469272323785
333,0.7005690388882679,791.7998847439561,124.78420442204329
334,0.7026621579778546,789.9962558321929,130.40396839440197
335,0.704757268847954,789.0088520686306,136.06084567156776
336,0.7068509057629639,787.6317672143798,128.26669930536738
337,0.708945644402387,788.4386907318234,139.3548044906362
338,0.7110406815970572,787.4905890631496,145.98414248772085
339,0.7131372373036142,786.6520818399687,145.51976068114317
340,0.7152323589250973,785.9900025067509,149.76163260165413
341,0.7173245162021571,784.8747096731704,155.25506238793034
342,0.7194199711852413,784.3126473339744,153.7776089150884
343,0.7215151322330351,785.0995754610093,159.69641465959253
344,0.7236102334592447,785.3648492624058,156.35701931595696
345,0.7257047129497166,783.4809530899284,164.68704624033785
346,0.7277958825256088,784.8197113322575,165.45485562135235
347,0.7298900912292255,783.4642409641108,171.80064978841227
348,0.7319867159780691,784.9565799205268,177.86522042770937
349,0.7340808521059053,784.0022253359898,179.0360365827589
350,0.7361738853270124,783.4572782940002,181.23092527511048
351,0.7382682123604443,784.6188740775626,189.11292516283638
352,0.7403641944498084,784.4125723220947,194.56379624213287
353,0.7424576311971561,786.3950700251422,198.0552259124025
354,0.7445523870480827,785.7397521435672,191.17868339661104
355,0.7466478284648128,784.3961118287211,201.0821273762527
356,0.7487413917548734,786.0601441506635,206.38585639989392
357,0.7508354594737505,784.8394354420817,218.27644472355843
358,0.7529278056847568,786.5503480181019,214.7348842216067
359,0.7550230257904859,786.8742262599575,218.28381981213514
360,0.7571167923480437,787.0873098665209,226.7447847868191
361,0.7592113317151179,788.7114777580305,232.40531541019504
362,0.7613074731933067,787.2279443762003,231.6850231954254
363,0.7634009581307508,789.7312688354164,239.43234958676365
364,0.7654969266569684,790.5419892935589,247.87274578919735
365,0.7675905899780763,791.4708672039802,253.89533031201728
366,0.7696837880547684,792.1943520635548,261.3191835519377
367,0.7717795008463626,793.1060604401933,259.29542781253474
368,0.7738757788346248,794.5801131650668,269.10657885075915
369,0.7759706260990727,795.4625521883537,275.23982860577206
370,0.7780620795267656,797.2940284844206,282.9177929777349
371,0.7801559906208961,798.9635868615647,282.150609069867
372,0.7822523136569128,800.7325716006791,293.19825112397467
373,0.7843481481853999,802.177406450356,297.8945943985454
374,0.7864425511046899,803.7722620938437,307.26416477050645
375,0.7885343495966205,802.4059505975517,315.0736735578482
376,0.7906286372458883,806.8790394469823,321.9893027044171
377,0.7927244345313397,808.1477904782697,329.70923296627706
378,0.794818005513127,811.4564365652778,332.74512833569946
379,0.7969121491149282,812.1988532843649,339.1755287372118
380,0.7990047112993173,812.0112301266225,340.42426138329284
381,0.8010984966914405,817.3169996850978,356.8792682709646
382,0.8031950165575023,818.6235115754787,370.7127453779174
383,0.80529055904954,818.9280679641104,347.0364437106843
384,0.8073868607794276,816.8737292167244,306.37384725372704
385,0.8094799923089985,815.5757143627422,263.88818297407335
386,0.8115723232550889,816.0909611168331,227.90235212145595
387,0.8136672975922271,814.692402819762,190.09734192159766
388,0.8157631100610689,811.4541610376546,153.09880296591606
389,0.8178569790142735,810.4828638678941,117.45051766538612
390,0.8199506303068442,809.0796504261211,76.68256868458363
391,0.8220462665916841,808.9851633357137,38.862427031691
392,0.8241405937791958,808.6661007300482,11.029586945365685
393,0.8262325853224312,805.5415027937147,-29.435621097732138
394,0.8283265675885274,804.8961843081656,-56.110177431219576
395,0.8304231027322762,804.0842528251669,-96.20551253449378
396,0.832516312308734,802.4211288540778,-120.31136739851014
397,0.8346104967180491,803.557470893082,-153.95251051648904
398,0.8367055646585567,800.9656396322156,-188.3467390234983
399,0.8387997810841866,800.2057335133823,-214.75637428208736
400,0.8408959249120883,798.4681891734398,-243.85412454495068
401,0.8429902851163829,797.4394463409913,-278.26671112715957
402,0.8450834013034724,796.6769419693771,-310.5858176971672
403,0.8471787052036875,797.2503909743656,-329.91158797700086
404,0.8492741754489669,795.5587012540667,-366.2495891177304
405,0.8513666186650054,793.327439412485,-390.8119849144514
406,0.8534586558453424,793.8447599874216,-414.49549309480915
407,0.8555555147205227,792.1442156407348,-443.7105962906836
408,0.8576510528712873,793.5807401034431,-464.14558154258776
409,0.8597438531231701,791.8119879417133,-494.30863197119913
410,0.8618396600787528,790.7904323378518,-510.44262736294553
411,0.8639352641137702,790.193771137163,-548.8611608073568
412,0.8660278348127696,789.442131860526,-565.3614397782169
413,0.8681190723532742,788.3563414730407,-589.1917404102757
414,0.8702145301226206,788.8905911219537,-611.8162639842191
415,0.8723097299260473,787.4766294604213,-636.7291501203781
416,0.8744009465527449,787.2205774497656,-654.3762235815333
417,0.8764962014565297,787.2859310032611,-683.7674876821416
418,0.8785921785819074,785.8729729102265,-703.2769695950865
419,0.8806862529738079,786.9098374666254,-723.819246428679
420,0.8827803474942315,786.1524615363165,-751.8023502081782
421,0.884876552415157,784.3075004749309,-767.4335423239668
422,0.8869727619955021,784.209603735827,-789.3490016728379
423,0.8890661549276524,785.2241923529782,-806.5200923131903
424,0.8911606435626759,783.7201756729736,-830.8422140661874
425,0.8932564177642083,781.1277312058619,-847.460265500637
426,0.8953515942364704,782.2370273205839,-864.0747348417652
427,0.8974449590572777,783.5914123968879,-884.3162048339784
428,0.8995380126042275,782.4365923545563,-909.0224128869272
429,0.9016308480731973,782.1236078819883,-921.4605887677999
430,0.9037248205752632,782.741855405789,-937.1313890881366
431,0.9058194398636225,781.2130914462848,-956.5489845409185
432,0.9079139093175219,781.7074958864397,-976.0704376618486
433,0.910011764746055,781.6925401121787,-993.913798006262
434,0.9121056647167038,781.5352319562079,-1010.7328584592906
435,0.9141967683902507,782.1040910033576,-1025.9723620227494
436,0.9162922424058753,781.1385985588588,-1044.0814787077022
437,0.9183868595164038,782.7607055089323,-1062.564307880015
438,0.9204815946523948,780.7854315219962,-1075.2012628956193
439,0.9225765682279964,782.658399147224,-1091.9890234962488
440,0.9246708776548578,781.9656565357361,-1112.267212935522
441,0.9267650233208798,782.2069425775699,-1122.2196132984616
442,0.9288581102404102,781.6590317338411,-1137.5008529722627
443,0.9309518934142385,783.2775138985093,-1157.0058077495162
444,0.9330469160925099,782.7285098164119,-1166.9391369957189
445,0.9351415764644654,780.3809967267933,-1181.8198486161098
446,0.9372369506587555,781.4493095035008,-1197.9186508128707
447,0.9393287530448476,783.0000144884868,-1216.1233540891146
448,0.9414229216419412,782.9694996012919,-1227.5476586191307
449,0.9435209341962445,785.0340627073124,-1245.3888444573618
450,0.9456148252799238,783.8380399097767,-1255.5832951587456
451,0.9477091255207061,783.1669738770979,-1269.7953769075568
452,0.9498037238864095,784.6726673048483,-1284.086500192055
453,0.9518981043411001,785.3225184632806,-1298.8696088242484
454,0.9539914706287521,784.9068312992259,-1314.9117407834283
455,0.9560859977890608,786.9590465714217,-1327.7580123858638
456,0.9581821096695351,786.2509746306521,-1336.106861553542
457,0.9602755737793266,787.5474071119487,-1348.0113428234802
458,0.9623691838562978,788.7327947577726,-1363.9736748453445
459,0.9644636726355348,790.1694370676386,-1376.6469514048322
460,0.9665572681340019,791.0555005155333,-1385.803137578886
461,0.9686506726657692,791.2316238769364,-1405.1503685364466
462,0.9707453651438224,791.0736373404126,-1415.914804184388
463,0.9728397447984573,793.1497132862231,-1430.6836516262708
464,0.9749341599912872,794.493565408301,-1442.1124692984001
465,0.9770309382258842,792.6741224496042,-1451.8570818837534
466,0.9791243621626365,793.7533314870462,-1466.2948353478641
467,0.9812186011668534,796.6261790467298,-1478.6420375658442
468,0.9833152549762485,794.3207782956665,-1482.626865362186
469,0.9854083366977224,798.4986322752402,-1503.8978363045353
470,0.9875013366256304,800.0550551313954,-1515.2507406823054
471,0.9895964031766183,801.4869141680781,-1532.7639337732815
472,0.9916911272506032,802.0281953548275,-1539.8561271600606
473,0.9937856031740195,802.492497667361,-1547.4797346223293
474,0.9958807301039379,803.8863001408222,-1562.3491288851033
475,0.9979746323874407,804.7185983864382,-1572.0903761950956
476,1.0000664008054638,807.8758316576348,-1588.0543254875247
477,1.0021595314674534,807.8573490839781,-1602.2096505174225
478,1.0042547648495364,811.8320266478067,-1611.0351353119077
479,1.006349085630113,812.9259871668745,-1626.9815434091875
480,1.0084443367657523,813.4981731468689,-1640.231251969657
481,1.0105398481990022,815.8177105423255,-1648.3431514473757
482,1.0126348213072522,817.8481228758757,-1663.8155951120555
483,1.0147293432188107,818.3067556553028,-1674.7531140673343
484,1.0168223222913106,820.7606525928062,-1689.3820258259734
485,1.0189181991118834,822.1090291174312,-1697.7274723102353
486,1.0210135889667047,823.2355717782535,-1708.259381701615
487,1.023105517395174,828.6882074588166,-1726.5954875869006
488,1.0251997072975425,830.0885340333331,-1741.7283537611252
489,1.0272950549324347,829.5652143662478,-1741.8230226048333
490,1.0293904044607038,832.3587183094763,-1758.2260909106105
491,1.0314847550764672,836.2121321084983,-1775.7234436702627
492,1.0335791521913305,838.643817474491,-1784.9566830366798
493,1.035674282724225,840.8147819410293,-1801.9523035032685
494,1.0377683744197583,842.6083130170737,-1803.2616724609572
495,1.0398611358062981,846.3730827207013,-1830.497920436359
496,1.0419559810580585,847.2719878508558,-1831.7639911543088
497,1.0440519355231435,851.006973222439,-1854.4964593221616
498,1.0461442665368221,854.3197439735669,-1873.7909201546977
499,1.048238151325366,856.7477708273349,-1879.0464385350028
500,1.0503312794335307,859.8981812307395,-1898.2021582008833
501,1.0524262698953144,862.6963659367315,-1908.6757894032742
502,1.0545208315883745,863.6644692418881,-1919.3825974607319
503,1.0566150350094698,869.1829596208628,-1937.4727603974904
504,1.058711440318921,871.9214687382893,-1951.9470345102766
505,1.060803734980524,872.9095398726835,-1966.7399225972688
506,1.0628970711462522,879.4521133027079,-1975.0357204158336
507,1.0649945592352892,880.317256272426,-1995.8460744584381
508,1.0670895920886003,884.302373885429,-2009.6574678225784
509,1.0691815189460832,886.1183231157388,-2020.8122865460336
510,1.0712752972137536,889.2574577047554,-2037.09164673418
511,1.073371173619778,895.3319893418154,-2059.9334327980605
512,1.0754657024825272,897.0939004089341,-2072.462190375576
513,1.077559391113827,903.3245681398482,-2090.241130500436
514,1.079654167044188,902.7759931327151,-2105.5247981130215
515,1.081749685406742,906.2837504134214,-2119.302497151801
516,1.0838429051818583,908.8326180432845,-2135.530682865362
517,1.0859346611894292,911.8083773747609,-2155.469378583827
518,1.0880274765489322,917.524059197555,-2167.461650521768
519,1.0901226378244568,920.4713892677827,-2186.0441026908697
520,1.092218906510469,924.5150664939994,-2212.765572399303
521,1.0943142405516277,929.4536141690074,-2226.3807553050633
522,1.0964083656069452,930.8406264473336,-2252.375786606683
523,1.098504575117021,934.1072191126898,-2256.1058799351163
524,1.100598880587325,938.8611596376234,-2292.481418149127
525,1.1026907648634887,938.7055130516183,-2294.90607150026
526,1.1047864761829782,943.4587773744396,-2322.9309224813655
527,1.1068805633882368,942.3585996722137,-2330.5779825246796
528,1.1089715885079452,948.682030007099,-2351.5837798617713
529,1.1110674731376504,948.6237863521209,-2377.650284968861
530,1.1131638031712348,953.4937246238275,-2388.588045607932
531,1.1152567400703868,957.509881150499,-2423.7435336851086
532,1.1173518797395834,958.0852774363091,-2442.300466031085
533,1.1194466841667583,957.9174259103048,-2463.3608269770184
534,1.1215386388653605,958.8653734266443,-2479.3904392649088
535,1.1236321502294464,963.9839576706555,-2493.940176525708
536,1.1257265608788465,963.4573136509596,-2528.891364690149
537,1.127823511019811,962.8592218211645,-2535.7160365807727
538,1.1299186917312898,958.938283208756,-2562.013892285621
539,1.1320102853860914,961.5044615727156,-2588.2417729723443
540,1.1341022265777971,959.3405485457864,-2603.4847024712226
541,1.136196488705377,957.6974986930135,-2632.2322936517717
542,1.1382919496812383,955.8801054578569,-2650.2714556204
543,1.1403848113573067,956.1060912592059,-2675.5465986292224
544,1.1424801205078854,954.4899629915002,-2686.633217545448
545,1.144579099546908,959.8322955404203,-2722.2658698123987
546,1.1466743733674984,957.6244016464912,-2738.0433041076744
547,1.1487627957344069,955.6165174015139,-2749.133554104699
548,1.1508586543248278,961.4402116253999,-2788.4698065551543
549,1.1529561980713183,957.8703779581042,-2791.3486997232
550,1.1550454984226184,961.8797381304003,-2815.282258369767
551,1.1571409429142046,961.2151579409281,-2831.1898095127017
552,1.159240859340017,966.6934706557397,-2866.518189065731
553,1.1613355832020602,968.1115499360934,-2881.2157776764207
554,1.163423871831942,967.087867481124,-2891.898612117663
555,1.1655188736812345,967.1496125435999,-2909.263107363913
556,1.1676174368768866,971.9901658194339,-2936.137852645019
557,1.1697080797153998,968.7254797911401,-2940.0787149325793
558,1.171800206369591,975.3688990654119,-2971.2101110705325
559,1.17389591489135,980.3303884240231,-2998.7707021934466
560,1.1759888523797297,978.0987535821682,-3003.52672819644
561,1.1780809947202961,982.6796543854235,-3032.264864425007
562,1.1801761196344618,985.1011278329363,-3051.8870679478437
563,1.1822736635654147,989.451954421865,-3080.463739302356
564,1.1843710306693693,989.5409092557906,-3082.4711724960034
565,1.1864625384002512,994.3841381175562,-3110.776660190012
566,1.1885545198904406,999.4415413613389,-3137.4561393401214
567,1.1906522613678343,995.2265561185808,-3138.856649671299
568,1.192750069492095,999.4843562971508,-3158.790933405302
569,1.1948381381583106,1006.7833878546064,-3193.356714375661
570,1.1969297222624806,1009.7903769734332,-3214.7720874494803
571,1.1990290164311135,1015.3666556373269,-3235.890998472587
572,1.2011243924560484,1019.9408915392302,-3265.027108892392
573,1.2032149592826593,1027.993285844469,-3297.6966332323136
574,1.2053132365828256,1022.1777330710479,-3290.9947366703323
575,1.20741576508926,1032.7960721046832,-3330.3567749412623
576,1.2095030565711475,1039.5848925681162,-3360.5914258256184
577,1.2115949657999687,1053.1854855138295,-3415.1599773306666
578,1.2136960046145377,1049.1445240029275,-3405.1010567417857
579,1.2157928316049589,1052.3089789976152,-3422.190138613729
580,1.21787984102748,1058.8838448594327,-3459.2317275710375
581,1.2199725120701903,1058.450677930139,-3465.3927657832164
582,1.2220773486348555,1070.7851651594297,-3514.847318664717
583,1.2241717280648772,1066.6322465547294,-3504.7323105489722
584,1.2262574809145717,1075.0077400448754,-3535.426556653725
585,1.22835205989159,1075.627065477181,-3549.2025082290143
586,1.2304511070315651,1084.3566297602304,-3584.2767924595905
587,1.2325439941641703,1090.2278982145967,-3606.4379091712444
588,1.2346327282165248,1093.161800358438,-3626.778403937712
589,1.2367296121231413,1106.5585548654622,-3685.139612050663
590,1.238832433751825,1119.8525888040272,-3728.825809246476
591,1.2409238541102623,1118.6691160121457,-3729.0950548694627
592,1.243012379245932,1126.8589466026033,-3771.927212150581
593,1.2451094606314712,1121.1991596076914,-3755.583030409781
594,1.2472066170026377,1133.5106622277171,-3796.060000852813
595,1.2492929515805862,1147.2121774028453,-3857.746667055633
596,1.2513843202334647,1149.1701028567297,-3863.1039362251613
597,1.2534920777891505,1153.072076693889,-3886.2015274248347
598,1.2555889180496558,1164.9795292522874,-3931.2461040285993
599,1.257667580798784,1188.6227345839939,-4017.129922108534
600,1.2597632986068967,1175.8623479502962,-3980.116132134134
601,1.2618709074503869,1190.3224542357837,-4037.895619583107
602,1.2639618917954016,1211.9215964862224,-4108.221430562991
603,1.2660463256389345,1225.264802839056,-4162.838211163441
604,1.268151380164154,1216.3357222186924,-4137.119360567164
605,1.2702573897615381,1227.9514336940729,-4184.432072583729
606,1.2723329096911193,1244.419084884333,-4240.767870952762
607,1.2744197010315288,1257.7051643857083,-4293.202852429081
608,1.2765327006010119,1253.0530988285968,-4280.461600052117
609,1.2786342467193723,1280.690077739539,-4379.091049728714
610,1.280707182799757,1279.7404775101986,-4382.268489152954
611,1.2827931530633179,1299.7792586030237,-4452.788267245596
612,1.2849085387747612,1308.091976964517,-4485.304027664854
613,1.287000364654089,1320.5560061414283,-4532.407182970207
614,1.2890781709908103,1329.8901588497663,-4572.923814695776
615,1.2911842108955598,1341.7630510450906,-4615.9010103529035
616,1.2932965864662813,1355.8358426766963,-4667.650034054147
617,1.2953774115066516,1372.884691994556,-4724.287506985601
618,1.2974494068131983,1390.4832691791855,-4788.285053973173
619,1.2995653278098822,1410.2709481884924,-4864.169301556951
620,1.3016791376111048,1409.6418300932064,-4862.804122191528
621,1.3037423234004764,1422.783557155411,-4912.423473044192
622,1.3058199114096363,1446.1403460665547,-5000.351921471115
623,1.3079467955462118,1451.5059967069076,-5020.926502080234
624,1.3100601882305882,1483.4005869291627,-5138.677002877303
625,1.312113308135768,1482.0753727439044,-5135.840777304234
626,1.3141962752176515,1481.7532701252107,-5137.816001972647
627,1.3163277077674513,1522.4431403364958,-5279.31307244056
628,1.3184175493918626,1536.7864520768514,-5332.078564950155
629,1.3204856618221223,1538.6316472278434,-5336.381747113584
630,1.3225968812824558,1584.7533388106012,-5507.389484356019
631,1.324712528812616,1574.0823682262214,-5469.854118391546
632,1.3267701241226586,1629.7481076953711,-5667.5584349677565
633,1.3288455369869492,1655.6115861726303,-5761.0688887927245
634,1.331007859279665,1649.9028727728153,-5743.125784239457
635,1.3331193077637633,1652.2855072867058,-5755.91790013316
636,1.335111114646517,1624.916745101501,-5664.411727845101
637,1.3372000138113185,1679.8103404666551,-5856.131290301008
638,1.3394207042773567,1762.6533840887446,-6143.069548698404
639,1.3415191831855293,1761.9728720247188,-6149.018800595953
640,1.343419658472025,1791.8474445895054,-6248.307070654991
641,1.3455475267642247,1783.2790957390757,-6222.4582096317
642,1.3478257671998863,1837.9624815149293,-6415.547642550448
643,1.349910545699746,1857.0412968320047,-6480.887199722298
644,1.3517701887420612,1863.3696790193155,-6507.793591176096
645,1.3539417100377606,1930.3353653264962,-6733.967062895253
646,1.3562514521124112,1948.7838252256875,-6813.96070180245
647,1.3583044750242828,2016.0244302278152,-7045.961790399884
648,1.3600937081391848,2101.748239696359,-7339.265633146062
649,1.362315666351114,2043.8963957273402,-7140.477430547126
650,1.3646739887244697,2130.6582325869103,-7453.700754690618
651,1.3666040349314283,2149.057836484903,-7510.673229432322
652,1.3683585203137423,2030.537820416844,-7102.469655391689
653,1.3706879171444677,2206.8641051134673,-7719.3671313706245
654,1.3730812726720756,2311.2873682627373,-8084.112929825381
655,1.3749143385354152,2247.084262015729,-7858.690477610242
656,1.376679031839902,2329.414549047886,-8153.62825602925
657,1.3790764132796052,2278.0552410865434,-7975.845898224838
658,1.3814727924700456,2495.6736059026625,-8725.479981837469
659,1.3833424067073374,2668.358035462231,-9329.258005954985
660,1.3850593718572481,2244.0158744213923,-7855.512479199347
661,1.387433769507078,2037.7400121893822,-7126.928219678975
662,1.3897620281243455,2790.7969177645555,-9769.263083566259
663,1.3917897627196847,2873.6967387208615,-10068.365915814404
664,1.3929979117318791,3678.999286167459,-12876.497501586105
