,k,Pk0,Pk2
0,0.0029665470748989845,41027.66967786081,19988.260879725978
1,0.005026374055021859,83925.89282904999,16280.019046651601
2,0.007149300621522788,110292.74342014916,-10463.013666146699
3,0.009278869254964255,100282.9620936402,-2356.5764067186824
4,0.011450332619344701,120555.93261517384,-5726.956279919917
5,0.013492955871419151,118907.3718152136,-11440.960178087922
6,0.01558905561191893,151614.80781207315,3872.219007859118
7,0.017694083672553172,152090.87995020885,-15247.038450077887
8,0.019817874803135297,147154.81962238383,-22915.690664439393
9,0.02192074938196264,159058.24187895368,-1439.641890199035
10,0.02398877635566245,144803.6565168548,-10099.602255695163
11,0.026092869718961156,144632.1984875189,-33255.82374194819
12,0.028234663152781798,138976.02952044853,8153.9344240416485
13,0.03032284873509123,128867.6398999917,-4439.548760855564
14,0.03240263258943404,138592.36906122763,2296.622200704015
15,0.03449210129864554,127898.16857750835,-2860.3854412405904
16,0.03658588147515197,117925.65922590013,-2820.8521632398847
17,0.038684769492669774,115551.6371307198,634.6531063996316
18,0.040788988884582836,115685.27188764051,-61.31251738033343
19,0.04289390876967646,109342.35908453904,-5545.947634869935
20,0.04498336005546935,107069.20219892163,18128.352862546308
21,0.047064985294738244,104202.33829933591,-2104.86651707907
22,0.04917111919158227,100808.00258282623,-440.30677649353987
23,0.051262169141742274,98350.71263823434,-11007.670489727
24,0.05335525146837034,93889.48798506,4977.222432510405
25,0.05546637228956934,94720.15249427925,-1543.2202312416498
26,0.057573188192548086,90098.84054556787,-3582.005726588778
27,0.05965884044590281,90954.24184578843,-2637.5174178297148
28,0.061745123021595065,89167.50319653761,-3226.93318586414
29,0.0638268929113719,89816.09640241654,2035.5994022105876
30,0.06592966228838451,86929.67715002778,-6691.199161205389
31,0.06803125784825748,85853.63219868651,-838.093439974553
32,0.07013131008699486,86110.08033207498,3468.2684968504855
33,0.07223032366074338,84093.5644779287,495.8348948033765
34,0.07432334270720506,83927.59457016009,-163.1872350443608
35,0.07642066756954473,81876.41673001839,-2776.8799519225045
36,0.07850471694556041,82687.26718640827,6447.519759648529
37,0.08059701946059529,80780.65614316735,-1057.8385691584149
38,0.08269521798132064,78862.85886526771,1499.6149996618317
39,0.08478307522909848,78620.12370731797,-3243.912837271891
40,0.08687780839616016,75674.19787887421,-952.0929858554755
41,0.08897524569656534,76545.21669752595,2090.6187921225533
42,0.09108077810470518,74077.12165899132,725.220893956224
43,0.09318432266948053,73015.21045556867,3088.8520407349524
44,0.0952788764104831,70719.12780581176,-1186.5341320009568
45,0.09736254237981037,68678.71632246712,679.9312059140607
46,0.09944832814799408,67731.9271343408,-1210.1634543208875
47,0.1015460879802399,66847.26338132877,-3718.345207512789
48,0.10364263756677322,65184.572527384604,-1887.1108713806134
49,0.10573893905394659,64130.81117147869,528.9175638877778
50,0.10783958559814742,63272.08127024571,-410.1724481309658
51,0.10993894058501318,62758.82999163262,-444.0408078160122
52,0.11203921431523854,61150.16265488641,922.7386672908765
53,0.11412334585697578,60405.35883548816,-1737.9514347691697
54,0.1162159397555423,59656.1352849692,261.17016675010694
55,0.11831372048037725,58651.154304863645,-154.48918585569524
56,0.12039723118070132,58921.53581497093,329.8343011279342
57,0.12249223631878574,57746.660767083595,-1948.3276670299417
58,0.12458825984258635,57829.237650108524,-216.32579055408794
59,0.12668846771583772,57475.07726415722,-931.4058522487624
60,0.1287846620419941,57232.130387050864,1889.880810777077
61,0.13087133937881498,57640.81721621273,391.4514947124728
62,0.13297548334406448,56376.94006103677,427.6496511649768
63,0.13506910815256093,56382.49197990028,-783.8712345818907
64,0.13716388258568254,56590.23949106404,637.5928480806327
65,0.13926047573721634,56639.92428550808,-187.7137575963493
66,0.14134668829083769,55782.7279612533,778.7297815055608
67,0.1434475230090064,55257.02881929725,-347.1548328795789
68,0.14554528534185418,55285.56790113478,-354.7468179171001
69,0.14763320610735878,55024.78125512283,-281.86603694487997
70,0.14972114728432864,54425.15267580772,1257.2640897797505
71,0.15181380487515775,53815.130656707835,383.5902436991457
72,0.15392114901003526,53411.13800968314,1196.109239109645
73,0.15602147473412367,52999.766785201165,1313.2562996619554
74,0.15811617475881218,52975.09103099366,-695.7465495291154
75,0.16021187122717997,52196.75422091538,1239.5834727248057
76,0.1623006419462899,51644.984609945284,426.52855616360546
77,0.1643899033199985,51639.30282354628,426.27166310165626
78,0.16648355823815117,50941.09887199776,-306.9660917914918
79,0.16857196837784735,50743.55606575779,333.19342175917876
80,0.17066413320893647,50579.40152824353,-326.5785481541
81,0.17277086992561352,49701.53129843224,-472.13248936039156
82,0.17486965460096995,49408.997615864806,314.43654473599213
83,0.17695857694944453,49010.56706246274,-2026.0588223456286
84,0.17905245093155753,48483.235402822684,254.4366594242313
85,0.18115265212612636,48558.045384803176,1670.7684723957275
86,0.1832476884130739,48595.46047937137,-300.3198312583389
87,0.1853312475833926,47958.31104776401,283.6422245883791
88,0.1874284892203219,47983.250627970476,630.2036165034714
89,0.1895337179075755,47843.088212327566,383.5427301680956
90,0.1916268196474026,47776.805624781184,1090.007239780919
91,0.1937183403446853,47326.96381425465,1386.4850628504007
92,0.1958131498886989,47344.06521268202,593.9083875293571
93,0.19790587400989662,47252.67661558043,1070.3942666290939
94,0.19999906515978938,47049.02192904301,689.3922806111055
95,0.2020893038374759,46660.865996776956,60.783028326836664
96,0.2041823192148178,46984.391554861235,148.9373669156689
97,0.2062825911013838,46336.377095382995,504.3072937233709
98,0.20837701891459662,46503.74755276707,909.3975573130325
99,0.21046758167944032,46668.09398874308,713.2001753130651
100,0.21256678542440183,46410.15633086012,409.5761988995187
101,0.2146619261104852,45947.77690598974,372.06843076386775
102,0.21675618057220372,45755.64832968871,692.1680877106954
103,0.2188528705899679,45761.77261484155,-450.2882592262292
104,0.22094564274530842,45647.993571277664,65.62771804123086
105,0.2230395148320731,45623.94757971935,1340.6034680314426
106,0.22513567328585352,45650.667280580776,61.23999001734023
107,0.22722785048644015,45196.65284497731,1228.7491400473323
108,0.22931975112872324,45369.937557605095,505.35642499350547
109,0.23141147723465103,44686.0106423301,212.6019336541164
110,0.23350584674782457,44809.38668075466,969.7394304101102
111,0.23560416522029054,44819.57409606162,-134.9378401836061
112,0.2377006336558307,44301.62617610931,109.08249776485255
113,0.23979727503904752,44443.23847458896,1009.1960960401512
114,0.2418944602532704,44341.122359871246,1050.6795288469448
115,0.2439884227569783,44026.101675383834,-132.96657925534691
116,0.24608359968283072,43956.67696621549,726.3317431382521
117,0.24817552807053123,43833.66688254937,1217.4803464318184
118,0.25026237006475704,43773.981934391326,1430.9805247748106
119,0.25235861551053484,43722.08243005886,-419.7356750215352
120,0.25445470778669854,43507.97985874247,512.8552507146449
121,0.2565487653287422,43612.379719710814,773.4458202495454
122,0.2586464955058471,43227.60595530819,-89.93456975950639
123,0.2607443047329862,43414.44535638822,1671.8980034843112
124,0.26284383121734134,43337.96136130664,-334.74989855539803
125,0.264929885565984,43133.1340105631,548.8837743283998
126,0.2670163698864118,43027.10644952544,-559.2112655132951
127,0.269112135390912,43183.02745609684,64.29533346532422
128,0.27120764961246213,43095.21623110136,631.5995541721937
129,0.27330509996536784,42967.88095393401,905.7843718297253
130,0.27539842121309294,42937.66984121756,-112.56389897323633
131,0.27749656900268016,42879.0969445645,757.7318680839029
132,0.27959864364035925,42743.46100951884,165.93938366874798
133,0.2816878213234348,42596.96009441066,862.8647498606356
134,0.28377609558542155,42715.244277062775,164.5280056601383
135,0.2858732754634003,42603.73398428241,900.6822194093141
136,0.28796861590208045,42460.53079646417,921.9138242023714
137,0.2900612915162532,42302.4119729943,416.66043249564973
138,0.2921547032025089,42391.153697031856,1376.6344573848576
139,0.2942501291133245,42331.754865301875,589.5134875227992
140,0.2963444256131289,42382.5943780764,922.0872095315043
141,0.2984361415704375,42307.80025675027,180.3383323052079
142,0.3005318840555698,42419.099195005154,215.88847172623613
143,0.30262777760316095,42181.59661688462,1110.0653504191832
144,0.3047248035439954,42143.88165246804,485.66215763024974
145,0.3068210272572538,42047.59000607938,242.13156408357628
146,0.3089144805088237,42041.2299350373,415.4489643473045
147,0.31101080657849756,41879.60846024044,662.4310129131978
148,0.31310885951912926,42012.760735446296,451.20726081474686
149,0.3151991603466065,42111.40790719394,733.9019761048171
150,0.317288667284839,41977.92367417355,178.81928534862874
151,0.31938044185106124,41925.14122966629,339.5813466810474
152,0.3214783648369702,41654.94608392654,472.28045162036193
153,0.3235785211189416,41862.108678358665,275.39685154359586
154,0.32566935894833426,41694.33406399617,1076.904565023724
155,0.32776077751211374,41686.89017725078,831.1844973256548
156,0.3298523230655558,41778.38973654475,1056.552538392816
157,0.3319485433973702,41695.220683888154,359.2597226207862
158,0.33404540358127904,41545.44661164908,447.0347475442254
159,0.33613494177837844,41751.4351012591,773.7969588702923
160,0.3382313832787478,41707.81573213309,913.7650892803513
161,0.3403308518124324,41457.34727320638,160.1978213712899
162,0.3424246601457981,41743.52398648897,189.16080141958474
163,0.3445197272986724,41587.634171729136,-424.43077258511636
164,0.3466158524641983,41588.408985058624,706.6724469037897
165,0.3487089916477683,41597.09554939677,766.8265641996045
166,0.35080114560367615,41451.551119605036,256.06688466281713
167,0.35289356821720286,41582.50809842591,697.3841601718603
168,0.3549881110219297,41395.05516535067,496.929105437922
169,0.35708559248027844,41403.03660266422,840.3064636654967
170,0.3591813496003593,41434.47708248266,955.0873799614363
171,0.3612749400626811,41487.9328813149,401.167220634981
172,0.3633693413142722,41595.67597921952,168.5548988037155
173,0.3654632219855477,41282.9829527039,955.1977553445176
174,0.3675603773529471,41330.42095511515,543.6481389944835
175,0.36965434919829326,41246.997862685144,395.2553524802157
176,0.3717418094879197,41383.74516248451,64.6875826263682
177,0.37383404253825586,41289.038044402856,353.8204228590726
178,0.3759308579415973,41377.112726994965,466.3568010128319
179,0.37802985088946095,41259.54125756521,993.4796951934209
180,0.3801213498834686,41358.31939532089,39.62573088886355
181,0.38221306010699313,41400.318538718486,191.3362808133805
182,0.3843141376638833,41305.48618209615,317.6268111454664
183,0.3864096355836929,41361.61764408454,687.4065081405286
184,0.388502907295756,41252.367104403216,535.162373160177
185,0.39059769208540335,41297.95508066463,309.0528141346033
186,0.3926958121232196,41346.557749218606,514.0114503031493
187,0.39478921808384226,41280.38536750647,32.19557824841078
188,0.39687821409975554,41191.79927093218,699.2363460946437
189,0.39897073627813356,41290.40360714714,519.9432647172426
190,0.401067192451382,41314.67557173265,597.692079320786
191,0.40316228148056854,41469.426947104235,343.4201214403302
192,0.4052546340249366,41294.423298829475,187.53684668107763
193,0.4073499183903822,41440.89858313702,224.56637880449264
194,0.4094468722071623,41285.1520901547,-175.46374205800194
195,0.41154432885897757,41238.93009639233,472.6120481819901
196,0.41363408239228544,41308.025762486126,666.6513671662535
197,0.41572494638156243,41224.002167636405,-115.95649752795991
198,0.41782181997781404,41387.12004901458,546.7378430508976
199,0.4199166506307261,41480.0905958962,-186.7476816182338
200,0.4220107143757513,41422.35488751415,252.2973956881505
201,0.42410542949066876,41387.351489961264,262.13732263732777
202,0.4262013850195404,41440.992137589936,317.83003209611707
203,0.4282955296445312,41312.58779040907,605.2583505410831
204,0.430391806688861,41500.69606548835,212.19483753650897
205,0.432488575457924,41478.80154130911,239.09787806042388
206,0.4345806090039814,41541.608735156624,523.7650079733755
207,0.43667244097425384,41663.838619479466,-73.88837922947681
208,0.4387671492209622,41510.76949694416,-12.572725236831676
209,0.4408622534544343,41456.784351139155,293.55787505927606
210,0.44295516415095815,41558.93276717007,354.18249005529464
211,0.4450482683181851,41534.1881849212,851.4863054965168
212,0.44714683875742495,41623.97847028809,139.73951060215995
213,0.44924362280569813,41673.009613717935,641.5511203793293
214,0.4513338633316258,41723.69605038872,626.6088016112499
215,0.45342753643259276,41653.368869387974,480.0506443480266
216,0.45552189548586586,41582.72440935287,666.9172320365337
217,0.45761716616081083,41705.97064877397,383.8512325286561
218,0.4597117909764672,41820.652138345555,633.6849050104745
219,0.4618031890496857,41817.63765743405,225.81094815758834
220,0.4638995470730997,41781.57432050519,136.4729725123128
221,0.4659948171464902,41957.720081975785,119.05540574717801
222,0.46808929446972725,41866.38137819127,77.03669867725675
223,0.47018492649495636,41802.60374432493,458.10469900663526
224,0.4722792778491551,41741.56989450225,746.3748339145315
225,0.47437272572904565,41824.35449662797,481.72266080486816
226,0.47646593372141327,41877.49479007814,252.41422652577344
227,0.47856230727426236,41803.39085226702,537.8054506987174
228,0.48065904058976644,41953.14149664403,223.9952686009443
229,0.4827512226177774,42041.04906015902,342.7233979612839
230,0.4848441163240575,42020.70322757171,474.59263802932827
231,0.4869397730506266,42004.49926628901,-6.645999752690548
232,0.48903678813400875,42199.70575774034,192.53245005514773
233,0.49113096964965397,42076.74955709016,179.5234345713776
234,0.49322332174786626,42057.16748076125,399.2464688055446
235,0.4953187148676145,42154.633224698206,21.184142050591277
236,0.49741120358770496,42328.53757666384,250.37611495513838
237,0.49950082345999325,42215.80049517998,409.67459991985885
238,0.5015952506837275,42226.467643701086,98.07535841227259
239,0.5036919972981919,42159.890086999614,97.83007805279122
240,0.5057872116617207,42287.787105219984,885.144145305014
241,0.5078828569897101,42390.91892824262,572.3805027528982
242,0.5099793452386306,42347.04594155726,253.98196327735013
243,0.5120767256379639,42385.792312458085,472.8967671248566
244,0.5141702395931294,42397.141733940036,300.5080142129171
245,0.51626132102766,42516.2865904906,468.27228916274987
246,0.5183576899265504,42611.81156060068,523.2707912234828
247,0.5204524416424112,42566.7180290083,397.17274380145966
248,0.5225430403510469,42653.44562094216,66.59104179941966
249,0.5246378991347941,42754.791518212915,435.7807599986484
250,0.5267345150769579,42570.9707444907,478.4875542362299
251,0.5288284644781793,42666.15573452715,585.268675730024
252,0.5309200047543352,42633.03507230278,165.32130743199764
253,0.5330154787982235,42746.64640827492,140.03442877400664
254,0.5351140455458262,42857.06969788022,590.9816350615297
255,0.5372066203065362,42936.88922234253,458.37871172518334
256,0.5392991990272246,42807.99976064611,383.78165198549686
257,0.5413944118270408,43023.13442844602,34.4076213980995
258,0.5434881995106379,42919.80843479172,267.5143580309602
259,0.5455829952492127,42900.1974661135,187.9766124070056
260,0.5476769745662954,43082.95695558699,358.6320133404197
261,0.5497697255495043,43167.83065474759,129.8054622209615
262,0.5518645446467839,43229.66890469358,497.86571089262844
263,0.5539598571350287,43148.39846582682,763.3987335660171
264,0.5560564538950566,43201.08640414931,241.26322493978512
265,0.5581500505101624,43284.058766365175,698.1679769229266
266,0.5602409063261653,43328.895236775556,202.16773527806555
267,0.5623379637803174,43398.46194659505,563.2068194382512
268,0.5644363283026402,43437.30896911926,282.8317916411515
269,0.5665273824761494,43318.818541245775,341.06986355962766
270,0.568621249018378,43591.51066762984,164.19274104649517
271,0.5707181447612965,43595.89102463595,375.4295473082721
272,0.5728127938597997,43636.77552723124,-177.73122957094833
273,0.5749070881546879,43568.67183063749,619.0420358588345
274,0.5769991470923068,43742.76116809503,407.0964009111877
275,0.5790956911760897,43775.44431412596,401.4699674988518
276,0.5811893306261757,43867.135339665576,890.1729627650328
277,0.5832802267374103,43929.55239295152,229.55892937275758
278,0.5853761830306536,43859.50879304974,505.8213956536185
279,0.5874711784415975,43992.29064513853,486.78492812664297
280,0.5895653958899879,44054.99409174547,482.0158671529167
281,0.591659786459685,43906.73232516734,677.6366782225024
282,0.5937551851921442,44036.14947624298,271.9520577344806
283,0.5958498092767481,44109.995843887205,415.0176155714092
284,0.5979447066705442,44283.726599539266,414.84881307163084
285,0.6000383505174957,44339.65906981781,129.96040342313512
286,0.6021313016181767,44305.678473944434,-96.24494956997455
287,0.6042246965556944,44408.69540722743,483.0690231589304
288,0.6063189733697846,44411.88429571609,518.068430386703
289,0.6084147213727373,44446.10047354699,29.594278253573876
290,0.6105090855473989,44523.21872913161,278.9783528050545
291,0.6126037649785722,44618.23374056156,498.25305034474
292,0.6147002391370655,44582.67541704645,461.8183214467773
293,0.616794938930829,44661.32193883156,428.6057017729216
294,0.6188886865784012,44758.70387237767,-32.382361661648176
295,0.6209825762252046,44896.09341266622,336.24877365058984
296,0.6230764414889526,44985.414461198525,478.0565262397611
297,0.6251725389343245,44872.261555166195,157.130552477796
298,0.627266923011265,45032.97066197376,478.6690105662566
299,0.6293596211388142,45067.967816538345,223.8977035688189
300,0.6314513250607457,45019.61184196172,445.01033361752826
301,0.6335475720513941,45177.98011870046,411.90638281547
302,0.6356444982495617,45341.72330248107,686.3359737996602
303,0.6377358562255245,45238.57904193331,224.85521620422514
304,0.6398302949107263,45278.54695920033,678.1453913622471
305,0.6419256185614247,45479.01232586896,547.33600017826
306,0.6440214843206593,45462.78928624239,592.9806222503433
307,0.6461142033434962,45594.478579193696,445.4517514407741
308,0.6482061138478032,45757.983489326194,588.6139142540009
309,0.6503020867345045,45742.65542174129,95.52719884484858
310,0.652398185537932,45796.01684990089,201.82210328985929
311,0.6544932048530038,45860.60382368406,473.1903145399593
312,0.6565867871776386,45958.02013573639,381.7068745905081
313,0.6586827890115348,45973.80146022811,-274.6843309887695
314,0.6607793300725506,46081.086948156895,93.99111942449505
315,0.6628724964198541,46150.64487362763,662.7226019020753
316,0.6649654402217313,46143.52908368876,-10.264729254021875
317,0.667059865407609,46245.59387819152,327.6292806094899
318,0.6691532523078332,46292.20998485603,279.50170468943077
319,0.6712457992597233,46368.36298699504,463.0613254707611
320,0.6733390782258323,46381.88058812635,113.95388168743746
321,0.6754367503383576,46575.40002766977,359.06816185460445
322,0.6775335143160066,46709.43948538915,298.91221919178446
323,0.679624621064033,46756.14142957153,413.5488393732462
324,0.6817180292738917,46721.304073739986,59.27081927479394
325,0.6838149015047629,46793.384612988266,375.33039244384815
326,0.6859101434268815,46784.255729117365,781.4673559607285
327,0.6880046468184081,47001.18480643158,780.4174430244884
328,0.6900999637264865,47032.0322975732,205.118916250228
329,0.6921965733216279,47142.513016128105,483.3686916359017
330,0.6942884945981568,47185.56056504488,256.58527793363714
331,0.6963781649531228,47213.14937325043,120.62047128930358
332,0.6984747371200234,47372.06859106001,57.37918685452816
333,0.7005690388882679,47375.12277127995,388.30205368520393
334,0.7026621579778546,47575.81045957903,306.3810652009164
335,0.704757268847954,47494.467309763626,352.58329203961335
336,0.7068509057629639,47671.46332531746,37.244073747422185
337,0.708945644402387,47750.762892227445,351.1994809681864
338,0.7110406815970572,47916.12888113827,261.7501087686549
339,0.7131372373036142,47793.75089287314,238.02845426675427
340,0.7152323589250973,48106.50828808895,489.2029350705238
341,0.7173245162021571,48072.20785739938,203.5238038277311
342,0.7194199711852413,48243.71316452214,491.37448007801885
343,0.7215151322330351,48164.56986048997,555.1454847813258
344,0.7236102334592447,48354.54615415346,420.53762527199586
345,0.7257047129497166,48470.41744206819,338.2100418395846
346,0.7277958825256088,48404.25943081885,540.7374374711851
347,0.7298900912292255,48626.11289501188,473.77973191777625
348,0.7319867159780691,48622.17035295333,197.1037694401874
349,0.7340808521059053,48792.76552547947,-270.71883903688934
350,0.7361738853270124,48783.51871320455,358.0535575064321
351,0.7382682123604443,48860.097056710874,394.77426825770794
352,0.7403641944498084,49020.264052487466,495.18023795127834
353,0.7424576311971561,49042.933833636715,400.79801619105325
354,0.7445523870480827,49146.551027739304,293.27855522677584
355,0.7466478284648128,49166.02001803528,352.46030806151225
356,0.7487413917548734,49312.27799105663,872.6821310863835
357,0.7508354594737505,49338.982920459894,203.79655297372014
358,0.7529278056847568,49554.883495846596,552.6110437034046
359,0.7550230257904859,49596.718255907464,406.4506597401048
360,0.7571167923480437,49687.43373509905,128.5905820377797
361,0.7592113317151179,49756.16952224562,324.5669390197348
362,0.7613074731933067,49843.35306218137,501.43360967692564
363,0.7634009581307508,49853.9902796676,395.88187660668143
364,0.7654969266569684,50027.89319506452,403.35455556779715
365,0.7675905899780763,50234.46071093439,456.89867330084076
366,0.7696837880547684,50196.59450501999,296.43327380821756
367,0.7717795008463626,50337.861581252815,365.3487669325018
368,0.7738757788346248,50361.451908649535,477.5328433463801
369,0.7759706260990727,50548.384129058606,409.8071889767959
370,0.7780620795267656,50570.3956853101,595.6969970915018
371,0.7801559906208961,50622.78481067448,427.86767466554306
372,0.7822523136569128,50802.88936677636,699.8024231497035
373,0.7843481481853999,50861.28927611312,140.47264663001442
374,0.7864425511046899,51134.02808204213,523.1037095902543
375,0.7885343495966205,51075.20458413498,283.8059803082308
376,0.7906286372458883,51154.49407930732,414.169095720224
377,0.7927244345313397,51273.988019096454,413.98626612962323
378,0.794818005513127,51398.68842994228,386.5470191653308
379,0.7969121491149282,51399.915134571915,672.4373058229338
380,0.7990047112993173,51612.06255027747,429.40264758524586
381,0.8010984966914405,51716.74917916806,523.4183870335152
382,0.8031950165575023,51797.73203059615,409.98507599581285
383,0.8052905677217739,51905.052277048795,391.5437148169197
384,0.8073868841230295,52083.95786722473,454.0192816383184
385,0.8094800557409162,52064.002979463185,458.9873587490801
386,0.8115724907946299,52245.050339681286,535.2191062199005
387,0.8136674854006812,52302.74956713523,438.7925260915165
388,0.8157633267681768,52478.26600882298,493.2771927487038
389,0.8178572815764139,52514.218615092155,981.4016643410033
390,0.8199509017046862,52647.69668214768,299.5742751777879
391,0.8220464110750062,52658.29995763011,349.92001157657313
392,0.8241406544737637,52821.75400933655,311.8825223154934
393,0.8262328397247414,52884.210104886384,518.1480447868962
394,0.8283269471334518,52997.37366752329,673.9156655780326
395,0.8304231064697798,53135.137771373214,96.75964762412003
396,0.8325161683796762,53315.495629652425,470.81432791303575
397,0.8346105557242035,53412.4038570766,606.5720262854047
398,0.8367059794413102,53582.12519945038,232.37435343838922
399,0.8388002445604258,53611.66415754451,517.1008865502828
400,0.8408960756111226,53687.975483181726,239.42242806084414
401,0.8429905652842218,53847.119433100066,429.6843771607081
402,0.84508401313589,54018.991749530935,341.45977739790135
403,0.8471791713809247,54141.61801871988,737.6809203399465
404,0.8492743362825239,54131.28568437145,596.196424407261
405,0.8513668888602299,54342.48235823557,518.1337697519083
406,0.8534589296280589,54544.60267542641,419.1917356805452
407,0.8555558405338324,54584.35987220041,706.5087668103057
408,0.8576516874123633,54643.90376990438,421.01936649205254
409,0.859744590599333,54733.179939071604,604.5143242579201
410,0.8618400547669827,54934.81730174219,555.4302417570378
411,0.8639350434441438,54964.54153536409,691.0551208391892
412,0.8660280248974203,55170.36654188406,673.2815220674387
413,0.8681201347325478,55284.83689095266,288.0885589320514
414,0.8702157283801463,55350.688393590324,436.3747621458904
415,0.872310621353091,55463.21613924246,534.7648318218446
416,0.8744020359703552,55659.51878964963,677.8788090035672
417,0.8764972088477568,55745.44996275822,103.27941532185584
418,0.878592835994214,55806.32533011369,789.9163614469602
419,0.8806870131084201,55977.76675322764,377.09359676372907
420,0.8827812802431019,56109.07392407869,761.9982142434095
421,0.884877279658285,56294.81867351738,694.4522612571143
422,0.8869730004154345,56461.77270395316,445.46966734475114
423,0.8890661750433553,56513.129052582495,588.2585510626855
424,0.891161435679344,56676.983740878844,409.32020455930456
425,0.8932577960179496,56825.15700874466,613.5774368650427
426,0.8953527392107627,57003.2173102251,563.7815006169436
427,0.8974462460666859,56989.40667836994,834.4841100669439
428,0.899539340962409,57185.20532051361,395.4449575023876
429,0.9016318169027592,57389.757727058175,669.5051740567492
430,0.9037252249745606,57425.71550173658,452.58976236680775
431,0.9058199443223193,57620.943614070675,275.83726377262997
432,0.907915243986348,57737.49495988803,460.2614209909779
433,0.9100128049501981,57848.223326501546,267.6841947309743
434,0.9121059966002629,58020.8587937401,436.6520876597825
435,0.9141972861830797,58059.428189205115,671.1274396307492
436,0.9162932496702593,58208.46816884021,420.8463094788922
437,0.9183878012752863,58319.82714006505,651.8039552853434
438,0.9204823185419505,58610.39729104229,623.495931848251
439,0.9225773629784582,58690.7905021488,695.988788670104
440,0.9246718174739146,58852.447104884915,599.976156754743
441,0.926766211900197,58976.01493848844,229.41406889918846
442,0.9288591582540804,59074.55411349262,620.277396052034
443,0.9309526610700547,59292.829137728,670.8359749626645
444,0.9330479303067369,59419.34751926872,591.6932359647542
445,0.9351433527997749,59508.05271110541,637.0545362343197
446,0.9372383527365933,59532.08897767804,461.34552032925626
447,0.939329757499591,59732.99244027129,740.4310307361382
448,0.9414230571985791,59991.65496886257,532.416314040231
449,0.9435210054806012,60086.365795462756,819.0620491222018
450,0.9456162503172072,60253.04780229177,389.8346469050453
451,0.9477100092887099,60402.27188418856,481.726524599235
452,0.9498046323041349,60593.177931746635,701.5008098962277
453,0.9518991548408083,60771.547076042036,836.3506224336778
454,0.9539929332702277,60827.617805273425,673.2679563252001
455,0.9560874898052096,61075.22214078477,325.4784083678932
456,0.9581824530689178,61205.932196482,966.2580551097421
457,0.9602770371571748,61320.58574885166,960.7907012120819
458,0.9623710723241273,61417.02245140056,496.3585225225509
459,0.9644648349083941,61723.11921548154,762.6597107072062
460,0.966557887379011,61680.89791037426,720.7491570254905
461,0.9686513195291268,61809.31421968298,850.3765579371978
462,0.9707470393683869,62132.98164840678,693.2131013454572
463,0.9728419987888902,62280.05286561718,728.1613466993532
464,0.9749363451418961,62288.38389953162,819.8377319646698
465,0.9770319720978949,62524.04113082171,579.6392818262335
466,0.9791260608689247,62763.63899931179,493.73738557997706
467,0.981219993418123,62909.85394842414,799.0244854856179
468,0.9833154848012966,62949.062637243354,934.822156231989
469,0.985409217900734,63175.30872092383,684.4524392757623
470,0.9875034929558208,63366.2513944278,1014.2026582612225
471,0.989598845059814,63505.21155764601,450.33574392530113
472,0.9916925524589582,63724.86275747113,670.7611822698826
473,0.9937866222530743,63877.91385355332,563.562168355753
474,0.9958822538585521,64027.78591326228,609.2054989853851
475,0.9979763461234663,64191.88737335317,746.5128948487105
476,1.0000687382803208,64333.21399837723,951.8100998961163
477,1.0021620574674717,64520.56945793924,679.4136151296793
478,1.0042566040705312,64686.29391292555,656.5246365444792
479,1.0063510481087232,64892.24120446497,781.3742938608989
480,1.0084458017147504,65053.876879303934,700.1445366296006
481,1.0105412449330358,65255.72841068191,629.5929013839753
482,1.0126363206852906,65303.65341160315,624.7146035519487
483,1.014731689048677,65527.80494680196,1256.0257047139667
484,1.0168251811607234,65731.0239370338,708.0520610747951
485,1.0189183181794257,65945.95645894935,747.1406927667401
486,1.0210135131858313,66176.74189591163,902.0299357103563
487,1.023107899818119,66240.68683270305,534.6098970389394
488,1.0252035642142994,66382.25615174031,700.1450141650494
489,1.0272979326699727,66668.88555479056,989.5506762625437
490,1.0293915165160124,66817.68617273006,923.0417262618759
491,1.0314862118776227,66994.73608929286,936.547402551786
492,1.0335813276438528,67234.21880260872,765.318288133634
493,1.0356760372494827,67403.00017714509,822.7360941272719
494,1.0377697665518313,67539.90008671687,957.3436744213961
495,1.0398635542890804,67740.2778643353,757.4695632835324
496,1.0419580022733907,67979.10839034244,724.7243667793036
497,1.0440530837182007,68155.41965136804,945.998884042495
498,1.0461463909219801,68238.911893252,1122.2747650723984
499,1.048241289239942,68489.71806795923,1061.5458413221054
500,1.0503346504195201,68736.8182893773,696.0402037722089
501,1.0524278880438542,68909.48847000382,783.9125569883007
502,1.0545231057279465,69109.63967413221,1264.767942711124
503,1.0566172205725972,69316.36684752147,828.161878926041
504,1.0587125681053644,69459.41364924987,889.9525207205445
505,1.060806974942881,69721.98009120213,1276.4091527171302
506,1.062900937291859,69877.13351110677,968.210337284961
507,1.0649968400029963,70137.10303729413,1426.5206048310908
508,1.0670917748856612,70296.56523020576,1052.7535030482973
509,1.0691837840599538,70510.44754030881,1052.5651011168702
510,1.0712784055790137,70653.81070753992,1062.8149369126113
511,1.0733741944109443,70917.06990387464,839.887871560189
512,1.0754689143080451,71111.08137794545,1242.0771601337467
513,1.0775625935653539,71342.12430928006,994.2728986658541
514,1.079656551776009,71508.6490805825,1234.6207149596578
515,1.081751759033872,71630.72892614358,1405.9054292969515
516,1.0838450038800544,71918.14051645795,1246.444368862933
517,1.0859393346043436,72078.66395789958,1146.4360682162867
518,1.0880340737032612,72360.20059915024,1045.4552102756925
519,1.0901280973397867,72446.39584690526,1290.72532110955
520,1.0922232205093443,72787.20595880618,937.3680558313258
521,1.0943183198095006,72921.16073338126,1197.4582989804926
522,1.0964124680620808,73221.53538323691,1307.1383589033037
523,1.0985066965945804,73379.88740142662,1086.2738928045103
524,1.1006022506925348,73651.6206796566,1198.6175434653783
525,1.1026960746069068,73786.84510733666,1189.0673163822287
526,1.104789420523433,74148.21464725501,1058.1744528944812
527,1.1068841457204943,74190.0412770808,1213.039665448489
528,1.1089772649904681,74538.07925018446,1153.5965373562271
529,1.1110723868790173,74761.39587721169,1483.1692023062415
530,1.113168427194727,74928.87405333132,1300.2141840309323
531,1.1152626776337078,75172.25701695931,1300.337295871952
532,1.1173574051129724,75469.80825667283,1111.4798398194787
533,1.119450573697561,75673.7213565765,1285.3607364473637
534,1.1215436337779248,75840.98886047838,1451.227013222463
535,1.1236390334415942,76091.84642025956,1507.035427723716
536,1.1257332200225998,76355.39141283963,1332.2493914722088
537,1.1278283378211404,76616.54776548999,1554.5507414190395
538,1.1299238131648552,76843.71071925182,1266.7918157242245
539,1.132017447124327,77014.61362697216,1662.915953337668
540,1.134110650036949,77324.25508718698,1273.909131050974
541,1.1362036259959787,77444.98279043895,1534.269421168913
542,1.1382991427598659,77809.38652512601,1752.7850267941083
543,1.1403936066737896,77990.65795362939,1842.1746264017802
544,1.1424878264606209,78068.23886727044,1020.7577488232356
545,1.1445836717483504,78515.16549200365,1269.2848353977788
546,1.1466778755714095,78746.09540521471,1519.1171001631487
547,1.1487715351237628,78947.00967427864,1461.392438335748
548,1.1508672245306748,79238.24221166782,1376.1328336459692
549,1.152961670034179,79297.39961380155,1605.6816934382807
550,1.1550551275418117,79747.67609476365,1731.2148814288307
551,1.1571500620004906,80000.24358321098,1729.7691376525001
552,1.1592451155989445,80191.0634789085,1283.2446148108259
553,1.1613401484055899,80443.16406427421,1845.376128382409
554,1.1634328135986687,80666.91002330698,1897.9045547994883
555,1.1655280225544649,81096.58802034665,1594.4570473065714
556,1.1676232414157608,81291.66107726342,1408.9329555424363
557,1.1697157183635434,81512.22570240553,1454.4297800022857
558,1.171809765164966,81620.82067483483,1442.646521310702
559,1.1739036754657965,82109.49345692203,1782.384821909473
560,1.1759974618047027,82231.34278081416,1868.080784003453
561,1.1780927342002254,82413.78696665778,1846.2116543696309
562,1.1801886215978319,82763.29844813136,1555.0268048906676
563,1.1822824649467334,82980.27853805906,2076.564683780558
564,1.1843777187054296,83382.11479613282,1645.716856972358
565,1.1864731317277017,83609.1272010842,2020.5917203266022
566,1.1885662199882188,83810.43048148496,2123.433934423726
567,1.1906603290984812,84194.73285573596,1781.186908021658
568,1.1927560449071208,84394.70409640713,2247.582709114573
569,1.1948501301675682,84781.82564194595,1778.998873896782
570,1.196942866326464,84922.62514705434,1702.6685294895103
571,1.1990363434731066,85276.74599913038,1900.0622282894426
572,1.2011315528209288,85477.84407657644,1757.6041417749905
573,1.2032252726398727,85759.51322829552,1995.3064276698872
574,1.205319131714267,86136.60316770324,2028.064445604911
575,1.2074143429200774,86401.32819235958,1638.860023516854
576,1.2095073316728018,86705.92911458849,2186.0014320610803
577,1.211602159357548,87120.7634673233,1844.714258963414
578,1.2136984428310558,87261.4345757941,1879.321953902136
579,1.2157943340364452,87559.11718717247,2094.438842334011
580,1.217888268816351,87853.25009052546,2398.653919970546
581,1.2199821909033837,88227.1146586948,2223.0567872345555
582,1.2220779372220854,88543.77147248609,2204.4616537779675
583,1.2241720630448372,88786.28230668276,2018.5267479905026
584,1.2262656486341297,89006.96258265052,2084.3379706963506
585,1.2283602712023978,89367.93866391576,2336.35113853946
586,1.230453847781421,89589.56746369989,2090.6377492728757
587,1.2325484279288663,89937.99702066912,2406.4870332925975
588,1.2346427330328844,90292.92593322147,2211.541604029799
589,1.2367368340043534,90584.15399646157,1790.907795072787
590,1.2388320989568682,90938.98362496922,2349.6429429912664
591,1.2409254956441091,91182.72957784502,2117.117472515358
592,1.2430201387037565,91408.57562315412,2806.806719970306
593,1.2451147141570293,91850.06753296667,2774.5988552131967
594,1.2472087367784284,92215.40186227641,2685.165076711456
595,1.249302614173833,92490.11578865297,2515.462993825852
596,1.2513971052845823,92877.93177565042,2200.52903623475
597,1.2534931066319515,93104.81175161664,2546.410815977293
598,1.2555863817711985,93369.10454829647,2195.023966963634
599,1.257678969059161,93755.49072079817,2622.9986280062344
600,1.2597748382104277,93992.8736220852,2667.7582077672905
601,1.2618698898493887,94393.9165274821,2400.071486853662
602,1.2639640740660565,94683.14136303535,2393.7790425825747
603,1.266059176034634,95067.0504685318,2731.898514381658
604,1.26815329738596,95463.29649683759,2435.855351603635
605,1.2702469827768745,95816.58446720339,2731.2920252276795
606,1.272341439773769,96052.27834789657,2542.254953551581
607,1.2744361591580655,96420.71026789263,2472.342640052971
608,1.2765301570381213,96727.47070373136,2308.99883517532
609,1.2786243195908502,97198.41449204372,2875.0046483084634
610,1.2807201779848052,97534.64184649457,3204.7655725173227
611,1.2828149770647865,97778.00712476444,2758.284115540489
612,1.28490831046805,98222.96991668835,2638.1973843561354
613,1.2870024746125797,98517.99274414372,3007.320980114242
614,1.2890960788179595,98832.4459361934,2833.6142754270563
615,1.2911903407610128,99304.19937445325,2742.1586506910216
616,1.2932847299377603,99566.28009169768,3097.606856713318
617,1.295379834193548,99929.73202898636,2884.8225217923386
618,1.2974743412448833,100231.01463424019,3552.031034701674
619,1.299568838606027,100595.0185361231,3299.261682801253
620,1.3016640567270552,100999.29163070544,2956.280630927944
621,1.3037578272673165,101358.41673700025,3297.3170439188366
622,1.3058518980796576,101786.33544811506,3247.598402069322
623,1.3079469520711469,102212.26417957555,3542.6142477881813
624,1.3100414674631762,102466.86481864331,3054.5502573063904
625,1.3121343419146885,102861.63526410556,3306.981728270721
626,1.3142291157646366,103235.5293709522,3205.4870391555937
627,1.3163249547628966,103627.4310951929,3447.8140098878284
628,1.3184204308819243,103929.23834316219,3446.9655412230536
629,1.320514045081714,104343.93918627372,3347.2569147559375
630,1.322607731116918,104761.72890706672,3554.382741767199
631,1.3247030067977636,105340.4082827751,3508.7336912888013
632,1.3267964975071294,105693.1795126511,3381.8159099261056
633,1.3288900457896358,106042.7794804251,3526.712971459676
634,1.3309846323229146,106473.94950775847,3682.9245348084605
635,1.3330795391690438,106718.92770740327,3843.1497193612486
636,1.335173949560825,107200.51662447542,3871.177906223919
637,1.3372672428845813,107530.0566433025,3733.274210001824
638,1.3393616502777206,108023.4826493246,3587.382274338086
639,1.3414564546808454,108369.23607085977,3599.495661197261
640,1.3435497634465539,108872.75825576343,4080.6897600319444
641,1.3456439095281743,109330.09920925745,3557.5196718246752
642,1.3477398961804745,109538.12054258827,3939.5083498733293
643,1.3498356331361778,109962.61244426666,4115.967318714582
644,1.3519291222201564,110488.63413407844,4039.2292374990984
645,1.3540221824451044,110885.90058692353,4152.266360175709
646,1.3561174165883387,111331.5035344933,3770.7158979492324
647,1.3582118000666776,111742.55487248134,4424.526086091177
648,1.360305548489477,112230.16112434052,3868.8122333612664
649,1.3624016471705516,112532.0768627671,3999.709423709984
650,1.364496581524498,113064.41264136332,4360.392946125392
651,1.366589927521404,113513.44589960887,4592.163247062131
652,1.3686839345616666,114000.54145328962,4718.5072916114395
653,1.3707785136744248,114455.8161548304,3949.921875319022
654,1.3728736781569988,114762.46050002186,4437.306607593603
655,1.3749673745335222,115391.3102554444,4556.8808613028195
656,1.3770602631292597,115770.22737279069,4626.257906609419
657,1.379155717578164,116120.37472387005,4696.187159478509
658,1.3812508039107998,116579.91794023495,4882.5416201310045
659,1.3833453325862841,117063.13963690923,5268.399879396326
660,1.3854396647384786,117441.00159672457,4611.0319046954055
661,1.387533616953471,117976.43056482573,4339.805498238375
662,1.389628935147901,118347.43745981948,4856.244867317914
663,1.3917230672721894,118748.94802729806,4524.997059792783
664,1.3938172778813163,119418.58844911231,4934.397527354977
665,1.3959128506087028,119938.23222009426,4961.48413651282
666,1.3980069894682674,120335.88641195808,5053.917624040573
667,1.400100032768225,120749.93025948654,4932.898311695409
668,1.4021942273095422,121395.13002976969,4986.599994159662
669,1.4042879724639459,121790.0439318976,5242.938026386137
670,1.4063822250727482,122420.15018149943,5401.343985308446
671,1.4084777998796327,122871.15400354924,4810.547488618813
672,1.4105725454065003,123296.15519044023,5380.537551685967
673,1.412666035757187,123830.17949383694,5130.803615149103
674,1.4147597581950535,124256.29093176428,5744.826275184392
675,1.4168552493745823,124794.44333898141,5764.08228008306
676,1.4189502707585735,125359.8452319256,5727.649416464191
677,1.4210439871962917,125785.21382125394,5505.9243845015035
678,1.4231379588066748,126277.88376458012,5702.198393607473
679,1.4252323843784174,126734.45832492055,5888.794491150008
680,1.4273263645812686,127204.86464054155,5771.092885700338
681,1.4294209343777806,127847.23213602667,5520.992656625829
682,1.4315160587565352,128474.35257724172,5984.721849846273
683,1.4336101809254245,128772.06511685929,5911.754849542462
684,1.4357047233292217,129457.18191867332,5847.7452176879515
685,1.4377991034950037,129965.84057468451,5998.248650910468
686,1.439893269172154,130514.01510987621,6180.491957313304
687,1.4419870983325702,131126.85530764534,5975.832241951151
688,1.4440820971476513,131600.4631729045,6882.368109356705
689,1.4461780146809415,132081.7733143728,6507.21769007884
690,1.4482723645441788,132738.58619266807,6598.592428346722
691,1.4503661519067539,133377.93503380084,7009.478447214794
692,1.4524608997459605,133846.6236576176,6459.70523092694
693,1.454556191478353,134357.149721515,6765.03900364312
694,1.4566505605195028,134921.7481250986,6417.289189981332
695,1.4587435672120013,135438.17390630394,6847.394776289259
696,1.460836376274075,136231.59300064185,7270.977080012666
697,1.4629315024559504,136628.5301215106,6712.938645937732
698,1.465026115161985,137219.50598581097,7155.027805618531
699,1.4671201905708728,137756.08319537848,7562.869297747367
700,1.4692142550197365,138273.53728933618,6999.285713161361
701,1.4713085109511452,138999.55908623137,7294.127039110179
702,1.4734040883627781,139502.0353579005,7104.190910296839
703,1.4754983077923518,140200.99987580406,7294.7160959155735
704,1.4775927333883283,140843.96810070064,7535.1148311209145
705,1.479686516386449,141391.7925636001,7759.28767233936
706,1.4817805445745025,142015.24729044628,7572.0626792923285
707,1.483876051193717,142534.04488296865,7260.840817746023
708,1.4859713583510508,143136.66084735937,7452.622329249447
709,1.4880662760111125,143766.3367617743,7848.737777447324
710,1.4901603423423662,144282.37095648694,8526.644554409004
711,1.4922546168830801,144979.18642603303,7898.420749732193
712,1.4943493508016918,145610.00354506477,8156.23575832701
713,1.4964436549031517,146339.2118831092,8474.462577798577
714,1.4985372426394363,146873.09253493225,8141.511500819296
715,1.5006303537214591,147648.1239548414,8640.048519837002
716,1.5027246941647125,148217.31179498555,8365.904068184696
717,1.5048198674391857,148934.64506815936,8380.095531754592
718,1.5069136003861163,149567.8226226535,9054.76976001043
719,1.5090076377683221,150166.813532928,8627.316689468624
720,1.5111026723067662,150783.00665083562,9258.744435818375
721,1.5131971028762412,151543.2846816695,9012.582853683814
722,1.5152912609041667,152270.41011645406,8722.6510127209
723,1.5173854934463344,152823.3928371574,9035.996270517027
724,1.5194808793753787,153361.7196198961,9117.25536810834
725,1.5215756259285513,154296.5932566642,9631.609556453903
726,1.5236695807770564,155050.4820949959,9368.188174754516
727,1.5257641081783464,155512.68549484358,9598.496642404407
728,1.5278584873608179,156415.56476632744,9643.936357988774
729,1.5299536435991428,156859.73406759513,9821.174583410915
730,1.5320476585044298,157642.66820239325,9957.495165342278
731,1.5341414384393777,158198.3884278423,9931.001215536915
732,1.536236950937659,158946.5717688084,10059.815121947466
733,1.5383317033374695,159731.93709470978,10455.229510600004
734,1.5404255753841434,160598.3956499512,10263.705811392983
735,1.5425198393431812,161324.70472246458,10510.265929043184
736,1.5446136227526486,162072.10752634052,11279.714408572552
737,1.5467072285753283,162602.7576020931,11219.652839702536
738,1.5488013111816905,163392.3505408778,10265.767828121576
739,1.550896674249749,164305.35903910655,11032.828167315021
740,1.552991701547339,164898.02724342613,10306.112022359575
741,1.5550856629518366,165726.29003728443,11390.899599096323
742,1.5571801051512508,166464.39783373466,11283.894101012247
743,1.559274417579796,167344.85016760227,11202.69923169939
744,1.5613691533539047,168002.8637610992,11586.278072098185
745,1.5634631934261796,168760.91931679394,11769.279419412738
746,1.5655577892497892,169724.1200523531,12032.438099008867
747,1.5676527275763066,170225.4782438312,11538.285714540776
748,1.5697461748764228,171049.55333130693,12130.441646686158
749,1.5718402189801153,171995.08040220174,11748.87923410132
750,1.5739346218160084,172686.81862604187,11784.068694502172
751,1.5760295037244485,173568.70509469963,12357.226663569814
752,1.5781239238326052,174181.59513154236,12334.500960714977
753,1.5802176736109215,175098.8972476551,12657.536933225805
754,1.5823123941098438,175932.81908866626,12318.744988399829
755,1.5844068047546922,176569.8773123895,12534.383464608944
756,1.5864996832696292,177663.8872325052,13254.801744010314
757,1.5885944598128996,178429.7082341186,13525.174428568009
758,1.5906903325437156,179205.21289689228,13101.943702703125
759,1.592784689092666,180155.40664261737,13249.533836066848
760,1.5948796873290236,181001.41372156292,13817.008453490034
761,1.5969745597395735,181700.71280537944,13673.14689324606
762,1.5990689218084002,182592.48148174392,13658.93371679276
763,1.6011633213632455,183458.2207902637,14416.813385674594
764,1.6032577776043084,184276.52438029248,13767.06043648649
765,1.6053514020964894,185336.9060302582,14481.513313706633
766,1.607445093072501,186170.63114526024,14624.919623350022
767,1.6095393086936036,186978.7670817337,12370.569329647136
768,1.6116336711357766,187872.76695072703,8621.382126873055
769,1.6137279918528686,188568.72655556368,4799.803648195691
770,1.6158221116449558,189462.3941258937,1072.4549725084769
771,1.6179176229648538,190340.20339587206,-3546.3978741114624
772,1.6200131612431772,191301.12373981273,-6513.9779998833865
773,1.6221069236192778,192030.37601326665,-11241.826610633241
774,1.6242011307622557,192857.28088906495,-14644.926055072872
775,1.6262960841945175,193677.4459779271,-18657.020127111664
776,1.6283896203498047,194676.82131762497,-23050.104628341785
777,1.6304834947928883,195504.63401169673,-27579.369052131246
778,1.632578127710653,196511.4242191405,-30160.117435296183
779,1.6346731813158608,197359.80042663528,-34699.25564062603
780,1.636767172365261,198115.0390824007,-38565.51490506421
781,1.6388603779595408,198974.11424736073,-42972.047767228
782,1.6409563605892468,199989.24451748957,-46945.898680434715
783,1.643050621284035,200911.757083025,-51061.2834814245
784,1.645144102645386,202023.07325554063,-55379.36974196915
785,1.6472395726584623,202842.3929755425,-58889.49611759926
786,1.6493331318477138,203773.01171270563,-62848.48421875948
787,1.6514277435583298,204718.50652570793,-67209.21118173237
788,1.6535225655624404,205578.52350321552,-70614.22724909274
789,1.655616100487628,206568.37311632588,-75311.74202520185
790,1.6577106071833263,207508.22961836623,-78107.66816421019
791,1.6598050724476994,208475.09962684533,-83093.74527218091
792,1.6619001395524664,209586.58599917885,-87410.08029440569
793,1.6639948642035431,210519.26352327727,-92024.09240560044
794,1.6660882997554614,211215.88822374606,-95672.37765563818
795,1.6681827329415837,212087.19353351946,-99054.85927391329
796,1.6702780557373313,213455.02797469345,-103420.3639362403
797,1.6723710846745943,214178.37348713426,-107765.1338759117
798,1.6744651718920411,215545.6040410575,-112510.64517716474
799,1.6765602044792516,216226.30009257974,-115661.09854798546
800,1.6786535596079524,217375.17855138835,-119498.90057782801
801,1.6807491745425278,218170.29740230396,-123791.19398199108
802,1.6828445761171116,219400.0937408415,-127935.82828965916
803,1.6849386388007168,220600.4056847231,-132918.84281923427
804,1.6870339476475265,221506.96831416545,-136065.3171980749
805,1.6891280758541645,222634.49067532536,-141393.11718691
806,1.691221272327691,223546.70741334063,-145003.881101916
807,1.6933141346742315,224657.26017393483,-149498.65393665162
808,1.6954090930463133,225908.3635272972,-152774.5546185385
809,1.6975047078021417,226677.06866873414,-157984.765206803
810,1.6995991246970055,227886.94401413616,-161641.9017027563
811,1.7016934918813407,228781.9572284101,-165412.51668355998
812,1.703786903721137,230058.2048459656,-170584.40415306232
813,1.7058818292953146,231118.0792874093,-174321.4811002699
814,1.7079768740006063,232433.22392420375,-179228.54643994823
815,1.710070845319196,233317.94963417677,-183055.5599887701
816,1.7121645316176712,234315.38237314887,-187122.0394498442
817,1.7142597272321454,235579.36074582714,-191827.06061201758
818,1.7163549406546734,236686.821088694,-196161.1309330094
819,1.7184482195940645,237682.86029744608,-200445.9288411012
820,1.7205423072627637,239213.46470082356,-204922.8124656094
821,1.7226374847113666,240406.84468744072,-208969.78159807285
822,1.7247323233526113,241556.4918097585,-213607.95320284594
823,1.7268266901810085,242595.9554783283,-217556.02925022072
824,1.72892134476467,243617.2623948387,-222090.91467347144
825,1.7310153629662073,244879.93374860467,-226644.51209710387
826,1.7331087353021186,245984.14370632736,-231311.6745811651
827,1.7352028820270462,247178.17781597338,-235243.31977404907
828,1.737297419510233,248471.2368382749,-240223.35568459932
829,1.7393924268721555,249823.27348959795,-244096.97493476348
830,1.7414865202316776,250980.73797350275,-249178.94692892264
831,1.7435798385311778,252170.60413539797,-253140.1263697529
832,1.7456747741592018,253138.77269458518,-258375.2296619531
833,1.7477707733578058,254602.26409368296,-262109.32767945572
834,1.7498644151299778,255882.1182274524,-266964.1386664629
835,1.7519579294274097,257179.1325704085,-271558.1087751663
836,1.754052537005875,258173.07328649506,-276147.55139729154
837,1.756146014277543,259633.5381190839,-281100.6430860801
838,1.7582399685899122,261201.51280305552,-285539.06050701847
839,1.760335124398212,262436.50134481245,-290364.16916336026
840,1.7624306374180432,263642.38434744725,-294724.7504242689
841,1.764524733445493,265003.0222502671,-299296.73153999593
842,1.7666195957988082,265958.22503360506,-303230.8324876467
843,1.7687146552767006,267322.73769849207,-308143.3817183441
844,1.7708085687106505,268856.5366743062,-313132.7693367086
845,1.7729026984403262,270327.2257121291,-318580.81949137204
846,1.7749968373222131,271661.4151455766,-322500.4608906837
847,1.7770919795414395,272803.8081268935,-327445.5982935147
848,1.7791866891650514,274536.2881424054,-332011.27337409457
849,1.7812805740714612,275731.8383197322,-337624.15109513956
850,1.7833749145944944,277246.13462467736,-341909.3747495413
851,1.7854698174814119,278467.4670815413,-346591.30815873365
852,1.7875649050000997,280293.9125541725,-351854.82743205194
853,1.7896586091751823,281745.0455197471,-357142.78438434005
854,1.7917528105223397,282913.22279159207,-361382.0079094103
855,1.7938472619734778,283938.0424327682,-366446.24215425435
856,1.7959410333998334,285913.85227192246,-371593.8673730412
857,1.7980353139963554,286950.4614261124,-375999.5634390781
858,1.8001292949050451,288434.7211360981,-381481.3348550763
859,1.8022240144636215,289968.97569339344,-385515.7015419646
860,1.8043180357006787,291866.5482320764,-391160.3256184894
861,1.8064120149556366,293049.2025962516,-397002.0659620279
862,1.808507216693214,294833.7452075628,-401488.15439827606
863,1.8106012235056632,296089.68432345864,-406688.6330250811
864,1.8126961076333348,297666.09427855903,-410682.0615272652
865,1.8147906359659112,299147.27247864695,-416384.09794232016
866,1.816885013662702,300773.84017579746,-421938.57617144973
867,1.8189799788179999,302166.173725681,-427041.62292050227
868,1.8210733357472892,303764.61153135524,-432224.6031839061
869,1.8231675363973032,305379.6143773642,-437439.9941672218
870,1.8252628639859947,307210.97977704374,-442563.2065377328
871,1.8273578690890415,308630.6705315528,-448021.9139421453
872,1.8294529153678178,310226.6099583812,-453961.3898636535
873,1.8315468366202061,311746.05924731167,-458370.6045304087
874,1.8336403420201965,313511.11303978105,-463402.64789397613
875,1.8357342642631629,315310.56354513444,-469135.6204909239
876,1.837828606636473,316755.4077605856,-474069.02459747385
877,1.8399232687279,318723.2458657006,-480023.39642664423
878,1.8420169361094605,320086.4472296574,-485552.96207266214
879,1.8441103454239045,321971.6577339153,-490705.60157836654
880,1.8462047113551943,323725.57250934426,-496985.4207944974
881,1.848300337583767,325282.8895280757,-502045.9343117954
882,1.850395118058644,327027.6653164256,-507400.436160778
883,1.8524895015648957,328464.0610132686,-512672.3631990406
884,1.85458435317291,330468.02933213994,-518891.0004053278
885,1.8566786691854407,332136.94696403726,-525468.4005704664
886,1.8587722962005393,333838.15411999373,-530243.1938935263
887,1.8608667292143481,335787.011189884,-535445.55405781
888,1.8629623979972338,337477.18631800724,-541055.9645195685
889,1.8650575007618033,339562.14603395044,-548056.7022794312
890,1.8671515757398978,340885.4471452291,-552691.2409776904
891,1.86924567270883,342846.79640650074,-558951.7285045467
892,1.8713402290883943,344764.83801079623,-564852.4697497038
893,1.8734333441485889,347024.1292388376,-571179.4883322716
894,1.8755274569663687,348518.55177338433,-575618.7204145212
895,1.8776226584010878,350493.14150024427,-582555.9151712568
896,1.8797156234954413,352515.176349906,-589040.0957194912
897,1.8818097674713492,354701.71139565064,-594629.7822815605
898,1.8839051205157094,356079.6892707136,-600931.6256326344
899,1.886000042933448,357921.4278136325,-606337.4331810129
900,1.8880949075451439,359939.4136670698,-612317.3713295525
901,1.8901881584759161,362147.7495787889,-618107.8223064104
902,1.892283217936019,364276.08719224326,-626015.9704219988
903,1.8943782680554568,365894.16150970943,-631553.2130014165
904,1.8964720473710392,367870.05313881737,-636428.8146927196
905,1.8985668668489433,370107.98475920164,-644491.6591631339
906,1.9006612809862096,372365.81202535075,-650228.9167770366
907,1.902755719587151,374221.2211493379,-656649.0581003856
908,1.904849757588545,376126.8886629819,-663127.8476776696
909,1.9069430754605277,378233.41931131826,-668319.3970136163
910,1.9090378340013505,380453.28979610774,-675799.8362364918
911,1.9111324914183263,382285.01068145916,-682847.508593006
912,1.913226965923519,384646.7158043345,-687660.2701081738
913,1.915321381331026,386527.22299558105,-694581.3610755688
914,1.9174162748437817,388707.67690743395,-701821.826784456
915,1.91951096404297,391410.9594581325,-709550.5756421353
916,1.9216039358616672,392931.7934034422,-714975.5926521999
917,1.9236986253914137,395375.3542670354,-721799.57103886
918,1.9257933066276691,397409.6832251419,-729051.1232234146
919,1.9278873651498682,399840.70451596903,-735734.8440741017
920,1.9299807661659822,401729.77442345634,-741516.3286181127
921,1.9320760482648573,404170.54116552096,-750087.6353138292
922,1.934171767524072,406773.4693252591,-755829.7105288703
923,1.9362651059315399,408514.6489844823,-763647.3336791384
924,1.938359138419254,411009.04241724004,-770303.6528728127
925,1.9404538735984294,413157.165038558,-776266.3415386134
926,1.9425479146608418,415927.3237817313,-784223.277779066
927,1.9446418189559174,417723.3301264491,-790994.7204234402
928,1.9467371502259871,420605.4512441314,-798534.222858163
929,1.9488329760684335,422602.65687050036,-805671.9742277398
930,1.9509268120448882,425348.01412211254,-813678.4732947508
931,1.953019609354344,427381.7338523625,-819354.1382953189
932,1.9551147244404972,430403.8462397907,-829112.9260895473
933,1.957209950604826,432480.536838363,-835531.951997078
934,1.9593041179655175,434685.09691769176,-842828.7838496971
935,1.9613980124620214,437842.0675196966,-852189.4566807337
936,1.9634920823781827,439773.92847754207,-857368.2953297974
937,1.9655870316775599,442394.7540285214,-865917.8321880143
938,1.9676813106463258,445247.21706608066,-873779.3993487394
939,1.9697755380711686,447440.53044327436,-881227.7604767529
940,1.9718704076888727,449856.38021189574,-887730.0382596812
941,1.9739643213778544,452959.03782898525,-896538.23741527
942,1.9760582139073395,455177.2241403238,-904300.5220607192
943,1.9781533744008393,458143.5923376378,-912659.9070263611
944,1.980249297656676,460953.1018011503,-921104.2338310754
945,1.9823436902775773,463340.0961413633,-929793.8648202929
946,1.9844363854611324,466120.0478133303,-937166.8473226858
947,1.986530057736426,468076.4756721453,-944398.2014924927
948,1.988624138262085,471210.1052745152,-952652.264129667
949,1.9907191302641989,473774.473587859,-960420.9866045214
950,1.9928140678397719,476746.598350558,-968016.0693308488
951,1.994908057158038,479251.9840328142,-975879.9918728105
952,1.9970037235567513,481446.962491421,-984306.8975885994
953,1.999098539119481,485056.4540342844,-993390.2227637761
954,2.001191245179364,488378.08795668534,-1005941.4511817037
955,2.003285465781134,490950.6631721414,-1010929.3195608727
956,2.005380090953843,493704.03026151774,-1020513.7467580356
957,2.007473757612322,497158.9848806551,-1030909.5980944035
958,2.0095674385752345,499772.7405463897,-1037956.8230390351
959,2.0116620669227445,502641.3646164746,-1047411.8685740833
960,2.0137574654124313,505135.1139371744,-1054262.9178004093
961,2.015851542299029,507973.54445966845,-1062834.455721472
962,2.017945842236743,511833.9290470856,-1075178.185391185
963,2.0200414078173843,514391.9404936881,-1081727.4845870682
964,2.0221364472105585,517264.9334824709,-1090755.9342368843
965,2.0242304661583193,521246.5906879495,-1103488.5694433565
966,2.0263241213554704,524002.25111340167,-1111804.4618398792
967,2.028418169537371,526802.8203404801,-1119381.182313114
968,2.030512126699397,530033.4842643073,-1129709.4228012033
969,2.032607257696191,533494.6837764501,-1138936.609013434
970,2.0347026748788237,535838.6494803133,-1147332.5569909455
971,2.036797432049628,540169.9010581935,-1160210.116460685
972,2.0388917803566513,543494.5719527685,-1169514.239783167
973,2.0409854404727548,545613.6968774414,-1178668.3525196537
974,2.043079158497923,548907.9874356558,-1187373.597241472
975,2.0451737042342053,552086.3971873418,-1196684.1977461786
976,2.047267957686092,555883.2314834842,-1206273.9528738307
977,2.0493625921646865,559469.556901107,-1216664.4968344746
978,2.051458159400133,562671.7201226786,-1229507.3576251732
979,2.0535521918605197,565886.8875766945,-1238797.503582483
980,2.055645062675616,569443.3377411348,-1248972.9753292224
981,2.0577393587752955,573391.5026542164,-1261661.6421221362
982,2.059834437786395,576163.2045935178,-1266947.5830209784
983,2.061928055170489,580104.2815402654,-1280990.662590917
984,2.0640226957402352,584340.607632295,-1293001.4719410737
985,2.066118258189404,586843.0818719128,-1302846.1852469798
986,2.068213196804832,590895.099257581,-1313180.5900380812
987,2.0703072818107917,594500.8755106843,-1324377.4516725393
988,2.072400931462771,597973.7532530377,-1335953.3878504038
989,2.074494103322103,601877.4664772726,-1345845.459351353
990,2.076588647294614,605464.8987718215,-1357415.0152440297
991,2.0786837571325223,608930.1935213093,-1369177.3386955238
992,2.0807786951127576,612005.6447195174,-1379415.2569053154
993,2.0828733611799306,616086.4581105721,-1389423.2988712497
994,2.0849676047315464,619748.0862676265,-1400283.0001518445
995,2.08706191167589,624382.4665423828,-1416601.951269317
996,2.0891552570733616,628442.3033852748,-1427617.690109128
997,2.0912498961643236,631890.3910730146,-1436712.9134040843
998,2.0933446561638878,635343.693793021,-1450939.7914607758
999,2.0954387435644386,638969.1999114299,-1460736.6306725224
1000,2.0975335870618825,642900.2553813903,-1473331.703993181
1001,2.099629070349723,648304.5150952244,-1487840.6900139602
1002,2.1017228492895934,651142.9661754711,-1498151.1674340377
1003,2.1038170482062775,656625.1598573563,-1514742.4164251904
1004,2.1059122372778973,659979.5649019694,-1526076.0987603182
1005,2.10800554057148,663927.2492315747,-1538936.7183501795
1006,2.110098599114947,667616.339815365,-1546602.261526521
1007,2.1121927216235163,672521.7753316074,-1566417.0666667907
1008,2.1142879182187984,676243.4171975448,-1575702.2846880388
1009,2.1163820759811065,679554.9234236109,-1587733.9029041938
1010,2.118476597123504,684949.3591933815,-1603620.1038761965
1011,2.120572077635568,688871.6661488189,-1616408.4936516802
1012,2.122666143506846,692141.2222298544,-1628282.7304324328
1013,2.12475947440395,697839.9945541865,-1642688.7171450802
1014,2.1268549228070284,702177.1322417518,-1656966.0374085098
1015,2.1289503858580807,707449.5482926052,-1673056.170340171
1016,2.131043274916299,709314.6022351362,-1681051.0049866391
1017,2.1331378502136085,715777.4676459422,-1700224.0596086963
1018,2.135233020544507,720484.179225894,-1714678.5726343074
1019,2.137327211773404,723354.0242022359,-1726104.9372521176
1020,2.1394213678417553,729120.9406823548,-1743036.274879426
1021,2.1415151935265153,732834.3930406525,-1756982.1691721762
1022,2.143609686067666,738133.1488243337,-1772352.3016635198
1023,2.1457039096890913,742268.7344325691,-1786344.842244302
1024,2.1477977892281794,747597.9652303479,-1803461.937065038
1025,2.149892773795189,752732.2349993592,-1819416.003675834
1026,2.151988207011953,756619.2471312189,-1832617.2129951841
1027,2.154083430042502,762051.0002439985,-1849065.5687180762
1028,2.1561769020273363,766265.6176186193,-1864178.803216662
1029,2.158269727638565,771574.5848051693,-1880709.557141911
1030,2.1603643338266334,776046.61852118,-1894264.979804376
1031,2.1624594611960894,781171.2328074215,-1911086.4405487878
1032,2.1645538445620423,787818.2750384709,-1932949.249635822
1033,2.166649266160557,791883.2138452497,-1945799.1739149946
1034,2.1687438965600263,796297.3660627272,-1963894.3605963339
1035,2.1708363804402464,801965.6982881012,-1979854.630722346
1036,2.17292939543057,807393.9105783057,-1998752.175673289
1037,2.1750246621139153,812108.2841738429,-2012796.9729367304
1038,2.1771189095943266,817260.8731738817,-2032957.393994515
1039,2.179212962470575,821949.4481231397,-2046235.176838595
1040,2.1813066434396426,827060.3992224517,-2063085.8542504513
1041,2.183402629792164,831753.3441410617,-2083731.190560564
1042,2.185498119455816,837442.9385790444,-2100241.5315785375
1043,2.1875916200185137,844543.4049550032,-2120773.9973328207
1044,2.189686441120868,849233.3315553345,-2139394.7633064343
1045,2.191781413276182,855676.1739563898,-2159000.441453572
1046,2.193875147711239,859689.0223239772,-2177951.6077948534
1047,2.1959686613130316,865548.6767724878,-2195928.404255564
1048,2.198063923558019,870963.3905263226,-2220073.223889068
1049,2.2001595001532226,876384.6563671337,-2234378.8207631484
1050,2.202253779153767,881699.4249080283,-2255168.5778374523
1051,2.2043460760907565,887238.5296180333,-2272502.7708516372
1052,2.206440891990371,893449.2029782906,-2293747.250684489
1053,2.2085356491852317,899762.8842686657,-2318254.5829543048
1054,2.2106277016542335,904351.8851351175,-2332688.706701685
1055,2.212721958545959,912117.4034311207,-2361410.0948978066
1056,2.2148185083900422,917192.1048273864,-2377801.9049621886
1057,2.216913061952383,923033.6422848937,-2401545.650429296
1058,2.219006160150891,928690.0767754454,-2425261.098124883
1059,2.2211007684745443,936609.4962163154,-2447660.0793089396
1060,2.2231966067711273,939157.3118588425,-2465476.626580161
1061,2.2252915180225106,948995.6389970272,-2494670.7184257484
1062,2.2273849286831946,954016.8831330311,-2518184.2605879684
1063,2.2294794057777056,960307.1613850866,-2541587.602452657
1064,2.231574082226972,966312.031826278,-2562751.856320821
1065,2.2336675726385264,971655.7699669226,-2589969.220834517
1066,2.2357616690730993,976968.8130930258,-2605834.2231765804
1067,2.237857388038379,984087.4306775697,-2637387.9572701324
1068,2.2399520699736297,991660.4438723108,-2661329.9208070743
1069,2.2420449617357057,998520.9591369671,-2690049.4388573538
1070,2.2441391380853632,1003204.2684986811,-2715538.8541946975
1071,2.2462342793770116,1010506.9740411508,-2740231.782924492
1072,2.248330004000319,1016842.7108205458,-2769213.816515677
1073,2.2504234986669656,1022041.0714456738,-2789602.485896838
1074,2.2525166459790467,1030593.9483360356,-2826829.1897104937
1075,2.254612702557845,1035857.3629177533,-2850704.7543614847
1076,2.2567074239010356,1043403.1640519939,-2879954.880105606
1077,2.25879926569608,1049383.7567940892,-2907471.6022767476
1078,2.2608934332232278,1057508.9050264524,-2936966.4413456335
1079,2.2629890832862967,1060435.8497991865,-2960711.6223152387
1080,2.2650815906481947,1068351.828498678,-2989824.034763682
1081,2.26717631551426,1076539.392000895,-3028280.7966282605
1082,2.2692717091510235,1084438.688630575,-3060899.0340400604
1083,2.2713660430599174,1089043.2714432208,-3084789.024210415
1084,2.273460830916725,1097575.8691373998,-3128650.580777192
1085,2.2755552510450507,1105240.3957814248,-3161596.8740436626
1086,2.2776502981151867,1111278.2406461271,-3189116.106672086
1087,2.2797428242388995,1117281.3471356635,-3217200.0774760894
1088,2.281836092329788,1124210.972618347,-3250703.5087978886
1089,2.283933556285596,1131388.920605056,-3280067.696669882
1090,2.286028868050817,1138996.3645857703,-3312980.474884697
1091,2.2881212248812486,1147217.5610788336,-3346750.419016594
1092,2.290215014848569,1157146.875775222,-3383371.052635784
1093,2.292310229911211,1161341.9349720462,-3407208.7630338864
1094,2.2944051456334345,1170819.3482799085,-3445256.3903685594
1095,2.2964983471898495,1175656.3879889136,-3467646.96306124
1096,2.2985921024349003,1185938.3391449624,-3508918.4345761104
1097,2.3006888643809247,1192762.026021542,-3532247.010610324
1098,2.302783634096356,1203333.3995713226,-3574157.7318804367
1099,2.3048756698218886,1209403.9985416604,-3603319.39509403
1100,2.3069695720010412,1217395.9252022807,-3635860.2169901095
1101,2.3090651112173397,1225408.971454304,-3669654.642573747
1102,2.311158495429861,1236054.5888539783,-3705491.059930094
1103,2.3132509513768182,1241498.599859748,-3733383.1922906307
1104,2.31534766594442,1249281.348190411,-3767616.286877592
1105,2.3174438092641236,1259190.5746132317,-3804570.228865999
1106,2.3195366518474128,1266801.6007539297,-3835303.0669917553
1107,2.321631141204296,1277410.4781790143,-3873223.5466732597
1108,2.323727832694395,1287949.6711117444,-3913756.127324376
1109,2.3258211826493147,1294140.0440096308,-3939860.4738133484
1110,2.3279133966950116,1302706.3665157142,-3972402.5745004322
1111,2.330008120458155,1311803.2533330575,-4010445.0351081355
1112,2.332103956675321,1320594.9711669981,-4048238.0896069147
1113,2.334197579452735,1327857.2026876444,-4075161.314996963
1114,2.336290017181209,1338715.3782977702,-4118250.401762219
1115,2.338385505091734,1345329.2394913286,-4147390.603475487
1116,2.340480189114194,1354564.2001942508,-4185162.326433132
1117,2.342573391055059,1366221.6698012492,-4226894.183382935
1118,2.344667848677038,1374096.0340364263,-4255527.682729829
1119,2.3467629878884537,1385194.898944168,-4300038.826539134
1120,2.348858220839854,1391519.766526344,-4328204.330347756
1121,2.35095250082758,1404278.0247336575,-4371483.207476566
1122,2.3530449396760944,1410773.9907559385,-4400080.119103078
1123,2.355141499104623,1422475.294994637,-4445573.933841742
1124,2.3572378412451434,1430759.7272543032,-4479398.898094453
1125,2.3593294861259198,1441172.4179725712,-4513425.2925039735
1126,2.3614224992004984,1453414.010330048,-4564057.625807156
1127,2.363517948981548,1456419.583177687,-4581144.614291267
1128,2.3656139136423477,1474792.3623005252,-4645518.239770869
1129,2.367706660383537,1481141.0585238736,-4669870.097892148
1130,2.3698014470222093,1495747.1686045576,-4725848.582253953
1131,2.3718977582075165,1505722.7409240997,-4761612.283522741
1132,2.3739899214574836,1514403.9230557352,-4797097.924724259
1133,2.3760825194215927,1524201.140672741,-4835494.958750572
1134,2.378179070039863,1533245.6860004235,-4870747.2111963285
1135,2.380273759058959,1544215.5653154433,-4913277.725818586
1136,2.382365673610318,1558239.8094616088,-4964460.629558038
1137,2.3844604460166168,1567897.150247313,-5004449.719187813
1138,2.3865571190304595,1581992.453404373,-5053017.475668
1139,2.3886520978255446,1591053.4167564274,-5088978.638656006
1140,2.3907442891236066,1599274.6195330909,-5121931.064235434
1141,2.3928386457990913,1610281.9728545372,-5164903.473384741
1142,2.394934562690242,1622735.391588112,-5210407.360564981
1143,2.397029599690107,1643347.077766632,-5285872.786450782
1144,2.3991222591305954,1644229.0818306953,-5291898.642201468
1145,2.401217024080888,1661214.1611023864,-5359474.957189088
1146,2.403314513026698,1668413.5745967354,-5385241.185468328
1147,2.4054081911284184,1681986.1611999841,-5435801.422763574
1148,2.4075011183217048,1696445.5893829227,-5490045.924337671
1149,2.4095960074264258,1706823.255888462,-5529867.274641285
1150,2.4116926326559978,1716531.3241716747,-5567624.619604216
1151,2.41378425055939,1728534.474791465,-5614139.088123062
1152,2.415877382497087,1742516.7003407383,-5664477.792177782
1153,2.4179783678062123,1755824.206565909,-5716295.719372837
1154,2.4200733739460714,1768905.4619514944,-5761540.982972978
1155,2.422162501290004,1783010.0193031174,-5815461.6443037065
1156,2.424257158180454,1793867.3857215096,-5855814.760963029
1157,2.426355368807169,1809149.3988202151,-5911214.532480449
1158,2.4284477900186845,1818058.0298185523,-5946349.0968330465
1159,2.43053883847394,1830308.118632949,-5990985.271190548
1160,2.4326356353293934,1850561.4582944287,-6064691.52167766
1161,2.434732612021302,1863213.9370641236,-6113203.225144599
1162,2.4368252927922227,1874718.5264957985,-6151275.225088476
1163,2.43891890863681,1892944.7196804397,-6224480.902401482
1164,2.441014895314609,1903165.535216008,-6267983.766100297
1165,2.4431105244568765,1913433.51599546,-6303141.570250118
1166,2.4452031167440684,1932347.9449339674,-6371374.182325244
1167,2.4472938786799143,1945972.6618866508,-6426978.198235642
1168,2.4493915902413868,1953504.882205787,-6454144.813398013
1169,2.4514877943094935,1976968.290316272,-6538537.89621353
1170,2.4535774837073663,1987499.1304558981,-6578190.074465892
1171,2.4556717453467782,1998628.6753102585,-6622654.1386928065
1172,2.457770725968573,2020553.7996828533,-6698634.318253381
1173,2.459865450868259,2032071.141630901,-6746220.489904684
1174,2.461954843714291,2049206.4152887287,-6807387.560260742
1175,2.464051305962942,2059662.420203974,-6848999.707647015
1176,2.4661493201186655,2081307.8760484972,-6927425.434218093
1177,2.468239991051035,2100602.0857416596,-6995323.988610161
1178,2.4703335941159144,2109032.9597615767,-7030835.757977484
1179,2.472432426226094,2120951.911680471,-7074767.772836544
1180,2.47452690434623,2145293.340662987,-7160518.907814542
1181,2.476615373809059,2160328.147631614,-7216137.475494128
1182,2.478710457672189,2169426.600055833,-7255058.354592158
1183,2.48080966574444,2185928.1041468647,-7317351.364978749
1184,2.48290090100287,2207723.928858317,-7392806.69587819
1185,2.4849923340191187,2218425.3959823507,-7432696.318686761
1186,2.4870897130294636,2244576.474894712,-7527152.1498869555
1187,2.4891862386660164,2252692.326872597,-7565518.718862231
1188,2.491278235985619,2277992.9995659054,-7651205.311762866
1189,2.4933690456944357,2299602.761398974,-7724747.612370596
1190,2.495466543397291,2300801.0735993017,-7741959.56336058
1191,2.497563830960505,2327014.117549456,-7832129.029532891
1192,2.499654519205421,2336826.0410281783,-7866978.00575158
1193,2.5017479497353943,2358528.8194225547,-7953907.743266507
1194,2.5038480054516667,2378948.0552546345,-8022851.514562001
1195,2.505943433921919,2388380.651254417,-8059949.111606679
1196,2.5080284861327207,2419895.411955176,-8171862.432748715
1197,2.510123955773609,2435351.74576117,-8230349.670195128
1198,2.5122261646694253,2453749.7314649406,-8302260.671536859
1199,2.5143177674343575,2462421.317784275,-8326798.884909911
1200,2.516405803072155,2480912.510342032,-8404610.936323324
1201,2.5185026929964116,2505185.498285867,-8490308.177593166
1202,2.5206041831245063,2517972.1979622142,-8534270.295877056
1203,2.5226964757648327,2552542.7885211767,-8654359.214091916
1204,2.5247869961159406,2564749.202850099,-8702309.457703242
1205,2.5268843920051487,2579683.5950056394,-8765115.979484491
1206,2.528980483597168,2606917.968654419,-8863641.36684437
1207,2.5310684597394695,2610294.392124335,-8877241.316199759
1208,2.533161718042206,2651191.5616368516,-9027293.682998803
1209,2.53526488574662,2666680.492254978,-9075687.761198672
1210,2.5373603920777454,2692336.5528835505,-9171728.503422942
1211,2.539445749963502,2706870.9414304923,-9225001.319539044
1212,2.5415417180131348,2723811.6316470876,-9288935.144815944
1213,2.5436457679371425,2741055.283959521,-9351869.772664623
1214,2.545736808475733,2778638.5572025324,-9483386.016102346
1215,2.5478233832874237,2787125.997227413,-9516920.570298776
1216,2.54992085584226,2810356.4880302204,-9603460.08619658
1217,2.5520207655356866,2830557.5874278806,-9675191.028177517
1218,2.5541098448110064,2848712.026740432,-9742493.13363065
1219,2.5562002600365847,2864315.397482847,-9796603.235762961
1220,2.558305455724291,2906131.59011765,-9943919.787434649
1221,2.5604026511470312,2929488.2193387058,-10035576.442802392
1222,2.5624826414852553,2942111.153757871,-10078044.245654425
1223,2.564574391949512,2956472.0176802035,-10136942.7881269
1224,2.5666808497683498,2984446.1318668695,-10242599.073351162
1225,2.5687773451615423,3034723.5311108404,-10419853.546279311
1226,2.5708608935170316,3037700.0678988704,-10429220.795568135
1227,2.5729575952355885,3062555.1603863626,-10516416.732525527
1228,2.575060651513359,3088226.5931214946,-10611086.299750468
1229,2.577148431575012,3109397.731706184,-10687545.506925808
1230,2.5792346077561192,3165127.5261162743,-10881987.489321403
1231,2.5813352493894732,3162870.567335543,-10875089.520194985
1232,2.5834369526956515,3183118.803999434,-10957841.2534456
1233,2.5855218346006232,3220504.593311433,-11084524.886230463
1234,2.587610713900489,3244846.604003213,-11171865.42092671
1235,2.5897186990593415,3288550.3741174256,-11329785.535950098
1236,2.5918181690667126,3279990.3150083213,-11303893.270863399
1237,2.5938985009385314,3318858.3041085782,-11440927.44852026
1238,2.5959901966325076,3362426.2967160568,-11596577.219237404
1239,2.5980970827886534,3365689.734834451,-11610159.692887522
1240,2.6001911974764487,3401730.560657597,-11739321.692697344
1241,2.6022734575046016,3446214.4973658863,-11898070.293544818
1242,2.604374761438423,3479844.1364482404,-12021725.87600803
1243,2.606480077670044,3507753.732979902,-12123031.042837095
1244,2.6085618800169397,3529495.211680082,-12196917.622684432
1245,2.610646200048581,3526914.4720012303,-12198113.088029834
1246,2.6127580952497533,3590696.8949380415,-12417862.98892896
1247,2.6148609257992828,3597171.605340272,-12440750.465263575
1248,2.616933454172155,3624614.225115212,-12540228.216580076
1249,2.619020659870304,3662582.154600091,-12688590.454148158
1250,2.6211346279669097,3694315.355741087,-12799843.346379379
1251,2.623236503452788,3728943.123281985,-12916053.356924804
1252,2.6253090562225565,3746121.619483764,-12980742.262162454
1253,2.6274000701334055,3802277.630037718,-13186585.687608978
1254,2.629513118467727,3807503.006560072,-13203768.61827998
1255,2.631604301330356,3854249.739846828,-13365132.052979555
1256,2.633685254021577,3898084.616926731,-13523961.556369863
1257,2.6357889797673804,3895688.3013071055,-13514273.090763235
1258,2.637895874321367,3962541.6096833884,-13744136.108303413
1259,2.6399747081141895,3964640.3421772677,-13769292.788138876
1260,2.6420591747927733,4017475.8425204614,-13953865.977017473
1261,2.6441764666284318,4045635.1036480144,-14059056.06487715
1262,2.6462775406423154,4076612.8445091685,-14166485.035992682
1263,2.6483402943393326,4121124.218858465,-14315733.75638662
1264,2.650428729148096,4145187.2576954816,-14409581.16896237
1265,2.652562718674548,4215425.842062424,-14656285.248359842
1266,2.654664088292312,4233809.813750664,-14722443.178226393
1267,2.656712651557163,4231575.555452802,-14716771.915037686
1268,2.6588106765908748,4275412.712896493,-14868465.844023759
1269,2.6609452450324915,4296698.332996929,-14949433.356986756
1270,2.663032290426174,4354468.55686435,-15146722.686452154
1271,2.6650914877184944,4377607.657145074,-15240929.795502989
1272,2.6671986225603375,4451936.567699413,-15498507.009191701
1273,2.6693218160411916,4451009.466403434,-15497022.027583677
1274,2.6714003686163363,4549267.995806591,-15842828.887514848
1275,2.673473653710363,4564208.611332448,-15901108.902354382
1276,2.675588689124729,4597640.030685254,-16022407.302498536
1277,2.6776964003773744,4626586.280186635,-16119471.069817604
1278,2.6797534796790945,4657218.900254275,-16229623.939122057
1279,2.681845016836506,4720263.444843968,-16459546.003865128
1280,2.6839785543392702,4702734.239674713,-16392791.286592588
1281,2.6860638705482365,4797249.477456781,-16731997.15287972
1282,2.688115580192901,4810226.135943579,-16774201.076241558
1283,2.6902421071216107,4847017.469814763,-16911298.88682026
1284,2.6923784453538007,4898057.500923004,-17082530.514821455
1285,2.6944235266222867,4918437.992840186,-17165012.17524839
1286,2.6964818302236213,4969408.675239836,-17345309.503535736
1287,2.698646249049189,5024126.622169126,-17537073.166978184
1288,2.7007725953070936,5079322.167534643,-17730921.00869641
1289,2.7027692368507834,5095523.2017576145,-17789388.026072383
1290,2.7048443440936585,5214342.268112279,-18198792.978625093
1291,2.7070515904059915,5221873.686351439,-18235802.545248207
1292,2.7091632832728005,5212855.283421237,-18201887.01483354
1293,2.7110832098570423,5266470.982797253,-18395573.93665739
1294,2.713194248534394,5303727.031216084,-18534074.424493123
1295,2.7154564422347596,5388685.17129067,-18819705.92970039
1296,2.7175455830902693,5395620.608217668,-18852833.479434397
1297,2.7194409477796717,5397799.38038143,-18868528.41018977
1298,2.72159410281056,5487409.245188509,-19184235.357579432
1299,2.723868494276683,5629731.814602118,-19677049.78511226
1300,2.725905473691433,5571864.604089265,-19481492.200096488
1301,2.7277938720843573,5559656.060648268,-19426535.55863871
1302,2.730005424734083,5767991.764622144,-20161179.216479022
1303,2.7322910595910366,5767479.62481163,-20171305.849125627
1304,2.7342323934891035,5704908.620435873,-19944988.444726158
1305,2.7361123669415965,5685659.221575927,-19878240.051573213
1306,2.73841292247591,5736353.09814813,-20069947.03094044
1307,2.7407262152838343,6003390.960670901,-21001479.84605657
1308,2.7424923562337074,5789193.6151460335,-20244096.935127478
1309,2.7444202272828333,6040316.987091699,-21122792.126147166
1310,2.7468188489948773,6120090.672619205,-21411669.795969453
1311,2.7491571251284848,6243986.03070829,-21851583.533378843
1312,2.7509012180135843,6172139.374025099,-21589655.26282685
1313,2.7528220566885997,6215541.6571935,-21744670.997783665
1314,2.7552245852341666,6124011.148510717,-21426511.26754225
1315,2.7575799064734774,6651462.7684382545,-23274788.869307492
1316,2.7593246433872425,6469788.232389559,-22653976.17273443
1317,2.761234187120032,6666241.455711316,-23321175.28322793
1318,2.7636390504715083,6389118.48427868,-22361541.18805628
1319,2.765948826576436,6686287.242553634,-23400961.397154726
1320,2.7676191435751902,6980232.824176422,-24429919.13596122
1321,2.769651838220211,6919206.075196513,-24207738.360196672
1322,2.772055945845228,7132937.262939585,-24968613.904202513
1323,2.7739175955497957,6312236.122943338,-22096310.079197105
1324,2.775657495525559,6767663.646757454,-23689137.34688395
1325,2.7780509401576134,6350236.549069866,-22223410.029436443
1326,2.7804282678176238,6463723.017074875,-22626712.807442777
1327,2.7823699672164355,6963546.089834078,-24372598.680434827
1328,2.7838806433920418,6084301.7745920755,-21290717.14743338
1329,2.7859958234637583,5877625.952803606,-20571690.834812623
