,k,Pk0,Pk2
0,0.0029665470748989845,1731.1759144200644,-1168.037621450995
1,0.005026374055021859,6565.670071172051,659.4881110040368
2,0.007149300621522788,9086.590765105173,90.64724266755383
3,0.009278869254964255,8969.121890369193,741.4820638411056
4,0.011450332619344701,11589.20864673942,-2160.634389041211
5,0.013492955871419151,12149.97170780253,-596.1463244778708
6,0.01558905561191893,14425.218753939907,3058.6207475632705
7,0.017694083672553172,14712.81002067353,-1732.6875635150682
8,0.019817874803135297,13954.574821509881,-1706.3889055067575
9,0.02192074938196264,15614.82295246849,-2019.072157790423
10,0.02398877635566245,14237.799556906,-886.7554024945747
11,0.026092869718961156,14185.13716033147,-3913.6237713022647
12,0.028234663152781798,13420.62567037622,1324.2349386730675
13,0.03032284873509123,12505.349497172156,19.30870319858553
14,0.03240263258943404,13208.9031670635,242.3957807581405
15,0.03449210129864554,12128.784350012713,-533.2233027978085
16,0.03658588147515197,11180.208137863758,-687.4794696811565
17,0.038684769492669774,10680.507032219699,442.12278767034496
18,0.040788988884582836,10795.339937012623,-141.8680493043555
19,0.04289390876967646,10010.679033901804,-404.60186617934437
20,0.04498336005546935,9615.491069192358,1365.8370721622343
21,0.047064985294738244,9310.537372246401,26.576789904362233
22,0.04917111919158227,8974.730115675413,-361.2727301046786
23,0.051262169141742274,8726.686444706489,-541.5546221733363
24,0.05335525146837034,8211.317399191386,512.4826296871277
25,0.05546637228956934,8206.95768247125,-409.8067120468012
26,0.057573188192548086,7924.853988085289,-465.6528391598377
27,0.05965884044590281,7777.883899306039,-82.81219043437041
28,0.061745123021595065,7568.718456797839,-432.5184475567337
29,0.0638268929113719,7609.20448689184,-54.042024381899076
30,0.06592966228838451,7163.846315971164,-266.5129743842771
31,0.06803125784825748,7066.116054854517,-354.2426200396101
32,0.07013131008699486,7171.914861351738,356.11659080479166
33,0.07223032366074338,6952.714974606448,10.264314238412426
34,0.07432334270720506,6801.6239778364425,-306.80153399708723
35,0.07642066756954473,6613.278843674144,-45.40988698572915
36,0.07850471694556041,6528.274400251014,500.5267150037989
37,0.08059701946059529,6364.786503058649,90.85836422631775
38,0.08269521798132064,6170.674117830456,2.3899127969279594
39,0.08478307522909848,6053.861005632482,-286.9120903106169
40,0.08687780839616016,5866.105975402691,56.88677160857002
41,0.08897524569656534,5766.593998605211,244.91870059552195
42,0.09108077810470518,5557.215402888308,17.20615759076128
43,0.09318432266948053,5369.5234021888,379.1643105938034
44,0.0952788764104831,5138.317866880831,-10.036348792234731
45,0.09736254237981037,4900.066751628864,221.96863958070074
46,0.09944832814799408,4796.167821138838,1.2522622300956723
47,0.1015460879802399,4624.513385055718,-235.20606013490823
48,0.10364263756677322,4482.781943992586,-132.31726280926435
49,0.10573893905394659,4287.286431910608,-37.33046018198377
50,0.10783958559814742,4209.437860457518,-1.017532781819157
51,0.10993894058501318,4064.582606881264,59.99508504031342
52,0.11203921431523854,3938.848861092037,119.99008804461147
53,0.11412334585697578,3851.188978756941,-41.28866819346964
54,0.1162159397555423,3774.585261926491,-31.96733006611531
55,0.11831372048037725,3646.318534797082,-71.43733692923364
56,0.12039723118070132,3634.0170842488583,85.53215065161353
57,0.12249223631878574,3520.678772110522,-41.442550983971955
58,0.12458825984258635,3476.935431206705,-11.68322438002457
59,0.12668846771583772,3445.1443959027256,-78.01411665752134
60,0.1287846620419941,3418.2755549707126,160.72128479057443
61,0.13087133937881498,3398.908044543391,22.45363536647489
62,0.13297548334406448,3308.5045164448907,47.31870383878315
63,0.13506910815256093,3265.6932558336784,-75.51505200092348
64,0.13716388258568254,3261.715543613075,67.6450106850668
65,0.13926047573721634,3244.409706214816,-32.488311731656346
66,0.14134668829083769,3163.471236541575,48.74239822054547
67,0.1434475230090064,3116.049469092193,56.05479730084853
68,0.14554528534185418,3086.839663995291,-2.281182778522464
69,0.14763320610735878,3064.8554013217636,47.358563643244445
70,0.14972114728432864,2961.4336658186753,3.3560702915288725
71,0.15181380487515775,2913.1572772140157,45.20775241130681
72,0.15392114901003526,2881.1205618324084,86.1047012814412
73,0.15602147473412367,2801.2114962454366,61.393195490103466
74,0.15811617475881218,2769.5776514720606,-57.153714661376966
75,0.16021187122717997,2697.4136835360814,103.61157391984119
76,0.1623006419462899,2645.766391163459,32.59587198346585
77,0.1643899033199985,2577.810096037535,18.6766483513765
78,0.16648355823815117,2515.897047008104,-6.573457939460977
79,0.16857196837784735,2477.6556401693997,63.57144707161982
80,0.17066413320893647,2448.982926025748,13.422150286525424
81,0.17277086992561352,2378.705539238192,-4.654770032875637
82,0.17486965460096995,2332.2421095005525,84.96744962605818
83,0.17695857694944453,2288.9561700043528,-25.86335779975942
84,0.17905245093155753,2233.604070501434,54.19722031891308
85,0.18115265212612636,2213.0640432545315,79.78917842056151
86,0.1832476884130739,2188.855196762955,27.52957692730764
87,0.1853312475833926,2142.847766868161,55.243151860079806
88,0.1874284892203219,2129.1989528474314,23.039870988065147
89,0.1895337179075755,2094.8868076648764,42.9155231428116
90,0.1916268196474026,2072.719485771332,76.39994709146744
91,0.1937183403446853,2043.5072293381807,97.30157769528175
92,0.1958131498886989,1999.8897163358686,28.311527832274955
93,0.19790587400989662,2001.4499057069204,70.30660626203688
94,0.19999906515978938,1964.1526737205572,45.458747793663164
95,0.2020893038374759,1938.4490230531983,29.95615232751532
96,0.2041823192148178,1937.6692238771006,34.520103253877274
97,0.2062825911013838,1907.9909570470347,32.30415189847598
98,0.20837701891459662,1901.5364695191427,51.973268560588366
99,0.21046758167944032,1886.44578832508,28.1717731430302
100,0.21256678542440183,1865.1112679333016,67.13659483221853
101,0.2146619261104852,1825.9823057266499,34.33565357949395
102,0.21675618057220372,1818.0392915439666,52.554277902425234
103,0.2188528705899679,1803.578738425888,33.94045276315204
104,0.22094564274530842,1777.8079894317818,63.88087168592849
105,0.2230395148320731,1760.5061733890973,62.78905726845143
106,0.22513567328585352,1732.0593091576134,30.346900326365315
107,0.22722785048644015,1709.4186573070451,91.48154360080702
108,0.22931975112872324,1697.4674561237678,25.155214396452898
109,0.23141147723465103,1649.3122435251644,62.16872922938973
110,0.23350584674782457,1647.2195226428844,52.2321868166501
111,0.23560416522029054,1631.1459014798254,40.2616543653243
112,0.2377006336558307,1594.2817962759364,26.97121501480198
113,0.23979727503904752,1594.7031225126161,95.25608827824321
114,0.2418944602532704,1572.1066669536417,56.45884978113429
115,0.2439884227569783,1542.5122576969263,28.936710305124574
116,0.24608359968283072,1526.3938183080218,56.17151038996168
117,0.24817552807053123,1505.4958768358022,70.78741084465078
118,0.25026237006475704,1492.8132251424136,99.00028716767103
119,0.25235861551053484,1475.39483897912,45.84872786607393
120,0.25445470778669854,1466.4645026294402,48.90168959270201
121,0.2565487653287422,1452.6288689150385,69.16696453073162
122,0.2586464955058471,1431.5718095311126,34.82068720458877
123,0.2607443047329862,1421.335269688015,77.73656613587605
124,0.26284383121734134,1413.4348390280497,53.764646432145476
125,0.264929885565984,1396.2685580453494,75.9096227843435
126,0.2670163698864118,1375.8317718782152,38.164982343812014
127,0.269112135390912,1373.6731243377983,32.605686376456546
128,0.27120764961246213,1367.0136927652452,66.5970017400454
129,0.27330509996536784,1351.6240946522248,47.34048069478195
130,0.27539842121309294,1332.8244364421437,33.11710856866648
131,0.27749656900268016,1326.8697474063881,64.71722167221454
132,0.27959864364035925,1315.94409745185,38.336726177461735
133,0.2816878213234348,1299.4292106307696,60.8742131442758
134,0.28377609558542155,1295.0558636174235,35.964282713906094
135,0.2858732754634003,1282.5434270833766,35.45228478962878
136,0.28796861590208045,1269.33193076832,57.13944976358497
137,0.2900612915162532,1258.739063965359,60.09402811063845
138,0.2921547032025089,1244.1431244146574,78.22770394619339
139,0.2942501291133245,1237.3896348661249,57.78309027211618
140,0.2963444256131289,1229.9036452170353,86.79079102094306
141,0.2984361415704375,1223.1022366448788,51.41265645377913
142,0.3005318840555698,1210.0806825977088,48.914497701140206
143,0.30262777760316095,1196.2902192958863,72.13021105112892
144,0.3047248035439954,1189.3581836503852,56.99078696180708
145,0.3068210272572538,1177.8838510742235,47.08520307239817
146,0.3089144805088237,1169.8115137552854,59.51748868339769
147,0.31101080657849756,1159.1440513840248,45.392493550001184
148,0.31310885951912926,1149.3649163146185,46.66912616417368
149,0.3151991603466065,1143.8320107230154,61.639098871042606
150,0.317288667284839,1133.718753871166,49.58238618299402
151,0.31938044185106124,1122.6145288061723,55.30688468391731
152,0.3214783648369702,1108.3595371398208,61.74425516203176
153,0.3235785211189416,1110.560609428237,42.086014030985886
154,0.32566935894833426,1096.3205526980573,58.43529881710087
155,0.32776077751211374,1087.2948799005496,57.175672312063746
156,0.3298523230655558,1083.0318283618767,60.23662568327219
157,0.3319485433973702,1074.3060556120563,61.03426239397876
158,0.33404540358127904,1065.3397145404635,50.10379198913849
159,0.33613494177837844,1062.4181253906715,45.38276919114266
160,0.3382313832787478,1054.1279606919898,61.762542930643846
161,0.3403308518124324,1042.7691717082644,40.45271506339262
162,0.3424246601457981,1035.2938845584076,61.111789974471726
163,0.3445197272986724,1029.8287453818855,37.813287833111524
164,0.3466158524641983,1026.7135513155442,46.34526785523634
165,0.3487089916477683,1016.7999761619363,58.19873824765895
166,0.35080114560367615,1009.3646922712901,41.08834168022998
167,0.35289356821720286,1002.274587245472,63.11703628323239
168,0.3549881110219297,995.1443932231871,44.15560810551285
169,0.35708559248027844,989.0740318142111,50.114053533476515
170,0.3591813496003593,984.6659556862603,50.837104950041166
171,0.3612749400626811,980.118830792669,62.08059522724243
172,0.3633693413142722,974.0937103823018,45.86093718823868
173,0.3654632219855477,965.4529207303926,54.909182511258244
174,0.3675603773529471,958.1851630974669,55.10070994477849
175,0.36965434919829326,950.6037641839903,49.3955082854174
176,0.3717418094879197,947.6725566039873,49.170982966918515
177,0.37383404253825586,940.9870617469413,52.42175628997814
178,0.3759308579415973,936.53183770142,50.56006766770822
179,0.37802985088946095,931.5953093226445,56.91948757106872
180,0.3801213498834686,922.7905533623035,39.52438895708061
181,0.38221306010699313,919.886638123362,44.51780367119929
182,0.3843141376638833,918.2002294958546,50.92609280322494
183,0.3864096355836929,910.6045378730299,47.4769288715349
184,0.388502907295756,900.2066696406151,45.29733006723091
185,0.39059769208540335,899.6916869744216,46.38478605661982
186,0.3926958121232196,894.5138225201727,51.820501556961375
187,0.39478921808384226,886.9358691019238,51.47053751420733
188,0.39687821409975554,880.9948183993391,49.3993232152298
189,0.39897073627813356,877.8204516320967,61.130498371740195
190,0.401067192451382,874.446597548009,50.809491626332466
191,0.40316228148056854,873.611082312999,52.868947390093325
192,0.4052546340249366,865.589356482666,48.21607388687239
193,0.4073499183903822,860.4696431801161,49.58734015573543
194,0.4094468722071623,854.4036117333687,37.54975895101118
195,0.41154432885897757,851.7269049833776,40.01255288785481
196,0.41363408239228544,846.058580036422,51.918890800154095
197,0.41572494638156243,837.4884350349664,41.8470387676393
198,0.41782181997781404,838.0765683966536,49.45991123096572
199,0.4199166506307261,835.1735974952896,45.42808805902989
200,0.4220107143757513,828.653807254948,47.912678533795464
201,0.42410542949066876,825.315258745676,46.77371557545885
202,0.4262013850195404,818.2797551499998,46.26484253247244
203,0.4282955296445312,814.6464195429724,53.03441059221945
204,0.430391806688861,811.7537425013735,43.445028950936354
205,0.432488575457924,808.1170746394229,46.80254089141926
206,0.4345806090039814,804.6379508676798,49.186258861785014
207,0.43667244097425384,801.0044830247202,43.93825665475437
208,0.4387671492209622,795.1707727920151,36.86725398825819
209,0.4408622534544343,791.6712243303684,47.39592212357233
210,0.44295516415095815,789.0667448636865,45.910482646844635
211,0.4450482683181851,784.9791832816135,53.023896106899045
212,0.44714683875742495,780.758980263743,44.23979612873218
213,0.44924362280569813,776.996174800803,50.01885433155633
214,0.4513338633316258,776.7650202332995,56.23706976180716
215,0.45342753643259276,770.3640667120064,51.684805861478836
216,0.45552189548586586,766.0148032635086,46.21279566679822
217,0.45761716616081083,764.6582832899993,50.28897656229914
218,0.4597117909764672,761.0274723482969,48.08399323434121
219,0.4618031890496857,757.3893447706234,39.526679377428216
220,0.4638995470730997,753.6411995101455,49.47107934218712
221,0.4659948171464902,752.7833191042104,44.360160782984536
222,0.46808929446972725,747.7293811617034,48.34690433006823
223,0.47018492649495636,742.840698479638,48.45421521635654
224,0.4722792778491551,740.5813814446376,53.66644051128995
225,0.47437272572904565,736.5205359280711,51.979035455944455
226,0.47646593372141327,734.8262389157986,44.66485006113907
227,0.47856230727426236,729.0893150367503,46.87185366242986
228,0.48065904058976644,727.0550425577709,48.64979671586833
229,0.4827512226177774,725.0772720462334,50.92970465472631
230,0.4848441163240575,723.1199453579686,47.39889481868257
231,0.4869397730506266,718.6241581069033,38.87993904006314
232,0.48903678813400875,718.3147033340724,44.728408943663524
233,0.49113096964965397,711.2210543789106,49.27464667591715
234,0.49322332174786626,709.9849742953768,48.418304628586306
235,0.4953187148676145,706.977304429512,40.09108317690798
236,0.49741120358770496,706.6301613348544,41.669089434754994
237,0.49950082345999325,703.0040758947194,50.982863893792675
238,0.5015952506837275,698.0208132604316,42.93177979418954
239,0.5036919972981919,696.6378927140279,44.55596348860381
240,0.5057872116617207,693.5267769928106,55.86007415837912
241,0.5078828569897101,692.5537743857255,52.2263857806387
242,0.5099793452386306,686.4897691451679,47.88025551697808
243,0.5120767256379639,686.1621749712518,46.488206037824746
244,0.5141702395931294,684.1064683710073,49.84353510879637
245,0.51626132102766,681.4669139503798,46.865607861102
246,0.5183576899265504,679.2947389148608,42.27531258020814
247,0.5204524416424112,677.0982686501835,54.21144108662037
248,0.5225430403510469,673.6421693666929,43.285844253626465
249,0.5246378991347941,672.3550861215087,49.86596729487058
250,0.5267345150769579,668.2660983656115,47.37415463945769
251,0.5288284644781793,665.7821797105804,50.71941098619333
252,0.5309200047543352,661.4547098505647,43.9284006664216
253,0.5330154787982235,663.0070928565368,50.02372614397185
254,0.5351140455458262,659.1170360444568,52.1684113686541
255,0.5372066203065362,657.6236143364955,44.13795249682782
256,0.5392991990272246,653.9168727232018,55.121916630152235
257,0.5413944118270408,654.1441729617338,44.51828849093521
258,0.5434881995106379,650.6485490081944,55.23378040726158
259,0.5455829952492127,648.4231596652348,48.62126951314168
260,0.5476769745662954,645.3126237164577,48.67700397823449
261,0.5497697255495043,643.4041235602642,51.996529909427274
262,0.5518645446467839,641.9682266604098,47.24774158809937
263,0.5539598571350287,640.2777564784885,56.13810246520677
264,0.5560564538950566,638.0610884762856,45.58569542623464
265,0.5581500505101624,636.772442380306,61.00553319605407
266,0.5602409063261653,634.4682030294265,52.38769286882247
267,0.5623379637803174,632.0041152592913,50.061697046109295
268,0.5644363283026402,629.7558914292265,49.60045336281151
269,0.5665273824761494,626.836985665763,49.44470733765605
270,0.568621249018378,628.3219017766668,51.993746782246994
271,0.5707181447612965,624.1323536295439,50.760877180873244
272,0.5728127938597997,624.5053579909575,50.908902716865015
273,0.5749070881546879,620.519170693581,51.89939615513875
274,0.5769991470923068,620.3762155635882,53.38537532845908
275,0.5790956911760897,617.4967013571838,50.11725339005135
276,0.5811893306261757,615.5002065624583,59.95101147015885
277,0.5832802267374103,616.5381917990634,51.709792631787685
278,0.5853761830306536,611.9016063209261,59.98656419755243
279,0.5874711784415975,609.803250638001,58.1268422195052
280,0.5895653958899879,609.1166878340982,56.69043960334618
281,0.591659786459685,606.6923859122772,59.103331085039294
282,0.5937551851921442,605.1576511445512,56.973463201946196
283,0.5958498092767481,603.025906448641,55.67570908542888
284,0.5979447066705442,604.0356212277468,60.77429256995806
285,0.6000383505174957,601.7676552065926,57.649408483318894
286,0.6021313016181767,599.6296998646735,54.06898667377284
287,0.6042246965556944,599.5755728845302,61.121643749700645
288,0.6063189733697846,597.2725371901612,64.93422911746771
289,0.6084147213727373,595.5487120291979,57.56776082489138
290,0.6105090855473989,593.5880804622585,60.69224290733619
291,0.6126037649785722,593.3407913174626,64.18857597867454
292,0.6147002391370655,591.7702111050605,67.34374571163747
293,0.616794938930829,588.4779141011911,59.003512858160505
294,0.6188886865784012,588.2410205684236,62.49446708309205
295,0.6209825762252046,587.853747381329,64.35334288878754
296,0.6230764414889526,587.6933146507376,67.50951311430656
297,0.6251725389343245,585.4987275161152,66.56561413061918
298,0.627266923011265,585.1449739624617,67.00349131792277
299,0.6293596211388142,583.4396920072137,67.03312738622162
300,0.6314513250607457,580.88487035824,71.57597427835887
301,0.6335475720513941,581.3984210675247,71.36042796459766
302,0.6356444982495617,579.6957362487725,73.91152908868217
303,0.6377358562255245,577.6833005641166,72.81855949673852
304,0.6398302949107263,576.2256103752031,73.2099082771513
305,0.6419256185614247,576.7137717080927,76.61769906213414
306,0.6440214843206593,575.2632953575876,72.51954256370749
307,0.6461142033434962,574.3632508325813,79.74514825610258
308,0.6482061138478032,573.676916893722,74.31744916848062
309,0.6503020867345045,572.037847107079,75.35161560569426
310,0.652398185537932,571.0956177922169,73.96206546685187
311,0.6544932048530038,570.551640474264,77.90210966984412
312,0.6565867871776386,570.1539669726712,82.9588495524851
313,0.6586827890115348,569.6084885715959,73.08575432728689
314,0.6607793300725506,567.798391706282,81.60839568358368
315,0.6628724964198541,567.279433183023,88.82585792042607
316,0.6649654402217313,567.5921904151782,84.38395549798953
317,0.667059865407609,566.2860895379873,84.95002752946698
318,0.6691532523078332,565.9536881334922,84.25793486157491
319,0.6712457992597233,564.3138233273764,88.08321107121773
320,0.6733390782258323,563.8282648707942,89.73324587665478
321,0.6754367503383576,564.284999465816,86.54973446145391
322,0.6775335143160066,562.640509979961,93.25717975873724
323,0.679624621064033,563.1958923300829,93.20881938061926
324,0.6817180292738917,560.9810149666561,95.33772775936788
325,0.6838149015047629,560.3997090754619,95.71925806653834
326,0.6859101434268815,559.7577537458668,100.38258260358825
327,0.6880046468184081,560.9069294818456,101.06386216861394
328,0.6900999637264865,559.1527012233048,100.89503355151608
329,0.6921965733216279,559.0927727988128,102.83968989016498
330,0.6942884945981568,558.0513849846707,104.39774564015613
331,0.6963781649531228,557.0438985042349,107.04580416275166
332,0.6984747371200234,557.4611418706422,106.97922648376964
333,0.7005690388882679,557.2204043957308,111.52047361009346
334,0.7026621579778546,558.8379746840823,111.46694661384923
335,0.704757268847954,556.4996121475898,111.29544328674422
336,0.7068509057629639,557.5402821309385,113.67442572145418
337,0.708945644402387,557.7573779149247,115.2546062162854
338,0.7110406815970572,558.4314008968473,118.42375338621503
339,0.7131372373036142,556.7679458419088,119.71055328941195
340,0.7152323589250973,558.2054994876707,125.81211128213529
341,0.7173245162021571,557.4978713792814,129.99030312030732
342,0.7194199711852413,557.5684923280306,129.28398499088402
343,0.7215151322330351,555.9249438607781,133.76360170906497
344,0.7236102334592447,557.1351408429326,133.64955607194366
345,0.7257047129497166,556.6769167881105,129.5086563079195
346,0.7277958825256088,556.3763998534395,134.49989405712378
347,0.7298900912292255,556.4175962899967,139.74488944094475
348,0.7319867159780691,556.8148433692809,144.38934462267002
349,0.7340808521059053,557.8716192381293,140.28592748421062
350,0.7361738853270124,556.8810145659912,145.4770866881334
351,0.7382682123604443,559.0218277396117,152.54357894600804
352,0.7403641944498084,559.1717971823764,156.4517707845166
353,0.7424576311971561,558.8298581592613,155.25906172916697
354,0.7445523870480827,559.0314643597936,160.1608982919879
355,0.7466478284648128,558.9119394859414,159.53626327235463
356,0.7487413917548734,560.5289646112889,165.24375069829324
357,0.7508354594737505,560.7857186525385,166.6726949389366
358,0.7529278056847568,561.7298681352326,170.46811462226495
359,0.7550230257904859,561.9643763512161,170.9613685237987
360,0.7571167923480437,563.5329574792216,179.5100601551781
361,0.7592113317151179,564.2528230016975,180.6300267812835
362,0.7613074731933067,564.209621404378,190.27929704985857
363,0.7634009581307508,564.2150357131565,191.0536138397949
364,0.7654969266569684,564.8782704053804,195.0805389752884
365,0.7675905899780763,566.9551587692446,193.1463795104939
366,0.7696837880547684,567.3983691673567,198.94145250568081
367,0.7717795008463626,569.6381849381152,204.2048930912356
368,0.7738757788346248,570.3117492917407,211.7744741046414
369,0.7759706260990727,571.8259964373851,215.1183847589708
370,0.7780620795267656,572.7973774826798,217.39455751724796
371,0.7801559906208961,573.8449617093873,222.74464893376583
372,0.7822523136569128,574.9881623291592,231.6705321075843
373,0.7843481481853999,574.2198839570933,223.50392949481778
374,0.7864425511046899,579.2076937266207,237.80480162315516
375,0.7885343495966205,579.4441511089439,240.68971654579275
376,0.7906286372458883,579.7498434357462,246.16874057079713
377,0.7927244345313397,582.0631346628948,255.18935258133936
378,0.794818005513127,583.4835389475081,259.97221574544045
379,0.7969121491149282,584.8418782664631,261.04239411766923
380,0.7990047112993173,587.1565218525567,266.5121414425229
381,0.8010984966914405,589.4468068628407,274.0676685047008
382,0.8031950165575023,590.7325523410452,279.40672015289005
383,0.80529055904954,590.5453444268752,261.93855039044934
384,0.8073868607794276,590.9923656581318,237.40656059792786
385,0.8094799923089985,590.3214840565471,205.38929648412477
386,0.8115723232550889,588.8136703065595,176.25693207332057
387,0.8136672975922271,587.2393980062052,150.31831858290644
388,0.8157631100610689,586.9260508273386,120.31637722677999
389,0.8178569790142735,586.5285161125478,95.98442854473036
390,0.8199506303068442,586.0051059234562,65.97395843031241
391,0.8220462665916841,585.4346813406717,41.759098185695485
392,0.8241405937791958,584.511972035066,10.450979202353743
393,0.8262325853224312,583.3885746117908,-11.39303738481278
394,0.8283265675885274,582.1779624251395,-35.01223348560919
395,0.8304231027322762,582.0021443506522,-58.09511799714001
396,0.832516312308734,581.7860053407334,-82.91220049633299
397,0.8346104967180491,581.4256695835526,-104.24326592585028
398,0.8367055646585567,580.9591488105326,-132.020273560888
399,0.8387997810841866,579.5412840442563,-153.83172365983904
400,0.8408959249120883,579.1380351478216,-170.61971346023603
401,0.8429902851163829,579.899659077117,-193.33212692015806
402,0.8450834013034724,579.2092774960864,-219.57574911102583
403,0.8471787052036875,578.9973257458524,-237.403686730584
404,0.8492741754489669,578.061902980197,-260.87864371063927
405,0.8513666186650054,578.6147136245588,-279.41286800296933
406,0.8534586558453424,577.6980086899865,-299.07655738305954
407,0.8555555147205227,576.2919146038071,-319.17732098876036
408,0.8576510528712873,576.4456879807053,-337.27687628235515
409,0.8597438531231701,575.8656183189705,-356.34698978929833
410,0.8618396600787528,576.671677064524,-374.8846740754114
411,0.8639352641137702,575.1632974599988,-394.3765409588671
412,0.8660278348127696,575.328582428456,-409.89720570714707
413,0.8681190723532742,575.8373801088042,-432.379509628234
414,0.8702145301226206,574.9901891785039,-445.77239713963746
415,0.8723097299260473,574.2455231347537,-466.4471905682743
416,0.8744009465527449,574.3610664021611,-477.7522724871431
417,0.8764962014565297,574.1628231862219,-498.84461901595785
418,0.8785921785819074,574.4011678310309,-512.0620968618064
419,0.8806862529738079,573.6415972378578,-527.8738316346951
420,0.8827803474942315,574.3914686828239,-545.0072708229741
421,0.884876552415157,573.1562464103911,-562.0059068413352
422,0.8869727619955021,573.6573169953347,-581.4241237958853
423,0.8890661549276524,574.6100992534674,-589.3539456720891
424,0.8911606435626759,573.9679736143717,-609.0633078214958
425,0.8932564177642083,573.8896158424582,-621.5072533630491
426,0.8953515942364704,573.7257476201908,-638.200371888956
427,0.8974449590572777,572.3785222092185,-646.1536201745389
428,0.8995380126042275,573.882585421697,-663.0310504161122
429,0.9016308480731973,573.6942269922001,-676.3970657606644
430,0.9037248205752632,574.5556238971822,-692.4784486447022
431,0.9058194398636225,574.3185641653884,-706.3144493482514
432,0.9079139093175219,574.1761428695287,-719.3998667908148
433,0.910011764746055,573.7377893173043,-730.6735716231385
434,0.9121056647167038,573.7129785164609,-741.824588892688
435,0.9141967683902507,574.6282020998062,-754.2077161149778
436,0.9162922424058753,574.259270392932,-768.4500943689009
437,0.9183868595164038,574.2836221870681,-781.4091658735914
438,0.9204815946523948,577.3603470506754,-799.5645005594366
439,0.9225765682279964,575.4192655012691,-807.0673693141487
440,0.9246708776548578,575.6104236794381,-818.4085558969987
441,0.9267650233208798,576.4632790131777,-831.4277348223064
442,0.9288581102404102,576.0386242562867,-842.4745153176581
443,0.9309518934142385,575.6736721098163,-850.0152574152518
444,0.9330469160925099,576.9056662756841,-866.4690637014174
445,0.9351415764644654,577.3100528248613,-875.4041220136336
446,0.9372369506587555,577.5307771742152,-886.8419361221975
447,0.9393287530448476,577.8301594741993,-900.8858924272961
448,0.9414229216419412,580.409401635606,-911.4046052253009
449,0.9435209341962445,580.3848758821802,-921.6426582006955
450,0.9456148252799238,580.8480690035119,-933.9380379452216
451,0.9477091255207061,582.01298140859,-944.7170795384301
452,0.9498037238864095,582.0289909050181,-952.0480760258072
453,0.9518981043411001,583.6312995284077,-966.7828348643594
454,0.9539914706287521,582.6810777140479,-974.8244907239043
455,0.9560859977890608,583.6119253994091,-981.9634586211091
456,0.9581821096695351,585.0048855812004,-993.1745737690325
457,0.9602755737793266,585.3842857327538,-1003.1710524654143
458,0.9623691838562978,584.5345820395092,-1015.0694284288371
459,0.9644636726355348,585.8916223544242,-1022.8024449373447
460,0.9665572681340019,587.9982637663785,-1033.8279373976807
461,0.9686506726657692,589.0811003368443,-1044.3029813692442
462,0.9707453651438224,588.0622200474752,-1051.3776247628732
463,0.9728397447984573,590.5124905379242,-1068.461226972248
464,0.9749341599912872,591.5700608657153,-1072.8566622961437
465,0.9770309382258842,591.1971383711276,-1081.8903168527472
466,0.9791243621626365,593.8736704310172,-1099.8689788414397
467,0.9812186011668534,595.1443545511622,-1101.5025840268545
468,0.9833152549762485,594.4194458814718,-1109.9124333857162
469,0.9854083366977224,596.2607822943955,-1123.5550934338896
470,0.9875013366256304,597.8247320750476,-1135.0297198506782
471,0.9895964031766183,599.7351528515701,-1144.8677840825235
472,0.9916911272506032,600.2521802276724,-1151.455599868419
473,0.9937856031740195,601.2451766192698,-1163.5203538710794
474,0.9958807301039379,603.8585919441591,-1178.636382752999
475,0.9979746323874407,604.3307057312185,-1180.8283321005397
476,1.0000664008054638,605.9804605550117,-1193.400094656058
477,1.0021595314674534,606.881958426713,-1201.2635280801358
478,1.0042547648495364,609.2158991942658,-1210.9164933568704
479,1.006349085630113,611.3417879155462,-1222.9535146576545
480,1.0084443367657523,611.5191427207311,-1230.0837017475005
481,1.0105398481990022,616.1442648324223,-1242.2041887729517
482,1.0126348213072522,615.9279097915484,-1250.9400321115643
483,1.0147293432188107,616.6505289192424,-1262.3718546255548
484,1.0168223222913106,620.4268806235763,-1272.4089859970272
485,1.0189181991118834,620.5118561430669,-1280.8638250622193
486,1.0210135889667047,623.0571605686242,-1292.825199777688
487,1.023105517395174,622.9198259206834,-1296.731477257296
488,1.0251997072975425,626.29836240707,-1310.9521361627328
489,1.0272950549324347,627.8056891288452,-1312.479263063599
490,1.0293904044607038,631.1852391353358,-1334.8484027091363
491,1.0314847550764672,631.9255223532912,-1341.5695529598033
492,1.0335791521913305,635.2360236982629,-1352.4357781049418
493,1.035674282724225,636.1084225498843,-1363.194949791061
494,1.0377683744197583,639.5645813448483,-1375.3688122564502
495,1.0398611358062981,641.3728921037736,-1390.5173735853375
496,1.0419559810580585,643.0929401307368,-1395.7790590488778
497,1.0440519355231435,644.7199933551866,-1401.1964820418343
498,1.0461442665368221,647.668935437803,-1420.469547352739
499,1.048238151325366,650.1650124502075,-1426.6262343183507
500,1.0503312794335307,652.2967393854925,-1438.8843209999727
501,1.0524262698953144,654.8516469741779,-1446.540075175335
502,1.0545208315883745,658.6385114622145,-1462.8937438932812
503,1.0566150350094698,660.124884612958,-1473.7008725106425
504,1.058711440318921,661.3377232692101,-1486.248442512197
505,1.060803734980524,664.5788352330452,-1501.9938379088017
506,1.0628970711462522,668.0222234950847,-1506.6747488534083
507,1.0649945592352892,670.0755721245886,-1518.6870159849605
508,1.0670895920886003,675.216006515433,-1536.615195661843
509,1.0691815189460832,674.2030655289002,-1541.98439134394
510,1.0712752972137536,677.7277554251444,-1558.1957037066736
511,1.073371173619778,680.9559409967392,-1566.7790941916205
512,1.0754657024825272,682.8959432729322,-1583.279148493315
513,1.077559391113827,687.4165297276934,-1599.2596048623554
514,1.079654167044188,689.4474125560588,-1608.591238061493
515,1.081749685406742,691.9050200490134,-1621.913829898772
516,1.0838429051818583,693.3136970364432,-1628.768418019447
517,1.0859346611894292,696.2908658263108,-1649.933518982541
518,1.0880274765489322,702.0668864302818,-1663.7190414271115
519,1.0901226378244568,703.7880633253076,-1675.3977845459763
520,1.092218906510469,707.5837677296345,-1698.6720271634088
521,1.0943142405516277,711.4379594010366,-1707.7782897264449
522,1.0964083656069452,711.0320980883835,-1716.4311200089335
523,1.098504575117021,716.9668105185004,-1735.375664704411
524,1.100598880587325,718.9715913705162,-1752.4578677104687
525,1.1026907648634887,723.0131154258695,-1771.442686937752
526,1.1047864761829782,726.1578254225143,-1782.1124386463684
527,1.1068805633882368,722.635004049989,-1788.957841078994
528,1.1089715885079452,726.3292211759302,-1805.5833204650053
529,1.1110674731376504,729.6373070019745,-1832.7460363097186
530,1.1131638031712348,732.4181175146481,-1841.9070029566738
531,1.1152567400703868,734.0538035795491,-1857.9083123713476
532,1.1173518797395834,736.534066264518,-1871.88324600395
533,1.1194466841667583,735.1027094575754,-1887.9733608405302
534,1.1215386388653605,736.3127400660823,-1903.8788675794347
535,1.1236321502294464,741.9249184855983,-1930.2544421685172
536,1.1257265608788465,741.6705470636123,-1948.8473383578182
537,1.127823511019811,743.2141089589577,-1961.54023909379
538,1.1299186917312898,745.2745062772065,-1988.3975346289135
539,1.1320102853860914,744.2791543297434,-2004.7033059382713
540,1.1341022265777971,741.9673313140102,-2017.6998780212434
541,1.136196488705377,738.3384530994077,-2028.8902598302357
542,1.1382919496812383,740.9687300433784,-2054.25640592079
543,1.1403848113573067,738.0465730925652,-2063.7968897700744
544,1.1424801205078854,739.2439860083759,-2086.677949125931
545,1.144579099546908,740.339061799319,-2104.054692327802
546,1.1466743733674984,740.7635601289539,-2120.1445032419433
547,1.1487627957344069,740.7450772695269,-2134.4251873657045
548,1.1508586543248278,741.8697443917864,-2149.010987685893
549,1.1529561980713183,741.5704745704652,-2167.1444589701964
550,1.1550454984226184,742.9133731653155,-2178.613836210439
551,1.1571409429142046,747.9349156213765,-2207.9534368788704
552,1.159240859340017,749.8827041523645,-2223.589213079004
553,1.1613355832020602,747.7174806447318,-2224.880472895017
554,1.163423871831942,753.0573316442218,-2257.004640791359
555,1.1655188736812345,753.0687373027228,-2264.668659230653
556,1.1676174368768866,757.3400896888769,-2290.2362939039763
557,1.1697080797153998,756.2471137366153,-2296.9302298132884
558,1.171800206369591,756.8684514563083,-2309.2171627935545
559,1.17389591489135,763.4092957441837,-2338.3706214877407
560,1.1759888523797297,760.0479452318112,-2339.1975565110874
561,1.1780809947202961,769.0692772388288,-2377.0498398100917
562,1.1801761196344618,766.4689705867719,-2375.7229647702984
563,1.1822736635654147,772.275378695865,-2401.923701313223
564,1.1843710306693693,773.8751970192648,-2416.2158347952513
565,1.1864625384002512,774.0354539349149,-2422.268059602362
566,1.1885545198904406,776.9310777263911,-2443.5523372420794
567,1.1906522613678343,783.135991991211,-2467.2956096095363
568,1.192750069492095,787.4494229788268,-2490.192252626861
569,1.1948381381583106,790.2295474074299,-2506.199413847411
570,1.1969297222624806,793.7452717150543,-2528.2635059303934
571,1.1990290164311135,798.1301301895547,-2547.047683556266
572,1.2011243924560484,798.3873890151134,-2554.1218673416993
573,1.2032149592826593,801.2610722942092,-2568.744406947747
574,1.2053132365828256,809.5541141917901,-2605.2723630426312
575,1.20741576508926,808.5892136835585,-2609.0134245507425
576,1.2095030565711475,811.4577475737372,-2624.317206979626
577,1.2115949657999687,819.4683350344444,-2659.4366130949647
578,1.2136960046145377,821.834293588791,-2671.7102408513647
579,1.2157928316049589,823.5995493136497,-2685.0103076954665
580,1.21787984102748,835.407658431114,-2728.5317352321836
581,1.2199725120701903,835.6166582153933,-2733.2295671992806
582,1.2220773486348555,835.5296674680408,-2741.290332246965
583,1.2241717280648772,846.6974566091817,-2783.7196929459074
584,1.2262574809145717,846.5787803658669,-2785.1476851023976
585,1.22835205989159,852.9815158172977,-2816.578590702571
586,1.2304511070315651,859.7821326231455,-2845.523255413417
587,1.2325439941641703,862.3539003720081,-2854.984114527345
588,1.2346327282165248,865.6040024210805,-2872.690427939432
589,1.2367296121231413,874.4344542794067,-2909.2257796679023
590,1.238832433751825,885.6619159919524,-2952.520429604116
591,1.2409238541102623,886.5222513425452,-2958.3781012898335
592,1.243012379245932,894.2919822663229,-2991.1452701908984
593,1.2451094606314712,891.0089304271263,-2988.3647151555488
594,1.2472066170026377,898.1751269480959,-3014.0318130472674
595,1.2492929515805862,916.8025491135554,-3078.1639174656743
596,1.2513843202334647,916.8235296025234,-3082.460666209815
597,1.2534920777891505,927.8086534761806,-3131.064341891512
598,1.2555889180496558,923.4364348053043,-3113.9639476204975
599,1.257667580798784,936.7913590009026,-3166.442614916875
600,1.2597632986068967,940.6660976955366,-3181.914586198058
601,1.2618709074503869,956.9929757969361,-3245.1833601425305
602,1.2639618917954016,959.843664919488,-3253.086640661422
603,1.2660463256389345,958.9440504053628,-3255.525272144054
604,1.268151380164154,972.6740382580241,-3306.384400695523
605,1.2702573897615381,981.1343859702843,-3340.616905968903
606,1.2723329096911193,1002.6120352086458,-3413.1454791324545
607,1.2744197010315288,1000.33954993665,-3415.4842484093615
608,1.2765327006010119,1014.958659626894,-3463.541301086064
609,1.2786342467193723,1021.3757312578293,-3490.274186150525
610,1.280707182799757,1029.5451886161422,-3521.277457002081
611,1.2827931530633179,1033.9098238825184,-3542.5122663126635
612,1.2849085387747612,1040.0251375129778,-3564.8160483451265
613,1.287000364654089,1057.050301478116,-3629.492512367392
614,1.2890781709908103,1066.1697591026066,-3661.97504294481
615,1.2911842108955598,1074.176632421919,-3694.827224459502
616,1.2932965864662813,1084.294857437633,-3733.076078239043
617,1.2953774115066516,1112.7349456627676,-3831.471808538053
618,1.2974494068131983,1118.0259104840186,-3851.0019990046426
619,1.2995653278098822,1117.1660101008542,-3856.7748271901987
620,1.3016791376111048,1129.9594901975215,-3903.3263543898975
621,1.3037423234004764,1137.8350665658243,-3926.968147371844
622,1.3058199114096363,1154.966983773434,-3990.9640395669003
623,1.3079467955462118,1161.8744505983182,-4018.699149189438
624,1.3100601882305882,1179.1490053683617,-4078.479838598615
625,1.312113308135768,1209.9241595500687,-4189.7080172277165
626,1.3141962752176515,1220.280485326465,-4229.434506129564
627,1.3163277077674513,1242.368773564612,-4309.788449874883
628,1.3184175493918626,1237.891997843695,-4295.344972872276
629,1.3204856618221223,1246.8130805131018,-4329.461514530937
630,1.3225968812824558,1283.8391770294513,-4460.646446074306
631,1.324712528812616,1277.2536122931135,-4438.245424812856
632,1.3267701241226586,1303.4534070870134,-4532.729780893149
633,1.3288455369869492,1301.3779426061067,-4528.796571395493
634,1.331007859279665,1336.7869336598653,-4650.047733103063
635,1.3331193077637633,1348.8712599050025,-4694.806609221667
636,1.335111114646517,1392.2815227126418,-4848.110147979168
637,1.3372000138113185,1359.2848872142038,-4732.528286233436
638,1.3394207042773567,1409.4731592798994,-4908.560992949462
639,1.3415191831855293,1423.6473668160297,-4963.210079258267
640,1.343419658472025,1506.0070555229595,-5248.518066444437
641,1.3455475267642247,1451.9937789643745,-5063.526312525802
642,1.3478257671998863,1493.287266167005,-5212.624690744373
643,1.349910545699746,1486.0794316589045,-5187.955877301784
644,1.3517701887420612,1542.8770349115819,-5384.196669996415
645,1.3539417100377606,1565.8088882437623,-5471.254194314902
646,1.3562514521124112,1549.0771114953793,-5414.276382010603
647,1.3583044750242828,1645.1773120662058,-5748.665949547248
648,1.3600937081391848,1636.60559713517,-5716.710293646506
649,1.362315666351114,1698.2568931680055,-5930.1939136041365
650,1.3646739887244697,1681.6020239392478,-5877.409984626749
651,1.3666040349314283,1633.7630955293564,-5712.514546377882
652,1.3683585203137423,1719.1279253202372,-6005.931216841446
653,1.3706879171444677,1800.5080786298504,-6302.078105202236
654,1.3730812726720756,1765.7597152726705,-6175.721274018433
655,1.3749143385354152,1668.4983447576674,-5835.113571796482
656,1.376679031839902,1876.178528076609,-6562.740492494103
657,1.3790764132796052,1860.343763539313,-6506.801763972265
658,1.3814727924700456,1975.1400742958388,-6909.338575660734
659,1.3833424067073374,1756.21142672659,-6147.258122726371
660,1.3850593718572481,1963.2572784720908,-6875.496908382653
661,1.387433769507078,2034.141115006994,-7116.747130905895
662,1.3897620281243455,2200.8456218975616,-7705.7612161505995
663,1.3917897627196847,2478.8595273423794,-8671.748039076165
664,1.3929979117318791,467.5409564607046,-1636.393347612466
