,k,Pk0,Pk2
0,0.0029665470748989845,31503.33672395626,-24162.964189994258
1,0.005026374055021859,39679.581327323314,-25554.586467584835
2,0.007149300621522788,45359.685670207,9814.00864588339
3,0.009278869254964255,54871.31192800805,17097.394339585033
4,0.011450332619344701,52334.65613939873,-8435.541595736382
5,0.013492955871419151,52985.313339872846,15798.235873846035
6,0.01558905561191893,53762.70227417882,-4021.2956990911766
7,0.017694083672553172,52569.779339768706,12174.352029778875
8,0.019817874803135297,51777.53365499688,7296.043971317429
9,0.02192074938196264,50934.49073975807,5574.430125307673
10,0.02398877635566245,48950.810250728675,2176.6646363072023
11,0.026092869718961156,44128.80041714213,-7472.734429623032
12,0.028234663152781798,42984.59508047839,8624.888571061878
13,0.03032284873509123,40354.23056917843,9417.551231654255
14,0.03240263258943404,37384.24956691609,-1358.2427096556826
15,0.03449210129864554,36921.41230670539,1025.3200895732793
16,0.03658588147515197,32941.528724153766,3102.683717380882
17,0.038684769492669774,32512.93457223154,-1657.646025242338
18,0.040788988884582836,29888.99649194049,3526.644250680796
19,0.04289390876967646,30746.84941022641,-1631.8313337946552
20,0.04498336005546935,29399.899308944867,598.0006481836863
21,0.047064985294738244,27803.581841035917,2102.364350393413
22,0.04917111919158227,26739.731465514258,2491.683795713999
23,0.051262169141742274,25342.880889895758,1166.5086360857135
24,0.05335525146837034,24076.961056860364,3308.2599698668137
25,0.05546637228956934,24644.446116210293,1503.1301837230394
26,0.057573188192548086,22412.25112132889,-663.8707405919839
27,0.05965884044590281,21863.390510213107,2179.6090539857223
28,0.061745123021595065,21055.698716155475,-810.6317708069463
29,0.0638268929113719,20396.027006850243,499.7847918405045
30,0.06592966228838451,19303.951390649094,-1084.8684315847945
31,0.06803125784825748,18180.063705342374,1243.438532342396
32,0.07013131008699486,17736.42642135484,1483.9793074054805
33,0.07223032366074338,17059.56736555135,-32.36612549652564
34,0.07432334270720506,16598.37069034579,926.4607655261916
35,0.07642066756954473,15599.250141462404,289.55872126096347
36,0.07850471694556041,15073.97463282547,811.272985574784
37,0.08059701946059529,14291.287308387338,637.3007365879678
38,0.08269521798132064,13894.171479477656,1085.2402266671186
39,0.08478307522909848,13215.556406662365,799.8967804863271
40,0.08687780839616016,12885.939876099923,227.47466643283965
41,0.08897524569656534,12479.13441262046,417.2883017110757
42,0.09108077810470518,11884.201145698045,368.4840943720575
43,0.09318432266948053,11573.321793080651,466.18642568886077
44,0.0952788764104831,11309.834170261172,673.8216886814191
45,0.09736254237981037,10807.602098265188,209.11713245879423
46,0.09944832814799408,10700.506745222849,357.5825735417484
47,0.1015460879802399,10216.470487166192,98.08691036747915
48,0.10364263756677322,9982.935255335073,328.01466910239344
49,0.10573893905394659,9666.145449263342,594.5822349176631
50,0.10783958559814742,9495.03122579743,639.9201329309402
51,0.10993894058501318,9308.53186406748,229.87865620188703
52,0.11203921431523854,8984.112329300857,100.50603057574446
53,0.11412334585697578,8602.541741565663,373.5235752887231
54,0.1162159397555423,8521.886541215248,554.4309366449669
55,0.11831372048037725,8360.050045080172,873.8931428227987
56,0.12039723118070132,8058.518606973407,732.083331805075
57,0.12249223631878574,7741.189851784488,325.7415302994437
58,0.12458825984258635,7541.716133612985,463.1768094923715
59,0.12668846771583772,7260.61240980404,250.68998017133396
60,0.1287846620419941,7221.148125351688,329.1908811821642
61,0.13087133937881498,6983.774710261297,160.85457164266128
62,0.13297548334406448,6761.38533338486,373.7842566249028
63,0.13506910815256093,6665.776234836618,482.71619791418664
64,0.13716388258568254,6466.9649835278415,333.8651961486804
65,0.13926047573721634,6301.522762410661,497.0317869561915
66,0.14134668829083769,6122.733095955023,416.0371174229177
67,0.1434475230090064,5968.99370391757,437.7471055341051
68,0.14554528534185418,5772.566152673003,345.35988555732865
69,0.14763320610735878,5703.060976865763,464.60838708834564
70,0.14972114728432864,5563.4916280618045,237.59601743095917
71,0.15181380487515775,5421.360018421658,433.7257680003558
72,0.15392114901003526,5314.847537687509,478.2021341347503
73,0.15602147473412367,5206.284170720341,408.1065203184543
74,0.15811617475881218,5085.278689715066,320.25021076377664
75,0.16021187122717997,4998.601727390124,407.29363538862685
76,0.1623006419462899,4853.545499120122,493.7960846506905
77,0.1643899033199985,4755.9163655989105,315.34124977818925
78,0.16648355823815117,4658.55862817463,362.9846376841231
79,0.16857196837784735,4566.4826588756505,413.40293055249714
80,0.17066413320893647,4498.017674037338,505.2263149689632
81,0.17277086992561352,4367.055476687063,477.58578497558113
82,0.17486965460096995,4282.220867446186,510.84472781284984
83,0.17695857694944453,4171.297813979523,429.4203864628723
84,0.17905245093155753,4117.543439212802,352.3008392310893
85,0.18115265212612636,4029.002795739542,489.29451250089835
86,0.1832476884130739,3967.3250108459642,469.32332651650046
87,0.1853312475833926,3899.969252516263,602.5610942799298
88,0.1874284892203219,3768.410429938904,442.55443488930376
89,0.1895337179075755,3702.1776580501814,446.32966764240575
90,0.1916268196474026,3649.4088139910245,399.8786597626298
91,0.1937183403446853,3564.2972563104354,510.84755649171655
92,0.1958131498886989,3491.2063542536675,475.95734532263054
93,0.19790587400989662,3438.4214034292345,513.0260458467088
94,0.19999906515978938,3369.7754973123974,564.7625515458933
95,0.2020893038374759,3334.311360397388,452.61429819478326
96,0.2041823192148178,3262.5906881647325,490.0092996836966
97,0.2062825911013838,3205.805674378497,463.0037928687294
98,0.20837701891459662,3141.883801851679,498.78984896184954
99,0.21046758167944032,3099.70486480772,477.03069761292363
100,0.21256678542440183,3022.5371891702184,529.1357254634972
101,0.2146619261104852,2960.262138329423,421.60665856839074
102,0.21675618057220372,2925.2017923384246,535.3746177570576
103,0.2188528705899679,2877.9742080504147,494.87785275993696
104,0.22094564274530842,2830.9184281848543,548.6626715217534
105,0.2230395148320731,2776.675169568363,538.5523995918851
106,0.22513567328585352,2731.9541364230363,558.97723604275
107,0.22722785048644015,2671.135573206817,516.5372303797792
108,0.22931975112872324,2648.938253556081,519.023396691774
109,0.23141147723465103,2597.6836915084054,500.5302426433112
110,0.23350584674782457,2550.5495580905585,546.0521229213899
111,0.23560416522029054,2525.7675761499954,530.5585568132523
112,0.2377006336558307,2482.1871589953535,537.8861367871515
113,0.23979727503904752,2438.941164595868,554.5137116303581
114,0.2418944602532704,2393.970021396755,554.2780228803488
115,0.2439884227569783,2344.0936012107854,464.9018186365244
116,0.24608359968283072,2326.439804762583,571.8303674149464
117,0.24817552807053123,2266.91106557477,562.3145505282303
118,0.25026237006475704,2242.396729579397,578.6676070351568
119,0.25235861551053484,2191.2439922545364,524.9348362919567
120,0.25445470778669854,2184.4901317613494,536.8900768808224
121,0.2565487653287422,2153.2130014709032,611.6861529051647
122,0.2586464955058471,2107.180430237378,518.1193223182033
123,0.2607443047329862,2078.4630278790073,529.1651631397212
124,0.26284383121734134,2047.8588879159206,570.1022666681547
125,0.264929885565984,2020.2546134912761,560.6466385242405
126,0.2670163698864118,1980.8683700380448,555.3934656219958
127,0.269112135390912,1954.084948228735,554.0329952638385
128,0.27120764961246213,1931.0742204165101,592.6520318683193
129,0.27330509996536784,1899.1901413078026,578.7346673223346
130,0.27539842121309294,1884.0164755030537,556.8728098852733
131,0.27749656900268016,1855.9065246307846,582.5130090451835
132,0.27959864364035925,1821.4198174035369,531.254241736673
133,0.2816878213234348,1792.1459043903692,545.9454572549066
134,0.28377609558542155,1771.8610327409194,538.0287104304587
135,0.2858732754634003,1754.9908167834283,614.0454196579523
136,0.28796861590208045,1725.7315372643689,553.4283704802732
137,0.2900612915162532,1704.7550576652932,575.4866031936293
138,0.2921547032025089,1674.5517245086114,551.5555887861275
139,0.2942501291133245,1653.2890059027218,553.3984337327031
140,0.2963444256131289,1627.9226680949125,531.2127386252208
141,0.2984361415704375,1610.4145013072255,585.5302562055709
142,0.3005318840555698,1591.2958821595444,565.5840124134805
143,0.30262777760316095,1570.6545196127609,559.9551154291955
144,0.3047248035439954,1542.0481280862305,567.9943918348998
145,0.3068210272572538,1528.2295364973775,574.4525898974224
146,0.3089144805088237,1502.9674556062344,585.7918880628858
147,0.31101080657849756,1484.3574259090321,589.0571427787938
148,0.31310885951912926,1468.968146726849,562.753433466484
149,0.3151991603466065,1451.624915355519,575.7314176207274
150,0.317288667284839,1429.2284546779586,570.4424559153424
151,0.31938044185106124,1418.854345467857,566.2345529069247
152,0.3214783648369702,1391.4092026549185,553.1678134768915
153,0.3235785211189416,1379.3960143508903,570.0940317305453
154,0.32566935894833426,1357.7689369987902,579.870119278863
155,0.32776077751211374,1351.5286136448342,568.3150947553752
156,0.3298523230655558,1331.1118534584618,572.4268644958221
157,0.3319485433973702,1316.0651016448542,571.5520532652803
158,0.33404540358127904,1298.7254209250987,558.5094300600078
159,0.33613494177837844,1278.481804045732,581.6462839618819
160,0.3382313832787478,1273.8344411975065,595.5792165802488
161,0.3403308518124324,1247.7211400131393,558.3579740075292
162,0.3424246601457981,1237.0110352998713,577.7016722894184
163,0.3445197272986724,1223.2601615692404,576.981137115206
164,0.3466158524641983,1201.6840657236673,568.5106239004359
165,0.3487089916477683,1195.0282703445093,570.5636562613366
166,0.35080114560367615,1175.0459628982912,560.4427599120053
167,0.35289356821720286,1166.9770097223288,570.1761938505059
168,0.3549881110219297,1152.481348882276,584.1168073984066
169,0.35708559248027844,1140.016893648067,581.4902778197302
170,0.3591813496003593,1125.1245192413166,560.0555856907089
171,0.3612749400626811,1110.7046757435462,566.9144360966832
172,0.3633693413142722,1103.2122106377078,569.568051529939
173,0.3654632219855477,1092.173456945444,573.140133048574
174,0.3675603773529471,1072.0826878738412,558.7645788923991
175,0.36965434919829326,1068.5771635044835,575.2163026429611
176,0.3717418094879197,1054.4741446072019,561.9329307719021
177,0.37383404253825586,1044.6098904598196,569.9125259717933
178,0.3759308579415973,1033.8120281453716,553.3184694697043
179,0.37802985088946095,1022.6619088607491,563.0279537885418
180,0.3801213498834686,1013.8364317565064,557.2966327735345
181,0.38221306010699313,996.7035733054717,572.1032054996375
182,0.3843141376638833,987.1984752447706,551.7241706421567
183,0.3864096355836929,976.3016360429248,557.4811369075405
184,0.388502907295756,970.2812128419743,565.3340774314033
185,0.39059769208540335,959.3664143619,561.2555727373036
186,0.3926958121232196,949.9226585443986,564.0847184803112
187,0.39478921808384226,936.7213663832357,559.3002098571454
188,0.39687821409975554,929.9496026321436,557.3506024321476
189,0.39897073627813356,919.0782704089896,545.6186959529332
190,0.401067192451382,911.0907428162222,545.8023177489403
191,0.40316228148056854,901.8626920384677,553.0105616879357
192,0.4052546340249366,891.141079519665,549.7532139763103
193,0.4073499183903822,880.9667185924345,546.7350644003377
194,0.4094468722071623,873.227408986239,543.0234244387948
195,0.41154432885897757,864.4486166263464,550.6906592458832
196,0.41363408239228544,857.2480810703763,544.535661965867
197,0.41572494638156243,847.2414503728198,544.1552836377441
198,0.41782181997781404,839.0031837015044,537.6267913367438
199,0.4199166506307261,835.5808894524547,550.8504809007125
200,0.4220107143757513,824.1090279199996,535.7738313055844
201,0.42410542949066876,814.9297184725812,535.6604978394372
202,0.4262013850195404,803.8077242984872,529.8004963446101
203,0.4282955296445312,800.6179453498096,538.0711781598299
204,0.430391806688861,792.4093041144429,543.0473382282158
205,0.432488575457924,786.3396417134588,536.6255773238477
206,0.4345806090039814,777.7945579319,527.9804765403328
207,0.43667244097425384,768.3244752035534,530.1378668797279
208,0.4387671492209622,764.1848809824249,532.2988349007522
209,0.4408622534544343,757.4919740862957,527.6565695647732
210,0.44295516415095815,749.7785925460182,529.3782169442537
211,0.4450482683181851,743.0632669925297,523.4924763833089
212,0.44714683875742495,735.6737175922049,528.9650059112341
213,0.44924362280569813,728.2792337996779,518.9980513365621
214,0.4513338633316258,723.3654491936036,522.2441819988151
215,0.45342753643259276,718.6509671976206,523.1027486435146
216,0.45552189548586586,712.3418433011665,525.6843017771438
217,0.45761716616081083,704.4738787246328,519.2949309681668
218,0.4597117909764672,699.8899612176023,525.7979124776335
219,0.4618031890496857,691.5932660922026,514.7840356928439
220,0.4638995470730997,687.7880920494877,523.069031587288
221,0.4659948171464902,680.3737390244827,520.5522211186473
222,0.46808929446972725,675.4454683555623,514.0863080509314
223,0.47018492649495636,667.7467644489416,514.0847521951546
224,0.4722792778491551,664.1202567328,510.8371872398584
225,0.47437272572904565,660.1214780004565,513.3007154876137
226,0.47646593372141327,650.9355644164041,513.171557246962
227,0.47856230727426236,645.3881801915026,512.0764737431988
228,0.48065904058976644,640.6135490908631,501.16061432300535
229,0.4827512226177774,634.4991059989992,509.56249750284866
230,0.4848441163240575,630.6403865472464,506.55603767936526
231,0.4869397730506266,624.4112251017649,501.4487872187347
232,0.48903678813400875,621.3297909261543,508.5119880569327
233,0.49113096964965397,617.0312498911986,503.6959317061039
234,0.49322332174786626,612.0609564910669,507.35905192738187
235,0.4953187148676145,606.3632214999302,495.06023826021067
236,0.49741120358770496,603.9609288928699,505.9525553689773
237,0.49950082345999325,594.8592125600453,495.2770775052881
238,0.5015952506837275,589.7713209381651,492.928400598667
239,0.5036919972981919,584.9126205803981,491.07545588607604
240,0.5057872116617207,583.1636608292757,498.7716282166481
241,0.5078828569897101,575.390595475255,488.46461319833514
242,0.5099793452386306,572.9290870460527,493.6210617622363
243,0.5120767256379639,568.4492927457683,494.8078878063254
244,0.5141702395931294,563.7710124326724,488.50391723874486
245,0.51626132102766,558.6005319912895,487.81372822887806
246,0.5183576899265504,555.1128116662593,485.4623923260149
247,0.5204524416424112,552.386816270289,488.21666736134586
248,0.5225430403510469,546.5479305906304,487.0442958815844
249,0.5246378991347941,543.1262506307802,486.0065866522633
250,0.5267345150769579,537.1450150473515,476.59802241965707
251,0.5288284644781793,537.0282030819316,487.86298780333743
252,0.5309200047543352,528.5609389694549,471.3331057722089
253,0.5330154787982235,525.9261115776648,474.03214784128505
254,0.5351140455458262,521.3954190890104,480.0433417366584
255,0.5372066203065362,516.4163338089683,473.7043707007673
256,0.5392991990272246,513.4963171934133,471.29425912097633
257,0.5413944118270408,510.89746674850846,471.0608777845203
258,0.5434881995106379,506.9240443310725,471.3073626796886
259,0.5455829952492127,503.021747846016,468.9973084182965
260,0.5476769745662954,498.33913892405076,466.82052565603766
261,0.5497697255495043,496.03296679838536,465.2912879730603
262,0.5518645446467839,492.5769805715678,465.29330163020813
263,0.5539598571350287,487.7016304639276,461.2225834886282
264,0.5560564538950566,484.5591277987155,458.8266915003083
265,0.5581500505101624,480.78450439086265,465.33930548191483
266,0.5602409063261653,477.9746573076065,459.9400341263991
267,0.5623379637803174,475.3190089808101,460.43654070255064
268,0.5644363283026402,470.5282954458777,453.81122238251345
269,0.5665273824761494,468.29011589014357,455.3321430572534
270,0.568621249018378,464.04233979040794,454.5809827508756
271,0.5707181447612965,459.8365476101398,451.0891252474264
272,0.5728127938597997,458.14827172085126,450.82482067960103
273,0.5749070881546879,454.3302501218125,448.3653469382043
274,0.5769991470923068,452.47942858513727,450.496506160825
275,0.5790956911760897,448.9473797411034,448.8822800852763
276,0.5811893306261757,445.20425192604523,448.94207952886023
277,0.5832802267374103,442.6644357974804,447.8852474128893
278,0.5853761830306536,439.3223736282696,445.1138238578418
279,0.5874711784415975,437.61320054256146,446.2731804621769
280,0.5895653958899879,434.36396252950647,443.3329853379618
281,0.591659786459685,430.2882344139299,439.9005077438933
282,0.5937551851921442,427.5208940851821,441.43943690016135
283,0.5958498092767481,424.28440004626185,439.1901563239817
284,0.5979447066705442,421.76837863555227,436.765009347922
285,0.6000383505174957,418.5889133295368,434.9551045838147
286,0.6021313016181767,417.39617339249065,432.4123378835911
287,0.6042246965556944,413.3379416697144,430.1032123090569
288,0.6063189733697846,409.6511640870071,429.81687569382996
289,0.6084147213727373,408.90297166736735,430.7132609808061
290,0.6105090855473989,405.6607041736156,428.22676909471994
291,0.6126037649785722,404.29181209877714,431.87881693448657
292,0.6147002391370655,400.2694069037603,427.4026925063306
293,0.616794938930829,398.2212524002075,426.8184613521692
294,0.6188886865784012,395.4248936707685,425.6183481559643
295,0.6209825762252046,391.881738298394,421.95886456724253
296,0.6230764414889526,390.77734355293376,424.4559700465675
297,0.6251725389343245,387.74727448418935,418.8422377665805
298,0.627266923011265,385.78915766590825,420.6262639443882
299,0.6293596211388142,384.13641127813776,421.616314285386
300,0.6314513250607457,380.5301254750945,416.68993220610423
301,0.6335475720513941,378.43925690248057,416.40569632779966
302,0.6356444982495617,375.2200031280704,412.3319862053141
303,0.6377358562255245,373.51195294967516,414.50063453348844
304,0.6398302949107263,372.844645701448,417.6610354763463
305,0.6419256185614247,369.40540821685175,411.91122357609447
306,0.6440214843206593,367.15587752417855,410.91958225352994
307,0.6461142033434962,364.8388498501767,410.3174949749214
308,0.6482061138478032,362.3839302663604,406.6746666846594
309,0.6503020867345045,360.63943490566345,407.33355945681615
310,0.652398185537932,357.85792505888696,405.51276084270404
311,0.6544932048530038,356.5871388683425,406.0350649448434
312,0.6565867871776386,353.81050013851257,402.9237664777742
313,0.6586827890115348,351.6035442249404,401.58023459797516
314,0.6607793300725506,350.21129169998625,402.9674797255887
315,0.6628724964198541,347.3595610939725,399.1964176754917
316,0.6649654402217313,344.6817830568746,394.96533803159116
317,0.667059865407609,343.3491612036017,397.32893920256663
318,0.6691532523078332,340.86556843637516,393.67946376157647
319,0.6712457992597233,339.86391748346193,397.348990401613
320,0.6733390782258323,337.2452966114297,393.4511239251622
321,0.6754367503383576,334.6548821595475,391.1312635741265
322,0.6775335143160066,334.0468963703307,393.1905465770389
323,0.679624621064033,332.0029612814431,392.72577937394465
324,0.6817180292738917,329.9156109237147,390.4488620565097
325,0.6838149015047629,328.506575575002,389.31633054968336
326,0.6859101434268815,326.43083563388154,389.13254334958174
327,0.6880046468184081,324.19911422390265,386.61874381051206
328,0.6900999637264865,321.67960073106406,381.4907051215579
329,0.6921965733216279,319.80151724515366,383.2321239073062
330,0.6942884945981568,318.6663235629205,383.2460619350048
331,0.6963781649531228,316.73453725309605,379.85590745012877
332,0.6984747371200234,315.04900143386345,380.8742363374761
333,0.7005690388882679,313.34058494129596,378.7569530512728
334,0.7026621579778546,311.9937104727305,379.49191945234315
335,0.704757268847954,309.01573852432534,374.8555467880199
336,0.7068509057629639,307.7538721102834,374.578067231944
337,0.708945644402387,305.927098883014,372.2048863364334
338,0.7110406815970572,304.79301606458125,374.93935883833853
339,0.7131372373036142,303.0245657189217,371.14768655576705
340,0.7152323589250973,301.66743743803227,371.96257436508336
341,0.7173245162021571,299.1165074760968,369.24296921955414
342,0.7194199711852413,297.8574563025018,368.8981698750229
343,0.7215151322330351,297.00752865629056,369.7793871215901
344,0.7236102334592447,295.3860730018477,367.85076925006734
345,0.7257047129497166,293.4790484096752,366.23670626189227
346,0.7277958825256088,291.68778216890314,365.94941192647667
347,0.7298900912292255,290.294813843978,363.90831939024355
348,0.7319867159780691,289.47415370112026,365.1255236156592
349,0.7340808521059053,287.38219896996264,361.4323672750716
350,0.7361738853270124,284.70119627946644,357.83395027923206
351,0.7382682123604443,283.99656284230196,358.25338068146317
352,0.7403641944498084,282.75838287549556,358.5451197384875
353,0.7424576311971561,280.4742941376339,355.22870346190064
354,0.7445523870480827,279.80622414341053,357.7262623484674
355,0.7466478284648128,278.15670966554234,354.4339692287185
356,0.7487413917548734,276.4117906547002,353.84128652456434
357,0.7508354594737505,275.0477481219605,352.7948686612001
358,0.7529278056847568,273.836942640424,351.2746059604132
359,0.7550230257904859,271.91247368258786,350.2186539197415
360,0.7571167923480437,270.6457925982809,348.7856474318372
361,0.7592113317151179,269.85967976175056,349.3914742007416
362,0.7613074731933067,268.59612290190927,347.87575281952087
363,0.7634009581307508,266.5918735475509,346.68233610945
364,0.7654969266569684,265.97709995138683,347.36509682847384
365,0.7675905899780763,263.71973547321323,343.66308289393544
366,0.7696837880547684,262.7897642712637,344.0560673110143
367,0.7717795008463626,261.2195323096779,342.4226705659049
368,0.7738757788346248,260.21320530016715,341.42500894727914
369,0.7759706260990727,258.4912723856229,340.8593860188224
370,0.7780620795267656,257.17323086301894,338.46933935086423
371,0.7801559906208961,255.6722898558097,336.05265482574794
372,0.7822523136569128,255.11642017245515,337.66170823310017
373,0.7843481481853999,253.33704834357044,334.9100513950034
374,0.7864425511046899,252.51331461943116,335.36496255228036
375,0.7885343495966205,251.13639153806378,333.67953825965833
376,0.7906286372458883,250.05890378520334,333.922567767121
377,0.7927244345313397,248.2910718552117,331.6978838355263
378,0.794818005513127,247.13171911540607,330.4566174099948
379,0.7969121491149282,246.36383316681798,330.01083945385085
380,0.7990047112993173,244.90522058068598,328.6924328250498
381,0.8010984966914405,243.76015082201394,328.7554141784387
382,0.8031950165575023,242.98271882974666,329.2057756856243
383,0.8052905677217739,242.210407529176,328.3580526430939
384,0.8073868841230295,239.7841188645198,323.4891656455509
385,0.8094800557409162,240.16682671072462,327.6409067376223
386,0.8115724907946299,237.96110695661386,323.701718417195
387,0.8136674854006812,237.76612254637627,325.2856487268432
388,0.8157633267681768,236.043264273839,322.77861784430803
389,0.8178572815764139,234.8584496803483,321.260953728133
390,0.8199509017046862,234.13758770904482,322.03434577236976
391,0.8220464110750062,232.2979945724271,317.8208876210269
392,0.8241406544737637,231.69035186360892,318.89022260648494
393,0.8262328397247414,229.85015662084214,316.34440616892095
394,0.8283269471334518,228.97500480207287,315.7598289066538
395,0.8304231064697798,228.24886301975727,314.72099022903785
396,0.8325161683796762,226.77067012180154,312.9542177068167
397,0.8346105557242035,226.9658469771682,315.8004793190706
398,0.8367059794413102,225.04340945620507,312.06594976509274
399,0.8388002445604258,224.2694024294338,311.94925258293074
400,0.8408960756111226,223.1248936546424,310.5306059261094
401,0.8429905652842218,222.07535694627202,310.3356033395855
402,0.84508401313589,221.69181506554173,310.66410221587364
403,0.8471791713809247,220.24507613375835,308.6945647927465
404,0.8492743362825239,219.20222562345876,307.02894025294256
405,0.8513668888602299,217.9418056485646,306.55346713484624
406,0.8534589296280589,217.2466091214548,306.0603658070025
407,0.8555558405338324,215.88211324413024,304.466154528116
408,0.8576516874123633,215.17909707140814,303.18819677646417
409,0.859744590599333,214.09717395124008,303.60208712690513
410,0.8618400547669827,212.8970636200653,300.94049714941355
411,0.8639350434441438,212.0982790216841,300.8218867597819
412,0.8660280248974203,211.3871506667246,300.7378830605358
413,0.8681201347325478,210.19882362010844,298.96749181740154
414,0.8702157283801463,209.17708132440802,297.7968439453517
415,0.872310621353091,208.2608755387816,296.94180167235623
416,0.8744020359703552,207.43278684691876,296.93829730347136
417,0.8764972088477568,206.65286063057962,295.5445733414997
418,0.878592835994214,206.04962047763937,295.45011421110075
419,0.8806870131084201,205.30811371708836,295.61428010856326
420,0.8827812802431019,204.23956277200597,294.3357146501325
421,0.884877279658285,202.52579343262704,290.0015843962943
422,0.8869730004154345,201.7691068078985,290.3234945956087
423,0.8890661750433553,201.84227114713084,291.7464537963293
424,0.891161435679344,200.8304280751364,290.31419820276676
425,0.8932577960179496,199.61627285278016,288.9329697030552
426,0.8953527392107627,198.19314627868852,286.50932138394876
427,0.8974462460666859,198.41191209684976,288.36241273593055
428,0.899539340962409,196.96095083122484,286.12065914388626
429,0.9016318169027592,196.01698918261758,285.5173342046058
430,0.9037252249745606,195.63134319308995,284.56025063681403
431,0.9058199443223193,194.67879736963857,284.84874671795575
432,0.907915243986348,193.66351727443785,283.0361416285422
433,0.9100128049501981,193.09237769084964,282.907356339392
434,0.9121059966002629,192.28833934073754,282.5522672342272
435,0.9141972861830797,191.13391896421692,280.29341924910426
436,0.9162932496702593,190.57695210379808,280.3067089955347
437,0.9183878012752863,189.56663523607014,278.89616304527584
438,0.9204823185419505,189.2713054454619,278.9956453749906
439,0.9225773629784582,188.07563235865268,277.73549070519243
440,0.9246718174739146,187.61001580110758,277.40210096792003
441,0.926766211900197,187.11481697706802,276.61212868065184
442,0.9288591582540804,185.9435136709365,275.0419333744193
443,0.9309526610700547,185.101868649478,274.7355369027073
444,0.9330479303067369,184.55650859867052,274.00867225432
445,0.9351433527997749,183.33434224071922,271.99001430391553
446,0.9372383527365933,182.92513848274433,272.68818091000827
447,0.939329757499591,182.10660937303612,271.9105366752037
448,0.9414230571985791,181.29451975792676,270.3847137131721
449,0.9435210054806012,180.58812245162648,269.9819731607865
450,0.9456162503172072,180.26955494322866,270.06056877626014
451,0.9477100092887099,179.53705851636613,269.0885182988244
452,0.9498046323041349,178.4896653569327,267.1300137139025
453,0.9518991548408083,177.69263761622477,266.72031922320195
454,0.9539929332702277,177.0209776732489,266.74493583774927
455,0.9560874898052096,176.79978692238535,266.547673078641
456,0.9581824530689178,176.1052211425882,265.87853530239596
457,0.9602770371571748,175.17225890657554,264.61455509376725
458,0.9623710723241273,174.4176843316262,263.20403856721714
459,0.9644648349083941,173.6878440573152,261.98622563683085
460,0.966557887379011,172.8179239750513,261.50234841734635
461,0.9686513195291268,172.31754931610772,261.1922168827184
462,0.9707470393683869,171.76888162900204,260.8746366462447
463,0.9728419987888902,171.4392701876343,260.71477454130115
464,0.9749363451418961,170.23745537863917,259.02009074346194
465,0.9770319720978949,169.9802433020876,259.3329435685241
466,0.9791260608689247,168.98045344491274,257.80002044934355
467,0.981219993418123,168.41134584287863,256.9441896710703
468,0.9833154848012966,167.42697089826888,255.2260432329
469,0.985409217900734,167.32528927706477,255.83455325197664
470,0.9875034929558208,166.73179310220544,255.0154591616151
471,0.989598845059814,165.9377458247923,254.5438010139748
472,0.9916925524589582,165.23383734142146,253.46660651585762
473,0.9937866222530743,164.6016866502267,252.23106553299178
474,0.9958822538585521,164.26821808371017,252.83700287852318
475,0.9979763461234663,163.45775527729026,251.360420148216
476,1.0000687382803208,162.95742964906069,250.7147523853867
477,1.0021620574674717,162.29415515060114,249.66595278414644
478,1.0042566040705312,161.55408505198628,249.18575765346844
479,1.0063510481087232,160.77690312237738,247.98925686280344
480,1.0084458017147504,160.37023472732645,248.0555628992439
481,1.0105412449330358,159.42259635989404,246.06954046698638
482,1.0126363206852906,159.28775599165527,246.65374374340564
483,1.014731689048677,158.80645221628555,246.97815032759272
484,1.0168251811607234,158.17058008775393,245.19146042715155
485,1.0189183181794257,157.4429408651243,244.5383429862653
486,1.0210135131858313,156.58481199531982,243.39078286268327
487,1.023107899818119,156.54087469391527,244.28470380968446
488,1.0252035642142994,155.47400164141024,242.0596087117592
489,1.0272979326699727,155.22773290621802,242.98170310951807
490,1.0293915165160124,154.5851361557869,241.81418615198976
491,1.0314862118776227,154.32138517025146,241.6382060463253
492,1.0335813276438528,153.51557883064896,239.97919853813121
493,1.0356760372494827,152.81811453514828,239.25759491708502
494,1.0377697665518313,152.63309755088477,239.73600501581885
495,1.0398635542890804,152.34234788673976,239.0274112299285
496,1.0419580022733907,151.53958099005658,237.7284666275415
497,1.0440530837182007,150.77836386394583,236.59972543305938
498,1.0461463909219801,150.11907232110204,235.79251126666176
499,1.048241289239942,149.75702196053888,235.73768515854925
500,1.0503346504195201,149.3801336921268,234.95864848384315
501,1.0524278880438542,148.72200596652533,234.3721877149522
502,1.0545231057279465,148.31657501225416,234.26245304574235
503,1.0566172205725972,147.77056580232514,233.430462072774
504,1.0587125681053644,147.181194245159,233.03827230961264
505,1.060806974942881,146.78730514587906,232.51982687011247
506,1.062900937291859,146.03905734673214,230.74733819936236
507,1.0649968400029963,145.7993629614592,231.12523625373657
508,1.0670917748856612,145.0508190997832,229.84992309902572
509,1.0691837840599538,144.83066570354865,230.28569654434966
510,1.0712784055790137,143.98246223714344,228.35951630954807
511,1.0733741944109443,143.6712387757485,228.4899097109242
512,1.0754689143080451,143.3794537467826,228.73635395532483
513,1.0775625935653539,142.73317665051104,227.44369374374486
514,1.079656551776009,142.35283415059678,227.40198577094802
515,1.081751759033872,141.8432176145505,226.1985449865477
516,1.0838450038800544,141.30036505556393,225.59214524455305
517,1.0859393346043436,140.63956504723856,224.43013861888844
518,1.0880340737032612,140.6146935751448,225.0916419224065
519,1.0901280973397867,139.85030334509943,223.5454877423124
520,1.0922232205093443,139.2984153198813,223.11168518743608
521,1.0943183198095006,139.11047006506857,222.74609790631462
522,1.0964124680620808,138.6554958849493,222.70854253564377
523,1.0985066965945804,137.97149354747748,221.51812183425406
524,1.1006022506925348,137.8724667109272,221.7441086129973
525,1.1026960746069068,137.1444185519121,220.2409699808665
526,1.104789420523433,136.89472624162138,220.30967617557397
527,1.1068841457204943,136.4154052456072,219.63834308568448
528,1.1089772649904681,136.08942259807108,219.6368556051104
529,1.1110723868790173,135.81094704390057,219.42950083872665
530,1.113168427194727,135.35035617863403,218.89316506127062
531,1.1152626776337078,134.90283139051638,218.07717324744777
532,1.1173574051129724,134.03190502011694,216.55430560013778
533,1.119450573697561,134.0880715447233,217.47112049135754
534,1.1215436337779248,133.34975777832136,215.8304066335336
535,1.1236390334415942,132.7257769425662,214.98429536898252
536,1.1257332200225998,132.58016836904685,214.5953531191188
537,1.1278283378211404,131.98151308753341,213.877257273013
538,1.1299238131648552,131.80192403798878,213.63531521404119
539,1.132017447124327,131.2677450963583,213.16631707224835
540,1.134110650036949,130.88942905564323,212.82385727677655
541,1.1362036259959787,130.4047694846844,211.95070954347975
542,1.1382991427598659,130.2649530833732,212.37853188150245
543,1.1403936066737896,129.8227267499086,211.58486810236556
544,1.1424878264606209,129.43482440436145,210.90848217384394
545,1.1445836717483504,129.0758130363474,210.80196602524555
546,1.1466778755714095,128.529093973343,209.66346719356827
547,1.1487715351237628,128.08924498463264,209.1773894420073
548,1.1508672245306748,127.75698239054519,208.8707909211666
549,1.152961670034179,127.38802775824318,208.3674108370874
550,1.1550551275418117,127.12132795033193,207.9250080667958
551,1.1571500620004906,126.4513037443445,206.71182929346696
552,1.1592451155989445,126.28698305910802,206.99388979957885
553,1.1613401484055899,125.75220531600147,205.92568787466843
554,1.1634328135986687,125.7405179712264,206.91008528676613
555,1.1655280225544649,125.22220878120062,205.565091983457
556,1.1676232414157608,124.67344265356529,204.81078793729526
557,1.1697157183635434,124.17500834436547,203.56381588181637
558,1.171809765164966,123.99962874659872,203.90217721543488
559,1.1739036754657965,123.75108820025154,203.99717383059763
560,1.1759974618047027,123.676875005662,204.18621676200948
561,1.1780927342002254,122.86257768593696,201.93836048532162
562,1.1801886215978319,122.8682100476309,203.2580385621453
563,1.1822824649467334,122.18255822764371,201.57297466424157
564,1.1843777187054296,121.84151397321497,200.79272583496746
565,1.1864731317277017,121.50173964146545,200.46646557051764
566,1.1885662199882188,121.34413898140998,200.5930234444063
567,1.1906603290984812,120.91508450508171,200.13801519471556
568,1.1927560449071208,120.55760884231002,199.33473724509867
569,1.1948501301675682,120.2023125693257,199.0325112220207
570,1.196942866326464,119.79366221594783,198.4371214572899
571,1.1990363434731066,119.89993637863661,199.46138494394825
572,1.2011315528209288,119.45688852330349,198.62736550737264
573,1.2032252726398727,119.10318143524651,197.69535546433315
574,1.205319131714267,118.69625657133788,197.4404029686069
575,1.2074143429200774,118.46071866912978,196.78537290827504
576,1.2095073316728018,118.18683733733064,196.66014492904176
577,1.211602159357548,117.49574027470119,195.3745435597251
578,1.2136984428310558,117.4946178444732,195.90226301119745
579,1.2157943340364452,117.10106737358235,195.2572941259907
580,1.217888268816351,116.6628589306426,194.4765116373846
581,1.2199821909033837,116.59585171902324,194.4405968600669
582,1.2220779372220854,116.28460314930444,194.28173731784474
583,1.2241720630448372,115.93831523078451,193.7480609158462
584,1.2262656486341297,115.50422328121496,192.98308537398108
585,1.2283602712023978,115.31459374128549,192.99480651052303
586,1.230453847781421,115.01763752765976,192.60976373003146
587,1.2325484279288663,114.39458901118326,191.3123610161751
588,1.2346427330328844,114.4873284506853,191.99780071155362
589,1.2367368340043534,113.87465305809448,190.62522677597673
590,1.2388320989568682,113.72732374704643,190.70902958878307
591,1.2409254956441091,113.49020782921426,190.18530743644968
592,1.2430201387037565,113.41792972113036,190.75416109628142
593,1.2451147141570293,112.95479421720636,189.83566555871326
594,1.2472087367784284,112.45383434893513,188.6168412278919
595,1.249302614173833,112.6009750224044,189.44041435058386
596,1.2513971052845823,112.04560575358761,188.42338703679414
597,1.2534931066319515,111.90257994848842,188.6556522662284
598,1.2555863817711985,111.73153204710697,188.63186622735154
599,1.257678969059161,111.04968233334489,186.79221363782668
600,1.2597748382104277,110.9910640462134,187.10552255909482
601,1.2618698898493887,111.05952729673243,187.58852655693352
602,1.2639640740660565,110.51786072307566,186.59853043982864
603,1.266059176034634,110.41088870420468,186.94895099536677
604,1.26815329738596,109.93138341540116,185.46087235943972
605,1.2702469827768745,109.79033563987733,185.622219292217
606,1.272341439773769,109.56884412582392,185.692307433145
607,1.2744361591580655,109.29220738781761,185.03977072503753
608,1.2765301570381213,108.91772975217194,184.46710164106557
609,1.2786243195908502,108.47092792278745,183.60342557341878
610,1.2807201779848052,108.67512936311626,184.6119619387031
611,1.2828149770647865,108.27681976336457,183.69301211813422
612,1.28490831046805,108.02414815119482,183.33029175231883
613,1.2870024746125797,107.90707596507121,183.32375746643262
614,1.2890960788179595,107.32115399400814,182.34559719467492
615,1.2911903407610128,107.09187185623165,182.02222588521673
616,1.2932847299377603,106.90777930551002,181.80235923467632
617,1.295379834193548,106.74311175579223,181.77116378010376
618,1.2974743412448833,106.67995261923446,181.8125051864421
619,1.299568838606027,106.34676858856737,181.16413149519485
620,1.3016640567270552,105.89986603211152,180.3699936246211
621,1.3037578272673165,105.72222968105552,180.17271760803155
622,1.3058518980796576,105.71315306493136,180.59990187265072
623,1.3079469520711469,105.35717193179346,179.83167344183366
624,1.3100414674631762,105.30604678317648,180.02678142903721
625,1.3121343419146885,104.86091351678988,179.25641122363638
626,1.3142291157646366,104.80677055893415,179.31987921410908
627,1.3163249547628966,104.51963883413617,178.92654764595375
628,1.3184204308819243,104.2640446004376,178.54566869055157
629,1.320514045081714,104.1629197426171,178.4529446520013
630,1.322607731116918,104.04865011544824,178.54753760598132
631,1.3247030067977636,103.9695261158027,178.63314821370705
632,1.3267964975071294,103.4617510036249,177.53624446764454
633,1.3288900457896358,103.39138422411979,177.6583752577689
634,1.3309846323229146,103.2500487209472,177.49493855163388
635,1.3330795391690438,102.96714181881126,177.28135368335447
636,1.335173949560825,102.99527506693063,177.55749777648583
637,1.3372672428845813,102.53796015132049,176.65468257414307
638,1.3393616502777206,102.3406751805127,176.17670661705782
639,1.3414564546808454,102.47572245939057,176.70305793936015
640,1.3435497634465539,102.03997269465579,176.03098728023033
641,1.3456439095281743,101.97501442178554,176.1139705003955
642,1.3477398961804745,101.5553572650921,175.23128872901185
643,1.3498356331361778,101.5577390769991,175.47074959391233
644,1.3519291222201564,101.22699541722756,174.90263139400795
645,1.3540221824451044,101.07022349873299,174.58054201266742
646,1.3561174165883387,101.00827766851661,174.91690164682464
647,1.3582118000666776,100.94538443459875,174.9427825103018
648,1.360305548489477,100.77002350478038,174.91140025658723
649,1.3624016471705516,100.47419630929338,174.14151148888803
650,1.364496581524498,100.41504128384402,174.30571991034202
651,1.366589927521404,100.2334089672014,173.9959264045231
652,1.3686839345616666,99.78740171236218,173.17169181936586
653,1.3707785136744248,99.6954287041411,173.07911888468598
654,1.3728736781569988,99.56621786257085,173.17821583457606
655,1.3749673745335222,99.45312767267906,173.0830776034176
656,1.3770602631292597,99.38224753972072,173.27044393029016
657,1.379155717578164,99.23074792487685,172.8675560433139
658,1.3812508039107998,98.96082927778133,172.57284787310093
659,1.3833453325862841,98.88613092227875,172.54285460768025
660,1.3854396647384786,98.68026776372683,172.2522161930492
661,1.387533616953471,98.66858047405195,172.50611622817766
662,1.389628935147901,98.35612138444317,171.66056852138829
663,1.3917230672721894,98.33493782938338,171.91294631820006
664,1.3938172778813163,98.14520813853281,171.64193777999455
665,1.3959128506087028,98.19048907886723,172.1713208572155
666,1.3980069894682674,97.90788330670257,171.76397107190718
667,1.400100032768225,97.69429072097431,171.17182058576626
668,1.4021942273095422,97.69337999442223,171.49312526525293
669,1.4042879724639459,97.50149854497394,170.9700440402199
670,1.4063822250727482,97.44947416469321,171.18135302277167
671,1.4084777998796327,97.4142216756802,171.37400376160426
672,1.4105725454065003,97.16912077232895,170.98099305417315
673,1.412666035757187,97.0688443514811,170.70365620184035
674,1.4147597581950535,96.88808105075076,170.66240477713325
675,1.4168552493745823,96.92206859607049,170.8720126056603
676,1.4189502707585735,96.60800732113363,170.12364166691967
677,1.4210439871962917,96.66630968632404,170.7247159674232
678,1.4231379588066748,96.48344516659361,170.46000129771687
679,1.4252323843784174,96.35641480611599,170.33228937805518
680,1.4273263645812686,96.14283978212345,169.7511580045526
681,1.4294209343777806,96.29132175256777,170.5169874819809
682,1.4315160587565352,96.09125089627535,170.17885264844074
683,1.4336101809254245,95.97229455558686,170.16592516530483
684,1.4357047233292217,95.78577982690572,169.79425534369284
685,1.4377991034950037,95.9138223406511,170.42462311143336
686,1.439893269172154,95.63392742853371,169.88434669552225
687,1.4419870983325702,95.68918191130149,170.36170335150615
688,1.4440820971476513,95.71828302317435,170.54232053547202
689,1.4461780146809415,95.44045269371763,169.83158215216216
690,1.4482723645441788,95.31443296546222,169.92987963569732
691,1.4503661519067539,95.30525235610662,170.0690165599241
692,1.4524608997459605,95.22006647760415,169.95085253740658
693,1.454556191478353,95.09021669122778,169.62936633327513
694,1.4566505605195028,95.12974919475779,170.1408084064264
695,1.4587435672120013,94.82749550128739,169.46550785173142
696,1.460836376274075,95.02228055774849,170.08681066095943
697,1.4629315024559504,94.88034702958086,169.95444846675102
698,1.465026115161985,94.69256061888133,169.7831023509696
699,1.4671201905708728,94.73745562311379,169.93131622696293
700,1.4692142550197365,94.54832383819107,169.55116958747044
701,1.4713085109511452,94.69566430352478,170.22020820037943
702,1.4734040883627781,94.53972062574161,170.08937039085498
703,1.4754983077923518,94.53539247757104,170.3479555198148
704,1.4775927333883283,94.52207550588739,170.24423414471931
705,1.479686516386449,94.15799329485331,169.45733517531437
706,1.4817805445745025,94.40798886205415,170.47860212725595
707,1.483876051193717,94.32312117079287,170.36549839952087
708,1.4859713583510508,94.17425791704324,169.89546399272737
709,1.4880662760111125,94.16443077830426,170.35560714145242
710,1.4901603423423662,94.26538714778077,170.8215038870579
711,1.4922546168830801,94.16937685809826,170.65951251723894
712,1.4943493508016918,94.07767233276829,170.54738087975758
713,1.4964436549031517,94.03414368999088,170.54001316454915
714,1.4985372426394363,93.97245529321445,170.61312587710245
715,1.5006303537214591,94.04055781677017,171.05275479641034
716,1.5027246941647125,94.09796581781258,171.47620457432495
717,1.5048198674391857,93.84870889310832,170.8163253997501
718,1.5069136003861163,93.9918347207817,171.31632133619
719,1.5090076377683221,93.93632548898071,171.45322104997092
720,1.5111026723067662,93.92350614331822,171.26418528664482
721,1.5131971028762412,93.9368996547602,171.782437971454
722,1.5152912609041667,93.86385100253075,171.61611925050917
723,1.5173854934463344,93.8541984853555,172.00531312944932
724,1.5194808793753787,93.85989410263217,172.0447604320695
725,1.5215756259285513,93.9001206710734,172.22612170863172
726,1.5236695807770564,94.00620655516116,172.58791215870144
727,1.5257641081783464,93.89669754203821,172.62137843092572
728,1.5278584873608179,94.08051347033751,173.3344297641604
729,1.5299536435991428,93.90428524493535,172.82710748371164
730,1.5320476585044298,94.06386735606714,173.58085422780906
731,1.5341414384393777,93.86666980740657,173.1493639656407
732,1.536236950937659,94.03512334650641,173.81523350329653
733,1.5383317033374695,94.0552134826893,174.0961266180669
734,1.5404255753841434,93.9672888473763,173.77960307594796
735,1.5425198393431812,94.06513084032781,174.1445713620741
736,1.5446136227526486,94.23142661610851,174.8917401522528
737,1.5467072285753283,94.13083421160731,174.72238750510616
738,1.5488013111816905,94.23310462689682,175.23775696798398
739,1.550896674249749,94.16309275594548,174.96812538986143
740,1.552991701547339,94.21645660373167,175.5618540437151
741,1.5550856629518366,94.31565785114189,175.80047340452697
742,1.5571801051512508,94.39906034986286,176.17700165737415
743,1.559274417579796,94.35889093370506,176.20288642471326
744,1.5613691533539047,94.50667978243075,176.76605880827853
745,1.5634631934261796,94.58634443243808,177.16567819538207
746,1.5655577892497892,94.59830363723079,177.4682687351824
747,1.5676527275763066,94.5219287982786,177.2531436860896
748,1.5697461748764228,94.57418658057308,177.52524847307055
749,1.5718402189801153,94.7215310176762,178.2075795412484
750,1.5739346218160084,94.88373478133589,178.79589407979293
751,1.5760295037244485,94.87431909429846,178.95901558421204
752,1.5781239238326052,95.02079277337133,179.41183447095227
753,1.5802176736109215,95.01308483688638,179.35518142781288
754,1.5823123941098438,95.18061345690242,179.92707134136475
755,1.5844068047546922,95.25213985877987,180.42602242072965
756,1.5864996832696292,95.14176634223983,180.15194014266197
757,1.5885944598128996,95.40318871564449,181.06895811307496
758,1.5906903325437156,95.4340169774009,181.22818126495656
759,1.592784689092666,95.69343480421936,182.32000582846962
760,1.5948796873290236,95.81664912963669,182.41685105101
761,1.5969745597395735,95.79252748739691,182.6628692305913
762,1.5990689218084002,95.93000476537394,183.19129257801234
763,1.6011633213632455,96.17018174837253,184.08541810672608
764,1.6032577776043084,96.05889178490604,183.7364005630664
765,1.6053514020964894,96.31531721316995,184.59237096118713
766,1.607445093072501,96.5727004732837,185.44780900801433
767,1.6095393086936036,95.90537581189781,182.82984036756244
768,1.6116336711357766,94.3680478905575,177.05026798241298
769,1.6137279918528686,93.37076622190051,172.96379914311217
770,1.6158221116449558,92.52833833891522,169.39955833054236
771,1.6179176229648538,91.34915097189634,164.8702418225807
772,1.6200131612431772,90.52320352698047,161.7399686027267
773,1.6221069236192778,89.55953860268811,157.68154102185878
774,1.6242011307622557,88.91047462326836,155.1202050582205
775,1.6262960841945175,88.12556384052502,151.96700387813274
776,1.6283896203498047,87.59625107153299,149.7391682334082
777,1.6304834947928883,86.69020612195813,145.9996504852382
778,1.632578127710653,86.33338800257252,144.39906421483303
779,1.6346731813158608,85.60298870331967,141.73019023435435
780,1.636767172365261,85.07236061962382,139.41688143733697
781,1.6388603779595408,84.51076523031108,136.96991714921677
782,1.6409563605892468,83.87607866710016,134.6656158868933
783,1.643050621284035,83.44833543176489,132.7037898849673
784,1.645144102645386,83.01279431765961,130.70295617144717
785,1.6472395726584623,82.42160355234867,128.37943730009786
786,1.6493331318477138,81.89775237638727,126.45742934567683
787,1.6514277435583298,81.58476618822876,124.70144620123489
788,1.6535225655624404,81.17182342911349,123.25343256045056
789,1.655616100487628,80.61617797425784,120.8082588851272
790,1.6577106071833263,80.13923596192818,118.92538711833748
791,1.6598050724476994,79.78292325507144,117.42001287161685
792,1.6619001395524664,79.38478691340862,115.83170825356576
793,1.6639948642035431,79.00701653258061,114.24676489067774
794,1.6660882997554614,78.66255166699855,112.6628496519899
795,1.6681827329415837,78.27533543889763,111.06939454254864
796,1.6702780557373313,77.85307340976053,109.28071054617952
797,1.6723710846745943,77.37987358885327,107.48438238841858
798,1.6744651718920411,77.2475607298015,106.80061371826562
799,1.6765602044792516,76.71107798407199,104.73359481353775
800,1.6786535596079524,76.54166818546273,103.85132336960226
801,1.6807491745425278,76.10052081674488,101.93951157015596
802,1.6828445761171116,75.77631189395692,100.82162326519753
803,1.6849386388007168,75.65111239796748,99.84443374580663
804,1.6870339476475265,75.16178042981393,98.04369951427041
805,1.6891280758541645,75.00947743939807,97.16630058483078
806,1.691221272327691,74.54661603882938,95.50594496073025
807,1.6933141346742315,74.33720076163216,94.37449285122366
808,1.6954090930463133,74.05930625491399,93.42565123087627
809,1.6975047078021417,73.73853142149986,91.88813300427404
810,1.6995991246970055,73.52471482926669,91.15099259996337
811,1.7016934918813407,73.13702371905948,89.55931055371117
812,1.703786903721137,72.86406424185986,88.35618453300008
813,1.7058818292953146,72.73937028796016,87.75349404457064
814,1.7079768740006063,72.3872235766073,86.30974335406967
815,1.710070845319196,72.07701660037752,85.22791930655822
816,1.7121645316176712,71.88125118828471,84.19307234433381
817,1.7142597272321454,71.59688809658742,83.0770619743336
818,1.7163549406546734,71.43621091913704,82.2062430403083
819,1.7184482195940645,71.20283047509727,81.27807528716909
820,1.7205423072627637,70.84652047735366,80.00703984092003
821,1.7226374847113666,70.64171663537421,79.15084183659152
822,1.7247323233526113,70.56589278516459,78.27219281912976
823,1.7268266901810085,70.11164605583383,76.83445695068015
824,1.72892134476467,69.87308272613578,75.92455208049077
825,1.7310153629662073,69.81443115673332,75.40385252134342
826,1.7331087353021186,69.51135925327867,74.08614104415474
827,1.7352028820270462,69.3244253817686,73.51699782213305
828,1.737297419510233,68.98810353018654,71.90643873847169
829,1.7393924268721555,68.95720288132976,71.78914560931617
830,1.7414865202316776,68.76357384942726,70.87743837446644
831,1.7435798385311778,68.53342602274965,69.91749676205512
832,1.7456747741592018,68.38511117454938,69.11984803632265
833,1.7477707733578058,68.03006249770476,67.94825442717497
834,1.7498644151299778,67.99723548849889,67.65581051711818
835,1.7519579294274097,67.81323792925296,66.78646354218908
836,1.754052537005875,67.40045205896504,65.28118576862215
837,1.756146014277543,67.35334648908642,65.01487818631044
838,1.7582399685899122,67.09489943732842,63.808221984456594
839,1.760335124398212,66.94796812036236,63.24454645648526
840,1.7624306374180432,66.68954665041265,62.075871886516985
841,1.764524733445493,66.60841973716472,61.77878019058495
842,1.7666195957988082,66.53541594400873,61.22724809979275
843,1.7687146552767006,66.3578443109534,60.24053795688983
844,1.7708085687106505,66.04568539478662,59.35969389215974
845,1.7729026984403262,65.92897492767199,58.77894226349394
846,1.7749968373222131,65.89552439133759,58.36271977947606
847,1.7770919795414395,65.63464645026768,57.44907316872147
848,1.7791866891650514,65.36665544894872,56.5014863270519
849,1.7812805740714612,65.18891409103806,55.71054158135908
850,1.7833749145944944,65.08713577882595,55.05852639444514
851,1.7854698174814119,65.06745450293346,54.783471456066934
852,1.7875649050000997,64.79973545537233,53.79645993999496
853,1.7896586091751823,64.5495718427181,52.734508596805654
854,1.7917528105223397,64.51193105558013,52.540566325284416
855,1.7938472619734778,64.38996748372115,51.85422471725906
856,1.7959410333998334,64.30636508461696,51.56996451636654
857,1.7980353139963554,64.12562339124274,50.79749166015897
858,1.8001292949050451,63.95235186259968,50.04334068001046
859,1.8022240144636215,63.90996040717361,49.722728360173164
860,1.8043180357006787,63.621086999411965,48.60167512278344
861,1.8064120149556366,63.561442589893375,48.25465122387214
862,1.808507216693214,63.382899290271496,47.371830573570634
863,1.8106012235056632,63.236867595546165,46.875697854956755
864,1.8126961076333348,63.1226054930568,46.35946912903833
865,1.8147906359659112,63.11953061648042,46.000875239766266
866,1.816885013662702,62.99623929659227,45.53306823034394
867,1.8189799788179999,62.765214081741256,44.61520598576876
868,1.8210733357472892,62.574502721225834,43.88577943449545
869,1.8231675363973032,62.43526148671909,43.15382408725052
870,1.8252628639859947,62.38766644208924,42.8844472780494
871,1.8273578690890415,62.231975079860824,42.27407678590978
872,1.8294529153678178,62.0263663594639,41.243025841812255
873,1.8315468366202061,62.126680200983024,41.643916711027956
874,1.8336403420201965,61.82703699882331,40.372930301201286
875,1.8357342642631629,61.74154408896046,40.10296714541902
876,1.837828606636473,61.719297358424626,39.838750557472814
877,1.8399232687279,61.47771290955216,38.748835457776785
878,1.8420169361094605,61.475602643554694,38.69152975942015
879,1.8441103454239045,61.35509202551778,37.82239786991761
880,1.8462047113551943,61.035059360502956,37.10134932201808
881,1.848300337583767,61.149025552426934,37.007143276125824
882,1.850395118058644,60.987749900371725,36.32973505237447
883,1.8524895015648957,60.96940937255815,35.95416523476972
884,1.85458435317291,60.82357408203519,35.20107971337634
885,1.8566786691854407,60.849964225293505,35.594537816398244
886,1.8587722962005393,60.594946562962605,34.384401354400275
887,1.8608667292143481,60.50360037563429,33.930049309219235
888,1.8629623979972338,60.39643157871292,33.41399786122958
889,1.8650575007618033,60.385171703197614,33.123482616389374
890,1.8671515757398978,60.32560089424378,32.9805377339078
891,1.86924567270883,60.129034908382266,32.06451470830273
892,1.8713402290883943,60.12465151993631,31.904507285961646
893,1.8734333441485889,59.93498740349326,30.9228704016633
894,1.8755274569663687,59.855934845139124,30.473672639913417
895,1.8776226584010878,59.81171713277819,30.271724824938026
896,1.8797156234954413,59.66515497898251,29.621754724715213
897,1.8818097674713492,59.71621322437059,29.63565716859781
898,1.8839051205157094,59.47495055193208,28.58711870742634
899,1.886000042933448,59.428053723826864,28.547037126107472
900,1.8880949075451439,59.366280955331014,28.12679863480712
901,1.8901881584759161,59.24125352258852,27.23580606002158
902,1.892283217936019,59.40284924718081,27.68181358769209
903,1.8943782680554568,59.082599859967395,26.27423466806763
904,1.8964720473710392,59.10292984357235,26.43324676630798
905,1.8985668668489433,59.09267263515858,26.033136210906132
906,1.9006612809862096,58.96496859946737,25.42380782464202
907,1.902755719587151,58.986966347349,25.4463854233
908,1.904849757588545,58.836082421822724,24.581005944009437
909,1.9069430754605277,58.819877273589334,24.293640408155262
910,1.9090378340013505,58.64470313985517,23.48297634892071
911,1.9111324914183263,58.562106551592954,23.13286903851422
912,1.913226965923519,58.6472046729405,23.263741528243443
913,1.915321381331026,58.31193975630074,21.948790588481938
914,1.9174162748437817,58.54604189901574,22.53897147687237
915,1.91951096404297,58.334421425889865,21.559638882253214
916,1.9216039358616672,58.227595905925384,21.299427701546044
917,1.9236986253914137,58.21016941861368,20.975441573483522
918,1.9257933066276691,58.07248730663714,20.254577185472748
919,1.9278873651498682,58.20369448694652,20.459112008074854
920,1.9299807661659822,58.09321782496418,19.68129592270578
921,1.9320760482648573,58.0549535357704,19.67510714319586
922,1.934171767524072,57.96923060860426,18.932229221339448
923,1.9362651059315399,57.747943512294775,18.384147156302163
924,1.938359138419254,57.89264301901353,18.500456709693488
925,1.9404538735984294,57.716565333016035,17.529468469846226
926,1.9425479146608418,57.803502021209596,17.731555806697383
927,1.9446418189559174,57.63707895799161,17.065205644075757
928,1.9467371502259871,57.62915292590289,16.82729099717931
929,1.9488329760684335,57.73068320684495,16.56947323253616
930,1.9509268120448882,57.601054657516414,16.07909740500695
931,1.953019609354344,57.63165950744649,16.1373246034702
932,1.9551147244404972,57.396873679302175,15.109828879635707
933,1.957209950604826,57.43045641388942,14.896560429375576
934,1.9593041179655175,57.3171386780123,14.373250333204213
935,1.9613980124620214,57.26743505572803,13.952641874877152
936,1.9634920823781827,57.289455708124414,13.862701060852544
937,1.9655870316775599,57.21900209795403,13.47648339320251
938,1.9676813106463258,57.24548248474426,13.270831803514112
939,1.9697755380711686,57.21571363716153,12.851483910783603
940,1.9718704076888727,57.09680553546952,12.174293015380872
941,1.9739643213778544,57.11115888948837,11.936740600402551
942,1.9760582139073395,57.00912923979754,11.1862573265624
943,1.9781533744008393,57.14674842520158,11.715710370384736
944,1.980249297656676,56.869062946401705,10.181605491314789
945,1.9823436902775773,57.13046818964844,10.931346788295974
946,1.9844363854611324,56.922846355367625,10.323410854379933
947,1.986530057736426,56.803921055768576,9.472375205002109
948,1.988624138262085,57.014986397456994,10.017787600742182
949,1.9907191302641989,56.7809852200941,8.902325330187
950,1.9928140678397719,56.9419973373794,9.144164555289754
951,1.994908057158038,56.85969387543725,8.751904593604745
952,1.9970037235567513,56.63972434476208,7.64559292684479
953,1.999098539119481,56.87812376149067,7.983569886311044
954,2.001191245179364,56.58178095638372,6.990671568923895
955,2.003285465781134,56.823306252955625,7.356238467838279
956,2.005380090953843,56.66931118378091,6.5921629598985785
957,2.007473757612322,56.66394767960108,6.245154237431315
958,2.0095674385752345,56.66727021060064,6.025479965350867
959,2.0116620669227445,56.529470515583995,5.288066587416166
960,2.0137574654124313,56.711384246250596,5.643808295805529
961,2.015851542299029,56.60829584697717,5.151190471599055
962,2.017945842236743,56.66339480482624,4.770612194193173
963,2.0200414078173843,56.67217638700691,4.425206190580756
964,2.0221364472105585,56.50422692996366,3.685229965524422
965,2.0242304661583193,56.628203855763424,3.786380946593922
966,2.0263241213554704,56.28636796444017,2.366911444212693
967,2.028418169537371,56.61211276904998,3.163659239612215
968,2.030512126699397,56.48639756180661,2.5181642083376623
969,2.032607257696191,56.56364155240737,2.5049488625616343
970,2.0347026748788237,56.53553783623059,1.7222506408366958
971,2.036797432049628,56.31585849731821,0.7795589510774532
972,2.0388917803566513,56.65885059616587,1.8268118388105719
973,2.0409854404727548,56.47069630223261,0.7858142142539435
974,2.043079158497923,56.58966330807234,0.8882920062228604
975,2.0451737042342053,56.44295377228876,0.13471144029122978
976,2.047267957686092,56.32732691734461,-0.7155463652729892
977,2.0493625921646865,56.60517898588523,-0.15519508654668077
978,2.051458159400133,56.39776620190745,-1.2738743938926147
979,2.0535521918605197,56.57036276594836,-0.9841989649256472
980,2.055645062675616,56.44335334729495,-1.6405782776278262
981,2.0577393587752955,56.35194554993799,-2.2937172089570446
982,2.059834437786395,56.53989322932804,-2.292178464345902
983,2.061928055170489,56.3514090205594,-3.23719871652505
984,2.0640226957402352,56.56564990070274,-2.6115751008263306
985,2.066118258189404,56.46222258499996,-3.801866570369449
986,2.068213196804832,56.41052548142999,-3.773465048350244
987,2.0703072818107917,56.57184173609167,-3.618401737913052
988,2.072400931462771,56.54655063479451,-4.691752723529409
989,2.074494103322103,56.60545953262192,-4.590864597845386
990,2.076588647294614,56.349526430351645,-5.9034058464935235
991,2.0786837571325223,56.45748280419727,-5.62800690729819
992,2.0807786951127576,56.44318877869236,-6.176350380980215
993,2.0828733611799306,56.45469578950636,-6.573218675148677
994,2.0849676047315464,56.53779980725006,-6.6253546735774105
995,2.08706191167589,56.34543528500852,-7.774796879036759
996,2.0891552570733616,56.55661307622879,-7.293646870756589
997,2.0912498961643236,56.400170224455195,-8.144067841319183
998,2.0933446561638878,56.53068503048661,-8.435978888856306
999,2.0954387435644386,56.57498406898212,-9.073024420626172
1000,2.0975335870618825,56.31134206575484,-10.023637338446738
1001,2.099629070349723,56.50720001117175,-9.514917838313158
1002,2.1017228492895934,56.45537824471278,-10.397674348402743
1003,2.1038170482062775,56.57791445962046,-10.475239882166715
1004,2.1059122372778973,56.459298514469516,-11.137163566370363
1005,2.10800554057148,56.47821444393433,-11.474647980739698
1006,2.110098599114947,56.72696134929584,-11.336353104899125
1007,2.1121927216235163,56.30583106570773,-13.0137863279471
1008,2.1142879182187984,56.69413536459395,-12.309662592903825
1009,2.1163820759811065,56.424658138543435,-13.74933826350886
1010,2.118476597123504,56.48231862721088,-13.845914892115578
1011,2.120572077635568,56.60787880093751,-13.873543430605029
1012,2.122666143506846,56.37906670774108,-15.320718704658482
1013,2.12475947440395,56.78664514980663,-14.251767957980283
1014,2.1268549228070284,56.310687482170565,-16.474547353385375
1015,2.1289503858580807,56.6288764768726,-15.839474052679428
1016,2.131043274916299,56.78425858198431,-15.911231318060919
1017,2.1331378502136085,56.40084781822598,-17.578070881883082
1018,2.135233020544507,56.53815866710699,-17.50819583284632
1019,2.137327211773404,56.38679211969552,-18.61088778503413
1020,2.1394213678417553,56.68279245206078,-18.11785824420257
1021,2.1415151935265153,56.508558976412274,-19.149796458555766
1022,2.143609686067666,56.43096162671975,-20.13985305909048
1023,2.1457039096890913,56.46684211227763,-20.2847928350272
1024,2.1477977892281794,56.34976493976277,-21.168079307409315
1025,2.149892773795189,56.64065273396853,-20.715609268674662
1026,2.151988207011953,56.40467119072015,-22.08227649098083
1027,2.154083430042502,56.479339152459374,-22.365629432936423
1028,2.1561769020273363,56.62549227975989,-22.5881743262755
1029,2.158269727638565,56.241053734107034,-24.275065467870718
1030,2.1603643338266334,56.58875461291344,-23.660735104050172
1031,2.1624594611960894,56.07796214956293,-25.879035289822887
1032,2.1645538445620423,56.40560082818446,-25.557323577010383
1033,2.166649266160557,56.3963271876113,-26.02824082198287
1034,2.1687438965600263,56.176219705694464,-27.319490608296537
1035,2.1708363804402464,56.46157621418635,-27.00445952286147
1036,2.17292939543057,56.061961399036576,-28.531201396845425
1037,2.1750246621139153,56.503119832789324,-27.849273530319
1038,2.1771189095943266,56.07691823726964,-29.732564804274965
1039,2.179212962470575,56.0702793076548,-30.658123333431206
1040,2.1813066434396426,56.40888117619069,-30.290032715402297
1041,2.183402629792164,55.673117118006566,-33.2806941465948
1042,2.185498119455816,56.334973937469755,-31.535501187513866
1043,2.1875916200185137,55.80094306207845,-33.97025449325551
1044,2.189686441120868,56.02643413177142,-33.82841541142795
1045,2.191781413276182,55.76005524872255,-34.98739455651315
1046,2.193875147711239,55.632617563453515,-36.074426642952425
1047,2.1959686613130316,55.937766593105934,-35.60574579609409
1048,2.198063923558019,55.35726028392448,-38.49602087670583
1049,2.2001595001532226,55.68876137859364,-37.77077371810322
1050,2.202253779153767,55.23671631055648,-40.02293384682728
1051,2.2043460760907565,55.24240538382422,-40.59091093986017
1052,2.206440891990371,55.29747797742179,-40.371577397235285
1053,2.2085356491852317,54.662419127011596,-43.44200743789962
1054,2.2106277016542335,55.26510760792321,-42.29936954121348
1055,2.212721958545959,54.80653997873121,-44.68819872437795
1056,2.2148185083900422,54.77305206955142,-45.36129255206744
1057,2.216913061952383,54.774370024969336,-46.02449189999917
1058,2.219006160150891,53.94257862271955,-49.143993892904724
1059,2.2211007684745443,54.6554839032536,-47.28298435119502
1060,2.2231966067711273,53.69639141773662,-51.39125625323415
1061,2.2252915180225106,54.25207029089835,-50.011967540695395
1062,2.2273849286831946,53.56535576962589,-52.86486269018607
1063,2.2294794057777056,53.35846870997672,-54.2285016951334
1064,2.231574082226972,53.671348444324025,-53.741509562324055
1065,2.2336675726385264,52.555074455772484,-57.990184525630966
1066,2.2357616690730993,53.44777179287618,-55.960376814420826
1067,2.237857388038379,52.18961628855556,-60.437927623768275
1068,2.2399520699736297,52.66317193969509,-59.771351124931535
1069,2.2420449617357057,52.00162050834601,-62.584194506752446
1070,2.2441391380853632,51.419134131063196,-65.36751859087785
1071,2.2462342793770116,51.94336469472265,-63.81321885452872
1072,2.248330004000319,50.6882542348501,-68.2970231609766
1073,2.2504234986669656,51.26811548905509,-67.28992928314864
1074,2.2525166459790467,50.185651925851055,-71.18463900313141
1075,2.254612702557845,50.04767929392274,-72.31496511998508
1076,2.2567074239010356,49.821300072317904,-73.79480195412444
1077,2.25879926569608,48.929458333716134,-77.35044275800948
1078,2.2608934332232278,49.07596800027183,-77.73213590112444
1079,2.2629890832862967,48.09619913349813,-81.19558409541213
1080,2.2650815906481947,47.96709071129444,-82.25626943059426
1081,2.26717631551426,47.13224311248646,-85.05557195067018
1082,2.2692717091510235,46.6421992574158,-87.53535531050241
1083,2.2713660430599174,46.23967566847761,-89.49229255971142
1084,2.273460830916725,45.49416334517766,-92.19880460967778
1085,2.2755552510450507,44.89996190817639,-94.22012648310263
1086,2.2776502981151867,44.40225262750445,-95.97207643097022
1087,2.2797428242388995,44.31840056713027,-97.36558755936231
1088,2.281836092329788,43.962750970765406,-98.88656661833114
1089,2.283933556285596,43.815682261202014,-99.80884008351434
1090,2.286028868050817,43.63774192500146,-101.2265899755031
1091,2.2881212248812486,43.52846903020108,-101.90694185108704
1092,2.290215014848569,43.30572580095698,-102.70463814692532
1093,2.292310229911211,43.1220243604105,-103.57393736915269
1094,2.2944051456334345,43.14334730216492,-104.4877466586018
1095,2.2964983471898495,42.97398593743436,-105.1172186806705
1096,2.2985921024349003,42.809801960198435,-105.86116656638052
1097,2.3006888643809247,42.8906995966249,-106.90982770224352
1098,2.302783634096356,42.71440417959069,-107.44815236829447
1099,2.3048756698218886,42.75528737930493,-108.33041766812818
1100,2.3069695720010412,42.64250129965978,-108.93725119956844
1101,2.3090651112173397,42.54499671114963,-109.6052427410408
1102,2.311158495429861,42.52009492063598,-110.34378678876969
1103,2.3132509513768182,42.45623519068844,-110.75240479359951
1104,2.31534766594442,42.38241856705498,-111.61708373289889
1105,2.3174438092641236,42.51457967765447,-112.2249414370274
1106,2.3195366518474128,42.25852727497285,-112.57055644257146
1107,2.321631141204296,42.41946426100282,-113.37331377547765
1108,2.323727832694395,42.4146444092226,-113.96845016186164
1109,2.3258211826493147,42.226926504891345,-114.46396836886998
1110,2.3279133966950116,42.31545276119973,-114.99686942017841
1111,2.330008120458155,42.37061202335034,-115.89910096303376
1112,2.332103956675321,42.29531858312701,-116.40488702486581
1113,2.334197579452735,42.37936074378878,-116.9786346009229
1114,2.336290017181209,42.226498964881735,-117.4110072757373
1115,2.338385505091734,42.311383398191296,-117.98934880783554
1116,2.340480189114194,42.23141482451999,-118.37849238446985
1117,2.342573391055059,42.25819083368444,-119.00390611174633
1118,2.344667848677038,42.260171551442724,-119.38069377324241
1119,2.3467629878884537,42.12904874186417,-119.7823568750084
1120,2.348858220839854,42.341058887147256,-120.7410820493041
1121,2.35095250082758,42.38005458683085,-121.27794203894419
1122,2.3530449396760944,42.31612217552564,-121.58036569748234
1123,2.355141499104623,42.38319965727088,-122.15769624527087
1124,2.3572378412451434,42.4308394210865,-122.87384525150219
1125,2.3593294861259198,42.474714952742595,-123.29747844094905
1126,2.3614224992004984,42.45018155509117,-123.70661962163263
1127,2.363517948981548,42.550862650616615,-124.2868217110552
1128,2.3656139136423477,42.56537099936712,-125.05518487506967
1129,2.367706660383537,42.566065035127096,-125.29249344571997
1130,2.3698014470222093,42.55091241887608,-125.78975389283995
1131,2.3718977582075165,42.54881220739874,-126.0709616777762
1132,2.3739899214574836,42.74418989672355,-126.8377094326251
1133,2.3760825194215927,42.67033977852224,-127.20861485057107
1134,2.378179070039863,42.770118393539406,-127.68382768375571
1135,2.380273759058959,42.81670762470103,-128.38912997680308
1136,2.382365673610318,42.909738502048754,-128.92614416665202
1137,2.3844604460166168,42.897774478578874,-129.23435206678553
1138,2.3865571190304595,42.95942601314164,-129.90886650470227
1139,2.3886520978255446,43.02435503279994,-130.40143080271662
1140,2.3907442891236066,43.17785323039152,-131.18929672917707
1141,2.3928386457990913,43.012899474226685,-130.9367559955449
1142,2.394934562690242,43.16475301340905,-131.93870638660127
1143,2.397029599690107,43.27189841009587,-132.57766721713685
1144,2.3991222591305954,43.3591520497328,-133.0786397945026
1145,2.401217024080888,43.4512737046279,-133.64509252434638
1146,2.403314513026698,43.36468953819818,-133.76535038297135
1147,2.4054081911284184,43.53159590754918,-134.5333278131241
1148,2.4075011183217048,43.59023945349707,-134.93844422835554
1149,2.4095960074264258,43.68778593021252,-135.52765455818184
1150,2.4116926326559978,43.80671592278596,-136.3418034378293
1151,2.41378425055939,43.69949517978969,-136.1046189221292
1152,2.415877382497087,43.8493830198305,-137.10368736466413
1153,2.4179783678062123,43.87225236360713,-137.38094428778908
1154,2.4200733739460714,44.01690064113587,-138.1451815779367
1155,2.422162501290004,44.278833640692355,-139.1592607935512
1156,2.424257158180454,44.161923255302796,-139.21655908455998
1157,2.426355368807169,44.15231964086963,-139.4675449784183
1158,2.4284477900186845,44.41773280711791,-140.5032864790243
1159,2.43053883847394,44.42708545069365,-140.80288510902153
1160,2.4326356353293934,44.47479857426289,-141.28829262696317
1161,2.434732612021302,44.576450994787166,-141.88625034225987
1162,2.4368252927922227,44.72499409319305,-142.37248251535777
1163,2.43891890863681,44.98983941181327,-143.65581320707022
1164,2.441014895314609,44.881297272058326,-143.52202767640875
1165,2.4431105244568765,45.048664455903015,-144.3301061430473
1166,2.4452031167440684,45.1542734892436,-144.75883454917204
1167,2.4472938786799143,45.32546746156227,-145.62738847466576
1168,2.4493915902413868,45.329884346040416,-145.81738080227655
1169,2.4514877943094935,45.50578878391451,-146.74149863636106
1170,2.4535774837073663,45.505164910202026,-146.89881802211278
1171,2.4556717453467782,45.683657851114525,-147.74632765162653
1172,2.457770725968573,45.75882245101096,-148.08738809074515
1173,2.459865450868259,46.007651757202424,-148.95914003571826
1174,2.461954843714291,46.137177946079575,-149.81195963530342
1175,2.464051305962942,46.23682844186019,-150.26920290544737
1176,2.4661493201186655,46.074126199335005,-150.0083075265656
1177,2.468239991051035,46.38121863221441,-151.30658173880852
1178,2.4703335941159144,46.619353801979614,-152.21869584233977
1179,2.472432426226094,46.65779646300644,-152.67535151526627
1180,2.47452690434623,46.75059900238919,-153.13124098736958
1181,2.476615373809059,46.8381844733697,-153.53055025834192
1182,2.478710457672189,47.08517788326267,-154.67097787268693
1183,2.48080966574444,47.12528985838881,-154.95253415213935
1184,2.48290090100287,47.3505209494812,-155.81649909857572
1185,2.4849923340191187,47.68468238026808,-157.13806075256946
1186,2.4870897130294636,47.458409003788056,-156.57549040966055
1187,2.4891862386660164,47.5666129657182,-157.08985889831504
1188,2.491278235985619,47.94935856241949,-158.42743965607187
1189,2.4933690456944357,47.99703232616637,-158.79696029870723
1190,2.495466543397291,48.250907006946406,-159.88495994156457
1191,2.497563830960505,48.347788361473484,-160.37827399444177
1192,2.499654519205421,48.55378255217911,-161.21482350927585
1193,2.5017479497353943,48.779347035712135,-162.1634260465145
1194,2.5038480054516667,48.67824465352534,-161.9990937017114
1195,2.505943433921919,49.01017495697922,-163.14276647081604
1196,2.5080284861327207,49.330840666362306,-164.4931944521225
1197,2.510123955773609,49.08134729836866,-163.9323498698488
1198,2.5122261646694253,49.38271657415271,-165.08840816522715
1199,2.5143177674343575,49.57032094055992,-165.6940787248633
1200,2.516405803072155,49.89575604895975,-166.98988180463795
1201,2.5185026929964116,50.11157642416671,-167.9666004379483
1202,2.5206041831245063,50.194013031986785,-168.3723215458276
1203,2.5226964757648327,50.37314027195092,-169.0379343759986
1204,2.5247869961159406,50.58963622255214,-169.99579603869196
1205,2.5268843920051487,50.71032238618824,-170.72293465436124
1206,2.528980483597168,50.67599973997403,-170.63642633606162
1207,2.5310684597394695,51.094297195895535,-172.01660164429742
1208,2.533161718042206,51.16244086205267,-172.62506034356977
1209,2.53526488574662,51.56900639308257,-174.0588706960311
1210,2.5373603920777454,51.75148447897245,-174.71899349166318
1211,2.539445749963502,51.9723282852871,-175.64840351817531
1212,2.5415417180131348,51.9169168884901,-175.5733977003449
1213,2.5436457679371425,52.12668479073124,-176.46319472942554
1214,2.545736808475733,52.46881245882788,-177.71930347051838
1215,2.5478233832874237,52.80778633330127,-178.96802882576173
1216,2.54992085584226,52.82439427883585,-179.39156623881715
1217,2.5520207655356866,53.18902782409482,-180.54970341262734
1218,2.5541098448110064,53.4007621177464,-181.38498766373348
1219,2.5562002600365847,53.58180432263717,-182.17851633008212
1220,2.558305455724291,53.68294108074092,-182.664378470884
1221,2.5604026511470312,54.216556411699706,-184.44845530237018
1222,2.5624826414852553,54.514102462926665,-185.52013519710403
1223,2.564574391949512,54.684985237579454,-186.41713372665836
1224,2.5666808497683498,54.678404202155605,-186.44008928965954
1225,2.5687773451615423,55.268656922245775,-188.5522268796479
1226,2.5708608935170316,55.29407583457373,-188.9095767537077
1227,2.5729575952355885,55.58728507376108,-189.99428813908406
1228,2.575060651513359,55.75378173603893,-190.65441043279523
1229,2.577148431575012,55.73894430023108,-190.74613253448084
1230,2.5792346077561192,56.14561905372965,-192.27905283484256
1231,2.5813352493894732,56.72337007901569,-194.36766368621878
1232,2.5834369526956515,57.35949749433416,-196.5347392621818
1233,2.5855218346006232,57.09893767317245,-195.77487310853033
1234,2.587610713900489,57.45804451709618,-197.16608344822268
1235,2.5897186990593415,57.90698173216254,-198.72383401030388
1236,2.5918181690667126,58.254386261367614,-200.06821553456166
1237,2.5938985009385314,58.24281437154933,-200.05696808306203
1238,2.5959901966325076,58.259604269599876,-200.35709012623775
1239,2.5980970827886534,58.92254810168081,-202.6966905705334
1240,2.6001911974764487,58.95021497777567,-202.81739505929625
1241,2.6022734575046016,59.4082586784932,-204.3695416990562
1242,2.604374761438423,59.642990584190784,-205.4449610966916
1243,2.606480077670044,59.9916294112462,-206.63542536266024
1244,2.6085618800169397,60.15299260242926,-207.33888393137116
1245,2.610646200048581,60.51450013510256,-208.63194301887003
1246,2.6127580952497533,61.06946461605056,-210.67494227207663
1247,2.6148609257992828,61.25491004432661,-211.40341479675817
1248,2.616933454172155,61.635721455711106,-212.80065010127902
1249,2.619020659870304,62.25555709756756,-215.1277320450596
1250,2.6211346279669097,62.24499196310048,-215.12916964372047
1251,2.623236503452788,62.8852833724962,-217.31372645542294
1252,2.6253090562225565,63.58947781462753,-219.94401473089044
1253,2.6274000701334055,63.483033419973914,-219.59209144046042
1254,2.629513118467727,63.451903730972575,-219.66261216846223
1255,2.631604301330356,64.17552023906744,-222.04657362218796
1256,2.633685254021577,64.85479994964321,-224.66024038088642
1257,2.6357889797673804,64.37917416177872,-223.1211117787872
1258,2.637895874321367,64.96891235887158,-225.12625763433653
1259,2.6399747081141895,65.52857315646088,-227.1992552833996
1260,2.6420591747927733,65.89906255823952,-228.51154709633786
1261,2.6441764666284318,66.94281336921169,-232.39910255402043
1262,2.6462775406423154,66.57505162428018,-230.9507484902927
1263,2.6483402943393326,67.4618180877899,-234.16807364130977
1264,2.650428729148096,68.0325416905174,-236.13343631691438
1265,2.652562718674548,67.54454381172091,-234.66994839962263
1266,2.654664088292312,68.3479512217441,-237.38783701704776
1267,2.656712651557163,68.48033685045345,-237.87990455663314
1268,2.6588106765908748,69.28317629263094,-240.7785370378914
1269,2.6609452450324915,69.96841048257811,-243.42540999505573
1270,2.663032290426174,70.9199859483608,-246.6649770024513
1271,2.6650914877184944,70.84702380549004,-246.36556658970662
1272,2.6671986225603375,71.0792855423432,-247.334647026659
1273,2.6693218160411916,71.14560227275669,-247.610306578776
1274,2.6714003686163363,72.8750326233806,-253.58154771722977
1275,2.673473653710363,72.543046878537,-252.7042823319686
1276,2.675588689124729,73.43771525880236,-255.80443589783263
1277,2.6776964003773744,73.05348683637554,-254.41131474569158
1278,2.6797534796790945,74.04590900476417,-257.75807224172394
1279,2.681845016836506,74.41527993726488,-259.32383299759215
1280,2.6839785543392702,74.6582941717035,-260.1391027741995
1281,2.6860638705482365,75.41605973028503,-262.988146957243
1282,2.688115580192901,75.74750796601218,-264.1553970704051
1283,2.6902421071216107,75.8808946696743,-264.6335363704998
1284,2.6923784453538007,77.20001453724264,-269.26842861705546
1285,2.6944235266222867,77.53959617038198,-270.43718200388287
1286,2.6964818302236213,78.21009482824402,-272.9231237370036
1287,2.698646249049189,79.43354207897995,-277.17360872598687
1288,2.7007725953070936,78.5042727279677,-273.8650122149704
1289,2.7027692368507834,80.24390168583224,-279.9357458461467
1290,2.7048443440936585,79.94295583359029,-278.99943842555456
1291,2.7070515904059915,80.46398910598714,-280.9361611287721
1292,2.7091632832728005,81.76421413133585,-285.64954114587755
1293,2.7110832098570423,81.69372319582595,-285.1829539839657
1294,2.713194248534394,83.54911018431956,-291.93579338660504
1295,2.7154564422347596,83.97850133253624,-293.2882859102131
1296,2.7175455830902693,83.88287028129923,-293.11251055402784
1297,2.7194409477796717,83.87373829543893,-293.0938651361459
1298,2.72159410281056,84.88208612777602,-296.6902562347419
1299,2.723868494276683,85.90966129126706,-300.3385031672945
1300,2.725905473691433,84.75195385889968,-296.2164135123299
1301,2.7277938720843573,87.96889607230018,-307.35497213502003
1302,2.730005424734083,88.7254719195279,-310.1616810793684
1303,2.7322910595910366,87.10555344754995,-304.6561052397125
1304,2.7342323934891035,87.61825794046791,-306.35466619814895
1305,2.7361123669415965,90.82148245591172,-317.7770134591419
1306,2.73841292247591,91.18542581665052,-318.92512560066814
1307,2.7407262152838343,90.43243214073979,-316.1153135152968
1308,2.7424923562337074,89.41602437202317,-312.5126088158855
1309,2.7444202272828333,95.58830578363356,-334.51090474508015
1310,2.7468188489948773,97.28106974844505,-340.34697530409164
1311,2.7491571251284848,94.85917297005888,-331.79070138566635
1312,2.7509012180135843,96.04422040038256,-335.91930842308057
1313,2.7528220566885997,96.4654468440513,-337.4536978938306
1314,2.7552245852341666,98.13448895640894,-343.43479054149725
1315,2.7575799064734774,98.97791803250556,-346.32904061817345
1316,2.7593246433872425,96.63189696549823,-338.0749692258187
1317,2.761234187120032,100.07825701182053,-350.37264736475953
1318,2.7636390504715083,100.36489888449032,-351.2193060127865
1319,2.765948826576436,103.34393141611238,-361.7057107995861
1320,2.7676191435751902,101.4680079316072,-355.1927508412714
1321,2.769651838220211,103.89968151949216,-363.67926349671325
1322,2.772055945845228,104.93328062488361,-367.01785563720955
1323,2.7739175955497957,105.03093943024538,-367.59409455000247
1324,2.775657495525559,119.33278375954923,-417.5698406341622
1325,2.7780509401576134,94.54769096249105,-330.9539422177022
1326,2.7804282678176238,91.08823325314434,-318.81530321865273
1327,2.7823699672164355,136.38123746178363,-477.5522104412589
1328,2.7838806433920418,130.42287310597283,-456.5878760904271
1329,2.7859958234637583,20.123622713275807,-70.43267949646531
