,k,Pk0,Pk2
0,0.0029665470748989845,25841.551936822667,17266.736496805177
1,0.005026374055021859,57390.904831978885,9994.154561771054
2,0.007149300621522788,67991.19507077038,6210.527978830487
3,0.009278869254964255,82442.70624181762,-24100.282334064123
4,0.011450332619344701,77394.21195567946,-8396.785886861853
5,0.013492955871419151,86127.41432113324,-11052.025759992217
6,0.01558905561191893,86890.7468740696,-29269.968920392548
7,0.017694083672553172,89584.82268831828,35688.67999739203
8,0.019817874803135297,96395.40411011214,-22784.913657826673
9,0.02192074938196264,103025.84881109252,-16559.461699813168
10,0.02398877635566245,97679.11146938818,-8128.368209593622
11,0.026092869718961156,96026.22809939508,-7962.902256303656
12,0.028234663152781798,100767.03299908078,6521.689328174688
13,0.03032284873509123,95547.15747940239,-4195.831622743617
14,0.03240263258943404,96871.82919375878,-17022.016743757293
15,0.03449210129864554,94565.40661518471,7500.137496601919
16,0.03658588147515197,93578.5594621529,13886.046816801305
17,0.038684769492669774,89213.96679248476,-4387.697030687327
18,0.040788988884582836,90515.08854920181,-9189.84861436874
19,0.04289390876967646,86790.89053221032,-4505.29941233298
20,0.04498336005546935,85994.12137475623,2606.204306004494
21,0.047064985294738244,84003.17667406157,-6038.994739423499
22,0.04917111919158227,79653.59361365649,5341.459139688575
23,0.051262169141742274,80593.64000628743,-4933.226522573233
24,0.05335525146837034,79971.50018735776,-3166.963487332426
25,0.05546637228956934,77768.29363362753,2025.6432793610843
26,0.057573188192548086,76747.58988145294,-6315.715003871391
27,0.05965884044590281,75537.17147954581,2167.237722324823
28,0.061745123021595065,75968.67197933792,-490.31679278683185
29,0.0638268929113719,75202.67371509163,-3710.071840547248
30,0.06592966228838451,72254.36828234264,-5434.731248621301
31,0.06803125784825748,73136.34647889186,6405.517101938025
32,0.07013131008699486,72319.72828108232,3154.3991663046995
33,0.07223032366074338,71665.68358192655,5038.725490864337
34,0.07432334270720506,71646.31235439095,772.8034770740642
35,0.07642066756954473,69093.73996554791,-1618.8609405835616
36,0.07850471694556041,69565.88240995468,4011.6511312396647
37,0.08059701946059529,68136.58083770244,2455.294329426827
38,0.08269521798132064,68201.09727822976,108.04523309670886
39,0.08478307522909848,66551.78876208217,4310.942427731363
40,0.08687780839616016,66201.24546646008,2610.877975491176
41,0.08897524569656534,65550.3014655827,-2937.829457338972
42,0.09108077810470518,63619.30250103028,1059.179018405073
43,0.09318432266948053,62565.14446528361,-3019.4123367719867
44,0.0952788764104831,63931.85759807939,1225.656216339846
45,0.09736254237981037,61802.849901206646,3309.308470142833
46,0.09944832814799408,61122.9312141163,2734.1841421409786
47,0.1015460879802399,59261.066239958294,-1203.6972260990576
48,0.10364263756677322,58040.18280028653,-202.8371348756668
49,0.10573893905394659,57915.87558151645,1495.9706236217673
50,0.10783958559814742,57039.27364837144,889.2504591790592
51,0.10993894058501318,57705.28293003429,2694.950437360128
52,0.11203921431523854,56146.550927489174,-2123.1458993133933
53,0.11412334585697578,55572.92971149453,2055.8273886294005
54,0.1162159397555423,54837.838677940636,748.3661266071359
55,0.11831372048037725,54875.09671314595,346.7867584886936
56,0.12039723118070132,54426.53542316005,-490.0127220054723
57,0.12249223631878574,53593.882295002426,1216.317579558275
58,0.12458825984258635,54124.13844769288,620.5480977406507
59,0.12668846771583772,52684.962986420716,-1342.0080336992746
60,0.1287846620419941,52416.75961334651,-64.99907684661201
61,0.13087133937881498,52740.095321612775,2039.6844102076473
62,0.13297548334406448,52074.69133142608,955.5062175739595
63,0.13506910815256093,51809.90231061049,1206.692730089043
64,0.13716388258568254,51685.291722034744,-1615.732051726441
65,0.13926047573721634,51453.347919277476,447.16599617415244
66,0.14134668829083769,51166.810995862696,823.730162657891
67,0.1434475230090064,51342.87317772492,1484.5854896067956
68,0.14554528534185418,50056.95820020154,-122.00293271130042
69,0.14763320610735878,50439.151206154136,-1050.4491577267024
70,0.14972114728432864,50435.701461914265,7.7323227767523415
71,0.15181380487515775,49776.59698285214,90.52777314739802
72,0.15392114901003526,49092.67487666685,765.6601663010375
73,0.15602147473412367,49373.46671509362,139.2608014014099
74,0.15811617475881218,48921.51854110647,-1050.4538319596654
75,0.16021187122717997,48406.96568448202,88.04989438775024
76,0.1623006419462899,48256.89126609175,-428.89937156898503
77,0.1643899033199985,47675.24536966217,-1164.6415236689209
78,0.16648355823815117,47471.03835697448,55.01409301926935
79,0.16857196837784735,47485.85148972856,-906.1198561433122
80,0.17066413320893647,46942.5176214619,-712.2333029183881
81,0.17277086992561352,46594.72129101857,893.2077510760602
82,0.17486965460096995,46156.387721348816,-337.7470774319548
83,0.17695857694944453,46205.83810141463,-136.63527455998934
84,0.17905245093155753,46039.935172601705,313.45355249742516
85,0.18115265212612636,45699.098966797465,650.7462932862092
86,0.1832476884130739,45359.3085469621,369.8673000271513
87,0.1853312475833926,45390.13835928517,1316.929244609799
88,0.1874284892203219,44990.92630851729,1125.8666684582274
89,0.1895337179075755,44753.10013433603,168.64315970351788
90,0.1916268196474026,44505.113702125345,25.86354119445245
91,0.1937183403446853,44357.40279944182,1187.6264016682564
92,0.1958131498886989,44464.92381824137,-180.47701826279484
93,0.19790587400989662,44084.81499015929,744.9683897457079
94,0.19999906515978938,44076.86963732853,627.26962137856
95,0.2020893038374759,44137.19579615507,-124.13571630147449
96,0.2041823192148178,43597.04939453237,-49.159532724971854
97,0.2062825911013838,44058.941867517264,709.9448823442413
98,0.20837701891459662,43572.63205031599,839.1949342188373
99,0.21046758167944032,43486.83372428284,-219.7208687614107
100,0.21256678542440183,43367.85314717395,72.18412054003728
101,0.2146619261104852,43043.92936425423,154.48431441224574
102,0.21675618057220372,43221.590685068455,862.1497001766477
103,0.2188528705899679,43057.87303233272,63.28451819984553
104,0.22094564274530842,43111.6419309684,894.7821808290862
105,0.2230395148320731,42454.38126562152,1824.6023002869536
106,0.22513567328585352,42545.74887314413,519.726670573052
107,0.22722785048644015,42441.44090700039,1131.6024193582098
108,0.22931975112872324,42664.51750067139,427.6688683262914
109,0.23141147723465103,42241.60079131389,873.3619753267935
110,0.23350584674782457,42260.849421120874,395.50080573635455
111,0.23560416522029054,42101.034260175715,210.17315361804216
112,0.2377006336558307,41713.338525373685,-94.28184357060218
113,0.23979727503904752,41778.463328518854,-96.99969896219851
114,0.2418944602532704,41581.20732454463,772.207960571794
115,0.2439884227569783,41624.04413261373,401.34514625053845
116,0.24608359968283072,41551.93319946219,643.8581662773562
117,0.24817552807053123,41183.59148743334,-511.1230656876506
118,0.25026237006475704,41420.15660465266,603.097305310581
119,0.25235861551053484,41336.39277528462,326.766475083265
120,0.25445470778669854,41227.2848339357,425.62838964462287
121,0.2565487653287422,41223.88683198223,417.68640265217573
122,0.2586464955058471,40821.6591662129,89.83902343785425
123,0.2607443047329862,40768.24086932798,1175.7076808508814
124,0.26284383121734134,40882.683277384196,977.1875971222518
125,0.264929885565984,40580.27125749756,416.95519523183896
126,0.2670163698864118,40752.39803513756,-193.44174197069555
127,0.269112135390912,40766.42268964724,553.7343710579474
128,0.27120764961246213,40638.24182743124,-114.33634699398303
129,0.27330509996536784,40600.832874087064,134.1513951455888
130,0.27539842121309294,40451.113937795926,628.786909811208
131,0.27749656900268016,40419.119406418635,877.4136492406822
132,0.27959864364035925,40330.96590282894,1162.4268287808534
133,0.2816878213234348,40468.423948576434,642.6194618217098
134,0.28377609558542155,40099.66581893819,1026.8909153888478
135,0.2858732754634003,40260.456810475414,1144.9207636337371
136,0.28796861590208045,40217.900044545204,954.572407299164
137,0.2900612915162532,40159.618884747215,206.81219948371174
138,0.2921547032025089,40077.02598414259,1179.007084384013
139,0.2942501291133245,40085.81832621641,649.9620387820434
140,0.2963444256131289,39942.8052663907,161.7208075391965
141,0.2984361415704375,39912.4442359433,537.7254432544019
142,0.3005318840555698,39872.14296735242,409.2332533563296
143,0.30262777760316095,39587.944803433296,772.2494266739874
144,0.3047248035439954,39674.52825889604,442.0099571994444
145,0.3068210272572538,39606.66301992655,1221.7741626166755
146,0.3089144805088237,39905.62552604326,666.3990198650956
147,0.31101080657849756,39526.84703264887,381.08613299087784
148,0.31310885951912926,39703.93473315573,392.7750490211257
149,0.3151991603466065,39738.34848612145,706.6057936932255
150,0.317288667284839,39398.48723305671,405.19181583094604
151,0.31938044185106124,39451.92897796528,45.25516633916387
152,0.3214783648369702,39341.39712832638,1029.8173678413993
153,0.3235785211189416,39536.498448503364,646.5999396410253
154,0.32566935894833426,39280.34189564558,939.0794614680472
155,0.32776077751211374,39361.04685437676,475.6904733141956
156,0.3298523230655558,39306.6631662466,674.5552053464442
157,0.3319485433973702,39262.120497138356,593.9969083488454
158,0.33404540358127904,39129.46216393417,489.19433431369964
159,0.33613494177837844,39367.32985156188,335.3240054664213
160,0.3382313832787478,39300.480355762884,684.4122851293896
161,0.3403308518124324,39198.79220046563,546.7082936142641
162,0.3424246601457981,39264.877047819595,837.4946096490098
163,0.3445197272986724,39208.37294826911,-80.10113510771477
164,0.3466158524641983,39214.25858375451,-116.73898517894933
165,0.3487089916477683,39197.12642844305,720.3552433176313
166,0.35080114560367615,39073.45793856271,471.92179772786926
167,0.35289356821720286,38939.57132530306,602.4047347787189
168,0.3549881110219297,39356.43681393322,231.2323308362964
169,0.35708559248027844,39118.11406723715,811.6642559595765
170,0.3591813496003593,39135.40197661086,579.6288978330955
171,0.3612749400626811,39060.38845794047,735.8915647140109
172,0.3633693413142722,39117.290916504346,735.5971859648461
173,0.3654632219855477,39027.46351089599,658.628474513544
174,0.3675603773529471,39019.027454890485,720.0777984724377
175,0.36965434919829326,38937.6867797413,58.35948471463455
176,0.3717418094879197,39005.7999429997,637.4570987033723
177,0.37383404253825586,39136.79541193478,655.563958012883
178,0.3759308579415973,38848.08703786922,1104.3932790420806
179,0.37802985088946095,39031.227277917256,507.3237485240835
180,0.3801213498834686,39059.26797281757,433.39734019555084
181,0.38221306010699313,38942.47878868338,787.0690528397486
182,0.3843141376638833,39049.74021475526,410.81724628018424
183,0.3864096355836929,39021.890945314124,623.5829820958961
184,0.388502907295756,38891.02949467804,583.9206044627153
185,0.39059769208540335,38924.193714249996,823.1059475315302
186,0.3926958121232196,38879.87357078761,557.5263957142599
187,0.39478921808384226,38909.889558679366,606.8672668493148
188,0.39687821409975554,38984.376117880514,668.9502096218853
189,0.39897073627813356,38930.0299488085,207.30822427086852
190,0.401067192451382,38835.56674088142,279.51256816523556
191,0.40316228148056854,39148.76703560874,564.1761990271332
192,0.4052546340249366,38898.10763024757,264.31711311128436
193,0.4073499183903822,39045.405318755504,710.070982422257
194,0.4094468722071623,38923.72226905478,254.9638587696614
195,0.41154432885897757,39017.46088783464,656.7751651075262
196,0.41363408239228544,38871.141778505356,628.864725515093
197,0.41572494638156243,38898.199172587265,-205.6908356111694
198,0.41782181997781404,39103.77876862279,461.135200492657
199,0.4199166506307261,39217.45976976958,199.26604571571855
200,0.4220107143757513,39019.80128101713,273.6171809469737
201,0.42410542949066876,39031.11180837604,379.82907308636595
202,0.4262013850195404,39267.57777034716,638.6380104851783
203,0.4282955296445312,39056.63951053213,799.6311199893273
204,0.430391806688861,39109.50714294615,665.5016455035634
205,0.432488575457924,39099.29942641024,711.7967891741737
206,0.4345806090039814,39114.56857753665,488.6346037010412
207,0.43667244097425384,39155.75798973109,521.6858071116022
208,0.4387671492209622,39148.50045854201,38.57689646108195
209,0.4408622534544343,38970.909465797144,902.4127970582308
210,0.44295516415095815,39187.51238504156,407.3776966890949
211,0.4450482683181851,39123.04932597975,553.3914474653836
212,0.44714683875742495,39070.06621966101,884.3420888034168
213,0.44924362280569813,39133.2715384861,229.38053469956577
214,0.4513338633316258,39350.67938433249,568.9434355548516
215,0.45342753643259276,39257.24122271463,577.0451570507792
216,0.45552189548586586,39200.59808200805,710.0142226957473
217,0.45761716616081083,39339.52672006663,370.35986088656506
218,0.4597117909764672,39317.94308360662,436.2106273756799
219,0.4618031890496857,39288.85083011831,176.12559934406403
220,0.4638995470730997,39401.01537273762,113.01726581194544
221,0.4659948171464902,39364.007414781474,474.42799343935275
222,0.46808929446972725,39472.647991609214,380.21869796655227
223,0.47018492649495636,39374.75598222855,-12.008272997036574
224,0.4722792778491551,39313.69143036435,533.5187942071924
225,0.47437272572904565,39428.98795304749,288.5498966917205
226,0.47646593372141327,39524.40219940647,240.47382951164676
227,0.47856230727426236,39467.08101270298,723.1815143752261
228,0.48065904058976644,39461.333619771554,161.05618626538995
229,0.4827512226177774,39502.348064814694,438.860478291893
230,0.4848441163240575,39615.23641693892,600.6646467035903
231,0.4869397730506266,39543.924531634526,468.70415132822427
232,0.48903678813400875,39633.203060259344,243.89062693919738
233,0.49113096964965397,39630.989588684024,548.6842801834226
234,0.49322332174786626,39720.43676422368,381.0076947110629
235,0.4953187148676145,39714.71147416978,334.3964650526356
236,0.49741120358770496,39685.86959591426,626.4049737540747
237,0.49950082345999325,39747.06103420472,63.51862068186652
238,0.5015952506837275,39820.375996660434,652.4402336671704
239,0.5036919972981919,39760.97612486963,431.6249883882969
240,0.5057872116617207,39679.27589140855,320.8144127021267
241,0.5078828569897101,39869.368903452334,587.9600154170384
242,0.5099793452386306,39856.890112642606,929.6693446490506
243,0.5120767256379639,39941.222476927025,483.9353146727603
244,0.5141702395931294,39988.90845789077,355.5159839887508
245,0.51626132102766,40025.26894019226,891.1159786059142
246,0.5183576899265504,39951.62003090144,506.7688339096824
247,0.5204524416424112,40039.678940139136,329.7914769405627
248,0.5225430403510469,40055.20170890339,300.60131945213556
249,0.5246378991347941,40007.55130983985,437.1661799276097
250,0.5267345150769579,40134.5004048593,236.7018634972327
251,0.5288284644781793,40168.03976987607,778.7727739764142
252,0.5309200047543352,40132.92805852694,601.757192163977
253,0.5330154787982235,40114.135834427914,288.7558354855023
254,0.5351140455458262,40383.915008490396,451.81217161253784
255,0.5372066203065362,40318.412166558075,313.1622683991688
256,0.5392991990272246,40445.10937500631,702.2022889129859
257,0.5413944118270408,40343.74219890703,588.1244153349447
258,0.5434881995106379,40419.69153643266,781.6277407095713
259,0.5455829952492127,40505.14973002621,575.2282517000352
260,0.5476769745662954,40561.02561329812,386.5193035775057
261,0.5497697255495043,40521.7137110853,514.6959839855746
262,0.5518645446467839,40705.697135593495,602.089305214937
263,0.5539598571350287,40661.54126096396,686.1930966006325
264,0.5560564538950566,40692.53347391388,468.28128452336506
265,0.5581500505101624,40669.73671800419,310.9085221779793
266,0.5602409063261653,40766.28002778558,492.9677714619848
267,0.5623379637803174,40920.73115571143,455.62490051037224
268,0.5644363283026402,40817.903515263366,224.47208597853736
269,0.5665273824761494,40833.635153207244,538.0799233341293
270,0.568621249018378,40966.99297098548,347.31533877698143
271,0.5707181447612965,40964.47155517125,728.967829711473
272,0.5728127938597997,41044.37276263357,382.44661366415806
273,0.5749070881546879,40984.999823567596,593.879764114796
274,0.5769991470923068,41056.4995506827,321.0989267499634
275,0.5790956911760897,41132.24889172547,625.6087941179645
276,0.5811893306261757,41132.36400196043,557.685291514457
277,0.5832802267374103,41211.40554723391,505.7396158622079
278,0.5853761830306536,41376.12042124784,585.640039000675
279,0.5874711784415975,41364.05844226687,243.80135188102716
280,0.5895653958899879,41358.442586812576,667.1700187039572
281,0.591659786459685,41396.29162817904,373.31818804125487
282,0.5937551851921442,41513.782737210684,532.3704128736113
283,0.5958498092767481,41422.07353504689,692.8957018501983
284,0.5979447066705442,41585.35409159618,761.3206388388392
285,0.6000383505174957,41719.59937059604,579.4234385409868
286,0.6021313016181767,41771.57906069045,473.10025712018256
287,0.6042246965556944,41761.988418295674,481.6189939367024
288,0.6063189733697846,41907.700017527386,594.3570694967773
289,0.6084147213727373,41934.4854486251,374.18030169585353
290,0.6105090855473989,41943.35132028477,262.60230774462195
291,0.6126037649785722,42056.13279329929,552.5771568760179
292,0.6147002391370655,42009.752461918455,693.4810362115772
293,0.616794938930829,41974.11503016437,654.1732104354812
294,0.6188886865784012,42081.030002352854,194.13794651759332
295,0.6209825762252046,42135.68205493344,593.1924029153223
296,0.6230764414889526,42317.47883711243,650.1464009191808
297,0.6251725389343245,42251.886681037635,657.9330610726676
298,0.627266923011265,42347.00691415208,166.49493520898818
299,0.6293596211388142,42423.07434112771,504.1017138192434
300,0.6314513250607457,42463.789891184744,295.8577381906392
301,0.6335475720513941,42528.97482041487,143.74772034214374
302,0.6356444982495617,42638.08953023074,510.2013335002855
303,0.6377358562255245,42726.481384095,430.29677453095826
304,0.6398302949107263,42804.310672932595,845.9401769731229
305,0.6419256185614247,42714.7303148793,411.9676461037454
306,0.6440214843206593,42796.27071494916,366.70248983541853
307,0.6461142033434962,42898.771199391456,530.921177728249
308,0.6482061138478032,42904.67518352403,562.0500427638074
309,0.6503020867345045,43099.583936135175,500.3351781144648
310,0.652398185537932,43094.17335755128,425.077854670788
311,0.6544932048530038,43076.07181855517,483.470276258491
312,0.6565867871776386,43228.36271555477,659.3840576451272
313,0.6586827890115348,43203.22646685574,498.9973164720911
314,0.6607793300725506,43245.97056807275,1024.7903894408894
315,0.6628724964198541,43474.17874609083,768.7242873994264
316,0.6649654402217313,43466.79810101093,604.9663861591656
317,0.667059865407609,43553.1181731696,345.3158966211322
318,0.6691532523078332,43530.097284983596,650.0830666774251
319,0.6712457992597233,43605.657262813234,393.7229497465996
320,0.6733390782258323,43826.42334356565,223.16896830687608
321,0.6754367503383576,43696.61895329537,859.3086240158347
322,0.6775335143160066,43759.5549518516,574.7383678568309
323,0.679624621064033,43958.52688674904,654.3139048254932
324,0.6817180292738917,44049.4737415147,395.1726782903106
325,0.6838149015047629,44053.68002423139,412.86086963556926
326,0.6859101434268815,44019.156011397004,435.3269674170238
327,0.6880046468184081,44172.953248804784,429.20646117822895
328,0.6900999637264865,44326.66828167456,293.2055421252269
329,0.6921965733216279,44307.318594937715,513.5532072469855
330,0.6942884945981568,44444.17217344442,482.94440608489805
331,0.6963781649531228,44494.104464405915,429.44354505081765
332,0.6984747371200234,44562.470343039306,655.2739700094359
333,0.7005690388882679,44577.01139826422,444.17912153747625
334,0.7026621579778546,44700.22482335248,787.3765638585082
335,0.704757268847954,44710.04473150707,101.254944886976
336,0.7068509057629639,44752.803529115685,304.99976661233933
337,0.708945644402387,44927.791159207976,367.66577412347607
338,0.7110406815970572,45040.4604970842,754.2855583028089
339,0.7131372373036142,45147.66382432732,351.0623193483604
340,0.7152323589250973,45221.267541292444,461.6828021101941
341,0.7173245162021571,45214.571160831736,873.9028019799853
342,0.7194199711852413,45270.86780146608,571.5672930329816
343,0.7215151322330351,45297.07127178646,639.7237854888135
344,0.7236102334592447,45451.59552461917,401.4383725827398
345,0.7257047129497166,45511.40912787073,704.3496471263849
346,0.7277958825256088,45589.85610758239,492.12380244751483
347,0.7298900912292255,45733.74869841372,573.2916504285267
348,0.7319867159780691,45730.527910030614,534.4981664862454
349,0.7340808521059053,45748.39485225894,342.3453743117293
350,0.7361738853270124,46015.971179755215,727.2653443690259
351,0.7382682123604443,45966.34882491528,743.3325015850247
352,0.7403641944498084,46098.55207741001,655.5173907729338
353,0.7424576311971561,46190.09321457065,336.34839710180177
354,0.7445523870480827,46208.1165706518,743.6019060569969
355,0.7466478284648128,46460.91987743204,478.17767202546304
356,0.7487413917548734,46457.50934659254,321.61523078012937
357,0.7508354594737505,46465.225467209384,522.654431171076
358,0.7529278056847568,46627.112210146704,423.82230846097815
359,0.7550230257904859,46680.76742997136,383.6446895369101
360,0.7571167923480437,46886.97033181268,477.8997129165175
361,0.7592113317151179,46830.48931689521,300.2050600092346
362,0.7613074731933067,46962.58550384546,253.58629400045623
363,0.7634009581307508,47009.972474692026,662.1449376908212
364,0.7654969266569684,47070.59930003597,680.7023129502493
365,0.7675905899780763,47220.95099768602,604.8275530770801
366,0.7696837880547684,47250.999677769876,836.0400583126894
367,0.7717795008463626,47334.72094035426,246.33207644775507
368,0.7738757788346248,47469.04429812224,393.4912986588055
369,0.7759706260990727,47573.498223196904,402.3230235321549
370,0.7780620795267656,47656.81122431801,564.3392289616653
371,0.7801559906208961,47721.35267374674,295.9824544384556
372,0.7822523136569128,47882.58200289407,778.8208917055357
373,0.7843481481853999,47867.04442040747,534.3361790007049
374,0.7864425511046899,48066.3831829108,609.5431723732244
375,0.7885343495966205,48074.35197412181,517.976229680777
376,0.7906286372458883,48166.1429143327,779.9115540137224
377,0.7927244345313397,48212.612639995124,693.7477783218419
378,0.794818005513127,48460.64514220938,472.69455473592694
379,0.7969121491149282,48530.269861239896,511.4401068745759
380,0.7990047112993173,48586.316487423974,212.7731591595018
381,0.8010984966914405,48650.13060760268,605.8625540137199
382,0.8031950165575023,48705.96327738939,755.7520622489676
383,0.8052905677217739,48862.53818147394,299.7910143772606
384,0.8073868841230295,48867.63904986944,513.7010058501793
385,0.8094800557409162,48987.98706772507,649.513786590486
386,0.8115724907946299,49169.696717971994,315.7322824572976
387,0.8136674854006812,49355.74963815914,571.6214183045078
388,0.8157633267681768,49372.61064014257,538.338149937486
389,0.8178572815764139,49502.29451881422,682.1863436102898
390,0.8199509017046862,49588.85206264263,388.88789823882496
391,0.8220464110750062,49636.92683816003,563.4325524108624
392,0.8241406544737637,49656.860612140605,454.6041869175434
393,0.8262328397247414,49859.64025838528,440.9756704223422
394,0.8283269471334518,49998.71013668073,617.435659274606
395,0.8304231064697798,50024.09761795452,661.1699139340478
396,0.8325161683796762,50144.72779119347,648.7598889633779
397,0.8346105557242035,50339.142707822764,478.79147086392754
398,0.8367059794413102,50398.19246269812,786.4540425523605
399,0.8388002445604258,50612.172211806654,525.8553609097933
400,0.8408960756111226,50665.9018791636,561.8267942201746
401,0.8429905652842218,50699.01809345136,867.6126076969771
402,0.84508401313589,50838.484085672426,320.8119354026564
403,0.8471791713809247,50871.95208871191,704.7147977805029
404,0.8492743362825239,51036.567472871706,581.3263093940157
405,0.8513668888602299,51125.89981919796,721.4108698699671
406,0.8534589296280589,51186.234112665945,782.8217405643054
407,0.8555558405338324,51338.052045758224,849.9755388590764
408,0.8576516874123633,51536.975488243566,328.45464776014745
409,0.859744590599333,51626.17744456496,767.4434618775397
410,0.8618400547669827,51746.372302606054,594.3101257724354
411,0.8639350434441438,51879.45817885033,568.0551210557711
412,0.8660280248974203,51952.18296283028,685.5112579884858
413,0.8681201347325478,52031.30975685553,766.0067666318245
414,0.8702157283801463,52202.1456744216,757.279670349123
415,0.872310621353091,52321.28907391578,480.61643138988546
416,0.8744020359703552,52397.71412445033,682.9834591751444
417,0.8764972088477568,52435.82675107027,15.291429547641792
418,0.878592835994214,52732.09761045723,848.5010581925276
419,0.8806870131084201,52833.30845530673,569.7778260350219
420,0.8827812802431019,52798.05999738075,919.170892297291
421,0.884877279658285,53007.044742374535,470.53072828508033
422,0.8869730004154345,52941.31073720575,702.1547886317633
423,0.8890661750433553,53219.67557435082,796.7766766819676
424,0.891161435679344,53280.981506923265,588.658614348235
425,0.8932577960179496,53528.68963595993,420.89568239329316
426,0.8953527392107627,53514.774395037886,437.83345994813925
427,0.8974462460666859,53694.77301264481,758.9687988210243
428,0.899539340962409,53826.60468813254,407.5761501126322
429,0.9016318169027592,54028.53574471156,675.2495942893651
430,0.9037252249745606,54058.449085086795,675.0503980897702
431,0.9058199443223193,54168.56218847534,705.2271739664433
432,0.907915243986348,54334.660103133436,566.8098888022408
433,0.9100128049501981,54459.69252678947,830.1088171578648
434,0.9121059966002629,54531.93223953362,625.8716229096697
435,0.9141972861830797,54694.75284380342,696.0403534454217
436,0.9162932496702593,54809.649375658766,887.8629321608507
437,0.9183878012752863,54946.45755889263,607.9817578145853
438,0.9204823185419505,55083.5533127078,905.6016295798793
439,0.9225773629784582,55325.4238467128,799.1293665883599
440,0.9246718174739146,55399.402185111176,644.8433657717785
441,0.926766211900197,55475.19672482396,482.4510432818453
442,0.9288591582540804,55743.027315278596,1057.4093295319783
443,0.9309526610700547,55760.40877121631,508.51273520942317
444,0.9330479303067369,55965.38569483358,884.5776692142578
445,0.9351433527997749,56190.4105598565,900.7022424305372
446,0.9372383527365933,56173.875721005184,787.0054100826825
447,0.939329757499591,56367.041684322015,940.9223705117194
448,0.9414230571985791,56479.19326388916,637.5726850762453
449,0.9435210054806012,56640.52735619493,856.0942015016741
450,0.9456162503172072,56686.15908400696,801.1937931545759
451,0.9477100092887099,56897.618510848755,496.79220024241505
452,0.9498046323041349,57067.71404629654,948.8158295011054
453,0.9518991548408083,57107.23299001209,667.8474237352938
454,0.9539929332702277,57361.39420648666,918.9782131625741
455,0.9560874898052096,57442.498446965415,486.7063878418759
456,0.9581824530689178,57673.256465602215,954.026137388818
457,0.9602770371571748,57809.6086604714,928.3957937790349
458,0.9623710723241273,57872.87924637742,635.7183261266645
459,0.9644648349083941,57999.9009701775,939.0173037511136
460,0.966557887379011,58232.27791615004,584.3463452128598
461,0.9686513195291268,58399.889132458404,854.2470654732625
462,0.9707470393683869,58440.31718370392,583.2118497095016
463,0.9728419987888902,58627.41211643356,957.2507457007932
464,0.9749363451418961,58887.499299296775,802.0851628653362
465,0.9770319720978949,58878.3992723768,637.3808458480142
466,0.9791260608689247,59193.776277687895,731.4952120096204
467,0.981219993418123,59252.12117623951,772.5621354950488
468,0.9833154848012966,59395.06557716882,1001.3329766636299
469,0.985409217900734,59604.77162066479,726.1725483645722
470,0.9875034929558208,59671.07206405755,929.5446804497006
471,0.989598845059814,59900.47554146304,953.5946376903482
472,0.9916925524589582,60095.82024457548,1087.7552956636287
473,0.9937866222530743,60194.70818071263,914.4554138716089
474,0.9958822538585521,60349.45673130143,579.3741795220324
475,0.9979763461234663,60521.4961120336,962.6067814486472
476,1.0000687382803208,60625.025940153355,906.6492674872064
477,1.0021620574674717,60846.26256592087,646.723271975262
478,1.0042566040705312,61080.44566097278,772.107715659137
479,1.0063510481087232,61175.66573016281,1003.9911319691538
480,1.0084458017147504,61328.0327216883,883.0996019815785
481,1.0105412449330358,61481.43470195053,1146.8652575219546
482,1.0126363206852906,61694.44596642672,1010.4319870266631
483,1.014731689048677,61766.316190784906,977.6574553614462
484,1.0168251811607234,61999.34044669092,900.6687289179281
485,1.0189183181794257,62174.896339249186,707.1070718101472
486,1.0210135131858313,62267.81931182696,1096.294841132692
487,1.023107899818119,62468.913339865234,1209.3878850154258
488,1.0252035642142994,62621.518576003196,868.2517425134641
489,1.0272979326699727,62807.531839871284,962.0738432605485
490,1.0293915165160124,63081.49294269953,942.5627811694005
491,1.0314862118776227,63180.763989220985,1080.5239278729036
492,1.0335813276438528,63419.08759952725,912.4830480557584
493,1.0356760372494827,63586.74576115009,1005.4786220952436
494,1.0377697665518313,63732.08009317139,1166.1691833090993
495,1.0398635542890804,63966.82694279195,965.7427388138649
496,1.0419580022733907,64098.9779037028,1135.6738213770395
497,1.0440530837182007,64256.38228048586,1005.3157426212213
498,1.0461463909219801,64417.31347776266,1255.5699902900076
499,1.048241289239942,64688.525383975,612.8062734998574
500,1.0503346504195201,64849.055068265065,1275.5226587576005
501,1.0524278880438542,64866.114501651384,1196.0917961753728
502,1.0545231057279465,65172.11186130377,1145.3046158285174
503,1.0566172205725972,65442.27309426566,867.2600541176911
504,1.0587125681053644,65468.14813310335,1091.4780873577113
505,1.060806974942881,65733.71115342765,1265.2948255783426
506,1.062900937291859,65913.4872844556,1066.5533755966085
507,1.0649968400029963,66083.13310989614,1218.9141511312953
508,1.0670917748856612,66219.99272476156,1109.3145844497305
509,1.0691837840599538,66470.5517013107,1397.3854845356914
510,1.0712784055790137,66647.6454213066,1140.7516177990683
511,1.0733741944109443,66839.37117663563,1126.6222296096428
512,1.0754689143080451,67078.99012346694,1355.024800142216
513,1.0775625935653539,67293.89535145281,1263.1273003487715
514,1.079656551776009,67395.18299659477,973.5913174158953
515,1.081751759033872,67625.79386622134,1057.56741753607
516,1.0838450038800544,67921.95194453385,1354.7530558298267
517,1.0859393346043436,68088.32411394503,1411.1855203274702
518,1.0880340737032612,68212.63819505915,1011.1728949246727
519,1.0901280973397867,68450.58685960711,1345.1148929345952
520,1.0922232205093443,68533.31026930067,1026.8200097001688
521,1.0943183198095006,68875.14200980561,1401.6454165353882
522,1.0964124680620808,69083.97148820605,1068.1047516588699
523,1.0985066965945804,69310.20883174661,1038.6855415967404
524,1.1006022506925348,69432.65538030255,1654.5910223173596
525,1.1026960746069068,69666.02657135186,1272.389074973197
526,1.104789420523433,69849.33422228714,1119.2855704135416
527,1.1068841457204943,70020.6718358564,1386.5100267336359
528,1.1089772649904681,70303.5556938991,1468.019045123209
529,1.1110723868790173,70534.4722711725,1394.6766498807706
530,1.113168427194727,70739.37373272958,1559.0947058497939
531,1.1152626776337078,70964.50970132934,1286.2840743990419
532,1.1173574051129724,71170.94149263778,1322.687732552809
533,1.119450573697561,71298.49453512812,1351.3803671593253
534,1.1215436337779248,71654.68258752412,1380.72001196938
535,1.1236390334415942,71833.38065855243,1676.128415313991
536,1.1257332200225998,72043.55033234974,1615.1933881252114
537,1.1278283378211404,72291.34898256137,1617.1076003511744
538,1.1299238131648552,72431.7492460315,1624.515035344383
539,1.132017447124327,72589.02061427824,1150.714228739494
540,1.134110650036949,72900.27182801068,1526.516883400972
541,1.1362036259959787,73178.24139782951,1278.467262860509
542,1.1382991427598659,73478.4897687631,1524.6989669402078
543,1.1403936066737896,73599.66095893396,1542.272003908006
544,1.1424878264606209,73879.90461124004,1484.3545102789358
545,1.1445836717483504,74028.68672126663,1605.687470838769
546,1.1466778755714095,74361.6164788727,1419.5466474110303
547,1.1487715351237628,74521.04220783348,1373.6176431905299
548,1.1508672245306748,74773.7311600463,1400.1808463286645
549,1.152961670034179,75011.39671047403,1448.6259317250044
550,1.1550551275418117,75316.42042292336,1720.6693172353482
551,1.1571500620004906,75466.92652085709,1723.573118924142
552,1.1592451155989445,75858.4236828272,1620.7083926997072
553,1.1613401484055899,75950.2716719371,1635.8052230134442
554,1.1634328135986687,76257.3812783305,1816.994441812001
555,1.1655280225544649,76440.52746485326,1246.093349811468
556,1.1676232414157608,76639.30140578796,2020.5796120002663
557,1.1697157183635434,76905.41739270058,1802.0245847038655
558,1.171809765164966,77209.4264368143,1483.0354758763472
559,1.1739036754657965,77464.10222733274,2053.3370152793914
560,1.1759974618047027,77590.40620226042,1987.0827277469743
561,1.1780927342002254,77904.2874020649,1861.2920131958133
562,1.1801886215978319,78152.1442071169,1882.8430230945341
563,1.1822824649467334,78506.74822629915,1896.687770301731
564,1.1843777187054296,78669.28776859521,1865.572492546533
565,1.1864731317277017,78965.8733384048,2122.1456416971473
566,1.1885662199882188,79243.89346486106,1941.2234607766704
567,1.1906603290984812,79516.46336327706,1996.7595782796086
568,1.1927560449071208,79785.05803549546,1863.822276416649
569,1.1948501301675682,80086.74581652414,1828.4026073142682
570,1.196942866326464,80238.35481362123,2151.494849968709
571,1.1990363434731066,80517.48706635543,1652.4556997411019
572,1.2011315528209288,80865.17374986503,1984.660502836476
573,1.2032252726398727,81137.80523676348,1726.7615139960742
574,1.205319131714267,81350.47655752974,1858.4402548493845
575,1.2074143429200774,81573.20299075403,1961.0408383489448
576,1.2095073316728018,81892.72058377914,2136.1447699356613
577,1.211602159357548,82221.60316448881,2033.5723620978354
578,1.2136984428310558,82519.88278954948,1848.5880915475086
579,1.2157943340364452,82685.94298716664,2126.3575555455072
580,1.217888268816351,83013.58318870397,2273.0241762032883
581,1.2199821909033837,83228.0286153525,1990.063259271895
582,1.2220779372220854,83571.89210895095,2103.8030049011895
583,1.2241720630448372,83874.96209992855,2428.5219424443753
584,1.2262656486341297,84135.08736315451,1908.2694057157528
585,1.2283602712023978,84454.31395871393,2337.916515806824
586,1.230453847781421,84735.10926538664,2278.4326559914043
587,1.2325484279288663,85072.19230427551,2327.6078220493146
588,1.2346427330328844,85400.13608317496,2403.092802947795
589,1.2367368340043534,85608.09708907058,2124.6224165810486
590,1.2388320989568682,85960.74214502962,1943.9016852007644
591,1.2409254956441091,86115.01104328394,2358.595252604019
592,1.2430201387037565,86537.55890135177,2614.3216305707015
593,1.2451147141570293,86838.26032461975,2263.967525166004
594,1.2472087367784284,86991.39468510919,2383.6244032593904
595,1.249302614173833,87423.27845458731,2226.2992590459203
596,1.2513971052845823,87726.1072316547,2549.595616526769
597,1.2534931066319515,87925.53591642581,2138.6144625723923
598,1.2555863817711985,88319.90250783977,2413.5840978209617
599,1.257678969059161,88548.91085581214,2676.9644062419907
600,1.2597748382104277,88952.84825995794,2475.8742075616096
601,1.2618698898493887,89162.71960279167,2431.4243054730537
602,1.2639640740660565,89513.37371917302,2909.5460230960057
603,1.266059176034634,89773.12416511656,2563.224331463765
604,1.26815329738596,90075.41875181167,2630.8148471830436
605,1.2702469827768745,90645.22523853472,2715.5382730995866
606,1.272341439773769,90889.46619531146,2576.3271018044998
607,1.2744361591580655,91086.57118818087,2567.4060737757413
608,1.2765301570381213,91462.14147797642,2922.5022179270063
609,1.2786243195908502,91778.95709877257,3123.8638781821287
610,1.2807201779848052,92144.79542244526,2745.4303964265673
611,1.2828149770647865,92452.60176537209,2639.632862928342
612,1.28490831046805,92833.78530307791,2554.135522131787
613,1.2870024746125797,93165.31407784132,2771.985804650501
614,1.2890960788179595,93500.704238873,3034.8650598026684
615,1.2911903407610128,93749.65979941246,2619.761427610073
616,1.2932847299377603,94067.528445952,3438.332924538699
617,1.295379834193548,94550.78800938184,2747.958072738681
618,1.2974743412448833,94735.23317242519,3258.335693981744
619,1.299568838606027,95149.0512386566,3071.982498919757
620,1.3016640567270552,95517.7258101604,2748.6131171057195
621,1.3037578272673165,95819.71572979345,3293.9694691294735
622,1.3058518980796576,96214.72730953031,2817.3964264889814
623,1.3079469520711469,96681.03278043102,3112.443917028768
624,1.3100414674631762,96954.55900777683,3081.7901318852646
625,1.3121343419146885,97303.78674934484,3287.4306655358096
626,1.3142291157646366,97651.14940435253,3331.0505696912865
627,1.3163249547628966,97993.88351351114,3316.4059272312475
628,1.3184204308819243,98349.26439143784,3620.7034933903337
629,1.320514045081714,98717.83734912866,3261.27250089803
630,1.322607731116918,99119.2748275537,3206.4533877876847
631,1.3247030067977636,99399.68281646915,3253.4969373250406
632,1.3267964975071294,99863.89002098059,3271.2772455058057
633,1.3288900457896358,100232.38214667368,3118.9022526923854
634,1.3309846323229146,100579.55933124956,3164.973379149234
635,1.3330795391690438,101014.53594570588,3636.9423032687673
636,1.335173949560825,101449.16513201439,3287.414317358451
637,1.3372672428845813,101792.88374479573,3266.651128397033
638,1.3393616502777206,102094.46301213447,3386.4284203184843
639,1.3414564546808454,102538.32164509654,3562.237787600581
640,1.3435497634465539,102974.69862441276,3216.2692250334844
641,1.3456439095281743,103293.48490660891,3497.4451551345815
642,1.3477398961804745,103723.64828053022,3775.5941950388265
643,1.3498356331361778,104164.27419983507,3534.425503345132
644,1.3519291222201564,104416.1174519109,4001.1296326667452
645,1.3540221824451044,104867.03810541984,3845.729525305557
646,1.3561174165883387,105237.65914681969,3552.7668955565255
647,1.3582118000666776,105735.92361082835,3764.3138270614404
648,1.360305548489477,106023.87784274861,3860.0303816229025
649,1.3624016471705516,106656.13966107504,4194.089420194405
650,1.364496581524498,107012.47391469032,3894.417638270756
651,1.366589927521404,107316.89066268888,4272.986872478094
652,1.3686839345616666,107801.04825692081,4221.108430244458
653,1.3707785136744248,108370.83298587897,4159.860947472091
654,1.3728736781569988,108689.10374981059,4090.0124583255106
655,1.3749673745335222,109124.5874901617,4249.577374833914
656,1.3770602631292597,109493.02681209959,4163.503462547298
657,1.379155717578164,109937.5617888731,4430.14687832343
658,1.3812508039107998,110420.04882037085,4436.207005699752
659,1.3833453325862841,110816.60565716989,4575.485420870664
660,1.3854396647384786,111222.48458329875,4463.451242744951
661,1.387533616953471,111558.89940564398,4257.378761484957
662,1.389628935147901,112094.35731419473,4517.45770711231
663,1.3917230672721894,112575.10439735763,4474.822021027238
664,1.3938172778813163,112988.25761354309,4697.89266607821
665,1.3959128506087028,113395.0989755858,4515.290603478823
666,1.3980069894682674,113929.3470538794,4822.915218086925
667,1.400100032768225,114392.66046861319,4905.585501487822
668,1.4021942273095422,114758.01341228384,4389.004890641227
669,1.4042879724639459,115298.50129836114,5065.194077740759
670,1.4063822250727482,115864.03110887956,5340.620088036902
671,1.4084777998796327,116156.84493111618,4583.6179725011025
672,1.4105725454065003,116548.48931780425,4962.184657272457
673,1.412666035757187,117091.85073886017,5042.785541830065
674,1.4147597581950535,117738.5267993932,4904.169262748271
675,1.4168552493745823,118036.24481385911,4892.130831071828
676,1.4189502707585735,118652.18767153496,5298.466038452962
677,1.4210439871962917,119071.35314882961,5358.868838547579
678,1.4231379588066748,119537.5261459978,5603.610958267466
679,1.4252323843784174,119947.03136383949,5336.604484139123
680,1.4273263645812686,120592.97078789017,5192.022288102101
681,1.4294209343777806,121046.55472595227,5528.80830382636
682,1.4315160587565352,121532.73012267642,5557.106330773786
683,1.4336101809254245,122041.48168643418,6226.562705953238
684,1.4357047233292217,122495.45729023808,5699.925641620673
685,1.4377991034950037,123170.13382879847,6257.4242555483215
686,1.439893269172154,123546.50580163187,5989.107325056714
687,1.4419870983325702,124045.796072938,5931.009471887371
688,1.4440820971476513,124661.16436621474,6455.799929543808
689,1.4461780146809415,125147.6923363152,6210.478029463973
690,1.4482723645441788,125584.12704312391,5982.655469503738
691,1.4503661519067539,126215.74510882092,6136.4282288735585
692,1.4524608997459605,126589.54729597818,6495.928276531569
693,1.454556191478353,127263.05376093792,6164.591980694654
694,1.4566505605195028,127826.44323477204,6949.244550839068
695,1.4587435672120013,128342.57801419773,6080.32430117229
696,1.460836376274075,128625.11008913463,6695.65274307356
697,1.4629315024559504,129519.2599505107,6585.227921261103
698,1.465026115161985,129882.77311042981,6778.633198088744
699,1.4671201905708728,130356.37882937105,6842.49042821466
700,1.4692142550197365,131084.76608775035,6805.901284454332
701,1.4713085109511452,131540.70176698393,6880.037708201603
702,1.4734040883627781,132186.1903695738,7091.991826259844
703,1.4754983077923518,132614.125776007,7126.824638977219
704,1.4775927333883283,133327.2880411129,6316.304516590835
705,1.479686516386449,133919.3883887159,7238.268636920785
706,1.4817805445745025,134347.43895605425,7297.4153765788415
707,1.483876051193717,134966.34497071666,7283.166666220607
708,1.4859713583510508,135551.29406623414,7390.062826612839
709,1.4880662760111125,136216.75082479836,7228.211943358282
710,1.4901603423423662,136781.15245633997,7661.383943175883
711,1.4922546168830801,137234.94202938775,7154.360697828932
712,1.4943493508016918,137967.7380697821,7487.832269633978
713,1.4964436549031517,138615.63077521385,7965.997644014419
714,1.4985372426394363,139110.0456464036,7934.654582050287
715,1.5006303537214591,139707.26905474922,7840.052039400828
716,1.5027246941647125,140388.67024614892,7819.764007489446
717,1.5048198674391857,140970.55254371106,8149.82550205746
718,1.5069136003861163,141561.6301567055,8201.143560052458
719,1.5090076377683221,142293.96532447767,8648.162638792335
720,1.5111026723067662,142895.39345928424,8502.837299425471
721,1.5131971028762412,143554.41318408918,8013.521898321814
722,1.5152912609041667,144052.60136995104,8642.781855439924
723,1.5173854934463344,144747.2412999687,8293.294353783049
724,1.5194808793753787,145421.52349006748,8759.697467939779
725,1.5215756259285513,146134.28183995184,8862.501380573014
726,1.5236695807770564,146953.0009389644,9104.604908464486
727,1.5257641081783464,147362.68930341845,8343.901438624223
728,1.5278584873608179,147932.20441592502,9208.506638501058
729,1.5299536435991428,148729.07746103805,9287.629477291468
730,1.5320476585044298,149421.61550357257,9274.206445371476
731,1.5341414384393777,150145.64442815506,8740.998901640305
732,1.536236950937659,150749.37336283998,9654.97820274697
733,1.5383317033374695,151285.6075438126,9647.173951048926
734,1.5404255753841434,152176.18760793476,9543.461191999228
735,1.5425198393431812,152674.06934847776,9587.273823396517
736,1.5446136227526486,153348.83850584726,9430.435957085918
737,1.5467072285753283,154103.6005942484,9983.692737341064
738,1.5488013111816905,154919.9489838887,9925.190297965913
739,1.550896674249749,155466.5560280669,10106.905720187437
740,1.552991701547339,156267.3816001691,9998.789560466816
741,1.5550856629518366,157069.8456289965,10523.641061120392
742,1.5571801051512508,157729.9235122956,10305.732299213938
743,1.559274417579796,158433.514708555,10428.195594692832
744,1.5613691533539047,159209.54626669068,10527.269923235814
745,1.5634631934261796,160046.39221783186,10985.001874285737
746,1.5655577892497892,160474.7481200045,10646.119165687292
747,1.5676527275763066,161374.85624522922,11082.011858007989
748,1.5697461748764228,162136.18701719368,10907.15677907111
749,1.5718402189801153,162840.03416728223,11125.279617746282
750,1.5739346218160084,163562.9296885155,11013.231163584705
751,1.5760295037244485,164374.99403267493,11819.077726243888
752,1.5781239238326052,164998.5924549607,11545.485377144612
753,1.5802176736109215,165884.02432843146,11234.451041817107
754,1.5823123941098438,166633.5904692824,12068.321931511944
755,1.5844068047546922,167305.34446801542,11806.32404356295
756,1.5864996832696292,168203.37320943407,12219.39331196942
757,1.5885944598128996,168885.6582531721,12048.344931153903
758,1.5906903325437156,169987.59632669005,12089.815485800698
759,1.592784689092666,170680.93382377992,12787.150508930035
760,1.5948796873290236,171301.86945144864,12466.52801494799
761,1.5969745597395735,172260.66908390578,12594.070684517385
762,1.5990689218084002,172975.2141605856,12147.362812649195
763,1.6011633213632455,173792.3889764428,12950.071136253882
764,1.6032577776043084,174849.1571091555,13337.57259454329
765,1.6053514020964894,175676.42068388555,13203.919750869194
766,1.607445093072501,176413.14653833723,13727.156664386895
767,1.6095393086936036,177201.09291979464,11471.078009473975
768,1.6116336711357766,178025.08241170735,7628.159129049462
769,1.6137279918528686,178787.5219732644,3653.2007809956804
770,1.6158221116449558,179563.02896933045,742.8533309102927
771,1.6179176229648538,180399.55823299044,-3764.5708482999166
772,1.6200131612431772,181238.8846714679,-6948.332177272165
773,1.6221069236192778,181957.79353698774,-10869.567013773221
774,1.6242011307622557,182884.91237027888,-14614.33141713699
775,1.6262960841945175,183683.75522340034,-18302.83884848106
776,1.6283896203498047,184484.58049844383,-22512.101297978006
777,1.6304834947928883,185371.36965932377,-26429.57337433621
778,1.632578127710653,186116.3428370043,-29495.200338218703
779,1.6346731813158608,187053.0248171963,-33203.41608766975
780,1.636767172365261,188037.48357506513,-37398.589559777516
781,1.6388603779595408,188729.17352128736,-40686.962348933805
782,1.6409563605892468,189824.46546277526,-45014.651336932104
783,1.643050621284035,190582.29938578192,-48276.020829230045
784,1.645144102645386,191369.57738375917,-53153.64013726932
785,1.6472395726584623,192365.08041478464,-56134.32438646696
786,1.6493331318477138,193178.5251740967,-60603.19359560389
787,1.6514277435583298,194095.98362145358,-63695.9934311324
788,1.6535225655624404,194787.84146912597,-67272.3133570921
789,1.655616100487628,195737.9509907643,-71341.26678710418
790,1.6577106071833263,196682.70414603577,-75277.5658331377
791,1.6598050724476994,197662.42427904444,-79040.68744419582
792,1.6619001395524664,198495.75738203086,-82641.09866407384
793,1.6639948642035431,199576.59442007376,-86748.09498902489
794,1.6660882997554614,200645.9239513368,-91359.01056713225
795,1.6681827329415837,201477.16264226785,-93943.95104281795
796,1.6702780557373313,202328.88427258824,-98696.39496013265
797,1.6723710846745943,203448.85460757362,-102632.44251219992
798,1.6744651718920411,204249.31571193627,-106835.88909123189
799,1.6765602044792516,205050.0511968453,-109875.25788464457
800,1.6786535596079524,206162.59167588205,-113873.31721435183
801,1.6807491745425278,207021.71079653682,-117900.15420574923
802,1.6828445761171116,208035.28946460187,-121973.45988531866
803,1.6849386388007168,209135.81959034628,-126096.28764848635
804,1.6870339476475265,210240.8268924243,-129774.40921515402
805,1.6891280758541645,210856.742146072,-134010.13235717008
806,1.691221272327691,211987.56800235517,-138370.12214672315
807,1.6933141346742315,213046.4660568904,-142373.14165454256
808,1.6954090930463133,214148.6039502396,-145354.0133162468
809,1.6975047078021417,215062.28946396403,-149653.560619881
810,1.6995991246970055,215951.0070893538,-153602.83104002025
811,1.7016934918813407,217155.5698168798,-157930.40448036857
812,1.703786903721137,218216.46027756526,-161920.91986458417
813,1.7058818292953146,219153.85064372647,-166377.675023615
814,1.7079768740006063,220249.78920417617,-169627.50644121363
815,1.710070845319196,221239.1270876142,-173998.2123734583
816,1.7121645316176712,222514.0005152788,-178868.20174604934
817,1.7142597272321454,223356.68831069558,-182088.8039395225
818,1.7163549406546734,224721.10261906747,-186057.47625147126
819,1.7184482195940645,225523.25274302645,-190367.63934158674
820,1.7205423072627637,226789.82288595013,-194859.62174835813
821,1.7226374847113666,227839.65843534935,-198081.90809080066
822,1.7247323233526113,229138.18186450418,-203476.93908765202
823,1.7268266901810085,230087.28058572114,-206864.68211753212
824,1.72892134476467,231198.30721860804,-211631.77876011943
825,1.7310153629662073,232239.95449881008,-214995.06219498362
826,1.7331087353021186,233315.0532078344,-219198.0830764503
827,1.7352028820270462,234705.29745619118,-223341.82712867312
828,1.737297419510233,235769.36138847776,-228228.30587838258
829,1.7393924268721555,237185.3813358802,-232652.46197985392
830,1.7414865202316776,238101.7122899539,-236222.1141683231
831,1.7435798385311778,239229.79512253217,-240001.4228410481
832,1.7456747741592018,240348.44670978535,-245588.28535109072
833,1.7477707733578058,241983.72775767386,-249299.19917879364
834,1.7498644151299778,242860.17217162243,-253706.49934492083
835,1.7519579294274097,244073.3403734771,-257786.9899950732
836,1.754052537005875,245353.76358911485,-262504.7877541544
837,1.756146014277543,246447.93292535306,-266738.9251303823
838,1.7582399685899122,247583.63051253287,-270090.183302748
839,1.760335124398212,249130.52085057498,-275395.82988321537
840,1.7624306374180432,250130.73975982805,-279679.8166040772
841,1.764524733445493,251509.40963561676,-284570.26937230007
842,1.7666195957988082,252665.51818908326,-288435.1116822548
843,1.7687146552767006,254164.37582857942,-292723.20234910626
844,1.7708085687106505,255371.14047116763,-298038.31840050383
845,1.7729026984403262,256609.03902272525,-302265.4107798383
846,1.7749968373222131,257540.05726740827,-306017.9555450427
847,1.7770919795414395,259274.73953875978,-310694.45491786534
848,1.7791866891650514,260675.99953875103,-315848.8138369896
849,1.7812805740714612,261949.95429287702,-320085.625830368
850,1.7833749145944944,263316.4899712674,-325217.74998645217
851,1.7854698174814119,264341.04845496186,-329136.8542201784
852,1.7875649050000997,265800.49965603615,-334082.201096644
853,1.7896586091751823,267227.50007397315,-338859.5061562469
854,1.7917528105223397,268302.7136908461,-342483.05015836266
855,1.7938472619734778,270168.397568233,-347969.97713527223
856,1.7959410333998334,271396.849080951,-352504.24939827394
857,1.7980353139963554,272495.99810630945,-357082.9842112256
858,1.8001292949050451,273886.9710326099,-361939.81200031843
859,1.8022240144636215,275431.2273053386,-366753.7694912576
860,1.8043180357006787,276929.53287214413,-371826.20637037756
861,1.8064120149556366,278440.8158594259,-377040.382233101
862,1.808507216693214,279621.63248026464,-381035.89453052054
863,1.8106012235056632,281156.0131214893,-386014.26945790474
864,1.8126961076333348,282469.872420165,-390008.1587619819
865,1.8147906359659112,284201.31115156424,-395942.06905593583
866,1.816885013662702,285264.88423506514,-399871.72763826407
867,1.8189799788179999,287180.2100051891,-405369.268473781
868,1.8210733357472892,288778.1385790349,-410561.22998074413
869,1.8231675363973032,290121.72099520575,-415594.6177402991
870,1.8252628639859947,291467.35607255896,-420013.63546304073
871,1.8273578690890415,293431.71904588165,-425603.79385963577
872,1.8294529153678178,294643.6409805389,-430666.0933608503
873,1.8315468366202061,296393.7252535979,-435582.0440636523
874,1.8336403420201965,298077.41476761113,-441168.1440869486
875,1.8357342642631629,299380.60903426615,-446023.38115707255
876,1.837828606636473,301266.15586575633,-450611.9914673925
877,1.8399232687279,302650.7697478713,-456598.7045936662
878,1.8420169361094605,304483.5749711974,-461317.592718717
879,1.8441103454239045,305559.5971130104,-465981.81755890045
880,1.8462047113551943,307381.5286824344,-471841.4926318654
881,1.848300337583767,309096.9605626316,-477310.935006612
882,1.850395118058644,310680.61196243827,-482163.20126133057
883,1.8524895015648957,312490.3308058707,-488651.5544851407
884,1.85458435317291,313949.6280291359,-492155.2739457914
885,1.8566786691854407,315882.3265653048,-498307.6150073099
886,1.8587722962005393,317746.8360575843,-503805.4444068499
887,1.8608667292143481,319127.73665134667,-509667.6413261155
888,1.8629623979972338,320693.4035901947,-514644.6580351513
889,1.8650575007618033,322515.25978224014,-519681.01919999754
890,1.8671515757398978,324027.665666537,-525365.4754410821
891,1.86924567270883,325785.44254640583,-530468.6032105571
892,1.8713402290883943,327624.88713311235,-536360.2968535376
893,1.8734333441485889,329559.6777428718,-542588.2313592174
894,1.8755274569663687,331358.48088240053,-547022.6940241915
895,1.8776226584010878,333070.14645125746,-552813.1711962429
896,1.8797156234954413,334876.88525827497,-558696.8650823936
897,1.8818097674713492,336668.21190464485,-564153.9060076561
898,1.8839051205157094,338543.4129113874,-569871.3256678915
899,1.886000042933448,340287.792852688,-576088.3553659488
900,1.8880949075451439,342303.5185829809,-581905.4209412993
901,1.8901881584759161,344033.71181712684,-586746.0777126232
902,1.892283217936019,345490.7719359456,-592983.7061528242
903,1.8943782680554568,347572.97641354,-600721.7277567908
904,1.8964720473710392,349779.435642074,-605438.4874259642
905,1.8985668668489433,351297.0689042109,-610450.9678561097
906,1.9006612809862096,353317.4338605373,-616520.2043459946
907,1.902755719587151,355402.6203734441,-622911.5299394359
908,1.904849757588545,357179.32931277796,-629392.2849554002
909,1.9069430754605277,359239.41750781285,-635152.0571627008
910,1.9090378340013505,361349.77024439676,-641989.0986836237
911,1.9111324914183263,363566.2499718715,-648234.5326150254
912,1.913226965923519,365640.13298644434,-654262.0690966065
913,1.915321381331026,367219.78299277934,-660567.766681215
914,1.9174162748437817,369312.7420588993,-666540.7473139626
915,1.91951096404297,371099.8479445423,-672915.6887651631
916,1.9216039358616672,373385.60544266406,-678942.644959074
917,1.9236986253914137,375668.88889609557,-685504.9975477917
918,1.9257933066276691,377704.19562838477,-692100.0686919524
919,1.9278873651498682,379286.2629767569,-698291.6568632139
920,1.9299807661659822,382436.65000387526,-706161.5549175111
921,1.9320760482648573,384655.52223260445,-712896.2423283496
922,1.934171767524072,386406.39312794723,-718327.2604387171
923,1.9362651059315399,388742.460984231,-726494.2719688896
924,1.938359138419254,390546.2742835421,-731407.0353844292
925,1.9404538735984294,392772.65955476335,-738430.0964828982
926,1.9425479146608418,395429.480521241,-745272.6307368416
927,1.9446418189559174,397143.37506770395,-751762.7958111323
928,1.9467371502259871,399518.7483590042,-758802.2446228847
929,1.9488329760684335,402299.85055293416,-766148.9117403837
930,1.9509268120448882,404157.76765598863,-773432.7356320912
931,1.953019609354344,406731.65398151334,-780647.7457890558
932,1.9551147244404972,408730.12349749875,-787078.5186702745
933,1.957209950604826,411349.84422688466,-794414.9365710054
934,1.9593041179655175,413530.35069726565,-801085.0039419404
935,1.9613980124620214,415783.80578085553,-808475.7523036062
936,1.9634920823781827,418156.3226502818,-815048.7098501704
937,1.9655870316775599,420272.65144641977,-821678.3465392295
938,1.9676813106463258,423254.0670208828,-831023.5505468672
939,1.9697755380711686,425999.896399008,-838341.2929906939
940,1.9718704076888727,428063.89859377337,-844843.7919038828
941,1.9739643213778544,430198.4189504447,-851610.7080101649
942,1.9760582139073395,432655.51262975595,-859931.3701951386
943,1.9781533744008393,435210.289186144,-867307.3421389352
944,1.980249297656676,437796.7494983265,-874417.836557299
945,1.9823436902775773,440636.96762678464,-883324.8562632739
946,1.9844363854611324,442915.28207953396,-889884.0206832936
947,1.986530057736426,445680.133393507,-898977.5052906001
948,1.988624138262085,447708.39590278635,-903802.7203498846
949,1.9907191302641989,450467.6294988065,-913248.2390821623
950,1.9928140678397719,453540.15011319943,-922452.1000534929
951,1.994908057158038,455902.12703542376,-928595.5150446403
952,1.9970037235567513,458565.5848556712,-936644.0844729281
953,1.999098539119481,461281.9690258643,-944939.8824518294
954,2.001191245179364,463639.52243546286,-953904.2069968097
955,2.003285465781134,467028.429194982,-961873.5625056282
956,2.005380090953843,469631.491676277,-970381.3604962891
957,2.007473757612322,472428.3711121152,-977131.044821452
958,2.0095674385752345,475289.8146343262,-987574.5000044085
959,2.0116620669227445,477501.7767463189,-994794.1948744735
960,2.0137574654124313,480274.2529530899,-1002848.6155960563
961,2.015851542299029,483825.63817379135,-1013317.6589508689
962,2.017945842236743,486166.5915526213,-1021107.0300982399
963,2.0200414078173843,489193.8124730682,-1029387.646250776
964,2.0221364472105585,491949.48674244276,-1036818.1839231532
965,2.0242304661583193,494713.86171635607,-1046522.673974644
966,2.0263241213554704,498007.53456303844,-1056855.0598796697
967,2.028418169537371,500643.8679921208,-1061221.9164310887
968,2.030512126699397,503596.7185923802,-1072279.7876169235
969,2.032607257696191,507339.83583644766,-1084404.4089977762
970,2.0347026748788237,509812.8858124394,-1091635.5263582102
971,2.036797432049628,512897.06135291414,-1101267.463091576
972,2.0388917803566513,516317.63525082637,-1110364.153131141
973,2.0409854404727548,518999.588961205,-1120483.885673064
974,2.043079158497923,522112.35055146983,-1129298.165167086
975,2.0451737042342053,525316.1332470615,-1136478.4516577113
976,2.047267957686092,528159.4967379995,-1148351.6592228469
977,2.0493625921646865,531909.9201316842,-1157997.7116005684
978,2.051458159400133,534410.9804570518,-1167735.1913505013
979,2.0535521918605197,538557.7028526269,-1178037.5246305636
980,2.055645062675616,541610.7182707954,-1188456.0465005517
981,2.0577393587752955,545082.225316833,-1198551.7886923358
982,2.059834437786395,548333.3655125742,-1206565.186712135
983,2.061928055170489,552124.6763195073,-1218336.5832581893
984,2.0640226957402352,554188.9830466484,-1227572.5347211736
985,2.066118258189404,558665.2074366601,-1239991.1490270186
986,2.068213196804832,561075.216939766,-1247650.9582690608
987,2.0703072818107917,565923.4235612794,-1258890.0201136346
988,2.072400931462771,567921.1111323591,-1269434.623521645
989,2.074494103322103,572035.6467331483,-1280462.6007045254
990,2.076588647294614,576166.7336245379,-1292692.7069851467
991,2.0786837571325223,578605.4784457328,-1301173.1840294704
992,2.0807786951127576,582106.8562574615,-1311918.8422709454
993,2.0828733611799306,586014.3968109594,-1321496.6067410014
994,2.0849676047315464,589761.5113161404,-1333304.7073432931
995,2.08706191167589,592697.7338186057,-1343004.0018278523
996,2.0891552570733616,597325.94780778,-1356069.5851850621
997,2.0912498961643236,600712.8463587075,-1366618.0905791386
998,2.0933446561638878,604122.132275228,-1378029.090344359
999,2.0954387435644386,608417.1507974124,-1391753.8561889753
1000,2.0975335870618825,611651.5678263622,-1404862.6350313628
1001,2.099629070349723,615225.5144881044,-1411594.9951481554
1002,2.1017228492895934,619248.8818998637,-1425272.332390798
1003,2.1038170482062775,623736.6530933873,-1439591.0150219393
1004,2.1059122372778973,627863.0171895622,-1452401.7603422212
1005,2.10800554057148,631960.9799618637,-1463861.0876122387
1006,2.110098599114947,634809.9940578003,-1472487.6663450883
1007,2.1121927216235163,639148.5816178418,-1486892.3175647126
1008,2.1142879182187984,643222.0214332001,-1498186.7534189152
1009,2.1163820759811065,646690.5270910182,-1510621.9761343694
1010,2.118476597123504,650557.4239023032,-1521337.040876356
1011,2.120572077635568,655751.6852183361,-1538944.8021464956
1012,2.122666143506846,660142.1153442935,-1552022.9064225382
1013,2.12475947440395,664098.1912835292,-1562523.963393706
1014,2.1268549228070284,666892.5589728443,-1574755.949893767
1015,2.1289503858580807,671060.3972976294,-1587927.9899825566
1016,2.131043274916299,675613.1931005374,-1600947.6384415918
1017,2.1331378502136085,679457.5241296254,-1613596.3640535546
1018,2.135233020544507,685087.4099303394,-1630616.6381401883
1019,2.137327211773404,689653.0899514076,-1646968.7960300972
1020,2.1394213678417553,692418.6291241343,-1655023.811400055
1021,2.1415151935265153,697514.2626857329,-1670782.944821876
1022,2.143609686067666,701568.690773838,-1685323.2196079069
1023,2.1457039096890913,707171.6759865839,-1701157.9543637098
1024,2.1477977892281794,710020.1742438478,-1712013.7673023238
1025,2.149892773795189,715669.017616106,-1727895.9031698804
1026,2.151988207011953,720711.3796259759,-1744833.748415666
1027,2.154083430042502,725639.5532170528,-1761667.2373715022
1028,2.1561769020273363,728747.0775150707,-1771414.9144445197
1029,2.158269727638565,734047.2046107815,-1790295.9248780375
1030,2.1603643338266334,738381.7868889362,-1802397.0839981611
1031,2.1624594611960894,744378.6807772809,-1823502.648891681
1032,2.1645538445620423,747525.1459395883,-1833205.6595673237
1033,2.166649266160557,752185.6060411385,-1850056.6690192935
1034,2.1687438965600263,758043.599562318,-1869261.6266617295
1035,2.1708363804402464,763907.5785405324,-1883864.4925478047
1036,2.17292939543057,767438.4261273677,-1899400.0919384717
1037,2.1750246621139153,773084.0420802052,-1913962.8955290362
1038,2.1771189095943266,777356.0111598591,-1930490.2700062767
1039,2.179212962470575,782139.4612419357,-1948669.4878046366
1040,2.1813066434396426,788623.28338245,-1968541.081082032
1041,2.183402629792164,792066.1176887191,-1981897.0302259822
1042,2.185498119455816,798021.4554618542,-2000593.5973175173
1043,2.1875916200185137,801974.7002095567,-2015136.0286868692
1044,2.189686441120868,807712.708445294,-2036813.4205955279
1045,2.191781413276182,812212.2767357109,-2052225.2319960638
1046,2.193875147711239,817705.6231459882,-2071315.2319228582
1047,2.1959686613130316,823366.9966866061,-2089044.6506202668
1048,2.198063923558019,829189.3381987723,-2109359.264767589
1049,2.2001595001532226,833856.32641807,-2126468.1459568427
1050,2.202253779153767,838599.597089745,-2147194.55093324
1051,2.2043460760907565,843900.9775854491,-2163584.8301260923
1052,2.206440891990371,850450.6322604481,-2185556.7938901423
1053,2.2085356491852317,855870.27023905,-2204629.803683747
1054,2.2106277016542335,862514.5370225192,-2226584.9757765033
1055,2.212721958545959,866496.3139388667,-2243706.1487514395
1056,2.2148185083900422,871661.0818697282,-2262703.9322851286
1057,2.216913061952383,877175.1316496173,-2281169.8774653943
1058,2.219006160150891,882918.2283619582,-2306794.0698639117
1059,2.2211007684745443,889388.7399936998,-2325296.7314633667
1060,2.2231966067711273,895120.6951901474,-2352344.1463779416
1061,2.2252915180225106,902932.6506092425,-2374173.763983541
1062,2.2273849286831946,907294.1689000608,-2396533.941204755
1063,2.2294794057777056,912973.5440292085,-2413619.7379009337
1064,2.231574082226972,918408.2358202387,-2437327.1334295473
1065,2.2336675726385264,923445.8534192105,-2461663.747317505
1066,2.2357616690730993,930259.8516430798,-2479481.692679152
1067,2.237857388038379,936842.4291244174,-2509617.567998504
1068,2.2399520699736297,943827.8737208458,-2534483.1840865565
1069,2.2420449617357057,948498.4474405034,-2555544.930812563
1070,2.2441391380853632,954502.7950459231,-2583021.6672448604
1071,2.2462342793770116,960803.713125163,-2606382.787700887
1072,2.248330004000319,966439.172396488,-2633067.988049749
1073,2.2504234986669656,974108.526979377,-2658707.694291727
1074,2.2525166459790467,980702.3282195689,-2688419.830359532
1075,2.254612702557845,986908.7715917259,-2712842.208842902
1076,2.2567074239010356,992439.1425980382,-2738419.868667498
1077,2.25879926569608,999884.5690341168,-2767519.4637815165
1078,2.2608934332232278,1005421.3975873936,-2791333.3634156706
1079,2.2629890832862967,1012944.7354619863,-2831191.9401214113
1080,2.2650815906481947,1019468.2512115393,-2854235.9272396597
1081,2.26717631551426,1023756.0117673172,-2879403.042334597
1082,2.2692717091510235,1031100.9007858445,-2913037.988887633
1083,2.2713660430599174,1037117.0745417014,-2938118.711757026
1084,2.273460830916725,1042776.6144509019,-2966693.3033034033
1085,2.2755552510450507,1050635.52742104,-3007035.6289325464
1086,2.2776502981151867,1055160.0608648148,-3026880.9380189087
1087,2.2797428242388995,1066020.125886907,-3069139.3122261344
1088,2.281836092329788,1068957.4877462366,-3088429.5987491608
1089,2.283933556285596,1079682.8036901061,-3128326.6968014985
1090,2.286028868050817,1085229.557806802,-3155501.5790305478
1091,2.2881212248812486,1092026.3571815128,-3184194.0782050006
1092,2.290215014848569,1099383.6941366114,-3213028.539384818
1093,2.292310229911211,1107209.275334787,-3248154.3706437484
1094,2.2944051456334345,1113461.7591119178,-3273339.7098990483
1095,2.2964983471898495,1121573.5345892513,-3310940.967238548
1096,2.2985921024349003,1127855.8507816456,-3335386.7153413747
1097,2.3006888643809247,1136549.8787637015,-3367419.2049386776
1098,2.302783634096356,1145433.5066884658,-3402982.00504658
1099,2.3048756698218886,1151479.1085771846,-3429555.8369859066
1100,2.3069695720010412,1157341.18556531,-3455380.956737271
1101,2.3090651112173397,1167469.1341838099,-3495295.301007516
1102,2.311158495429861,1173025.8150212918,-3517131.8262007223
1103,2.3132509513768182,1182775.3926877778,-3556493.04278142
1104,2.31534766594442,1187170.473499741,-3578657.751287365
1105,2.3174438092641236,1199271.0944001933,-3624073.4095143904
1106,2.3195366518474128,1206250.793087884,-3650836.0614114106
1107,2.321631141204296,1213522.8201875342,-3681406.0988596356
1108,2.323727832694395,1223256.6760550153,-3718339.3627587226
1109,2.3258211826493147,1233597.053925267,-3756379.052349363
1110,2.3279133966950116,1240387.568287018,-3784981.426883555
1111,2.330008120458155,1247637.0902832719,-3817487.418955127
1112,2.332103956675321,1257653.177540373,-3854220.2012131633
1113,2.334197579452735,1264275.8784238372,-3884460.0008304343
1114,2.336290017181209,1276069.7108178716,-3924394.1933222855
1115,2.338385505091734,1280967.1259743995,-3945584.5406528614
1116,2.340480189114194,1289384.643020559,-3981642.4194353893
1117,2.342573391055059,1300755.2455086221,-4024762.7735476526
1118,2.344667848677038,1308202.7814080853,-4052091.2382285777
1119,2.3467629878884537,1320406.8607925528,-4099269.3997285045
1120,2.348858220839854,1326244.5840209113,-4120501.541296871
1121,2.35095250082758,1337660.168439387,-4163976.4569868892
1122,2.3530449396760944,1345997.992188131,-4197478.277564933
1123,2.355141499104623,1356159.537641919,-4238080.140980656
1124,2.3572378412451434,1363912.8427370787,-4272158.333876756
1125,2.3593294861259198,1375124.18459228,-4311406.9998512585
1126,2.3614224992004984,1382355.4783713387,-4339833.115164655
1127,2.363517948981548,1393225.1892965657,-4380489.462594662
1128,2.3656139136423477,1400331.7586027242,-4409352.849006571
1129,2.367706660383537,1410534.8603031426,-4449950.087070449
1130,2.3698014470222093,1418757.9916409496,-4482410.221156599
1131,2.3718977582075165,1433794.6473936404,-4539154.260163935
1132,2.3739899214574836,1442246.4906682335,-4567258.198715308
1133,2.3760825194215927,1449941.239141853,-4600573.932792529
1134,2.378179070039863,1463829.3938182779,-4651644.716569537
1135,2.380273759058959,1469815.1552592192,-4676490.51347346
1136,2.382365673610318,1482288.553290615,-4724209.116043378
1137,2.3844604460166168,1493913.224859364,-4764742.536224978
1138,2.3865571190304595,1504340.3128804723,-4806832.739000068
1139,2.3886520978255446,1511863.7732647972,-4839228.258755262
1140,2.3907442891236066,1521781.168456301,-4872824.645116054
1141,2.3928386457990913,1537292.7194843136,-4933162.646289883
1142,2.394934562690242,1545853.4561534356,-4966489.899609018
1143,2.397029599690107,1565173.5517250253,-5031964.059479085
1144,2.3991222591305954,1571449.6688729723,-5057082.894268454
1145,2.401217024080888,1583442.205134883,-5105041.7303549
1146,2.403314513026698,1592722.9947767179,-5143676.920404249
1147,2.4054081911284184,1603896.336464095,-5183884.40841351
1148,2.4075011183217048,1615363.6114431145,-5225716.165757101
1149,2.4095960074264258,1624079.9207758135,-5257850.227100252
1150,2.4116926326559978,1637463.3447281322,-5307078.684164914
1151,2.41378425055939,1651479.7068389547,-5365375.745239389
1152,2.415877382497087,1658282.285547742,-5392878.43470882
1153,2.4179783678062123,1674385.2623580268,-5448153.361303835
1154,2.4200733739460714,1684048.265955293,-5487666.794546295
1155,2.422162501290004,1699239.684389945,-5542746.84830089
1156,2.424257158180454,1712308.1377087475,-5592096.815864043
1157,2.426355368807169,1718134.338984557,-5616465.468688588
1158,2.4284477900186845,1734899.744784292,-5678624.445873708
1159,2.43053883847394,1750178.2545859516,-5734771.4068747815
1160,2.4326356353293934,1762241.520132287,-5776178.332642586
1161,2.434732612021302,1775795.4446625423,-5827006.1572725065
1162,2.4368252927922227,1783525.579027521,-5858164.619256411
1163,2.43891890863681,1803283.8685021098,-5931275.51353726
1164,2.441014895314609,1809860.723054194,-5960540.176257244
1165,2.4431105244568765,1827388.9018140424,-6019360.863955588
1166,2.4452031167440684,1839357.9618440957,-6065868.333245071
1167,2.4472938786799143,1850823.0085267914,-6110290.324756503
1168,2.4493915902413868,1858645.4176263819,-6140521.865990717
1169,2.4514877943094935,1881335.7704111903,-6217994.254483714
1170,2.4535774837073663,1888939.4477456966,-6251275.987910634
1171,2.4556717453467782,1908059.3295990592,-6321419.141876854
1172,2.457770725968573,1918604.960286261,-6358959.932799965
1173,2.459865450868259,1938758.8451517646,-6433791.232663263
1174,2.461954843714291,1954173.443952873,-6492710.775642477
1175,2.464051305962942,1962973.817094362,-6531042.531303203
1176,2.4661493201186655,1981863.665032744,-6592306.741218982
1177,2.468239991051035,1999234.5642901703,-6656806.723842642
1178,2.4703335941159144,2005506.925633697,-6686236.215831292
1179,2.472432426226094,2025302.540579669,-6755928.772654189
1180,2.47452690434623,2041338.8026951228,-6813111.626818757
1181,2.476615373809059,2055438.3346981448,-6868828.721596714
1182,2.478710457672189,2070086.5788689416,-6921942.253800135
1183,2.48080966574444,2075652.922487141,-6945722.985330358
1184,2.48290090100287,2108357.543959542,-7062551.828425807
1185,2.4849923340191187,2118694.2245820933,-7101581.380028362
1186,2.4870897130294636,2136591.2784685474,-7166163.213008768
1187,2.4891862386660164,2148774.6844964395,-7212121.3674278585
1188,2.491278235985619,2164628.9084926927,-7271572.1129402965
1189,2.4933690456944357,2182320.3797193263,-7335567.312275343
1190,2.495466543397291,2198584.8607593146,-7393266.567044862
1191,2.497563830960505,2212776.436734341,-7446024.042293397
1192,2.499654519205421,2232037.829510603,-7516447.692353682
1193,2.5017479497353943,2246244.891589938,-7568683.34944778
1194,2.5038480054516667,2264906.3630831004,-7636600.086992235
1195,2.505943433921919,2283880.2299243384,-7703026.805859258
1196,2.5080284861327207,2292472.6489391527,-7743947.103118061
1197,2.510123955773609,2322169.5828033313,-7849395.855347889
1198,2.5122261646694253,2347721.9772690027,-7941837.442179911
1199,2.5143177674343575,2354882.0344274896,-7969841.400087897
1200,2.516405803072155,2376160.186172931,-8044998.1347780395
1201,2.5185026929964116,2386358.453537483,-8086321.335564374
1202,2.5206041831245063,2413047.1864483207,-8178385.169579342
1203,2.5226964757648327,2429810.8256347245,-8238184.172018362
1204,2.5247869961159406,2447718.0663825586,-8306942.789609852
1205,2.5268843920051487,2474160.747763703,-8405884.178248893
1206,2.528980483597168,2478718.5245512207,-8422151.003556237
1207,2.5310684597394695,2507903.7636252097,-8526504.450777844
1208,2.533161718042206,2527208.7463688375,-8600636.628430746
1209,2.53526488574662,2544548.5365020717,-8661312.976658598
1210,2.5373603920777454,2567268.7935959958,-8743193.676770128
1211,2.539445749963502,2578649.286545902,-8789702.45220315
1212,2.5415417180131348,2599126.711713712,-8860360.77772375
1213,2.5436457679371425,2620668.3874498135,-8940629.969419034
1214,2.545736808475733,2650779.2171095535,-9046998.894327303
1215,2.5478233832874237,2664410.3478592406,-9098679.551329546
1216,2.54992085584226,2678372.175044292,-9155034.26237956
1217,2.5520207655356866,2698139.389606245,-9217053.316362917
1218,2.5541098448110064,2730327.7476643054,-9336276.468955863
1219,2.5562002600365847,2750856.363046681,-9413100.952694897
1220,2.558305455724291,2767213.036153352,-9477465.839997152
1221,2.5604026511470312,2782187.691424123,-9524977.53332676
1222,2.5624826414852553,2822776.228408414,-9674743.326173631
1223,2.564574391949512,2826492.7992305,-9686722.141919654
1224,2.5666808497683498,2862699.7263271897,-9815257.91279456
1225,2.5687773451615423,2892890.5013952362,-9926965.459247258
1226,2.5708608935170316,2911014.296198903,-9984662.727035774
1227,2.5729575952355885,2920713.096489187,-10024809.299655216
1228,2.575060651513359,2930356.0336759184,-10070219.374567987
1229,2.577148431575012,2981514.523952672,-10246726.819327638
1230,2.5792346077561192,2995307.380228485,-10299908.871692367
1231,2.5813352493894732,3002745.0063451356,-10328749.691771418
1232,2.5834369526956515,3046207.089311393,-10483581.270688388
1233,2.5855218346006232,3064304.088662215,-10543024.670521239
1234,2.587610713900489,3085670.9368527625,-10622898.837601546
1235,2.5897186990593415,3113755.4583986118,-10729203.423215501
1236,2.5918181690667126,3154247.134664676,-10871265.619623715
1237,2.5938985009385314,3145894.5852614488,-10841136.307322076
1238,2.5959901966325076,3185284.187713422,-10985677.984002767
1239,2.5980970827886534,3236307.747455205,-11164737.85543751
1240,2.6001911974764487,3252867.753736686,-11229349.357087567
1241,2.6022734575046016,3267092.97834421,-11272740.620750267
1242,2.604374761438423,3309359.251424628,-11429875.852103196
1243,2.606480077670044,3325202.845348196,-11488922.352330677
1244,2.6085618800169397,3358828.5888129664,-11614224.674329512
1245,2.610646200048581,3388862.9251875547,-11717807.051176231
1246,2.6127580952497533,3405113.8137625945,-11781815.80292143
1247,2.6148609257992828,3435182.1685715998,-11885485.88107864
1248,2.616933454172155,3463275.052094493,-11984737.789577069
1249,2.619020659870304,3483056.4055192634,-12058421.078071473
1250,2.6211346279669097,3509037.4100025008,-12153065.333688483
1251,2.623236503452788,3545193.3513522865,-12282843.930458536
1252,2.6253090562225565,3573983.160131176,-12377946.445659347
1253,2.6274000701334055,3582063.193235494,-12417968.52474037
1254,2.629513118467727,3640618.407169091,-12620485.318255099
1255,2.631604301330356,3678139.918107005,-12759377.779700221
1256,2.633685254021577,3704750.8846678142,-12847099.457734432
1257,2.6357889797673804,3743809.049855495,-12987208.800286736
1258,2.637895874321367,3764538.9383055177,-13065549.705661485
1259,2.6399747081141895,3777226.4552074145,-13111933.085510017
1260,2.6420591747927733,3805824.089904833,-13214432.269898813
1261,2.6441764666284318,3845054.255837999,-13352361.989685006
1262,2.6462775406423154,3876958.769663403,-13467768.427215666
1263,2.6483402943393326,3919563.6468929723,-13622724.229391726
1264,2.650428729148096,3941797.3081743796,-13704843.51695218
1265,2.652562718674548,4013053.9046160164,-13954722.504593702
1266,2.654664088292312,4028591.179220832,-14006155.377141992
1267,2.656712651557163,4031588.786663441,-14028176.590784574
1268,2.6588106765908748,4068600.156806069,-14154128.710751165
1269,2.6609452450324915,4157683.1749497666,-14471702.739588642
1270,2.663032290426174,4144808.712529358,-14426172.652488481
1271,2.6650914877184944,4145784.070987358,-14430960.08575196
1272,2.6671986225603375,4148663.7231238843,-14438800.588953072
1273,2.6693218160411916,4261544.678710551,-14836553.046902003
1274,2.6714003686163363,4305809.260920511,-14997153.012769215
1275,2.673473653710363,4297881.223153647,-14967786.311029604
1276,2.675588689124729,4371658.063567982,-15232185.765933266
1277,2.6776964003773744,4438830.164581945,-15470441.550395064
1278,2.6797534796790945,4477411.181976341,-15603224.525810711
1279,2.681845016836506,4419952.060735147,-15406131.05037668
1280,2.6839785543392702,4523475.081281675,-15771601.39861547
1281,2.6860638705482365,4531954.883363069,-15801391.619594803
1282,2.688115580192901,4571623.310741617,-15945556.793969715
1283,2.6902421071216107,4675690.985503801,-16312646.867418196
1284,2.6923784453538007,4698423.672582704,-16390310.667363295
1285,2.6944235266222867,4697119.790496376,-16385806.54409583
1286,2.6964818302236213,4771173.767604266,-16649310.496690825
1287,2.698646249049189,4735191.011214091,-16527453.60101885
1288,2.7007725953070936,4780017.439041444,-16683510.780487364
1289,2.7027692368507834,4846263.354876483,-16917983.720010217
1290,2.7048443440936585,4936056.941611784,-17233149.107313525
1291,2.7070515904059915,4892207.749908732,-17083693.67789436
1292,2.7091632832728005,5072717.381723371,-17725359.808922
1293,2.7110832098570423,5023082.477632015,-17537654.276565447
1294,2.713194248534394,5132349.242270161,-17933254.85552097
1295,2.7154564422347596,5050781.008152059,-17651046.34961462
1296,2.7175455830902693,5091359.232207609,-17799719.646765795
1297,2.7194409477796717,5198171.760188246,-18163384.83607792
1298,2.72159410281056,5328453.202898014,-18626365.206988305
1299,2.723868494276683,5374938.958481092,-18791655.33181393
1300,2.725905473691433,5306922.8714403035,-18550920.82251455
1301,2.7277938720843573,5411712.328425525,-18914218.983338576
1302,2.730005424734083,5511327.238573512,-19263503.59675756
1303,2.7322910595910366,5530332.277533149,-19343120.778710525
1304,2.7342323934891035,5538165.502063906,-19370430.620804947
1305,2.7361123669415965,5604400.720567528,-19601295.631788146
1306,2.73841292247591,5615040.11455021,-19639850.226695873
1307,2.7407262152838343,5732251.18304921,-20042663.452273432
1308,2.7424923562337074,5850850.47351955,-20467525.61359609
1309,2.7444202272828333,5915805.994389446,-20682034.788885497
1310,2.7468188489948773,5993161.2421923075,-20965502.38169648
1311,2.7491571251284848,5863171.686113421,-20505705.607912347
1312,2.7509012180135843,6126672.831879723,-21430394.44742665
1313,2.7528220566885997,6055193.176848305,-21191299.661932185
1314,2.7552245852341666,5989977.927745505,-20956482.31334595
1315,2.7575799064734774,6024403.373824737,-21086167.23104125
1316,2.7593246433872425,5929032.3837647,-20756610.320258267
1317,2.761234187120032,6060956.05755222,-21207213.782189425
1318,2.7636390504715083,6120136.321139533,-21416889.317027118
1319,2.765948826576436,6749951.113292414,-23615966.202449113
1320,2.7676191435751902,6753372.825878342,-23627586.666159388
1321,2.769651838220211,6597730.351622817,-23094310.990382817
1322,2.772055945845228,6910591.962357193,-24196749.007090636
1323,2.7739175955497957,6409686.845268176,-22433882.258943796
1324,2.775657495525559,5813442.625743738,-20350171.50607386
1325,2.7780509401576134,6663260.14172544,-23319915.197840083
1326,2.7804282678176238,6173601.052996421,-21598134.590819176
1327,2.7823699672164355,7015926.478630226,-24546184.558684148
1328,2.7838806433920418,4822413.951249203,-16872315.50530419
1329,2.7859958234637583,4544018.166017863,-15904063.581062518
