,k,Pk0,Pk2
0,0.0029665470748989845,344552.2704480236,-573083.6744381022
1,0.005026374055021859,438074.5606943437,249933.9509474346
2,0.007149300621522788,580324.1758792626,92527.55671136675
3,0.009278869254964255,480322.78397565335,-170011.46163398653
4,0.011450332619344701,484864.533869584,219057.5700612292
5,0.013492955871419151,523937.61504066153,-85014.60884673623
6,0.01558905561191893,498582.1507784365,-56344.5558422887
7,0.017694083672553172,505003.7674268299,-20192.62221602956
8,0.019817874803135297,464125.0890165235,9197.610341170257
9,0.02192074938196264,403691.6266528382,76152.68479238606
10,0.02398877635566245,401468.13096330565,-3154.592053762546
11,0.026092869718961156,351429.2841703644,-9975.480540262315
12,0.028234663152781798,325624.1491474642,28763.977651524627
13,0.03032284873509123,287439.52887640183,-13078.010946067328
14,0.03240263258943404,276312.9066323976,-12271.811265465803
15,0.03449210129864554,257006.72285999422,-18045.28489756351
16,0.03658588147515197,240603.63920121983,-3165.570903440111
17,0.038684769492669774,212536.40307292316,10596.521768777024
18,0.040788988884582836,201704.95051949786,-17128.917472023826
19,0.04289390876967646,200035.36964101988,-6757.986452344717
20,0.04498336005546935,182696.0388534155,15989.350545103476
21,0.047064985294738244,180210.08241260683,-5886.634160582865
22,0.04917111919158227,174234.96608176932,-2732.0674658415246
23,0.051262169141742274,168388.53266166177,-18287.017118763244
24,0.05335525146837034,165323.6468705051,3153.461947787981
25,0.05546637228956934,165872.68172980833,12739.398576417705
26,0.057573188192548086,162812.0242177852,-2336.3619702200103
27,0.05965884044590281,157244.03229597534,2347.381642887483
28,0.061745123021595065,156708.30491738245,4047.28323795009
29,0.0638268929113719,153963.29299322647,8669.816115934313
30,0.06592966228838451,149946.70871991006,-5686.673219984801
31,0.06803125784825748,145830.6769508435,1404.5136271367844
32,0.07013131008699486,143521.31541109586,2899.0382258625514
33,0.07223032366074338,136998.02667853815,-3080.9515520687573
34,0.07432334270720506,132306.28681585818,598.7497901263292
35,0.07642066756954473,127436.57281219031,-3166.2820520371024
36,0.07850471694556041,122865.3002618303,-2274.196976624033
37,0.08059701946059529,118211.1672983958,-474.58228812456406
38,0.08269521798132064,114107.9687371407,-904.1911306928143
39,0.08478307522909848,109409.55846048551,-847.9112241560314
40,0.08687780839616016,107303.288417323,1424.8364545803206
41,0.08897524569656534,101589.1768099377,844.3153074367845
42,0.09108077810470518,100587.68680848645,3231.3875295415146
43,0.09318432266948053,96702.288069108,398.8172089455109
44,0.0952788764104831,95657.24256123691,-1722.4073452183604
45,0.09736254237981037,94831.66119632252,5003.703530145553
46,0.09944832814799408,92675.12060895923,-1896.1523451603239
47,0.1015460879802399,92380.73535472142,901.6898795499127
48,0.10364263756677322,91344.9703213319,624.616394235726
49,0.10573893905394659,90456.91466348062,2434.2426267471856
50,0.10783958559814742,88192.80657640281,1133.9398064571317
51,0.10993894058501318,87672.78567497729,-326.78454634617407
52,0.11203921431523854,87441.55572925754,-919.7125686545367
53,0.11412334585697578,86531.36566940873,-651.8445809322881
54,0.1162159397555423,86559.4606933068,2217.256807509883
55,0.11831372048037725,85382.31517015136,-734.9674549160702
56,0.12039723118070132,83969.95856788849,5063.377587409675
57,0.12249223631878574,83755.50339440399,-2194.0552349704553
58,0.12458825984258635,82910.498870046,1693.6807515208557
59,0.12668846771583772,80973.37503534634,-2425.6385742174243
60,0.1287846620419941,79836.44586348614,597.0880981161351
61,0.13087133937881498,79170.45858167649,-2414.360871429199
62,0.13297548334406448,77865.82573139566,-1356.1433384131983
63,0.13506910815256093,76785.88347269208,375.1819299057769
64,0.13716388258568254,75476.67055632045,-1487.228317453613
65,0.13926047573721634,75532.95653178978,3154.62311751001
66,0.14134668829083769,73898.91994556882,-1381.4540004874186
67,0.1434475230090064,73120.15666648699,2415.6725055241563
68,0.14554528534185418,72228.06203143482,795.6393356868479
69,0.14763320610735878,71543.9327359732,741.7464643882065
70,0.14972114728432864,70980.78798925567,1474.218300728848
71,0.15181380487515775,70203.09819137176,225.52222851282906
72,0.15392114901003526,69570.43014733683,1523.9717295152357
73,0.15602147473412367,69066.21404955671,1019.4132274468275
74,0.15811617475881218,67954.86831531064,287.2644493814477
75,0.16021187122717997,67920.06896653197,1117.1748796007716
76,0.1623006419462899,67355.12180474808,310.2182625333367
77,0.1643899033199985,67132.11659958065,-856.660045382601
78,0.16648355823815117,66803.94821112054,-834.1809754155162
79,0.16857196837784735,66639.98973571013,-164.3934121276434
80,0.17066413320893647,65787.18407301659,878.8616286941813
81,0.17277086992561352,65786.77912929797,-611.775237966619
82,0.17486965460096995,64935.644465433084,926.3594224289931
83,0.17695857694944453,64435.39509529018,1337.6103999006966
84,0.17905245093155753,64858.303874457364,-404.8814494479008
85,0.18115265212612636,63683.68507870527,404.36709020203807
86,0.1832476884130739,62894.99538365295,735.3585845140492
87,0.1853312475833926,63161.1864239191,-35.77544218962247
88,0.1874284892203219,62544.43510334083,1108.6376513678756
89,0.1895337179075755,62066.783019224524,-566.8798412692623
90,0.1916268196474026,61355.37576615285,763.23566141294
91,0.1937183403446853,61375.08742121046,827.5408179404674
92,0.1958131498886989,61107.037491454736,1263.3131581045131
93,0.19790587400989662,61256.74060163888,-492.9172620019616
94,0.19999906515978938,60847.38607332739,347.4834908210168
95,0.2020893038374759,60103.8223393043,404.6021152198419
96,0.2041823192148178,60053.358512197374,43.945773616063185
97,0.2062825911013838,59453.66807430418,248.97191883906757
98,0.20837701891459662,58869.78105480614,1535.3046938426367
99,0.21046758167944032,58950.432852173646,387.3246023600892
100,0.21256678542440183,58456.41991664806,-159.11246246182836
101,0.2146619261104852,58422.71566628979,674.858074735505
102,0.21675618057220372,58223.005493195735,2495.5526276594396
103,0.2188528705899679,58450.389927971875,-805.187315567032
104,0.22094564274530842,57871.21044817977,1213.6887394621372
105,0.2230395148320731,57314.9341237292,-260.2850849264695
106,0.22513567328585352,57830.35418084633,-672.2956152982122
107,0.22722785048644015,57474.23604400332,282.6569181867104
108,0.22931975112872324,57357.60669416353,737.6638222793662
109,0.23141147723465103,56955.092018765026,822.3203027358788
110,0.23350584674782457,56762.334612968814,1713.3096169690596
111,0.23560416522029054,56207.23021696669,618.4121229870548
112,0.2377006336558307,56328.43459069689,629.2621568163521
113,0.23979727503904752,55772.896498320944,527.8073001421146
114,0.2418944602532704,56044.93649157152,1945.0866113008449
115,0.2439884227569783,55655.159568243056,-299.23954443062087
116,0.24608359968283072,55510.71595471656,21.741400819948616
117,0.24817552807053123,55484.60366331164,-826.1407067345388
118,0.25026237006475704,55233.91895676065,587.553566883301
119,0.25235861551053484,55562.67047624478,371.4071943121638
120,0.25445470778669854,54864.91644715674,69.07090897885315
121,0.2565487653287422,54501.785657603854,1242.2806078648555
122,0.2586464955058471,54526.699812620216,760.4881593769751
123,0.2607443047329862,54592.489414310316,734.0663333241095
124,0.26284383121734134,54550.27394022411,233.99969541908027
125,0.264929885565984,54130.38769099552,1198.749100688665
126,0.2670163698864118,54022.16949561341,126.19094402366416
127,0.269112135390912,54026.58758756198,479.31823264929716
128,0.27120764961246213,53716.03997545474,-245.788826163714
129,0.27330509996536784,53703.09885851884,1537.899987912773
130,0.27539842121309294,53898.21627641913,-581.3476199504225
131,0.27749656900268016,53167.21437368674,783.1374453601724
132,0.27959864364035925,53553.95530802396,242.52224369010275
133,0.2816878213234348,53433.45240598288,265.8291036711913
134,0.28377609558542155,53051.92043864157,131.99663751695695
135,0.2858732754634003,53063.93509363932,-65.91171009802777
136,0.28796861590208045,52565.45935374761,695.4763585501399
137,0.2900612915162532,52711.05336497176,738.748115846118
138,0.2921547032025089,52817.343604888774,376.1442894031776
139,0.2942501291133245,52872.438170905945,-115.09115923723894
140,0.2963444256131289,52516.11558878621,747.6332182608434
141,0.2984361415704375,52545.10726748603,-123.74919578848301
142,0.3005318840555698,52457.68715686526,303.74896361861573
143,0.30262777760316095,52302.31526412863,1854.115081453598
144,0.3047248035439954,52276.158988871146,147.7481541790239
145,0.3068210272572538,52571.19657778625,-87.01081642040245
146,0.3089144805088237,51856.25392109483,266.3634678334063
147,0.31101080657849756,51930.234453149285,598.3297779260073
148,0.31310885951912926,51989.117971117164,943.4477516508439
149,0.3151991603466065,51831.05498050472,-106.68811065090738
150,0.317288667284839,51860.56622222311,532.9142066290351
151,0.31938044185106124,51763.04140922576,294.97874045589043
152,0.3214783648369702,51598.72859720463,-50.253453262577565
153,0.3235785211189416,51505.85676705712,-543.2762597580468
154,0.32566935894833426,51505.647732409496,1121.545248678093
155,0.32776077751211374,51584.22044671796,-504.28014186828835
156,0.3298523230655558,51451.27807741794,-200.62229920400645
157,0.3319485433973702,51478.64569132684,33.602229891895824
158,0.33404540358127904,51359.84901616279,660.061054044711
159,0.33613494177837844,51239.41528121036,-176.32921478535852
160,0.3382313832787478,51299.827522160595,579.4404395226951
161,0.3403308518124324,51125.81150421687,-153.42571603085753
162,0.3424246601457981,51057.95215495746,713.973461334222
163,0.3445197272986724,51058.23359721246,-157.56050152244723
164,0.3466158524641983,51018.01976704119,-320.09542248406547
165,0.3487089916477683,50880.04564460486,515.8023203253066
166,0.35080114560367615,50801.08477805008,333.1143127289901
167,0.35289356821720286,50895.803540067354,-62.25620051391838
168,0.3549881110219297,50579.79573525215,626.8674930692366
169,0.35708559248027844,50951.77606506156,552.4920387875555
170,0.3591813496003593,50780.43996892267,655.2336753082636
171,0.3612749400626811,50587.19002417349,48.16367262910578
172,0.3633693413142722,50745.38323381524,284.4838516419551
173,0.3654632219855477,50632.30646738151,268.6737856319921
174,0.3675603773529471,50541.55806590616,532.6731978224913
175,0.36965434919829326,50560.91114831306,487.2922642038083
176,0.3717418094879197,50444.471196159255,54.36058454818931
177,0.37383404253825586,50400.00954388368,1113.1148595557468
178,0.3759308579415973,50741.31638584533,405.64053283989404
179,0.37802985088946095,50331.322290122545,93.12537427063228
180,0.3801213498834686,50479.914604829435,-368.4180975659299
181,0.38221306010699313,50301.52191058041,232.02842850687819
182,0.3843141376638833,50052.874659065485,-471.0895706225153
183,0.3864096355836929,50329.04024822684,624.6680762899049
184,0.388502907295756,50444.77542070416,133.96368321238083
185,0.39059769208540335,50557.46232365049,714.2471215974634
186,0.3926958121232196,50457.569677145126,513.9703550696689
187,0.39478921808384226,50374.25829394244,180.37332902435895
188,0.39687821409975554,50415.46749984368,382.58537609982653
189,0.39897073627813356,50383.6758336027,185.04040170724977
190,0.401067192451382,50321.69326568418,-297.4956374256831
191,0.40316228148056854,50173.17615727859,552.3770104446326
192,0.4052546340249366,50252.06077493021,266.201263164828
193,0.4073499183903822,50275.9825788938,665.170328170494
194,0.4094468722071623,50311.5014758748,256.5066955821323
195,0.41154432885897757,50434.06117946896,182.69110559118135
196,0.41363408239228544,50254.40328342803,475.33381458199716
197,0.41572494638156243,50443.96188026017,-114.878744530545
198,0.41782181997781404,50213.6615004495,65.62847549576396
199,0.4199166506307261,50064.877429900036,289.41590456600665
200,0.4220107143757513,50315.87237543095,336.9719413884524
201,0.42410542949066876,50091.63140545617,335.66003531412036
202,0.4262013850195404,50387.71264414986,-34.55986964237057
203,0.4282955296445312,50308.23864255818,671.7331820013975
204,0.430391806688861,50281.276768350384,178.54027002778832
205,0.432488575457924,50527.19347709249,525.2946505650327
206,0.4345806090039814,50259.47780366824,306.4491170047417
207,0.43667244097425384,50177.30983169719,540.6838115069681
208,0.4387671492209622,50411.89788839906,334.1425170742061
209,0.4408622534544343,50214.95644848652,-104.96767148673482
210,0.44295516415095815,50381.35802580698,89.55032376727623
211,0.4450482683181851,50176.03424960375,827.2891935505929
212,0.44714683875742495,50186.982684649614,554.7759863888778
213,0.44924362280569813,50310.24212766939,510.4175111453609
214,0.4513338633316258,50364.997855747315,441.9715190958566
215,0.45342753643259276,50244.70335357965,195.50475663413843
216,0.45552189548586586,50408.27845513942,-129.2118670420631
217,0.45761716616081083,50384.873549782234,253.832774984304
218,0.4597117909764672,50346.51177993992,868.0600352504814
219,0.4618031890496857,50290.27906470134,152.56377871724717
220,0.4638995470730997,50361.14644421922,21.513414143160187
221,0.4659948171464902,50336.86743072427,391.5831988224346
222,0.46808929446972725,50548.383599353256,210.30855906023223
223,0.47018492649495636,50422.353505226616,-218.90949200102725
224,0.4722792778491551,50504.798426900634,340.3867014766725
225,0.47437272572904565,50682.1318761932,179.44353937738398
226,0.47646593372141327,50592.492617666285,101.14518410598068
227,0.47856230727426236,50608.80523132316,94.10449021564624
228,0.48065904058976644,50534.06037765534,61.919880439394106
229,0.4827512226177774,50425.95554289534,697.7589908961369
230,0.4848441163240575,50601.247816083014,196.21240738629066
231,0.4869397730506266,50575.1349389786,-94.01641861706526
232,0.48903678813400875,50533.934389559465,292.40832259539627
233,0.49113096964965397,50521.46492147109,266.32534812805244
234,0.49322332174786626,50531.349845965015,1087.9621199322712
235,0.4953187148676145,50794.00158232733,335.216182384374
236,0.49741120358770496,50708.93387183435,244.28283022064164
237,0.49950082345999325,50875.687334339484,202.99590373142684
238,0.5015952506837275,50803.84980278241,-1.5811918315835778
239,0.5036919972981919,50763.884531813375,-65.76851815065335
240,0.5057872116617207,50910.42251390532,104.78473112497038
241,0.5078828569897101,50848.21198460631,305.5760458995729
242,0.5099793452386306,51023.0035584911,763.6654586100096
243,0.5120767256379639,50959.206932760535,-62.95247842480002
244,0.5141702395931294,50978.96428391151,138.69205379009873
245,0.51626132102766,51001.14259497192,484.71292913467244
246,0.5183576899265504,50969.16577027931,108.0504215820772
247,0.5204524416424112,51026.033811291294,178.68177512142105
248,0.5225430403510469,50963.716649227434,-180.08538030361413
249,0.5246378991347941,51055.40505017989,157.9763915288715
250,0.5267345150769579,51194.34093220162,451.94003692789926
251,0.5288284644781793,51251.04031047,497.74159661815025
252,0.5309200047543352,51175.7741165022,439.12574822391866
253,0.5330154787982235,51320.927314791224,112.1068287997894
254,0.5351140455458262,51235.84251977032,476.89107697577356
255,0.5372066203065362,51285.11873515359,305.71666404666166
256,0.5392991990272246,51424.7687342913,-146.6558134773644
257,0.5413944118270408,51333.29261356736,176.5174890792605
258,0.5434881995106379,51480.894839100096,627.9923164243602
259,0.5455829952492127,51465.760372484896,12.418502057176257
260,0.5476769745662954,51518.18289385276,591.0362903905519
261,0.5497697255495043,51648.12200826261,373.2911978168551
262,0.5518645446467839,51716.041658276255,-5.845996803278661
263,0.5539598571350287,51697.384272143696,457.8483119861107
264,0.5560564538950566,51746.0624427512,404.36966540617004
265,0.5581500505101624,51700.898984948486,997.1161362066196
266,0.5602409063261653,51826.398034181846,224.38585917312895
267,0.5623379637803174,52055.55806734148,-153.43962535550688
268,0.5644363283026402,51931.25811273774,45.86239463884662
269,0.5665273824761494,51856.04140611877,89.28976693298324
270,0.568621249018378,51939.88488468286,317.07381697166454
271,0.5707181447612965,51981.322511616156,257.98712638159446
272,0.5728127938597997,52096.347325100374,146.16881545270854
273,0.5749070881546879,52034.90028527002,379.09733301958045
274,0.5769991470923068,52128.23692971635,657.6983321789088
275,0.5790956911760897,52158.36674782049,382.688436907456
276,0.5811893306261757,52355.50796712763,388.57928833739993
277,0.5832802267374103,52321.07356154362,203.54523628731548
278,0.5853761830306536,52393.179428054136,233.84812273134122
279,0.5874711784415975,52309.448845658815,388.8408990031927
280,0.5895653958899879,52473.360928325135,109.38969438001058
281,0.591659786459685,52461.86634355291,260.62312671948064
282,0.5937551851921442,52559.87066054066,321.343641381839
283,0.5958498092767481,52586.26393436415,527.9321902589023
284,0.5979447066705442,52663.749951255544,521.971094942561
285,0.6000383505174957,52785.05543292023,307.9013758985279
286,0.6021313016181767,52782.523770011656,327.817993386495
287,0.6042246965556944,52752.810327626,540.794650576904
288,0.6063189733697846,52932.3267051803,105.69448132045856
289,0.6084147213727373,53026.79632308237,725.6889574659205
290,0.6105090855473989,52983.198118689856,133.0101088984346
291,0.6126037649785722,52970.873256404164,185.31174683774853
292,0.6147002391370655,53294.29292050611,525.0129776414719
293,0.616794938930829,53137.54118896342,563.4790608279266
294,0.6188886865784012,53254.05284992863,-267.29435064710555
295,0.6209825762252046,53241.326910065494,11.005594721232917
296,0.6230764414889526,53350.43754560659,515.7053946262785
297,0.6251725389343245,53512.03307033866,630.4931395498241
298,0.627266923011265,53552.0258150576,39.31309381258809
299,0.6293596211388142,53845.095924907706,398.88803116648955
300,0.6314513250607457,53728.45280645841,396.7182097561021
301,0.6335475720513941,53831.089081888764,508.0554195165386
302,0.6356444982495617,53886.202589795656,418.4962386405566
303,0.6377358562255245,53858.05359765628,393.3640949866259
304,0.6398302949107263,53676.25500572444,283.0330316801428
305,0.6419256185614247,53933.97718941452,170.90074539357985
306,0.6440214843206593,54007.12782009902,444.1903617879079
307,0.6461142033434962,54236.84055004706,435.67929081210167
308,0.6482061138478032,54233.347850986116,196.28985764094102
309,0.6503020867345045,54349.53740966696,624.1066923148879
310,0.652398185537932,54304.42333404231,282.25970765704375
311,0.6544932048530038,54510.37388903201,456.21409432694844
312,0.6565867871776386,54508.89055166427,714.9833176825896
313,0.6586827890115348,54718.23289835549,435.845212740779
314,0.6607793300725506,54639.3877496058,537.5125212583044
315,0.6628724964198541,54708.77407310098,505.4825395948353
316,0.6649654402217313,54737.50350868437,412.29263255193086
317,0.667059865407609,54854.24348786695,526.8502034726487
318,0.6691532523078332,55021.29711007094,392.70340055837977
319,0.6712457992597233,54927.18069924995,156.57845261669263
320,0.6733390782258323,55178.49299551054,401.913457583246
321,0.6754367503383576,55253.19307950262,469.9005933912327
322,0.6775335143160066,55165.57287870932,646.0248366087019
323,0.679624621064033,55428.6514670475,421.96141658962534
324,0.6817180292738917,55433.890197246685,107.88959766572101
325,0.6838149015047629,55528.91246656052,570.0557905594376
326,0.6859101434268815,55491.60754226784,396.45273795425345
327,0.6880046468184081,55620.93043682993,781.8324734390449
328,0.6900999637264865,55638.75829151945,315.99671086580065
329,0.6921965733216279,55869.30302181778,537.9740902697267
330,0.6942884945981568,55988.03058632125,379.8377446570481
331,0.6963781649531228,55933.83673474887,581.7022960968877
332,0.6984747371200234,56124.74935399308,342.4650569344706
333,0.7005690388882679,56134.71931032459,882.4956821065284
334,0.7026621579778546,56193.888061412465,228.31800319827155
335,0.704757268847954,56254.60053628848,406.4421321280544
336,0.7068509057629639,56447.49525586196,152.8168609664945
337,0.708945644402387,56354.957840125855,555.6109479769393
338,0.7110406815970572,56529.22609907218,770.3055932318786
339,0.7131372373036142,56686.63037530663,301.07248181220905
340,0.7152323589250973,56837.97236337651,236.43162121615612
341,0.7173245162021571,56808.56071595274,608.5057765743786
342,0.7194199711852413,56885.36427144558,239.74935339456835
343,0.7215151322330351,57056.170557867496,197.95989704816415
344,0.7236102334592447,57054.33352519876,480.5603340683514
345,0.7257047129497166,57067.79428922851,618.3388072690906
346,0.7277958825256088,57325.43081474721,338.54313333915144
347,0.7298900912292255,57371.94962700472,359.6082697643333
348,0.7319867159780691,57496.54429276645,408.92317934761826
349,0.7340808521059053,57457.70514189383,321.766176745707
350,0.7361738853270124,57666.014895230066,463.8313447167775
351,0.7382682123604443,57832.18633600557,651.765645945485
352,0.7403641944498084,57745.75220097423,623.8411395941632
353,0.7424576311971561,57858.59585393211,450.53035061037406
354,0.7445523870480827,57993.00556501186,630.5952723360446
355,0.7466478284648128,58153.78879518761,442.7595285680774
356,0.7487413917548734,58194.4292380734,706.619388605253
357,0.7508354594737505,58340.88082591726,520.2983647404524
358,0.7529278056847568,58488.45747110074,428.6362652874386
359,0.7550230257904859,58499.79910040869,820.0625148917743
360,0.7571167923480437,58641.52270137657,460.2083230135278
361,0.7592113317151179,58637.38081594749,163.5979272214259
362,0.7613074731933067,58778.82692150549,683.2357408238498
363,0.7634009581307508,58907.59292228082,479.8897626447325
364,0.7654969266569684,59032.753918964954,694.4326312407402
365,0.7675905899780763,59238.57223811504,740.2124358142529
366,0.7696837880547684,59172.31615077925,701.9788256412321
367,0.7717795008463626,59240.205644356225,510.2809676681564
368,0.7738757788346248,59295.49974836652,494.96518584834155
369,0.7759706260990727,59581.08801765838,467.10586375157357
370,0.7780620795267656,59607.70493702166,326.8215794988829
371,0.7801559906208961,59733.656266327846,386.45921657468296
372,0.7822523136569128,59930.47087490275,567.4992240764964
373,0.7843481481853999,60002.03678265393,551.9442696363471
374,0.7864425511046899,60232.173899684465,218.6864392935755
375,0.7885343495966205,60158.07889216807,295.4741881024185
376,0.7906286372458883,60271.4715247516,275.6500202032072
377,0.7927244345313397,60440.26370608934,704.8018214444785
378,0.794818005513127,60547.27405900115,299.18450461592306
379,0.7969121491149282,60607.921789187654,655.5941344764367
380,0.7990047112993173,60749.301772688654,339.3532215628595
381,0.8010984966914405,60947.77213835999,410.9082749702824
382,0.8031950165575023,60926.8190304841,632.5792234457408
383,0.8052905677217739,61117.69024474346,265.8116118127828
384,0.8073868841230295,61219.93062429687,309.17594836312395
385,0.8094800557409162,61464.45058655796,882.344070042106
386,0.8115724907946299,61534.73306380252,19.687207769051945
387,0.8136674854006812,61655.98090589927,664.6312817375124
388,0.8157633267681768,61676.59518091713,558.644478534222
389,0.8178572815764139,61859.19545157738,719.2943566412122
390,0.8199509017046862,62038.97967776127,175.0916489315504
391,0.8220464110750062,62046.28107687045,162.39115360803447
392,0.8241406544737637,62123.63672212745,391.4774750720332
393,0.8262328397247414,62262.789874009104,680.1453756997637
394,0.8283269471334518,62443.738137220505,569.3508669556569
395,0.8304231064697798,62524.38306119142,-21.708787598988962
396,0.8325161683796762,62573.60428056311,525.5096903042397
397,0.8346105557242035,62853.71609251068,523.2357094851386
398,0.8367059794413102,62880.896993079325,461.7717346295497
399,0.8388002445604258,63199.21170743824,641.45302549196
400,0.8408960756111226,63145.920839922685,443.70012179201007
401,0.8429905652842218,63322.77962961302,372.0738482659735
402,0.84508401313589,63430.36437838156,622.4921055225842
403,0.8471791713809247,63614.586238818825,390.833828208207
404,0.8492743362825239,63730.23760804397,997.6040704561242
405,0.8513668888602299,63819.95918595322,779.8838407086727
406,0.8534589296280589,63864.614479749565,387.0094232446751
407,0.8555558405338324,64146.947082652405,728.0141461149625
408,0.8576516874123633,64235.619627156186,502.37418204495464
409,0.859744590599333,64252.48786776734,604.0296807012218
410,0.8618400547669827,64496.81107348604,373.47913569682817
411,0.8639350434441438,64683.45549168988,806.0738681451725
412,0.8660280248974203,64833.71292301,832.8076996390815
413,0.8681201347325478,65023.767533660975,848.4318310079839
414,0.8702157283801463,65089.12900612544,503.1480713484138
415,0.872310621353091,65348.38514926211,603.6101352512916
416,0.8744020359703552,65331.17435557261,1279.3800782751296
417,0.8764972088477568,65498.65216338175,453.5279685407345
418,0.878592835994214,65715.01769260284,634.657739424337
419,0.8806870131084201,65743.00265261772,813.3190752481613
420,0.8827812802431019,65864.53697747613,554.6832036115691
421,0.884877279658285,66070.04961118665,407.9081602067507
422,0.8869730004154345,66123.24937074486,650.2987488303878
423,0.8890661750433553,66445.17233470622,682.1632011545458
424,0.891161435679344,66381.72185233486,696.3096185285284
425,0.8932577960179496,66716.228415253,495.6291828037834
426,0.8953527392107627,66856.36520669141,566.9036315702064
427,0.8974462460666859,66872.29444690466,921.6208519681527
428,0.899539340962409,67022.20292685696,317.0329439339905
429,0.9016318169027592,67184.75891937749,597.708551002936
430,0.9037252249745606,67423.39165309316,664.411601228579
431,0.9058199443223193,67578.45148604218,973.9137287920089
432,0.907915243986348,67729.80389326686,1061.156653703261
433,0.9100128049501981,67828.68430803982,798.4654535880995
434,0.9121059966002629,67917.82781119026,592.4396874244908
435,0.9141972861830797,68135.57560430338,530.2719876159254
436,0.9162932496702593,68311.08569045964,767.1367936236644
437,0.9183878012752863,68291.7519536964,791.7882457657131
438,0.9204823185419505,68554.44842150019,678.9316122233881
439,0.9225773629784582,68765.60898884066,726.9243333487426
440,0.9246718174739146,68960.11950725348,992.1444060593838
441,0.926766211900197,69054.7204098104,790.0340339185947
442,0.9288591582540804,69258.02509084016,725.0446243965386
443,0.9309526610700547,69257.44655910433,961.8274979344433
444,0.9330479303067369,69534.77125821967,1051.43828976579
445,0.9351433527997749,69730.17879938723,847.0081870189548
446,0.9372383527365933,69901.04110770304,728.4508972135294
447,0.939329757499591,69953.01548839798,1149.1892108224365
448,0.9414230571985791,70146.92992626042,754.0912013378726
449,0.9435210054806012,70436.26746967499,914.1952951999559
450,0.9456162503172072,70562.43875409773,1193.9059313829844
451,0.9477100092887099,70795.43076002227,787.2092937184142
452,0.9498046323041349,70874.39763343951,737.9143895464987
453,0.9518991548408083,71168.60770569147,958.5208357482356
454,0.9539929332702277,71137.46140152052,734.9576355763171
455,0.9560874898052096,71357.39413432007,274.40742787942946
456,0.9581824530689178,71565.04662182923,553.7921439974738
457,0.9602770371571748,71744.7615445323,849.4857682163699
458,0.9623710723241273,71841.79664863447,763.2248153040352
459,0.9644648349083941,72151.44695943562,847.5152495209726
460,0.966557887379011,72243.98408267864,575.6461482491648
461,0.9686513195291268,72444.96482836784,1092.459406469327
462,0.9707470393683869,72748.28085297832,1111.0885763149276
463,0.9728419987888902,72847.73597598355,955.067608424986
464,0.9749363451418961,72944.73712031715,956.8763290225239
465,0.9770319720978949,73158.52942771003,798.7562259597343
466,0.9791260608689247,73304.6218448764,936.5669189841213
467,0.981219993418123,73418.50915559758,932.5857619302403
468,0.9833154848012966,73743.00563208915,1163.467994939205
469,0.985409217900734,73807.47520638042,724.2969682723538
470,0.9875034929558208,74095.23779210387,1181.9836994597201
471,0.989598845059814,74173.79458828297,1097.3163485838943
472,0.9916925524589582,74503.14157761194,1104.1120296941967
473,0.9937866222530743,74593.87632597632,1206.229284748683
474,0.9958822538585521,74932.30912041347,1053.2239563789105
475,0.9979763461234663,75023.45646022042,1132.1541982011352
476,1.0000687382803208,75226.44469740715,1158.4709958927047
477,1.0021620574674717,75296.23358659566,719.6393285543048
478,1.0042566040705312,75566.36815573367,993.2371270532799
479,1.0063510481087232,75882.73615367818,977.4273945154546
480,1.0084458017147504,75992.7675455873,779.2514895228064
481,1.0105412449330358,76161.27713574507,942.4892175123784
482,1.0126363206852906,76487.07413405071,1152.108484255117
483,1.014731689048677,76615.6624781779,1680.6957823178489
484,1.0168251811607234,76727.71824310893,881.8986093447667
485,1.0189183181794257,76939.41845328608,1309.244829400996
486,1.0210135131858313,77179.10891345644,1226.045001999109
487,1.023107899818119,77349.33569449437,687.433361125802
488,1.0252035642142994,77540.41882088783,762.609303439887
489,1.0272979326699727,77640.66785515139,1166.397346718048
490,1.0293915165160124,77882.63329598492,1379.5286533330839
491,1.0314862118776227,78113.35746455721,1410.2784743553289
492,1.0335813276438528,78383.74486913175,1018.2383368526382
493,1.0356760372494827,78623.09545594626,1302.4872262469635
494,1.0377697665518313,78856.76580282464,1398.973107478038
495,1.0398635542890804,79007.79938736839,954.4256482693437
496,1.0419580022733907,79185.42214202946,932.9929503701178
497,1.0440530837182007,79376.61046898756,1011.7733516880752
498,1.0461463909219801,79647.41332446804,1058.492695417277
499,1.048241289239942,79967.26667522851,1173.0673878450928
500,1.0503346504195201,80178.12913082207,1132.8428785193526
501,1.0524278880438542,80275.6426852892,1188.5452046627777
502,1.0545231057279465,80428.87744100983,1369.2087447544143
503,1.0566172205725972,80856.34171836276,1014.7698357477548
504,1.0587125681053644,81010.86126098092,1149.565715048599
505,1.060806974942881,81269.20643794106,1647.0143062386549
506,1.062900937291859,81495.77227712149,1076.1535690240369
507,1.0649968400029963,81631.18472063662,863.549049483243
508,1.0670917748856612,81812.18727752297,1510.4960405925997
509,1.0691837840599538,82154.40594211836,1212.9230587882616
510,1.0712784055790137,82292.29721118057,1221.0500432367633
511,1.0733741944109443,82643.35250558628,1792.115598291365
512,1.0754689143080451,82824.08834687796,1559.7321525466616
513,1.0775625935653539,82958.92401511184,882.0221275929835
514,1.079656551776009,83320.3457017614,1158.597228616013
515,1.081751759033872,83490.47668444956,1162.0017439798585
516,1.0838450038800544,83671.78834228008,1326.508372533536
517,1.0859393346043436,84021.64147451577,1226.5271392545085
518,1.0880340737032612,84141.54721069167,1514.2841574734189
519,1.0901280973397867,84352.79369099738,1586.4942585410656
520,1.0922232205093443,84716.16038653928,1292.876530894405
521,1.0943183198095006,84922.36100333581,1718.6124068312495
522,1.0964124680620808,85188.17503240072,1023.9332736517309
523,1.0985066965945804,85492.43656067288,1630.6980793813018
524,1.1006022506925348,85691.41962562059,1598.8457957896208
525,1.1026960746069068,86024.83938298718,957.8479916843409
526,1.104789420523433,86360.18402258265,1311.180655760232
527,1.1068841457204943,86413.66959467722,1693.2543597012452
528,1.1089772649904681,86739.5746688618,1594.5175700957277
529,1.1110723868790173,86903.1774625015,1448.557838853392
530,1.113168427194727,87153.29445675795,1816.8875337821505
531,1.1152626776337078,87371.75614236009,2085.1887062332307
532,1.1173574051129724,87674.12170212808,1764.8001609706716
533,1.119450573697561,88036.11425491938,1880.9889116295733
534,1.1215436337779248,88274.56744752053,1901.9150010261649
535,1.1236390334415942,88526.18185140888,1893.5682646736088
536,1.1257332200225998,88836.9147086789,1833.8710885394473
537,1.1278283378211404,88952.0399539194,1741.9798495340467
538,1.1299238131648552,89213.38186934774,1431.66236760008
539,1.132017447124327,89534.7061295916,1647.1600488418617
540,1.134110650036949,89826.53613234025,2052.7954982060814
541,1.1362036259959787,90114.00395749493,1717.5410803564619
542,1.1382991427598659,90322.6166975174,1470.027252287156
543,1.1403936066737896,90613.76091165007,1958.042679747994
544,1.1424878264606209,90895.24470589973,1968.7576016087662
545,1.1445836717483504,91217.4692149866,1886.0536913819074
546,1.1466778755714095,91446.35181113092,2039.4018289572573
547,1.1487715351237628,91872.90922576841,2024.152899211
548,1.1508672245306748,92071.86108351884,1735.5596014676416
549,1.152961670034179,92293.8998675507,2260.251196890932
550,1.1550551275418117,92712.96526737076,1930.888433976576
551,1.1571500620004906,93042.26657192102,1860.4611508247888
552,1.1592451155989445,93246.6582164284,1900.8842198631967
553,1.1613401484055899,93460.15994688356,1939.1820478326165
554,1.1634328135986687,93801.57928883957,2274.3219693652773
555,1.1655280225544649,94141.97482960757,2082.2177339414384
556,1.1676232414157608,94320.5254297617,2271.8770630185945
557,1.1697157183635434,94586.33155648087,1819.4570031413664
558,1.171809765164966,94939.53153188148,2530.4251246003587
559,1.1739036754657965,95189.33690891007,2148.7854976384833
560,1.1759974618047027,95690.81466198136,2046.999265612938
561,1.1780927342002254,95868.99950031514,2131.3516892072334
562,1.1801886215978319,96187.51299073845,2064.331180366176
563,1.1822824649467334,96438.29306289612,2201.7907933692263
564,1.1843777187054296,96720.64468227731,2053.5459959987006
565,1.1864731317277017,97175.93824837879,2607.274555271512
566,1.1885662199882188,97345.65211911844,2149.4030603169927
567,1.1906603290984812,97648.64345653902,2157.3266461909034
568,1.1927560449071208,97977.68601293673,2094.831163847513
569,1.1948501301675682,98440.20554573528,2240.2374882576214
570,1.196942866326464,98628.28226216602,2172.7290253623805
571,1.1990363434731066,98898.62596148615,2453.1158289368154
572,1.2011315528209288,99266.2426217644,2524.8872254401645
573,1.2032252726398727,99718.91286042082,2301.192185431415
574,1.205319131714267,99925.21240902798,2443.2986321342487
575,1.2074143429200774,100188.86894413906,2451.5666742393178
576,1.2095073316728018,100477.08721516281,2325.7860487861003
577,1.211602159357548,101008.53337785557,2759.518579873133
578,1.2136984428310558,101272.50224003644,2644.5359350848944
579,1.2157943340364452,101521.23244633873,2906.2212945562273
580,1.217888268816351,101990.06841208569,2958.005332367554
581,1.2199821909033837,102325.25411864305,2844.3302790185885
582,1.2220779372220854,102630.5032492723,2284.00406044268
583,1.2241720630448372,102925.68089133965,2362.4240658317044
584,1.2262656486341297,103297.315424824,2582.907084048104
585,1.2283602712023978,103529.07758573719,2710.202551522118
586,1.230453847781421,104126.57576748857,2876.152062375339
587,1.2325484279288663,104393.27067214655,3015.120999722917
588,1.2346427330328844,104793.92361100977,2492.1434273644577
589,1.2367368340043534,104947.7744101128,3127.1046015495895
590,1.2388320989568682,105382.47614656702,3122.2769539428614
591,1.2409254956441091,105786.8567775317,2233.600535215396
592,1.2430201387037565,106188.2002908448,3316.461525415844
593,1.2451147141570293,106446.59553929715,3585.6515182155117
594,1.2472087367784284,106898.78511705204,2929.7107109408576
595,1.249302614173833,107223.0803786392,2701.9455963397177
596,1.2513971052845823,107616.29118227815,2915.4184974710042
597,1.2534931066319515,107908.28312280474,3163.853891255054
598,1.2555863817711985,108307.51939046869,3377.5924496274483
599,1.257678969059161,108632.40309065647,2976.8954678371156
600,1.2597748382104277,108973.73928645176,2995.7610386238493
601,1.2618698898493887,109305.39555656076,3446.8299832433117
602,1.2639640740660565,109747.0101314259,3293.8338108830094
603,1.266059176034634,110110.62698167359,3281.602750981554
604,1.26815329738596,110521.54456251969,3283.954714397383
605,1.2702469827768745,110958.72833080274,3626.502997418774
606,1.272341439773769,111273.1224947173,3571.6641819462934
607,1.2744361591580655,111564.11943344714,3563.397044117457
608,1.2765301570381213,112164.26390029905,3128.27493400339
609,1.2786243195908502,112495.8636800857,3264.185013564524
610,1.2807201779848052,112675.25263310305,3696.6463103639194
611,1.2828149770647865,113167.69129230527,2959.5806716391144
612,1.28490831046805,113659.26708348806,3412.980975245896
613,1.2870024746125797,114068.03279058059,4228.469398675248
614,1.2890960788179595,114422.88480619254,3773.41675184432
615,1.2911903407610128,115007.26022036247,4023.6915486619323
616,1.2932847299377603,115309.42994225012,3522.6739454739536
617,1.295379834193548,115618.44850258714,3853.503977249739
618,1.2974743412448833,116149.12239715322,3860.0924235436064
619,1.299568838606027,116546.18117263152,3860.1015127530372
620,1.3016640567270552,116860.32421828625,3351.3569141340954
621,1.3037578272673165,117356.3766141094,4249.52358212162
622,1.3058518980796576,117659.11480503288,4034.1434078133493
623,1.3079469520711469,118334.06352599578,4168.251306052137
624,1.3100414674631762,118527.78401965827,4545.088791347677
625,1.3121343419146885,119155.69423455361,4067.84267931757
626,1.3142291157646366,119508.7351156024,4048.1708427232998
627,1.3163249547628966,119916.06790230927,3984.4191746575448
628,1.3184204308819243,120344.65596216267,4667.35742673691
629,1.320514045081714,120802.89274182757,4266.39910095984
630,1.322607731116918,121293.30848364884,4800.078560466484
631,1.3247030067977636,121748.15952115587,4683.060808616114
632,1.3267964975071294,121997.08331210456,4413.712402227683
633,1.3288900457896358,122580.32048764685,4178.210751694619
634,1.3309846323229146,122921.417885946,4531.25005912707
635,1.3330795391690438,123483.61111248487,4550.417006976125
636,1.335173949560825,123923.81275644101,4820.48278440241
637,1.3372672428845813,124484.08559121664,4888.434963091497
638,1.3393616502777206,124892.62833073032,4096.100897601714
639,1.3414564546808454,125393.29696470535,4645.710798138046
640,1.3435497634465539,125894.64573907657,4941.578042643013
641,1.3456439095281743,126412.60304066108,4996.937153302729
642,1.3477398961804745,126748.06091432762,5046.672991509326
643,1.3498356331361778,127202.86983854679,4721.343653013962
644,1.3519291222201564,127688.79417319401,5233.9276340577935
645,1.3540221824451044,128037.84755441577,4931.089967775772
646,1.3561174165883387,128613.14400079286,5164.332953774659
647,1.3582118000666776,129266.46058947532,5294.447809849635
648,1.360305548489477,129792.4343877858,5190.744409836282
649,1.3624016471705516,130067.600688396,5282.669952364944
650,1.364496581524498,130725.20162455758,5627.95255216907
651,1.366589927521404,131258.04136252732,5558.42824562642
652,1.3686839345616666,131683.81310796825,6041.179712825716
653,1.3707785136744248,132147.7714171092,5914.425008510457
654,1.3728736781569988,132617.66598487506,5533.463192990558
655,1.3749673745335222,133234.73797500876,5730.696445435018
656,1.3770602631292597,133703.92206177168,5634.5976924392
657,1.379155717578164,134321.04426734487,5901.690332715039
658,1.3812508039107998,134765.1309041063,6039.591363906906
659,1.3833453325862841,135326.4224170801,6185.076773097148
660,1.3854396647384786,135821.20912583722,5938.11785386928
661,1.387533616953471,136464.91870592142,5970.6837207411745
662,1.389628935147901,136672.45931462545,6277.458173349428
663,1.3917230672721894,137355.21179616847,6399.392254395966
664,1.3938172778813163,137992.99869068386,6142.774477076201
665,1.3959128506087028,138326.81504332653,6500.01859686865
666,1.3980069894682674,139022.62263483743,6564.218757081934
667,1.400100032768225,139560.42416975496,6674.23164336356
668,1.4021942273095422,140037.45151940943,6102.168388818996
669,1.4042879724639459,140637.14163238386,6763.736325485534
670,1.4063822250727482,141170.7987878073,7033.597934781501
671,1.4084777998796327,141739.90732119614,6433.209079362144
672,1.4105725454065003,142403.17200761192,7015.817082279564
673,1.412666035757187,142979.22235095093,7021.364497978275
674,1.4147597581950535,143418.10973481493,6672.226485361688
675,1.4168552493745823,144221.32994755186,7217.155815353278
676,1.4189502707585735,144783.3750575781,7303.4594134677045
677,1.4210439871962917,145259.69610157423,6980.991041768811
678,1.4231379588066748,145684.3310788629,7057.586370658992
679,1.4252323843784174,146357.3656057419,7515.40539648206
680,1.4273263645812686,147049.70416142794,7185.753420511838
681,1.4294209343777806,147531.85862798934,7331.750737159113
682,1.4315160587565352,148281.08424155516,7541.302090354362
683,1.4336101809254245,148848.2654820223,8039.74899658826
684,1.4357047233292217,149244.92413439573,7500.385288375507
685,1.4377991034950037,150019.31414625456,8204.322501408444
686,1.439893269172154,150595.71463625017,7561.293255323116
687,1.4419870983325702,151064.33824382047,7127.458728853846
688,1.4440820971476513,151856.02597964433,8199.89524658974
689,1.4461780146809415,152423.88549713153,8083.887202938697
690,1.4482723645441788,153225.53088952013,7858.197814034743
691,1.4503661519067539,153669.03872617707,8226.40405216154
692,1.4524608997459605,154309.5611789753,8760.278687466558
693,1.454556191478353,155037.9416990404,8731.695369702858
694,1.4566505605195028,155600.39504730725,8537.291601436475
695,1.4587435672120013,156230.49990914733,8760.067723032076
696,1.460836376274075,156979.4812020356,8736.20792172219
697,1.4629315024559504,157732.53327932142,8933.370214884717
698,1.465026115161985,158132.06926413983,8910.469057591165
699,1.4671201905708728,158874.25566350797,9181.668789875723
700,1.4692142550197365,159494.25003014173,9198.965671755333
701,1.4713085109511452,160258.63237382378,8999.283926512177
702,1.4734040883627781,160842.50492341575,9587.487782505785
703,1.4754983077923518,161477.99984676347,9605.178390750869
704,1.4775927333883283,161973.9082161463,9305.513503589307
705,1.479686516386449,163056.75859734757,9375.217066241305
706,1.4817805445745025,163548.40243957256,9731.503922100592
707,1.483876051193717,164463.60235307275,10108.371354864654
708,1.4859713583510508,164994.5014888075,10130.821743572818
709,1.4880662760111125,165684.02820521014,10012.42208832121
710,1.4901603423423662,166337.08263664445,10625.140019126653
711,1.4922546168830801,166968.29138408994,10147.502408431043
712,1.4943493508016918,167732.5827735552,9813.972243660675
713,1.4964436549031517,168629.25951014704,10549.167289658839
714,1.4985372426394363,169339.19223241086,11033.171865010965
715,1.5006303537214591,169936.76124959587,10642.016456791456
716,1.5027246941647125,170779.8761368679,10524.759356993067
717,1.5048198674391857,171612.2970706322,11247.462455723744
718,1.5069136003861163,172084.65460165305,11106.97306737572
719,1.5090076377683221,172914.3612900839,10946.49135887067
720,1.5111026723067662,173737.55887981397,11707.100986894095
721,1.5131971028762412,174464.4278061783,11775.847486874962
722,1.5152912609041667,175147.3267976864,11613.381596499206
723,1.5173854934463344,175975.9913040944,11853.094050970556
724,1.5194808793753787,176699.613984996,11965.02911249396
725,1.5215756259285513,177637.5803670173,11955.004101630588
726,1.5236695807770564,178423.4209919531,12197.460291576166
727,1.5257641081783464,179068.99158725055,11424.815381672743
728,1.5278584873608179,179971.94971988598,12022.836357759577
729,1.5299536435991428,180730.3882435356,12412.894512456545
730,1.5320476585044298,181550.4223952723,12177.10819197756
731,1.5341414384393777,182328.12243984954,12602.05362309422
732,1.536236950937659,183051.00141380067,13524.962665395211
733,1.5383317033374695,183985.2687575501,12647.865636072356
734,1.5404255753841434,184831.88978955732,13315.169546502531
735,1.5425198393431812,185674.7833839283,13045.238122632203
736,1.5446136227526486,186542.70467442766,13818.706649721316
737,1.5467072285753283,187267.89895625075,13371.923475741378
738,1.5488013111816905,188316.64765546608,12930.265820042956
739,1.550896674249749,188997.70704007917,13808.844431173455
740,1.552991701547339,189795.12200433112,13827.99595200163
741,1.5550856629518366,190799.27993066446,14318.738254973588
742,1.5571801051512508,191557.4803636897,13928.310420471504
743,1.559274417579796,192362.25197345924,14663.028067296444
744,1.5613691533539047,193255.956955386,14852.759006155055
745,1.5634631934261796,194023.15065959713,14891.504479582802
746,1.5655577892497892,195059.1120461981,14965.41314025178
747,1.5676527275763066,195848.87698364284,15212.454217187478
748,1.5697461748764228,196803.64748989232,15322.757696416971
749,1.5718402189801153,197779.2673863249,15117.586480922297
750,1.5739346218160084,198571.72642220213,14691.368558122298
751,1.5760295037244485,199497.9919575493,16005.371704362979
752,1.5781239238326052,200408.55581282327,15791.2203318794
753,1.5802176736109215,201517.28590729978,16191.780252510935
754,1.5823123941098438,202396.26223604052,16419.544324867296
755,1.5844068047546922,203371.9688095758,15784.820871312615
756,1.5864996832696292,204180.33106142725,16127.68348512561
757,1.5885944598128996,205230.44801339906,16086.75884548854
758,1.5906903325437156,206032.76920225855,17063.50482601769
759,1.592784689092666,207248.92594129997,17583.720368077622
760,1.5948796873290236,208164.3948657371,16924.561757479452
761,1.5969745597395735,209159.796812276,17491.165048076316
762,1.5990689218084002,209961.48719035176,17587.39838843202
763,1.6011633213632455,210806.83800037703,17732.866838930484
764,1.6032577776043084,212073.67564673728,17929.099334475348
765,1.6053514020964894,213166.45532567712,17961.943035217933
766,1.607445093072501,214007.95170797783,18022.237418419252
767,1.6095393086936036,215097.8312669719,15759.77332552449
768,1.6116336711357766,216028.61269286397,11528.692020010772
769,1.6137279918528686,216986.13064002502,6612.619438137343
770,1.6158221116449558,218028.3541219242,3128.622757131043
771,1.6179176229648538,218804.3415115958,-2529.687999799637
772,1.6200131612431772,219617.9914127552,-6823.941010699768
773,1.6221069236192778,220645.09769737357,-11611.126787214933
774,1.6242011307622557,221734.7509895011,-15835.603191945498
775,1.6262960841945175,222577.45272135068,-20901.001166157068
776,1.6283896203498047,223519.20843509777,-25080.457284633867
777,1.6304834947928883,224674.61508827977,-29458.75917923739
778,1.632578127710653,225772.42046579142,-33437.95130559512
779,1.6346731813158608,226691.20956474816,-38312.10541146513
780,1.636767172365261,227649.51715279318,-43214.56313110884
781,1.6388603779595408,228569.59532231351,-47759.49067625589
782,1.6409563605892468,229667.49230017886,-51815.29341372851
783,1.643050621284035,230921.79111395843,-56680.190048448196
784,1.645144102645386,231981.28063468996,-62543.81154311239
785,1.6472395726584623,232833.4291184597,-66251.05877886504
786,1.6493331318477138,233901.17216555477,-70952.44908101214
787,1.6514277435583298,235032.2261323264,-75503.66250874224
788,1.6535225655624404,236070.18382064466,-79838.8518097726
789,1.655616100487628,237144.75423617533,-84733.96764428218
790,1.6577106071833263,238354.8078636598,-89236.49961738806
791,1.6598050724476994,239483.69286739212,-93692.32734356595
792,1.6619001395524664,240367.26594919225,-99042.90874250939
793,1.6639948642035431,241557.31075662162,-103644.24980477763
794,1.6660882997554614,242520.73592652875,-107961.54896260897
795,1.6681827329415837,243880.51968873278,-112682.45773230538
796,1.6702780557373313,244774.37950140756,-117483.13065281363
797,1.6723710846745943,245862.80988703977,-121908.61829634944
798,1.6744651718920411,247277.86555576036,-127531.99399993097
799,1.6765602044792516,248442.3772682538,-131661.01696714788
800,1.6786535596079524,249578.7752987778,-136357.38231387397
801,1.6807491745425278,250807.57049869545,-141321.54462195482
802,1.6828445761171116,251876.61028899677,-146338.6380034751
803,1.6849386388007168,252869.611035267,-150477.7106156211
804,1.6870339476475265,254238.27371004908,-155169.18487211718
805,1.6891280758541645,255338.43292322432,-160922.86676931448
806,1.691221272327691,256615.89002788474,-165292.45753713412
807,1.6933141346742315,257865.38015873684,-169837.1590796817
808,1.6954090930463133,258890.18002934157,-174681.53841687916
809,1.6975047078021417,259832.88849841343,-179505.7318372822
810,1.6995991246970055,261149.87557046927,-184465.99298606062
811,1.7016934918813407,262501.68305182067,-188810.37854746735
812,1.703786903721137,263691.5554579789,-193843.4909992924
813,1.7058818292953146,264973.9947731352,-198506.61697726985
814,1.7079768740006063,266035.9116360357,-203553.9796681208
815,1.710070845319196,267514.1248991174,-208850.03849317832
816,1.7121645316176712,268659.7034953176,-213693.3185109966
817,1.7142597272321454,270207.1608701537,-218206.03668400727
818,1.7163549406546734,271535.4275211389,-223233.53386269047
819,1.7184482195940645,272746.5283977072,-228433.040141234
820,1.7205423072627637,273965.3870751333,-233731.99863521577
821,1.7226374847113666,275360.45245716005,-238493.07148945556
822,1.7247323233526113,276460.10377309733,-243581.07617356526
823,1.7268266901810085,277989.7497931307,-248413.6925666446
824,1.72892134476467,279400.66563175706,-254400.70549681946
825,1.7310153629662073,280380.7435892179,-258384.4513562163
826,1.7331087353021186,281742.2250779341,-262956.29443912813
827,1.7352028820270462,283429.1456478946,-269665.8530634547
828,1.737297419510233,284609.6711428092,-273709.55524208077
829,1.7393924268721555,286053.00804222573,-278786.04507310124
830,1.7414865202316776,287505.99351320695,-283978.8347482412
831,1.7435798385311778,288960.9334576406,-288263.8428131728
832,1.7456747741592018,290404.12656384247,-294762.54817734536
833,1.7477707733578058,291468.77044052613,-299067.742052113
834,1.7498644151299778,293005.75796116545,-304822.1954953604
835,1.7519579294274097,294401.550248483,-309820.05647021084
836,1.754052537005875,295906.92492202204,-314683.5131042114
837,1.756146014277543,297582.7547950251,-319917.5416007328
838,1.7582399685899122,298709.057014827,-326334.8859072508
839,1.760335124398212,300580.1139586318,-331326.0762802104
840,1.7624306374180432,301869.8152691807,-336812.1491590999
841,1.764524733445493,303163.81836676865,-341498.29393506894
842,1.7666195957988082,304782.64498174074,-346876.7169287927
843,1.7687146552767006,306658.7393959216,-352420.18110456615
844,1.7708085687106505,307755.20146557875,-357767.36811226804
845,1.7729026984403262,309415.5530783104,-363377.5173795387
846,1.7749968373222131,311313.876876377,-369487.7773658442
847,1.7770919795414395,312560.4823993407,-373602.60735530296
848,1.7791866891650514,314190.62108786305,-379368.46797595697
849,1.7812805740714612,315622.6505187915,-384767.00402118237
850,1.7833749145944944,317561.0116528987,-390539.0269006896
851,1.7854698174814119,318590.4421200622,-395620.65010551293
852,1.7875649050000997,320462.54740583163,-402047.36658461444
853,1.7896586091751823,322319.4428051879,-407471.4485727586
854,1.7917528105223397,323766.07657235477,-413103.61106801126
855,1.7938472619734778,325322.91327400267,-418183.442674973
856,1.7959410333998334,326795.70417200425,-423952.58392313175
857,1.7980353139963554,328648.1438689647,-429086.9663877438
858,1.8001292949050451,330279.7329463207,-435669.1847153483
859,1.8022240144636215,331789.18914166704,-440381.6458649448
860,1.8043180357006787,333535.67315641,-446939.16078414465
861,1.8064120149556366,335110.86110808834,-451928.4362130051
862,1.808507216693214,336825.4942037201,-458316.6120316013
863,1.8106012235056632,339074.1744625745,-464092.7395239068
864,1.8126961076333348,340554.41640287894,-469434.35931432014
865,1.8147906359659112,342137.75916668423,-476031.04144798586
866,1.816885013662702,344232.2311703207,-481440.6258519626
867,1.8189799788179999,345921.30774264433,-488033.69925933256
868,1.8210733357472892,347741.3033712007,-493986.9629896584
869,1.8231675363973032,349474.4661191814,-499371.2903125435
870,1.8252628639859947,351340.5466007756,-505674.2047925753
871,1.8273578690890415,352933.6372979017,-511175.5849295506
872,1.8294529153678178,355023.71822460537,-518184.55318358686
873,1.8315468366202061,356936.9223777524,-523797.77105416165
874,1.8336403420201965,358690.9634434137,-529163.9801172985
875,1.8357342642631629,360328.61033851607,-535739.4590515574
876,1.837828606636473,362392.258185196,-541756.9416372147
877,1.8399232687279,363869.75959885836,-548380.8336429776
878,1.8420169361094605,365954.7276783706,-554338.6396379845
879,1.8441103454239045,367580.4210092255,-559579.0012100601
880,1.8462047113551943,369811.9609081232,-567138.2146044532
881,1.848300337583767,371933.4451673151,-573701.4494022923
882,1.850395118058644,373941.1305911953,-579159.1063732087
883,1.8524895015648957,375898.5330414713,-585350.9152251872
884,1.85458435317291,377770.17006123805,-593331.6587580737
885,1.8566786691854407,379765.07275494316,-599269.8421517918
886,1.8587722962005393,381906.2893045638,-605125.6461242238
887,1.8608667292143481,384037.41402598587,-612413.8943598175
888,1.8629623979972338,385861.5429188852,-619082.4746943192
889,1.8650575007618033,387728.0123066961,-624613.5212764851
890,1.8671515757398978,390124.5422156333,-632610.9365316535
891,1.86924567270883,391885.7929283342,-637395.8382840073
892,1.8713402290883943,394018.5101731217,-644993.8326316241
893,1.8734333441485889,396382.4571956217,-652757.3304433569
894,1.8755274569663687,398298.204469868,-658266.1305513302
895,1.8776226584010878,400367.7556077904,-665012.799681278
896,1.8797156234954413,402607.76934192557,-672145.721131108
897,1.8818097674713492,404644.3979869991,-677801.7710804007
898,1.8839051205157094,407098.9659596039,-685410.2898793034
899,1.886000042933448,409141.6852912585,-692247.8572815827
900,1.8880949075451439,411402.28323224396,-699149.4897107185
901,1.8901881584759161,413542.4690659161,-705782.61394672
902,1.892283217936019,415811.12600945163,-713702.585446868
903,1.8943782680554568,417744.86459190166,-720541.1681444718
904,1.8964720473710392,420691.8672854805,-728301.185155092
905,1.8985668668489433,422790.0463246593,-735131.1278025516
906,1.9006612809862096,424665.2118483599,-741303.4386345879
907,1.902755719587151,427313.5608844127,-748634.0103822211
908,1.904849757588545,429817.4712153188,-756449.0100472929
909,1.9069430754605277,431405.23051584227,-762516.07875627
910,1.9090378340013505,433797.61053445056,-770511.0301978224
911,1.9111324914183263,436403.1136601793,-778287.9373964812
912,1.913226965923519,439038.4985726944,-785300.0036629321
913,1.915321381331026,441272.61307356507,-793212.8002680168
914,1.9174162748437817,444115.74236178386,-800810.0538268507
915,1.91951096404297,446395.46841058065,-808655.6993077834
916,1.9216039358616672,449335.27653367317,-816476.6829797928
917,1.9236986253914137,451553.47009926476,-823388.3293733901
918,1.9257933066276691,453516.11730772053,-830701.176296331
919,1.9278873651498682,455988.35632816044,-838522.824382095
920,1.9299807661659822,458513.2963729287,-845712.2443007668
921,1.9320760482648573,461392.6588280906,-856548.539670245
922,1.934171767524072,463319.0303758153,-860623.4267508793
923,1.9362651059315399,466598.6930273636,-870336.1761136564
924,1.938359138419254,469185.1298079947,-877984.5736139143
925,1.9404538735984294,472224.03816388326,-887931.413675176
926,1.9425479146608418,474419.1698486129,-894529.3245458306
927,1.9446418189559174,476947.9089769119,-902607.2657704942
928,1.9467371502259871,479195.1908375009,-909335.1582129564
929,1.9488329760684335,482544.1283617151,-920173.6646414935
930,1.9509268120448882,484950.83911307115,-927836.6445297734
931,1.953019609354344,487790.91414170136,-935083.034243038
932,1.9551147244404972,491158.6262536322,-944742.0238131388
933,1.957209950604826,493406.0891081347,-953218.909708757
934,1.9593041179655175,496484.736571083,-961339.3577669231
935,1.9613980124620214,498919.47223247786,-968970.7581542927
936,1.9634920823781827,501335.6650076714,-977815.0174347125
937,1.9655870316775599,503758.73524698266,-985846.3959835452
938,1.9676813106463258,507448.8197157646,-995057.3673227625
939,1.9697755380711686,510102.6702090162,-1003183.355478984
940,1.9718704076888727,512783.4651420488,-1010593.5466463953
941,1.9739643213778544,516315.4957518609,-1022126.7633444569
942,1.9760582139073395,518848.01733812416,-1030795.6991987721
943,1.9781533744008393,521989.7663287985,-1040517.3116357672
944,1.980249297656676,524948.1944061628,-1048633.4272094013
945,1.9823436902775773,527982.8436184648,-1056512.8013708482
946,1.9844363854611324,530703.396175163,-1066960.5160937586
947,1.986530057736426,534127.0658576778,-1075418.829703133
948,1.988624138262085,537277.5370125142,-1085281.4544222248
949,1.9907191302641989,540143.2880376722,-1094141.1784922564
950,1.9928140678397719,543391.1213916192,-1102822.7292497829
951,1.994908057158038,546899.0809967794,-1113952.1373471715
952,1.9970037235567513,549892.7820354459,-1123747.10312643
953,1.999098539119481,553623.6806651104,-1134580.3040770057
954,2.001191245179364,556517.1340746471,-1144218.3909489352
955,2.003285465781134,559930.2093715309,-1152668.2321540273
956,2.005380090953843,562273.9357380633,-1160390.6894739456
957,2.007473757612322,565715.6309591478,-1171944.2657109709
958,2.0095674385752345,569326.0543519282,-1180938.4281721169
959,2.0116620669227445,572755.863243814,-1193699.2805440552
960,2.0137574654124313,576442.4041814832,-1203088.4704660303
961,2.015851542299029,579538.6973959076,-1210984.3219269323
962,2.017945842236743,582954.1476741346,-1224021.0841753536
963,2.0200414078173843,585873.5347989909,-1234309.4999437088
964,2.0221364472105585,589494.811447934,-1242408.7903625115
965,2.0242304661583193,592412.4070164968,-1252516.250009128
966,2.0263241213554704,596500.6562894068,-1264671.8383632747
967,2.028418169537371,600793.650951569,-1276302.9924153325
968,2.030512126699397,603141.7167100998,-1286066.1529024716
969,2.032607257696191,606667.3058530552,-1293871.7288625655
970,2.0347026748788237,610720.6813140488,-1307051.2926282627
971,2.036797432049628,613844.1038732382,-1315723.3430719683
972,2.0388917803566513,617982.7080098223,-1328517.0519234694
973,2.0409854404727548,622298.3971349762,-1341978.3601733183
974,2.043079158497923,624528.3409355697,-1348743.9593342526
975,2.0451737042342053,629453.6794925388,-1365465.3401421139
976,2.047267957686092,633320.8638761744,-1375682.3873572166
977,2.0493625921646865,636526.4419995476,-1385147.394458032
978,2.051458159400133,640966.5899209977,-1399099.0577658042
979,2.0535521918605197,644577.5617409509,-1408033.2174576558
980,2.055645062675616,648117.8004786416,-1418766.8557032074
981,2.0577393587752955,652307.2670136774,-1433241.6916511657
982,2.059834437786395,655939.0425791915,-1443637.0143072405
983,2.061928055170489,660183.0919107543,-1456114.613969882
984,2.0640226957402352,664339.0753344109,-1469790.9189260132
985,2.066118258189404,668981.725588283,-1483329.6599036087
986,2.068213196804832,672679.9513619534,-1494171.618904192
987,2.0703072818107917,676488.1579206738,-1505822.287458892
988,2.072400931462771,681046.6000236499,-1521358.9629545668
989,2.074494103322103,684285.4482258423,-1528803.9744727379
990,2.076588647294614,688605.5695469017,-1542192.9442240715
991,2.0786837571325223,693005.502248915,-1557489.733864333
992,2.0807786951127576,696634.2761191409,-1568114.9925144578
993,2.0828733611799306,700465.0134232577,-1581099.4994934062
994,2.0849676047315464,705528.4985064897,-1593535.834512518
995,2.08706191167589,709021.7077767618,-1607816.3105130184
996,2.0891552570733616,714436.6067318375,-1621302.9406292206
997,2.0912498961643236,718805.929262703,-1635686.1676857106
998,2.0933446561638878,724020.7055073128,-1652290.1775816537
999,2.0954387435644386,727569.0628050771,-1663622.3482805393
1000,2.0975335870618825,731787.8586973147,-1677381.5761834143
1001,2.099629070349723,736562.8062612845,-1688820.4004605557
1002,2.1017228492895934,740566.3381758989,-1701123.6988707534
1003,2.1038170482062775,745852.988318368,-1717047.2097959013
1004,2.1059122372778973,750374.0303526217,-1734445.840681842
1005,2.10800554057148,756109.9664088126,-1749636.3338299755
1006,2.110098599114947,760103.2363296142,-1763700.252010386
1007,2.1121927216235163,763534.5395569041,-1775792.8808782788
1008,2.1142879182187984,769758.4279503516,-1792823.9311083735
1009,2.1163820759811065,773397.7676979931,-1806544.9614608954
1010,2.118476597123504,778136.0926065866,-1822299.3778060356
1011,2.120572077635568,782836.7839646083,-1837653.417243139
1012,2.122666143506846,787642.8473318239,-1850751.7709832175
1013,2.12475947440395,792897.2089369876,-1864182.7842024623
1014,2.1268549228070284,797746.393625142,-1881282.8421497545
1015,2.1289503858580807,803003.4974364773,-1898637.3351910869
1016,2.131043274916299,806547.5549893624,-1912398.2717244783
1017,2.1331378502136085,812021.8482294057,-1929196.5509701984
1018,2.135233020544507,818044.7406334352,-1944485.9348999718
1019,2.137327211773404,823542.2742754605,-1965566.7861794461
1020,2.1394213678417553,827343.086885929,-1978274.46761527
1021,2.1415151935265153,833659.1483459661,-1995035.3018114103
1022,2.143609686067666,838412.3228622443,-2014476.1230835614
1023,2.1457039096890913,843413.6717110246,-2029393.217092969
1024,2.1477977892281794,849002.202602575,-2046752.8846318226
1025,2.149892773795189,855175.7423249938,-2065160.925335652
1026,2.151988207011953,860163.805768861,-2082327.0207784253
1027,2.154083430042502,863911.1392527387,-2093844.0649347
1028,2.1561769020273363,870633.3793697589,-2115278.4984281724
1029,2.158269727638565,877974.9742316515,-2139984.5109661645
1030,2.1603643338266334,882655.1333325793,-2154202.879828956
1031,2.1624594611960894,887623.8131950623,-2171430.8879230325
1032,2.1645538445620423,891455.3661290634,-2184537.5050509917
1033,2.166649266160557,899361.6438563508,-2210996.5330543364
1034,2.1687438965600263,904961.1991055796,-2230099.1222363324
1035,2.1708363804402464,911163.8469580514,-2246419.054767587
1036,2.17292939543057,916071.0294029184,-2267684.8761690343
1037,2.1750246621139153,923366.3329476513,-2286325.2744269357
1038,2.1771189095943266,928497.0750496453,-2304409.068369228
1039,2.179212962470575,935392.2005999092,-2327262.33128221
1040,2.1813066434396426,940808.947630872,-2346658.412593059
1041,2.183402629792164,944483.8314917682,-2366613.031918725
1042,2.185498119455816,951929.9602227998,-2385340.7200246262
1043,2.1875916200185137,958484.1664884919,-2409711.8035397767
1044,2.189686441120868,964043.1354971378,-2427563.893966082
1045,2.191781413276182,971749.5825397199,-2454850.036532775
1046,2.193875147711239,978365.8428461837,-2478848.80920523
1047,2.1959686613130316,981676.0649331535,-2489343.1556684743
1048,2.198063923558019,989529.4823279463,-2518717.8260802883
1049,2.2001595001532226,994575.6592364777,-2537331.4641507533
1050,2.202253779153767,1003834.9520704894,-2561559.3614626
1051,2.2043460760907565,1010973.9907361148,-2590491.703785302
1052,2.206440891990371,1015641.2371879043,-2607884.4685501433
1053,2.2085356491852317,1020049.0053132613,-2629674.614115577
1054,2.2106277016542335,1027279.7295164452,-2650160.972030673
1055,2.212721958545959,1035610.9671950897,-2683484.276995351
1056,2.2148185083900422,1041032.65415041,-2703263.565906175
1057,2.216913061952383,1050422.845110905,-2731027.1365077235
1058,2.219006160150891,1055184.8757304158,-2754219.7095937724
1059,2.2211007684745443,1061689.2111263457,-2775967.278428069
1060,2.2231966067711273,1067636.6503209663,-2806768.3449644633
1061,2.2252915180225106,1075892.4004686493,-2829800.1985732433
1062,2.2273849286831946,1082137.0428422836,-2858256.028502155
1063,2.2294794057777056,1089715.1180503152,-2888268.492352682
1064,2.231574082226972,1096343.3463151075,-2903635.164978247
1065,2.2336675726385264,1103476.706661933,-2940605.337129215
1066,2.2357616690730993,1109986.9038220125,-2962735.995808649
1067,2.237857388038379,1115958.1388586173,-2989898.2466933476
1068,2.2399520699736297,1123907.2540174422,-3017492.073365643
1069,2.2420449617357057,1131952.9765780007,-3048040.8570125913
1070,2.2441391380853632,1138979.7598533833,-3087519.3647332657
1071,2.2462342793770116,1146848.0146542022,-3109819.3031977876
1072,2.248330004000319,1152216.9608759095,-3139303.788951298
1073,2.2504234986669656,1160460.625277503,-3165674.9841594216
1074,2.2525166459790467,1167766.1312060372,-3198341.669252503
1075,2.254612702557845,1173011.647542149,-3223560.3950970876
1076,2.2567074239010356,1183783.059223265,-3261739.745112763
1077,2.25879926569608,1191239.5684976692,-3297805.420793842
1078,2.2608934332232278,1196619.9986349624,-3328293.4821478096
1079,2.2629890832862967,1206388.2981912543,-3367439.382385203
1080,2.2650815906481947,1213745.1583101794,-3397587.3890080797
1081,2.26717631551426,1222531.897275267,-3440610.996146824
1082,2.2692717091510235,1228208.693921534,-3468121.6936151744
1083,2.2713660430599174,1236165.1427052268,-3505131.7662992817
1084,2.273460830916725,1246189.7240372992,-3549161.4024105035
1085,2.2755552510450507,1252049.2200191936,-3582729.46876954
1086,2.2776502981151867,1262230.4731397512,-3619740.1671155035
1087,2.2797428242388995,1270111.3633710525,-3655585.6703986567
1088,2.281836092329788,1277292.1340963736,-3686372.3645014665
1089,2.283933556285596,1285126.6341782745,-3717784.4937052354
1090,2.286028868050817,1295027.298021963,-3762524.1705738166
1091,2.2881212248812486,1301394.9157824458,-3795265.970137721
1092,2.290215014848569,1310992.746978585,-3832577.971658961
1093,2.292310229911211,1319049.7690716037,-3870475.6668866766
1094,2.2944051456334345,1327052.9779420353,-3898579.1739091077
1095,2.2964983471898495,1336410.3239247391,-3940127.611550732
1096,2.2985921024349003,1345929.5754577408,-3978325.92679894
1097,2.3006888643809247,1355125.170277599,-4015512.1223133793
1098,2.302783634096356,1362403.2780185845,-4047529.4184543886
1099,2.3048756698218886,1373526.3887626277,-4089078.163862931
1100,2.3069695720010412,1380970.825475444,-4124450.3878120957
1101,2.3090651112173397,1389881.9747414638,-4154695.85863028
1102,2.311158495429861,1399163.7643097437,-4189728.4366784254
1103,2.3132509513768182,1408469.0429560086,-4232337.628835869
1104,2.31534766594442,1417932.1951422812,-4269800.1775264
1105,2.3174438092641236,1426398.3697684344,-4307635.088449592
1106,2.3195366518474128,1435134.6319764776,-4343650.595797535
1107,2.321631141204296,1449211.283100953,-4397308.426678236
1108,2.323727832694395,1457436.3040963046,-4427508.557458765
1109,2.3258211826493147,1466770.937543898,-4461827.267501363
1110,2.3279133966950116,1477812.4051538142,-4506358.927446465
1111,2.330008120458155,1486260.953937997,-4539424.601237806
1112,2.332103956675321,1495649.2563252014,-4579102.953572078
1113,2.334197579452735,1509401.7095120195,-4631738.697803576
1114,2.336290017181209,1515548.3258273257,-4659078.795434418
1115,2.338385505091734,1526349.2368741487,-4701419.900183793
1116,2.340480189114194,1538620.6419154925,-4750600.333779709
1117,2.342573391055059,1546625.5636509843,-4782744.893100774
1118,2.344667848677038,1559149.1142188734,-4830644.186133723
1119,2.3467629878884537,1566680.586593301,-4861522.985637952
1120,2.348858220839854,1579718.303350396,-4912115.16846995
1121,2.35095250082758,1589729.3277660692,-4949022.098740169
1122,2.3530449396760944,1598610.2315175235,-4982536.425843841
1123,2.355141499104623,1610790.7552109489,-5031610.758086357
1124,2.3572378412451434,1620069.2649890927,-5067842.860778194
1125,2.3593294861259198,1636425.1833225735,-5124762.100759471
1126,2.3614224992004984,1646650.4877449656,-5172407.393161237
1127,2.363517948981548,1659478.1043032408,-5219942.260590447
1128,2.3656139136423477,1665966.5236423986,-5247368.055867022
1129,2.367706660383537,1680338.6249242504,-5294200.086256533
1130,2.3698014470222093,1687906.1569457753,-5332328.587871728
1131,2.3718977582075165,1704309.2964668926,-5391899.6702629905
1132,2.3739899214574836,1711253.512267176,-5416598.543191312
1133,2.3760825194215927,1723199.0293374574,-5466682.69740756
1134,2.378179070039863,1738150.8607138896,-5523258.329995069
1135,2.380273759058959,1752526.5624906786,-5576934.466423787
1136,2.382365673610318,1762644.465521765,-5614030.503783031
1137,2.3844604460166168,1773062.2747033709,-5653889.886115022
1138,2.3865571190304595,1783254.2652074061,-5696501.066366686
1139,2.3886520978255446,1802713.8998116443,-5769655.233601448
1140,2.3907442891236066,1809889.7534398437,-5796683.309910323
1141,2.3928386457990913,1830916.1696976873,-5871964.547635184
1142,2.394934562690242,1834732.236616015,-5891693.315574763
1143,2.397029599690107,1848701.82501945,-5942534.336109592
1144,2.3991222591305954,1864722.743406893,-6001188.459549781
1145,2.401217024080888,1875336.0382107925,-6045121.776256896
1146,2.403314513026698,1890571.1768806134,-6099594.176030554
1147,2.4054081911284184,1909745.8423533174,-6173476.009906702
1148,2.4075011183217048,1917921.3106527997,-6203029.357655804
1149,2.4095960074264258,1933713.902083894,-6262745.2261884045
1150,2.4116926326559978,1943424.6297869054,-6299438.450232482
1151,2.41378425055939,1959894.7444192076,-6356792.138561742
1152,2.415877382497087,1974165.7163733281,-6420079.934589209
1153,2.4179783678062123,1984873.2722024762,-6458081.772529852
1154,2.4200733739460714,2001263.8609273732,-6520607.649847817
1155,2.422162501290004,2018451.35401478,-6580949.75245127
1156,2.424257158180454,2034699.616375863,-6643711.459264441
1157,2.426355368807169,2041180.858692574,-6671168.935722317
1158,2.4284477900186845,2061443.4587797108,-6745312.553473077
1159,2.43053883847394,2078553.9811959802,-6804840.476451207
1160,2.4326356353293934,2098345.7835951126,-6878050.366011561
1161,2.434732612021302,2099259.116301645,-6888169.368554899
1162,2.4368252927922227,2119451.4559586025,-6960709.977698572
1163,2.43891890863681,2133354.7741840985,-7018055.932514766
1164,2.441014895314609,2154029.790318371,-7092731.55764767
1165,2.4431105244568765,2161263.395160703,-7123374.82144619
1166,2.4452031167440684,2188256.3992798137,-7215691.2047465285
1167,2.4472938786799143,2202346.4403688926,-7272873.646370543
1168,2.4493915902413868,2209155.1345889154,-7298842.372905431
1169,2.4514877943094935,2229288.995907002,-7372101.522185991
1170,2.4535774837073663,2255685.14352869,-7466385.742710784
1171,2.4556717453467782,2268659.203378165,-7521501.023725614
1172,2.457770725968573,2286327.3452751655,-7576730.469570922
1173,2.459865450868259,2297183.532994937,-7625279.905888033
1174,2.461954843714291,2312712.4492611648,-7689038.300811943
1175,2.464051305962942,2326672.5807576044,-7739365.740416912
1176,2.4661493201186655,2356037.662536611,-7838110.543196697
1177,2.468239991051035,2368852.360355689,-7893340.950975973
1178,2.4703335941159144,2384736.201299501,-7946168.257631496
1179,2.472432426226094,2399561.710541798,-8012057.909188128
1180,2.47452690434623,2425900.2612806484,-8101426.9584273165
1181,2.476615373809059,2436107.6544901445,-8141175.906103696
1182,2.478710457672189,2454059.0477665137,-8210308.8505799975
1183,2.48080966574444,2471726.275269825,-8273852.645435774
1184,2.48290090100287,2495779.336372742,-8361071.600569892
1185,2.4849923340191187,2512000.6975156725,-8421753.582472675
1186,2.4870897130294636,2533704.741397993,-8501404.431305775
1187,2.4891862386660164,2549692.2240106366,-8562893.748369694
1188,2.491278235985619,2570050.1498233858,-8629575.826999294
1189,2.4933690456944357,2587754.520946461,-8699025.37951714
1190,2.495466543397291,2608203.904480702,-8778400.652916795
1191,2.497563830960505,2623999.8008973054,-8831572.897059543
1192,2.499654519205421,2653929.1583641977,-8938316.414976725
1193,2.5017479497353943,2672050.4959732406,-9007593.120119428
1194,2.5038480054516667,2694469.9280941444,-9091891.830599843
1195,2.505943433921919,2700973.3649920407,-9112044.478241123
1196,2.5080284861327207,2733260.963404742,-9228650.464992287
1197,2.510123955773609,2755465.30148476,-9315062.146192942
1198,2.5122261646694253,2791427.167101243,-9442765.635996502
1199,2.5143177674343575,2793192.532887421,-9454450.157947108
1200,2.516405803072155,2817430.8340661433,-9536180.92955458
1201,2.5185026929964116,2842353.808869371,-9631009.551589787
1202,2.5206041831245063,2859756.096823537,-9695554.379607402
1203,2.5226964757648327,2876919.416543589,-9761052.55042038
1204,2.5247869961159406,2906114.963169717,-9869430.987670366
1205,2.5268843920051487,2927910.161948786,-9946353.646548918
1206,2.528980483597168,2931370.9266771413,-9965307.93536023
1207,2.5310684597394695,2964774.600452175,-10079747.172100319
1208,2.533161718042206,2994567.0025392184,-10187970.049479436
1209,2.53526488574662,3008272.6443913607,-10237877.395762574
1210,2.5373603920777454,3041988.5617622617,-10358767.420512978
1211,2.539445749963502,3065674.7965345816,-10452353.087143265
1212,2.5415417180131348,3090330.141371311,-10535834.056577574
1213,2.5436457679371425,3115213.648329921,-10632818.078374565
1214,2.545736808475733,3124595.193978786,-10663556.812767783
1215,2.5478233832874237,3155283.8738281187,-10772813.410687994
1216,2.54992085584226,3186299.403688723,-10885946.491751386
1217,2.5520207655356866,3214848.001655315,-10984571.921961421
1218,2.5541098448110064,3255491.2479037168,-11129862.581448674
1219,2.5562002600365847,3259607.916013448,-11155764.777449697
1220,2.558305455724291,3280182.3971165055,-11233742.233811064
1221,2.5604026511470312,3326361.153871182,-11389610.391179051
1222,2.5624826414852553,3335590.816242488,-11425323.2531871
1223,2.564574391949512,3353790.0707614296,-11502758.603860216
1224,2.5666808497683498,3394516.3376560216,-11639553.032739649
1225,2.5687773451615423,3422821.3337142537,-11745488.327662636
1226,2.5708608935170316,3445933.0788386837,-11827297.508966876
1227,2.5729575952355885,3468583.5130589134,-11913952.336008506
1228,2.575060651513359,3515558.8094013548,-12083650.266096659
1229,2.577148431575012,3542336.864781143,-12169935.403304953
1230,2.5792346077561192,3547077.4728863635,-12187888.438084867
1231,2.5813352493894732,3591305.8363822084,-12359446.194353338
1232,2.5834369526956515,3628527.4896470974,-12488721.0373143
1233,2.5855218346006232,3644346.1745720496,-12544889.588436285
1234,2.587610713900489,3643902.3346576104,-12550581.174687251
1235,2.5897186990593415,3670765.9317734325,-12648439.02112928
1236,2.5918181690667126,3729770.7857276485,-12856475.241558323
1237,2.5938985009385314,3751611.933015381,-12932469.260815214
1238,2.5959901966325076,3820884.0788735286,-13181753.63659951
1239,2.5980970827886534,3822883.612748316,-13193822.436109293
1240,2.6001911974764487,3841906.730901391,-13259468.143951733
1241,2.6022734575046016,3877845.8839729414,-13385623.112521717
1242,2.604374761438423,3898762.846875118,-13461507.503149817
1243,2.606480077670044,3914906.6849877117,-13524134.18116931
1244,2.6085618800169397,3982055.2226741314,-13755747.622702805
1245,2.610646200048581,4021142.2608836927,-13913378.887250422
1246,2.6127580952497533,4045002.3808798445,-13985838.884552272
1247,2.6148609257992828,4037341.596110477,-13965202.374793798
1248,2.616933454172155,4101414.020284032,-14190898.547024997
1249,2.619020659870304,4103705.2669413784,-14207527.429210303
1250,2.6211346279669097,4131642.6011203695,-14306905.642272195
1251,2.623236503452788,4203767.541504395,-14552582.89045883
1252,2.6253090562225565,4259743.999214205,-14758505.257769894
1253,2.6274000701334055,4287951.228641043,-14858459.884718059
1254,2.629513118467727,4295289.757459929,-14892687.331772726
1255,2.631604301330356,4323581.525743451,-14993427.864011211
1256,2.633685254021577,4355809.405564899,-15111232.203829208
1257,2.6357889797673804,4428702.894610443,-15365977.035508247
1258,2.637895874321367,4450356.7275463175,-15441634.170640746
1259,2.6399747081141895,4471820.810003795,-15519425.779897941
1260,2.6420591747927733,4523705.215602973,-15709333.05510626
1261,2.6441764666284318,4567943.365080758,-15862157.168070832
1262,2.6462775406423154,4641237.490380552,-16122321.044057803
1263,2.6483402943393326,4625717.482506063,-16068580.974758985
1264,2.650428729148096,4656780.465140148,-16188894.89182656
1265,2.652562718674548,4746265.513885712,-16507495.378525224
1266,2.654664088292312,4761282.9553474225,-16552575.415777598
1267,2.656712651557163,4769528.664960842,-16581447.572017578
1268,2.6588106765908748,4869412.110937239,-16936009.61238514
1269,2.6609452450324915,4911019.432000239,-17080161.895557035
1270,2.663032290426174,4907959.872214266,-17085246.055395737
1271,2.6650914877184944,4892111.618864896,-17020487.607980583
1272,2.6671986225603375,5006047.212434711,-17427807.449418135
1273,2.6693218160411916,5058948.353761359,-17620107.430861898
1274,2.6714003686163363,5115288.736661112,-17813406.48456398
1275,2.673473653710363,5117473.349135564,-17827378.955105357
1276,2.675588689124729,5148562.992064201,-17937159.487473723
1277,2.6776964003773744,5221139.2591198515,-18187896.127009656
1278,2.6797534796790945,5251508.162258044,-18307156.039027996
1279,2.681845016836506,5281685.760110062,-18411543.07720191
1280,2.6839785543392702,5342419.269148375,-18626294.48882636
1281,2.6860638705482365,5411277.784008513,-18864070.837773055
1282,2.688115580192901,5404355.5867328895,-18836648.31259608
1283,2.6902421071216107,5493880.297632515,-19168722.372765847
1284,2.6923784453538007,5560916.631669807,-19400982.336217828
1285,2.6944235266222867,5587746.9725108985,-19492007.369176395
1286,2.6964818302236213,5640573.7862666175,-19684417.252113663
1287,2.698646249049189,5665008.318187395,-19770240.959499244
1288,2.7007725953070936,5751860.2725107195,-20085179.08689587
1289,2.7027692368507834,5655362.716753424,-19741648.998362534
1290,2.7048443440936585,5790854.876761933,-20218218.598162726
1291,2.7070515904059915,5875534.655028527,-20515889.825447083
1292,2.7091632832728005,5799040.419810828,-20248436.063745886
1293,2.7110832098570423,5955205.660622293,-20799886.726464458
1294,2.713194248534394,5975189.982570357,-20879419.358698566
1295,2.7154564422347596,6132417.451732814,-21417226.69497165
1296,2.7175455830902693,6083705.708689209,-21256476.698838077
1297,2.7194409477796717,6199961.038750116,-21659734.507560536
1298,2.72159410281056,6236996.473653192,-21799437.28382993
1299,2.723868494276683,6248279.377425577,-21841383.37352946
1300,2.725905473691433,6282182.804716923,-21959308.95740153
1301,2.7277938720843573,6490169.404870463,-22681026.40694476
1302,2.730005424734083,6325340.405334867,-22109123.96875338
1303,2.7322910595910366,6509485.120461443,-22759656.571241643
1304,2.7342323934891035,6676485.148137283,-23343870.055550046
1305,2.7361123669415965,6595686.762862654,-23057656.09748309
1306,2.73841292247591,6647584.036340333,-23241228.621153627
1307,2.7407262152838343,6630327.067006367,-23187456.020588104
1308,2.7424923562337074,6448855.265296019,-22547553.18695946
1309,2.7444202272828333,6808482.378625394,-23803312.857761685
1310,2.7468188489948773,7049361.119617277,-24663842.274613746
1311,2.7491571251284848,7081103.904226825,-24780981.55241477
1312,2.7509012180135843,7017375.532420419,-24542687.98108201
1313,2.7528220566885997,7063157.347427397,-24711872.48253328
1314,2.7552245852341666,7144610.608262683,-24990512.132904135
1315,2.7575799064734774,7285070.255578724,-25492029.256911606
1316,2.7593246433872425,7176756.596271755,-25096794.517735884
1317,2.761234187120032,7588156.144562449,-26551114.767488535
1318,2.7636390504715083,7637228.495641661,-26715922.46396015
1319,2.765948826576436,7165605.798392008,-25084979.99334936
1320,2.7676191435751902,7553284.303407145,-26425305.317927077
1321,2.769651838220211,7155327.072909216,-25037305.28783351
1322,2.772055945845228,7083931.516623564,-24773450.987951722
1323,2.7739175955497957,7464245.95175478,-26107823.222649135
1324,2.775657495525559,7866917.43970051,-27532383.80554495
1325,2.7780509401576134,7769866.844936895,-27192114.81163192
1326,2.7804282678176238,8746361.495564252,-30619136.452325046
1327,2.7823699672164355,5583269.104297599,-19532916.823022965
1328,2.7838806433920418,8399376.232232695,-29397275.67918834
1329,2.7859958234637583,8662179.182490872,-30317627.13871805
