,k,Pk0,Pk2
0,0.0029665470748989845,51946.23327194166,1961.8598412390982
1,0.005026374055021859,55066.99611483525,4076.9131051487357
2,0.007149300621522788,73892.42306357344,-18133.56545980613
3,0.009278869254964255,91027.95963263107,19943.430700311175
4,0.011450332619344701,97944.50764612651,-34840.781389438474
5,0.013492955871419151,97631.17684344464,14051.752461466524
6,0.01558905561191893,84902.1689517626,-5063.914940644084
7,0.017694083672553172,85361.04507946149,-8259.036166193879
8,0.019817874803135297,76994.91770732088,-4632.7232789690515
9,0.02192074938196264,72766.5420780877,1747.006780363686
10,0.02398877635566245,65570.39527549055,1819.439854820993
11,0.026092869718961156,57099.37031854918,-8325.555932960126
12,0.028234663152781798,56096.207234064634,6992.877859463761
13,0.03032284873509123,44324.8228142613,4373.562407054465
14,0.03240263258943404,41667.49858787255,-2966.6716514839973
15,0.03449210129864554,38352.33768566081,-571.1690379712005
16,0.03658588147515197,34618.79895899911,-1278.810921682518
17,0.038684769492669774,32111.883440103626,52.580109485485096
18,0.040788988884582836,28521.467165617913,185.56940384231126
19,0.04289390876967646,26863.485041763946,-2485.085003429358
20,0.04498336005546935,25444.920763714756,1581.362629739908
21,0.047064985294738244,23644.757277669847,-48.58949604102202
22,0.04917111919158227,22995.079115203513,-1141.9519260826094
23,0.051262169141742274,21859.623142095606,-932.5309789522926
24,0.05335525146837034,21618.537545918774,357.5118119606415
25,0.05546637228956934,20474.56721609683,1618.9362607319226
26,0.057573188192548086,20742.23256516582,-705.7739820916804
27,0.05965884044590281,19657.127294322356,2077.2278237932933
28,0.061745123021595065,19444.50493562177,25.003233316522905
29,0.0638268929113719,19312.978166710225,-586.7806114747968
30,0.06592966228838451,18640.4028783563,-1719.082803032878
31,0.06803125784825748,17947.492372237157,-1101.7576302487498
32,0.07013131008699486,17364.971712062175,-542.7010225999067
33,0.07223032366074338,16643.84274390626,-731.2849174566167
34,0.07432334270720506,16089.706306153768,-244.3693715027249
35,0.07642066756954473,14994.654446327188,-1110.2224012583226
36,0.07850471694556041,14584.554044729617,863.9872362046782
37,0.08059701946059529,13639.323560337,103.83463803918303
38,0.08269521798132064,12879.897692271436,-442.4386845306082
39,0.08478307522909848,12251.813592089544,399.3074486735602
40,0.08687780839616016,11441.776021502561,-170.72729336565033
41,0.08897524569656534,10722.204887630078,-236.20792640042464
42,0.09108077810470518,10256.610728237993,406.3712336545975
43,0.09318432266948053,9699.511372721528,420.5806904865293
44,0.0952788764104831,9295.183731693412,58.724364180528944
45,0.09736254237981037,9082.90655763863,178.5492157468863
46,0.09944832814799408,8657.109153563482,389.43223768525047
47,0.1015460879802399,8362.546390867645,159.66813142687943
48,0.10364263756677322,8285.748695499604,-35.41423194509497
49,0.10573893905394659,7945.1065589386735,86.7237190868028
50,0.10783958559814742,7874.349293956607,184.75475047765588
51,0.10993894058501318,7790.378116394667,153.1015901939922
52,0.11203921431523854,7634.673950322717,-102.78389361982893
53,0.11412334585697578,7538.1733561578,188.02939858783557
54,0.1162159397555423,7421.72787425815,325.84317661140585
55,0.11831372048037725,7312.064930240424,119.90916733643031
56,0.12039723118070132,7213.981155437299,402.7735768712026
57,0.12249223631878574,7053.31606970303,-224.55812321033656
58,0.12458825984258635,6912.431956967398,5.223360166250006
59,0.12668846771583772,6878.70382611657,95.15070843503777
60,0.1287846620419941,6641.738865725996,108.03125045197277
61,0.13087133937881498,6502.610789643835,312.9866946051644
62,0.13297548334406448,6350.342419482479,-12.672519125557974
63,0.13506910815256093,6200.647005650867,-71.2092263693955
64,0.13716388258568254,6024.333870406615,-6.466109997779639
65,0.13926047573721634,5901.5152440920765,141.4528614745317
66,0.14134668829083769,5772.764642936659,-29.922308853213735
67,0.1434475230090064,5591.668247686488,68.35336866845557
68,0.14554528534185418,5394.877858038112,83.46681777107983
69,0.14763320610735878,5285.808913290442,181.16599363811528
70,0.14972114728432864,5135.639303379462,50.7125489857393
71,0.15181380487515775,5097.45505236128,80.60355529826265
72,0.15392114901003526,4890.55034411898,79.04208255808118
73,0.15602147473412367,4823.272074772141,45.219832013652784
74,0.15811617475881218,4722.011797415225,61.123691143518414
75,0.16021187122717997,4698.570030248387,185.20762294105114
76,0.1623006419462899,4577.380123505365,190.69871625779263
77,0.1643899033199985,4496.490687886888,94.48017357620094
78,0.16648355823815117,4435.623940392341,79.93947019992041
79,0.16857196837784735,4414.719768525493,144.28669568495445
80,0.17066413320893647,4354.063117804084,176.4901778070828
81,0.17277086992561352,4293.2549312242645,114.69643328394841
82,0.17486965460096995,4162.42581312496,81.67505346375371
83,0.17695857694944453,4146.229078833734,-26.007666564112895
84,0.17905245093155753,4065.9447337556694,63.0169813338836
85,0.18115265212612636,4028.80761854347,77.50545251677858
86,0.1832476884130739,3977.6619585016906,48.30710125083013
87,0.1853312475833926,3924.1436963928413,159.98902710021335
88,0.1874284892203219,3850.674930990161,43.99486237160155
89,0.1895337179075755,3778.15471431303,116.37716786453646
90,0.1916268196474026,3737.4411055469127,15.551826888393135
91,0.1937183403446853,3699.0798849121807,85.1161024422917
92,0.1958131498886989,3652.8651664168347,27.559728228963607
93,0.19790587400989662,3569.5298216949295,64.47877175079628
94,0.19999906515978938,3515.033075380444,51.51378975132706
95,0.2020893038374759,3443.111743534199,17.88205491569854
96,0.2041823192148178,3423.9025904400346,-6.105314770182923
97,0.2062825911013838,3402.208644882324,41.755031666291686
98,0.20837701891459662,3333.552773377709,75.69403799107745
99,0.21046758167944032,3283.908871575047,-0.989898211492617
100,0.21256678542440183,3252.5975099673287,10.429433331878347
101,0.2146619261104852,3216.794164194209,81.61090048179769
102,0.21675618057220372,3169.3430616259075,155.11066246261421
103,0.2188528705899679,3114.032028773392,-0.8885609482404075
104,0.22094564274530842,3097.38357996635,13.265885247390296
105,0.2230395148320731,3038.3256766274117,19.849113856873934
106,0.22513567328585352,3010.389064271774,83.50132985687988
107,0.22722785048644015,2984.978457597037,38.81769678450924
108,0.22931975112872324,2962.2941180795992,67.83819240396323
109,0.23141147723465103,2911.4437010370643,76.45413018483056
110,0.23350584674782457,2877.1465263197492,95.53825518149154
111,0.23560416522029054,2859.5017207549977,45.9782771197556
112,0.2377006336558307,2814.665068296841,62.999720425241584
113,0.23979727503904752,2791.385276346399,70.43017859361035
114,0.2418944602532704,2791.997455349866,57.89293145865482
115,0.2439884227569783,2724.9598450185426,36.075536768272016
116,0.24608359968283072,2705.1390449183377,82.0070846542494
117,0.24817552807053123,2688.404430735717,33.24916964736199
118,0.25026237006475704,2659.6630744098634,67.98426041590801
119,0.25235861551053484,2621.7919430100683,50.30728238245217
120,0.25445470778669854,2592.2042289178376,65.11944544183413
121,0.2565487653287422,2582.0370695621305,62.84721739543422
122,0.2586464955058471,2568.216335194732,17.606212356979793
123,0.2607443047329862,2525.455949483419,63.3018641396566
124,0.26284383121734134,2489.712680104512,33.902493604846875
125,0.264929885565984,2464.364261157649,69.3640328259988
126,0.2670163698864118,2446.7216971741414,93.32600101061423
127,0.269112135390912,2441.058391484654,34.493608262562965
128,0.27120764961246213,2401.8810942913756,30.200194066297623
129,0.27330509996536784,2379.5023096996906,71.36533189284066
130,0.27539842121309294,2378.0499874025595,39.62530630962403
131,0.27749656900268016,2358.3890272641042,54.47034944256192
132,0.27959864364035925,2322.7676313618454,85.3843342038608
133,0.2816878213234348,2313.3569843871433,31.214544417847563
134,0.28377609558542155,2289.9697181011043,95.99055062107463
135,0.2858732754634003,2266.5852619053167,56.69756309061494
136,0.28796861590208045,2256.86257518065,53.89483685868448
137,0.2900612915162532,2221.817525189967,61.51867578262173
138,0.2921547032025089,2211.0521312194896,52.77532518808651
139,0.2942501291133245,2191.630868143501,9.523576978785938
140,0.2963444256131289,2183.207314186809,42.19345094630035
141,0.2984361415704375,2156.9379440873745,56.875523339322655
142,0.3005318840555698,2151.282636659164,72.35103255877777
143,0.30262777760316095,2123.0249564321307,49.49763007153737
144,0.3047248035439954,2105.0535528845717,66.94791518202484
145,0.3068210272572538,2101.9671026079095,34.60352727709311
146,0.3089144805088237,2063.845317193261,58.263874963595015
147,0.31101080657849756,2060.5590610317595,36.29305145101514
148,0.31310885951912926,2048.4852681093835,44.842957976109815
149,0.3151991603466065,2029.3427482950306,57.9416035993519
150,0.317288667284839,2021.3389969808368,35.64251346877422
151,0.31938044185106124,1997.211191137736,63.94375654686904
152,0.3214783648369702,1982.9354100539933,49.401797499863015
153,0.3235785211189416,1979.162731616499,66.61819679712754
154,0.32566935894833426,1957.5617810010297,71.39935062854272
155,0.32776077751211374,1942.121415203543,36.335651592721284
156,0.3298523230655558,1937.7089831579747,42.04592290338076
157,0.3319485433973702,1920.3456348517282,33.382992873052885
158,0.33404540358127904,1902.2932199904978,25.978795471948526
159,0.33613494177837844,1898.9589274559721,42.82678366706521
160,0.3382313832787478,1880.1369868876586,34.37356272115537
161,0.3403308518124324,1866.5290085571448,48.722599899699084
162,0.3424246601457981,1855.4596033110943,62.0326165069422
163,0.3445197272986724,1845.0291348688515,33.06163451438059
164,0.3466158524641983,1829.0656801853966,37.75669734435275
165,0.3487089916477683,1810.9715801564441,41.09639629876457
166,0.35080114560367615,1811.0306412742077,36.964644441758864
167,0.35289356821720286,1796.1214896918295,33.68783282004723
168,0.3549881110219297,1783.867776809478,59.70702403440949
169,0.35708559248027844,1769.7299967420095,25.281757110123603
170,0.3591813496003593,1760.386687730712,31.91765722472912
171,0.3612749400626811,1757.0684283910493,51.87219469170848
172,0.3633693413142722,1749.6608698300242,66.3825205072785
173,0.3654632219855477,1731.39848416335,57.746054674328214
174,0.3675603773529471,1713.4340175359173,41.63414196391841
175,0.36965434919829326,1708.2424489090831,47.78071919599662
176,0.3717418094879197,1694.0438414568714,48.565329255131424
177,0.37383404253825586,1688.3551489597412,40.50835509707547
178,0.3759308579415973,1682.8977428113922,53.61623106089075
179,0.37802985088946095,1670.5652620051724,55.432929547822354
180,0.3801213498834686,1660.5082569046212,38.19110408787033
181,0.38221306010699313,1655.7278903069612,42.63938653849656
182,0.3843141376638833,1640.6921544864067,55.55151060980607
183,0.3864096355836929,1632.0370706420451,47.72467491263301
184,0.388502907295756,1623.1491738661637,32.016981719327276
185,0.39059769208540335,1610.511339873422,31.917779510714023
186,0.3926958121232196,1602.6929045437712,30.882154809206256
187,0.39478921808384226,1599.6238495927037,22.10418559269604
188,0.39687821409975554,1582.912267679265,42.443026667720005
189,0.39897073627813356,1579.6009518605422,33.982297956997634
190,0.401067192451382,1570.4010568644808,42.1350161184478
191,0.40316228148056854,1564.0199089884084,47.674844446475795
192,0.4052546340249366,1548.9049706057438,51.23826611243986
193,0.4073499183903822,1540.506980360315,45.682703233798044
194,0.4094468722071623,1536.8130771046497,26.862900629393817
195,0.41154432885897757,1528.6082158163326,32.74336121891085
196,0.41363408239228544,1522.3920021381805,57.04098995538646
197,0.41572494638156243,1509.528852526293,29.34771118975573
198,0.41782181997781404,1506.3908413210715,66.68369597240385
199,0.4199166506307261,1497.0374912006378,48.336574554464974
200,0.4220107143757513,1490.9362156363202,35.542304606255406
201,0.42410542949066876,1482.0409033953517,43.267539983613304
202,0.4262013850195404,1474.6153421984784,34.85693844728708
203,0.4282955296445312,1465.8280909967693,30.311030245713766
204,0.430391806688861,1458.8153255669752,23.58126770007931
205,0.432488575457924,1452.967572208004,27.068480601856187
206,0.4345806090039814,1445.4561955290799,39.40042789115662
207,0.43667244097425384,1442.612155083904,45.83249036561616
208,0.4387671492209622,1432.088771767895,40.75805352834052
209,0.4408622534544343,1424.7107154717887,32.050681807263345
210,0.44295516415095815,1419.072989750415,41.99632342767607
211,0.4450482683181851,1416.8516697510056,32.34054859923334
212,0.44714683875742495,1407.8413242285312,30.848503393360225
213,0.44924362280569813,1398.7472792435353,36.02238962341757
214,0.4513338633316258,1390.7696314359168,28.77220461595794
215,0.45342753643259276,1389.8140855584454,50.837710174201156
216,0.45552189548586586,1380.108264710531,33.299553398465505
217,0.45761716616081083,1377.743818395508,25.478651619903363
218,0.4597117909764672,1369.608673718395,42.62466844076966
219,0.4618031890496857,1361.9610961907763,15.06492353632283
220,0.4638995470730997,1354.230093239791,25.65094789887184
221,0.4659948171464902,1350.1628914625016,33.553453729604776
222,0.46808929446972725,1342.6749324602954,32.58103685757788
223,0.47018492649495636,1335.9741443841242,26.17632496798365
224,0.4722792778491551,1332.8940688817916,23.82196420244029
225,0.47437272572904565,1323.8739618543186,36.47779679430576
226,0.47646593372141327,1316.329082803501,29.1950296866485
227,0.47856230727426236,1312.9599963128744,31.153179352480787
228,0.48065904058976644,1309.5718594521709,12.923140618767476
229,0.4827512226177774,1305.2400086966416,47.27976991754897
230,0.4848441163240575,1297.3217888762847,34.96650413838509
231,0.4869397730506266,1290.6626841060684,24.394663292797762
232,0.48903678813400875,1288.296687450539,34.31914475958196
233,0.49113096964965397,1281.948019323279,29.81599786972084
234,0.49322332174786626,1276.182350061105,38.534345242214435
235,0.4953187148676145,1267.5263200788102,26.139843673962027
236,0.49741120358770496,1265.1675024621095,37.48827247210588
237,0.49950082345999325,1262.4460901935245,26.958884507688246
238,0.5015952506837275,1256.8049106522826,22.44588798163126
239,0.5036919972981919,1253.32742737963,32.279553874436694
240,0.5057872116617207,1245.7575508916952,41.79531102097896
241,0.5078828569897101,1236.683297380678,30.28825226852656
242,0.5099793452386306,1236.0924375264217,16.862453111466166
243,0.5120767256379639,1231.0696574503381,27.180548799292225
244,0.5141702395931294,1223.3067431713164,34.2329016944058
245,0.51626132102766,1219.209793571132,28.95357343574213
246,0.5183576899265504,1215.0505677563287,36.00153923256067
247,0.5204524416424112,1207.6862994705473,31.755943209834435
248,0.5225430403510469,1208.5014514883144,29.68220562823834
249,0.5246378991347941,1200.5399246730115,33.434750261076374
250,0.5267345150769579,1194.381148981436,28.548394520955558
251,0.5288284644781793,1193.4585292451843,24.352018704061248
252,0.5309200047543352,1185.2516832342142,34.50659433647674
253,0.5330154787982235,1182.2344063142987,14.084461400295424
254,0.5351140455458262,1175.0232919845287,29.22177021302926
255,0.5372066203065362,1177.3444848272675,33.116941163503334
256,0.5392991990272246,1170.7726294791778,26.766644602128324
257,0.5413944118270408,1162.0134062378143,27.780856655717045
258,0.5434881995106379,1161.5955643901123,29.859040884842543
259,0.5455829952492127,1156.9855652887056,35.334231431584904
260,0.5476769745662954,1154.713802419603,29.303446789363594
261,0.5497697255495043,1147.179098786436,25.31431699321615
262,0.5518645446467839,1146.3875014293753,17.224139417257696
263,0.5539598571350287,1138.90396590212,31.767656923910735
264,0.5560564538950566,1134.7507014368298,30.64842089731525
265,0.5581500505101624,1132.8132797125443,28.3836559818459
266,0.5602409063261653,1126.939734399266,27.91506972999495
267,0.5623379637803174,1122.507310232882,32.64917401368304
268,0.5644363283026402,1117.9307359140944,24.9967587244121
269,0.5665273824761494,1116.2601439900193,23.632027121106443
270,0.568621249018378,1110.047327098452,29.42892525282191
271,0.5707181447612965,1108.4535180608525,39.108344206748356
272,0.5728127938597997,1103.3356962272846,24.715653854836855
273,0.5749070881546879,1098.0030841000187,18.447477005541458
274,0.5769991470923068,1095.629934934717,22.825381777813732
275,0.5790956911760897,1091.9118145517973,23.744886782247434
276,0.5811893306261757,1087.8574230379645,27.62664490038424
277,0.5832802267374103,1084.673473311573,26.60016913532722
278,0.5853761830306536,1083.4462840825397,30.618428290574148
279,0.5874711784415975,1076.9462090065153,23.334822559021266
280,0.5895653958899879,1072.598088894443,19.083306481089465
281,0.591659786459685,1069.2784827709884,23.470868721601803
282,0.5937551851921442,1064.5853881664355,26.357303095772785
283,0.5958498092767481,1061.0798302150515,31.55410509126781
284,0.5979447066705442,1056.2363930229606,22.60896947581278
285,0.6000383505174957,1053.559108306269,31.506672806805128
286,0.6021313016181767,1052.0201122846097,19.95066763851912
287,0.6042246965556944,1044.1082801553478,23.69284835233754
288,0.6063189733697846,1043.0881610728375,22.366303009281562
289,0.6084147213727373,1040.72083700507,27.586987531705564
290,0.6105090855473989,1036.8534807815502,26.04521738721056
291,0.6126037649785722,1032.992149613242,36.3593722736651
292,0.6147002391370655,1029.4233009564016,18.907950865205912
293,0.616794938930829,1026.4535242949873,22.826267093410998
294,0.6188886865784012,1020.7572100383032,23.176711247477225
295,0.6209825762252046,1019.458451037215,26.786944953337557
296,0.6230764414889526,1017.5291566374478,20.530276275373684
297,0.6251725389343245,1015.6216286384089,24.865016310979115
298,0.627266923011265,1010.3794597353416,22.073342685787495
299,0.6293596211388142,1009.3947637687636,25.148931006518424
300,0.6314513250607457,1004.226158716128,23.78293938419625
301,0.6335475720513941,1000.7475377355445,17.394550708177942
302,0.6356444982495617,995.1318431788733,21.481126274667737
303,0.6377358562255245,996.207814332821,24.601322257321
304,0.6398302949107263,991.5572273033757,23.730636305914473
305,0.6419256185614247,986.9998221350997,27.063618183279566
306,0.6440214843206593,985.1524659730393,21.48646637954159
307,0.6461142033434962,979.685889679159,25.039579996513563
308,0.6482061138478032,976.679508157612,19.49628516045534
309,0.6503020867345045,975.0509340739893,20.25399113288227
310,0.652398185537932,971.0925226882399,23.290191708381773
311,0.6544932048530038,969.0844799896331,21.502198422543078
312,0.6565867871776386,966.2764156587962,21.139026081124285
313,0.6586827890115348,964.0888065393917,22.962448745305593
314,0.6607793300725506,960.5545456618236,26.68756736651205
315,0.6628724964198541,956.999024975298,27.581104322552
316,0.6649654402217313,955.4034611502706,25.551181128345686
317,0.667059865407609,951.455016635414,18.086449755026926
318,0.6691532523078332,947.6171629273994,22.733486152878612
319,0.6712457992597233,945.2476133310247,21.109031676730854
320,0.6733390782258323,944.4617213021269,19.196040706038797
321,0.6754367503383576,942.3312342364757,24.111411068907678
322,0.6775335143160066,937.5155366060404,21.66059680347119
323,0.679624621064033,936.0930761426517,21.353648649144255
324,0.6817180292738917,931.9550979764593,14.83300342108293
325,0.6838149015047629,928.2801043779751,19.19864539983185
326,0.6859101434268815,924.7689739721709,30.08562616591808
327,0.6880046468184081,922.9830917467466,24.282853760825255
328,0.6900999637264865,918.8821423892396,24.33461483444897
329,0.6921965733216279,917.3206932506392,25.342346539583982
330,0.6942884945981568,914.2175540841333,18.549998700568885
331,0.6963781649531228,910.5112243784242,23.59097503641034
332,0.6984747371200234,909.6845760375168,17.452734476388752
333,0.7005690388882679,908.205497764989,21.879702277150056
334,0.7026621579778546,904.951044517764,20.443666919663578
335,0.704757268847954,901.8904326813414,22.185487761625133
336,0.7068509057629639,900.702659737794,24.554285758080244
337,0.708945644402387,897.5309308970963,16.54947096970676
338,0.7110406815970572,893.5219813861584,19.735861912625023
339,0.7131372373036142,891.349186878378,25.994414996864936
340,0.7152323589250973,889.6455550937284,17.90155595041361
341,0.7173245162021571,885.1880286896703,23.401174896627126
342,0.7194199711852413,881.6404906580634,21.34397308884486
343,0.7215151322330351,879.4250353462363,24.373157528457767
344,0.7236102334592447,879.6457318899584,20.480497359983655
345,0.7257047129497166,876.4818073061804,19.57361224214513
346,0.7277958825256088,872.6960163529437,19.55066727836236
347,0.7298900912292255,871.3230782511813,16.977825250598404
348,0.7319867159780691,869.5320959578381,26.38815308033794
349,0.7340808521059053,865.506534311012,20.084787985300096
350,0.7361738853270124,864.9890997417411,26.821697195813407
351,0.7382682123604443,861.3843022862907,19.59241843644055
352,0.7403641944498084,857.6517492001674,16.377958366967686
353,0.7424576311971561,855.5522231296911,16.179450773453404
354,0.7445523870480827,852.8746629493554,21.453237719124196
355,0.7466478284648128,853.1661110301376,16.672307855796863
356,0.7487413917548734,847.217278629058,20.019331471266025
357,0.7508354594737505,846.3709661558858,19.726055017580325
358,0.7529278056847568,845.1624900503274,19.48517103289514
359,0.7550230257904859,840.295557556185,13.243837422580691
360,0.7571167923480437,838.9948423229624,21.29898721301291
361,0.7592113317151179,836.69253235889,14.374047198760103
362,0.7613074731933067,833.5399056118414,30.34431284887383
363,0.7634009581307508,831.2210324286233,23.010288184042025
364,0.7654969266569684,830.840045606562,14.4587285571027
365,0.7675905899780763,828.3014420990795,18.82256587041171
366,0.7696837880547684,825.8828984985746,17.954045165470827
367,0.7717795008463626,822.9133230180875,14.975526353849649
368,0.7738757788346248,821.4505393663678,18.194020524567243
369,0.7759706260990727,818.7635942781562,21.569044934408925
370,0.7780620795267656,816.3723071849078,18.54752560463352
371,0.7801559906208961,814.055138682703,17.44834758242037
372,0.7822523136569128,813.1427974383114,19.739096434731174
373,0.7843481481853999,809.2879952439296,14.011044034354022
374,0.7864425511046899,807.3972411850506,19.483102007502332
375,0.7885343495966205,807.3528865057547,20.463690054107488
376,0.7906286372458883,802.644610336573,19.960545323712022
377,0.7927244345313397,803.4206324208574,18.10860715705742
378,0.794818005513127,800.1045007088121,16.939413377529007
379,0.7969121491149282,797.5130539696468,16.207810384385127
380,0.7990047112993173,793.4854067108799,15.633852168273162
381,0.8010984966914405,791.844744201421,18.137349722517545
382,0.8031950165575023,791.0217519073879,26.392062695933205
383,0.8052905677217739,788.4664963806372,16.864970698762555
384,0.8073868841230295,787.122263393368,16.003243091779474
385,0.8094800557409162,784.6380269457734,18.881413070878008
386,0.8115724907946299,781.6015317420414,16.018882111843165
387,0.8136674854006812,780.5420523538153,20.225870158578232
388,0.8157633267681768,778.9274965667618,14.5419627272149
389,0.8178572815764139,776.1322504268456,19.575519723493894
390,0.8199509017046862,773.6948160241794,16.033850089599206
391,0.8220464110750062,773.2285718855608,17.57989311945337
392,0.8241406544737637,770.3470797705113,19.39529370823435
393,0.8262328397247414,768.3446626388966,19.80388589354215
394,0.8283269471334518,767.478164713004,18.636130555996754
395,0.8304231064697798,764.4724883176169,16.96768393808645
396,0.8325161683796762,763.0621711019411,14.601700944597079
397,0.8346105557242035,760.8143211256131,21.172329673374335
398,0.8367059794413102,759.0263316989455,16.91074210974645
399,0.8388002445604258,756.4977994200938,20.173713526814176
400,0.8408960756111226,755.6633787411238,19.413692448947003
401,0.8429905652842218,751.2142612533286,21.645563465098164
402,0.84508401313589,750.1806605239495,16.57072676271085
403,0.8471791713809247,747.9014776442408,17.978676606262518
404,0.8492743362825239,747.7595667915382,16.701682372995123
405,0.8513668888602299,743.8503915660974,17.78167565916333
406,0.8534589296280589,743.4348453116282,15.694321230431692
407,0.8555558405338324,740.5825510376013,15.264388385057739
408,0.8576516874123633,738.4978765725433,19.82017853719109
409,0.859744590599333,738.3265605475085,22.45830086437554
410,0.8618400547669827,735.2945360846549,17.978232600216067
411,0.8639350434441438,735.603748372219,15.684573861915409
412,0.8660280248974203,731.0775928126808,19.81251912774201
413,0.8681201347325478,729.4980747707594,14.716835753605922
414,0.8702157283801463,728.0947816414098,17.93401905844214
415,0.872310621353091,726.8000686777689,16.66444020678051
416,0.8744020359703552,724.0586250780399,14.687263264842716
417,0.8764972088477568,721.2493685219728,15.187948843365493
418,0.878592835994214,720.1300156287233,17.723389733730425
419,0.8806870131084201,718.9490603055423,16.755984617623643
420,0.8827812802431019,715.7079024322346,19.52063626792552
421,0.884877279658285,714.7806813353734,16.20214699755819
422,0.8869730004154345,713.9124495130427,14.72278684983577
423,0.8890661750433553,712.1993073396404,20.85065507602154
424,0.891161435679344,710.6433313676313,16.938429687305
425,0.8932577960179496,709.353998106043,19.611820415010378
426,0.8953527392107627,706.6613127771866,14.594171265759405
427,0.8974462460666859,704.2552136670486,20.46948951708189
428,0.899539340962409,703.4227758830591,17.901810187433345
429,0.9016318169027592,701.6355243771472,19.894368986053678
430,0.9037252249745606,699.1172437638539,18.66026704047194
431,0.9058199443223193,698.8908417694548,20.154118845669494
432,0.907915243986348,696.8234653724599,21.302765996055186
433,0.9100128049501981,693.9056389762069,19.44908251442644
434,0.9121059966002629,692.3055370171124,15.517431198739759
435,0.9141972861830797,690.5440715840917,17.88432469412126
436,0.9162932496702593,688.6040580628138,15.902304747824738
437,0.9183878012752863,688.6234447139946,16.397169363643
438,0.9204823185419505,686.1756410808251,14.949858681233827
439,0.9225773629784582,684.8812110035606,17.51820707338838
440,0.9246718174739146,682.1467749181908,14.093630497556239
441,0.926766211900197,682.3473230213608,15.237416749277257
442,0.9288591582540804,679.6574507147633,15.902558881521038
443,0.9309526610700547,678.0745654355684,16.352054741282846
444,0.9330479303067369,675.2113532524531,13.97262028444694
445,0.9351433527997749,675.0234087089758,17.468477532883604
446,0.9372383527365933,671.9563266362471,18.12587219361657
447,0.939329757499591,670.4260825163493,17.854313601805543
448,0.9414230571985791,670.1887225591917,13.631498111780825
449,0.9435210054806012,667.5211572000657,17.407026819621077
450,0.9456162503172072,666.0632411970481,14.893766842856614
451,0.9477100092887099,665.731706019888,12.459199737408548
452,0.9498046323041349,664.400649528756,16.901336199093347
453,0.9518991548408083,662.4677267487688,14.7185505917281
454,0.9539929332702277,659.9890330687842,17.24978121942542
455,0.9560874898052096,658.8372355353604,13.38554514193745
456,0.9581824530689178,657.6767099871593,19.304874896288243
457,0.9602770371571748,655.8554855126362,18.57347474360246
458,0.9623710723241273,654.4581269990648,12.314372799461282
459,0.9644648349083941,651.9754780981348,16.64163303650749
460,0.966557887379011,650.8699582617865,11.756355722458323
461,0.9686513195291268,649.7666861263318,16.259171745583185
462,0.9707470393683869,648.7733881038629,14.707045689528044
463,0.9728419987888902,646.1918372652751,21.337960289544903
464,0.9749363451418961,645.4436819337411,18.14992211071435
465,0.9770319720978949,643.3660516591202,15.403199138768958
466,0.9791260608689247,642.6584918398361,17.226467953599183
467,0.981219993418123,641.2511188158646,16.55019711400969
468,0.9833154848012966,638.1133707516852,15.084196368592268
469,0.985409217900734,636.8777092718639,17.70571673095155
470,0.9875034929558208,636.1995490415777,15.485280362628385
471,0.989598845059814,635.0006540573152,17.44866760164325
472,0.9916925524589582,633.2720275252262,14.707816649459335
473,0.9937866222530743,632.7052156307514,16.99868053744479
474,0.9958822538585521,630.1202005488204,17.345993242420242
475,0.9979763461234663,629.7887067496885,17.546229122903764
476,1.0000687382803208,627.6544486079868,18.785989514576304
477,1.0021620574674717,626.2552025353431,17.212096789757883
478,1.0042566040705312,624.3536945914194,17.136042885910147
479,1.0063510481087232,622.4049748071861,16.884379006592393
480,1.0084458017147504,621.7848441741783,16.89654630779671
481,1.0105412449330358,620.9980297846693,18.21105146212323
482,1.0126363206852906,619.985231193062,16.131642247830076
483,1.014731689048677,618.0963603510196,17.75183482457555
484,1.0168251811607234,616.2006137300085,16.494377385963528
485,1.0189183181794257,616.1246766255838,18.60109405536979
486,1.0210135131858313,612.8945111722622,18.66308772361859
487,1.023107899818119,612.2346930787893,17.86680533697143
488,1.0252035642142994,610.5548078044399,16.562243013582986
489,1.0272979326699727,609.2899656405167,20.51488339849454
490,1.0293915165160124,608.0230290966646,17.09111540656186
491,1.0314862118776227,606.9378947607036,17.456320059584662
492,1.0335813276438528,605.787482056719,17.483082337668097
493,1.0356760372494827,604.3300146300534,18.15774024668741
494,1.0377697665518313,603.1447755764577,20.25049027409106
495,1.0398635542890804,601.1379943083829,19.06844221558304
496,1.0419580022733907,599.9228561794794,17.965533400098842
497,1.0440530837182007,599.4098590217553,17.180708962061324
498,1.0461463909219801,597.5927163571386,20.208124408868738
499,1.048241289239942,595.3694163070886,18.146094007714083
500,1.0503346504195201,595.0232184557393,18.72129753080537
501,1.0524278880438542,592.6661575889882,19.778070490875496
502,1.0545231057279465,591.340939833475,18.86459437616462
503,1.0566172205725972,591.0546995814356,17.501610065768098
504,1.0587125681053644,589.3850650718861,20.14316296142425
505,1.060806974942881,588.0472824047969,20.478244606564555
506,1.062900937291859,586.8886035352397,16.930697284892975
507,1.0649968400029963,585.1267573474062,20.762485920469636
508,1.0670917748856612,584.6213354271803,17.69755737275559
509,1.0691837840599538,583.3672022826266,19.375543041604278
510,1.0712784055790137,582.5853654256887,19.684581179436794
511,1.0733741944109443,581.0016229328063,16.680009642808166
512,1.0754689143080451,579.5825518814237,22.898524895144377
513,1.0775625935653539,578.2791461904103,17.453048751677077
514,1.079656551776009,577.410585891858,20.153546023202185
515,1.081751759033872,575.2056603716444,19.800862548817616
516,1.0838450038800544,574.7524830886287,17.779551630296655
517,1.0859393346043436,573.0100601513354,17.836106848607347
518,1.0880340737032612,571.8397757877407,17.83082248230997
519,1.0901280973397867,571.0177646694344,18.86154395598611
520,1.0922232205093443,568.8613802300612,18.900903739293273
521,1.0943183198095006,567.8834639983365,20.68769148711517
522,1.0964124680620808,566.7196990414207,19.633569488200585
523,1.0985066965945804,566.1262584760963,21.493153799391166
524,1.1006022506925348,564.7077774543825,21.52842544601982
525,1.1026960746069068,563.700030674566,19.734699178741558
526,1.104789420523433,562.3106467786383,19.516237853880813
527,1.1068841457204943,561.1708324015385,22.78649394943654
528,1.1089772649904681,560.1433318445946,22.07239598806864
529,1.1110723868790173,558.0279235903146,21.531397464160516
530,1.113168427194727,558.0450536950353,21.204832802074637
531,1.1152626776337078,557.1084331227073,19.87085102554301
532,1.1173574051129724,555.6545756439486,20.06301632787694
533,1.119450573697561,554.28855047359,20.23128757709586
534,1.1215436337779248,553.3386848810037,21.40579764491525
535,1.1236390334415942,551.8304777718379,22.06647478454882
536,1.1257332200225998,551.033681313663,21.006372569034223
537,1.1278283378211404,550.1691971925743,21.272027561829084
538,1.1299238131648552,548.6777207044527,22.17685611450328
539,1.132017447124327,548.1134249091352,19.246229547791707
540,1.134110650036949,547.271024996643,23.35591386765201
541,1.1362036259959787,545.6388991231844,22.516307971634234
542,1.1382991427598659,544.5904446727124,22.751623853646926
543,1.1403936066737896,543.0935152315278,24.03063931459867
544,1.1424878264606209,541.943264737913,20.94010938345257
545,1.1445836717483504,541.4299855883564,22.215931174251203
546,1.1466778755714095,540.3481975767517,23.58248798700089
547,1.1487715351237628,539.0483154239573,22.010284812887573
548,1.1508672245306748,538.2647666167278,21.476324149943167
549,1.152961670034179,536.9942797880681,22.257296451765967
550,1.1550551275418117,535.7054225883619,22.352055654679823
551,1.1571500620004906,534.7278326764608,26.32953304917096
552,1.1592451155989445,533.7023764404958,23.31001404840219
553,1.1613401484055899,532.6506838392188,25.839882859207187
554,1.1634328135986687,532.1263259524713,25.355585040103456
555,1.1655280225544649,530.0510017460608,25.26028779632882
556,1.1676232414157608,529.6869137364966,24.088754524294377
557,1.1697157183635434,528.4973509626354,22.748313382675036
558,1.171809765164966,527.1075708584868,25.47368581073049
559,1.1739036754657965,525.6153688234801,24.308826196256963
560,1.1759974618047027,525.0937392461246,25.186421183991467
561,1.1780927342002254,524.1247380908005,26.281418324266483
562,1.1801886215978319,523.4487730071161,23.699241960315632
563,1.1822824649467334,522.5115328966737,27.309390784198285
564,1.1843777187054296,521.7301831853383,24.40881043719236
565,1.1864731317277017,520.1884108296201,27.12639825030616
566,1.1885662199882188,520.080609839829,25.678911511417223
567,1.1906603290984812,518.6083114842924,26.15088600502432
568,1.1927560449071208,517.9428877496508,25.793033601882854
569,1.1948501301675682,516.8941473974173,27.000922072676488
570,1.196942866326464,515.4729994609075,27.10711510192526
571,1.1990363434731066,514.5026061732551,28.95076129895702
572,1.2011315528209288,513.0106383539838,26.64387086058978
573,1.2032252726398727,513.2239033793795,27.346147338511035
574,1.205319131714267,512.1545372348883,28.473646483843964
575,1.2074143429200774,510.4448201801357,27.641655674522394
576,1.2095073316728018,509.82535411754975,31.31683699767016
577,1.211602159357548,508.4127142917823,27.552325573292425
578,1.2136984428310558,508.1946046270772,31.001007125775025
579,1.2157943340364452,507.6987760514463,29.283931644888057
580,1.217888268816351,506.30346560621564,30.54872082187866
581,1.2199821909033837,505.1899525907478,27.060179029401713
582,1.2220779372220854,504.57883208691226,30.575409524683945
583,1.2241720630448372,503.1671873772229,30.94162008885637
584,1.2262656486341297,502.03046274238346,29.456840735967578
585,1.2283602712023978,501.9658570327532,31.99791857373846
586,1.230453847781421,500.8675949813236,31.06727469890155
587,1.2325484279288663,499.1976640561004,31.377548252498105
588,1.2346427330328844,499.41326711233785,32.53793327595985
589,1.2367368340043534,498.0852791577811,28.360457370456125
590,1.2388320989568682,496.9407628500917,32.45374697314007
591,1.2409254956441091,496.1799617516692,33.06401041316121
592,1.2430201387037565,496.1801449035971,32.99807867965314
593,1.2451147141570293,494.5963797039797,33.41302054201097
594,1.2472087367784284,492.7722610072756,33.511620523005625
595,1.249302614173833,492.67402182523824,32.16173689035932
596,1.2513971052845823,491.76482308361517,34.029117179269505
597,1.2534931066319515,490.9123226221927,33.99252502221248
598,1.2555863817711985,490.4486067285145,34.402496242652845
599,1.257678969059161,489.42794122123894,34.53133214539352
600,1.2597748382104277,488.899477303726,35.32468571535529
601,1.2618698898493887,488.0013330526079,36.90289448414233
602,1.2639640740660565,487.2785653562458,35.146741740875825
603,1.266059176034634,485.76440473296157,36.35071526237516
604,1.26815329738596,485.3101193006627,34.91702813919867
605,1.2702469827768745,484.7974921799255,37.812473982610896
606,1.272341439773769,483.2825655303396,36.90648139732944
607,1.2744361591580655,483.05141399448746,35.8122137646354
608,1.2765301570381213,482.4641960390234,38.6786180237686
609,1.2786243195908502,481.53740510054485,37.708390591419494
610,1.2807201779848052,481.0677950614606,38.455834277197596
611,1.2828149770647865,479.8085670358892,38.964190576185615
612,1.28490831046805,479.2876721920684,38.66839182839958
613,1.2870024746125797,478.67642627336016,40.21245144225921
614,1.2890960788179595,477.1355761117505,39.58176126311876
615,1.2911903407610128,477.2378298338282,41.49039081259635
616,1.2932847299377603,476.4572095207725,42.3510915648776
617,1.295379834193548,475.0783974355663,39.0087510426928
618,1.2974743412448833,474.68113189267467,41.08328382478488
619,1.299568838606027,473.73819116228725,43.38716918184801
620,1.3016640567270552,473.18840693817623,41.70580346792891
621,1.3037578272673165,472.1781892395876,43.00402531639349
622,1.3058518980796576,471.1455762520632,42.08280366111019
623,1.3079469520711469,471.0752272071269,42.7848291565307
624,1.3100414674631762,470.451869789465,43.12462818583082
625,1.3121343419146885,469.931707992579,43.77740825230521
626,1.3142291157646366,468.1753608218858,43.39820097060929
627,1.3163249547628966,468.1642319568034,45.23014081667505
628,1.3184204308819243,467.88976183203033,44.76771327001538
629,1.320514045081714,467.10592042099256,45.904590341132746
630,1.322607731116918,465.8585898283464,47.3737162359924
631,1.3247030067977636,465.63380141363433,48.577320386846786
632,1.3267964975071294,464.7717534599964,48.23454273657766
633,1.3288900457896358,464.41164569065023,46.21320193682435
634,1.3309846323229146,463.2272440645089,47.63190337527273
635,1.3330795391690438,463.200718360674,48.666475657091866
636,1.335173949560825,462.74748805972837,48.04760567813581
637,1.3372672428845813,461.40075550650187,48.445003023093925
638,1.3393616502777206,460.9157409248057,48.193645946792216
639,1.3414564546808454,460.2198232518214,50.766549050354286
640,1.3435497634465539,459.49131475092634,51.430481766348784
641,1.3456439095281743,459.2729879932731,50.14681297222104
642,1.3477398961804745,458.627050891141,51.918272294866206
643,1.3498356331361778,458.1242391951836,54.20381556630445
644,1.3519291222201564,457.415151004253,52.8845177144283
645,1.3540221824451044,456.73327499341684,54.7742606738734
646,1.3561174165883387,456.098881188933,53.996726705454776
647,1.3582118000666776,455.5499444396234,55.041843201373574
648,1.360305548489477,455.2192272660288,56.777525765013195
649,1.3624016471705516,454.2966655045223,55.99684956974781
650,1.364496581524498,453.70322703987523,56.745877774530825
651,1.366589927521404,452.6838423033222,55.02460122574548
652,1.3686839345616666,453.1167489373841,57.9046700647665
653,1.3707785136744248,451.81056143754336,57.72576947655615
654,1.3728736781569988,451.8076033244807,59.75187096525778
655,1.3749673745335222,450.8975374362438,59.84510917521934
656,1.3770602631292597,450.6975121060955,59.896522415287535
657,1.379155717578164,449.94029791671613,61.654093148205654
658,1.3812508039107998,449.647969457803,60.763178801895336
659,1.3833453325862841,448.7210795313816,62.050209544253605
660,1.3854396647384786,448.66723281920133,61.76923203833176
661,1.387533616953471,448.01319537039683,63.44135861756244
662,1.389628935147901,447.55392713387465,61.94377803727277
663,1.3917230672721894,446.9040616775743,64.02752555022741
664,1.3938172778813163,445.8811344962024,63.44693397881921
665,1.3959128506087028,446.26485450101774,65.16094623127708
666,1.3980069894682674,445.7859604150732,67.71904268466166
667,1.400100032768225,445.21360430124423,66.91326172963389
668,1.4021942273095422,444.5318934975699,67.40637640529816
669,1.4042879724639459,444.30571824740014,68.78662918458663
670,1.4063822250727482,443.5766872211198,68.24684889555049
671,1.4084777998796327,443.38955262262726,68.83660109436894
672,1.4105725454065003,442.857445768498,72.12124450396185
673,1.412666035757187,442.54181983586807,71.7346225715062
674,1.4147597581950535,441.63331837262933,71.63658387775008
675,1.4168552493745823,441.5594515334838,73.03378313420663
676,1.4189502707585735,441.24391504656427,73.67250401322029
677,1.4210439871962917,441.31209118822983,75.09707427063927
678,1.4231379588066748,440.2307722610304,74.4084094093093
679,1.4252323843784174,440.07429974918216,77.27762334665316
680,1.4273263645812686,439.4537230828782,75.63212035706269
681,1.4294209343777806,438.75321835320347,79.3383542676248
682,1.4315160587565352,438.59400287210207,78.96732478843556
683,1.4336101809254245,438.70129600597176,79.75387222883904
684,1.4357047233292217,437.7752188487285,81.0746682686478
685,1.4377991034950037,438.0965410177634,81.49477736526227
686,1.439893269172154,437.22729011724283,81.29804036979787
687,1.4419870983325702,437.45845574865615,83.55844997423401
688,1.4440820971476513,437.10041988509187,85.03562976440496
689,1.4461780146809415,436.24526379512656,84.9081580334844
690,1.4482723645441788,435.68806734729884,84.7716238565353
691,1.4503661519067539,435.873261794387,88.66143238326475
692,1.4524608997459605,435.97699868872684,87.21794082178761
693,1.454556191478353,434.7239982869023,88.91320162773482
694,1.4566505605195028,434.8695633052975,90.3318965129493
695,1.4587435672120013,434.88288061278746,91.07552324713036
696,1.460836376274075,433.9961839612302,91.507479971017
697,1.4629315024559504,433.9226169222425,92.51603459340787
698,1.465026115161985,433.4503551361635,93.687393696729
699,1.4671201905708728,433.3685978482831,93.55468275787136
700,1.4692142550197365,433.5341781382662,94.06171581186966
701,1.4713085109511452,433.1219736314479,96.0069213267757
702,1.4734040883627781,433.14619049137366,97.86705252735379
703,1.4754983077923518,432.68019516880264,99.82219269764147
704,1.4775927333883283,432.6495182289891,97.38621640565162
705,1.479686516386449,432.0978045274156,102.61466028795572
706,1.4817805445745025,431.9082054383625,102.37130199683634
707,1.483876051193717,431.7747118452797,102.63870251137237
708,1.4859713583510508,431.51571434201543,103.32931950608649
709,1.4880662760111125,431.47125045160743,104.31680584049343
710,1.4901603423423662,431.78532577294965,107.86528471055978
711,1.4922546168830801,431.3857832109634,106.3506459144506
712,1.4943493508016918,431.2404738833287,108.06434317330368
713,1.4964436549031517,431.30070402654485,110.62831120597049
714,1.4985372426394363,430.8075518367791,112.33354859719103
715,1.5006303537214591,430.41254719264896,112.8202260167299
716,1.5027246941647125,430.32027983653796,113.16828192186463
717,1.5048198674391857,430.2132583004489,113.69896659490176
718,1.5069136003861163,430.7470262094474,115.98068714309754
719,1.5090076377683221,429.8593706794765,116.56524374684437
720,1.5111026723067662,430.11817797777906,118.41982386623862
721,1.5131971028762412,429.9788534824437,120.41077182238904
722,1.5152912609041667,429.8659543105628,121.91833466906061
723,1.5173854934463344,430.03848280647395,121.56909788541505
724,1.5194808793753787,429.9984766819219,122.85422030358824
725,1.5215756259285513,429.69703224020117,125.58834296802465
726,1.5236695807770564,429.79089499534666,127.05472961733736
727,1.5257641081783464,429.8964312467567,128.7041329001788
728,1.5278584873608179,429.34448805390286,129.40645449811745
729,1.5299536435991428,429.9972522503291,131.43695553862668
730,1.5320476585044298,429.7323830540938,132.54584936569938
731,1.5341414384393777,429.3862477559299,134.05770244359607
732,1.536236950937659,430.2183232162016,137.70618959909822
733,1.5383317033374695,429.8921937304231,138.12868564235353
734,1.5404255753841434,429.9515885368202,138.22941356849054
735,1.5425198393431812,430.13496224310694,140.89602883360268
736,1.5446136227526486,430.38759773695597,143.4119902965278
737,1.5467072285753283,430.30072712482485,145.04248758515413
738,1.5488013111816905,430.4572073643993,144.16286079427078
739,1.550896674249749,430.9031844796355,147.59070132700356
740,1.552991701547339,430.95640970345585,148.23053780019154
741,1.5550856629518366,430.66814673238395,151.61961331666348
742,1.5571801051512508,430.8907995346713,152.72398760821213
743,1.559274417579796,430.92805249548627,152.69996548442663
744,1.5613691533539047,430.8628472154677,155.1769776750041
745,1.5634631934261796,431.0722295637737,158.78887357712688
746,1.5655577892497892,431.5054531334813,158.46441281320224
747,1.5676527275763066,431.41659709993814,160.60541661135855
748,1.5697461748764228,431.4313518768187,164.3174543104843
749,1.5718402189801153,432.18122362264,165.23743915470035
750,1.5739346218160084,432.2205270606818,167.34306150396785
751,1.5760295037244485,432.2390847017005,168.53384137022525
752,1.5781239238326052,432.50198844265367,169.91395210901723
753,1.5802176736109215,433.3532665768314,171.77698115417616
754,1.5823123941098438,433.33381231253304,175.8928570248767
755,1.5844068047546922,433.6164362839588,174.40797725931054
756,1.5864996832696292,433.69357550871507,178.16522397217045
757,1.5885944598128996,434.23811088653514,181.03806818377623
758,1.5906903325437156,434.13469942873394,182.03639349524335
759,1.592784689092666,435.0126370030442,184.8057518918786
760,1.5948796873290236,434.9266487017929,186.02575097238395
761,1.5969745597395735,435.836524840333,189.03948174507346
762,1.5990689218084002,435.7383382178132,190.24996685094357
763,1.6011633213632455,436.1693774924412,193.78671714649
764,1.6032577776043084,436.4462740056615,194.89026361989642
765,1.6053514020964894,437.0645222530115,199.3803731251468
766,1.607445093072501,437.2005655485041,202.14446258664807
767,1.6095393086936036,437.48080071255333,195.1599863766477
768,1.6116336711357766,436.57104439033526,185.4954169520892
769,1.6137279918528686,436.1382189406581,173.29942595803035
770,1.6158221116449558,435.51336705796814,162.3377817336047
771,1.6179176229648538,434.81725578230134,150.69223177482348
772,1.6200131612431772,434.39058713722386,141.99847065562696
773,1.6221069236192778,433.6950770410179,131.23468928975603
774,1.6242011307622557,433.4199223402401,120.14734221209382
775,1.6262960841945175,432.6469524174485,109.47378149367243
776,1.6283896203498047,431.8267890924753,98.26563399159981
777,1.6304834947928883,430.6197656311361,89.54094328540242
778,1.632578127710653,431.1539307355654,80.57709304516393
779,1.6346731813158608,429.9788867917568,68.02040053505236
780,1.636767172365261,429.6065784868586,59.129287558069585
781,1.6388603779595408,428.34494457405583,49.27329171883046
782,1.6409563605892468,427.75016197219435,39.817709227426
783,1.643050621284035,428.12341342861043,29.935682011767707
784,1.645144102645386,427.39851041180754,21.561407487312252
785,1.6472395726584623,427.25237033932706,12.81709572755948
786,1.6493331318477138,425.7936982991164,2.1535157385506687
787,1.6514277435583298,426.1911447794876,-6.959071815074836
788,1.6535225655624404,424.95206123164405,-14.411431181416722
789,1.655616100487628,424.8382177472152,-24.988292467250975
790,1.6577106071833263,424.38254003306344,-33.18393501494731
791,1.6598050724476994,424.07655617179387,-41.25286426173986
792,1.6619001395524664,423.07930278238626,-48.82136082036675
793,1.6639948642035431,422.3398645581157,-59.82736225213179
794,1.6660882997554614,422.3206426208387,-67.23540723885708
795,1.6681827329415837,422.0160601727269,-73.61608882895354
796,1.6702780557373313,421.53956031835156,-82.51284309336322
797,1.6723710846745943,420.65419311992247,-91.8113659805301
798,1.6744651718920411,420.4028454863134,-99.81901393975477
799,1.6765602044792516,419.822359781528,-108.67611251127443
800,1.6786535596079524,419.20575678212487,-115.74060688051588
801,1.6807491745425278,418.7811621272793,-123.51899231588708
802,1.6828445761171116,418.4477918864667,-130.89139118064446
803,1.6849386388007168,417.74688591246445,-139.25604472009707
804,1.6870339476475265,417.51492380963,-146.8111396502354
805,1.6891280758541645,416.6912826237882,-155.14057625089785
806,1.691221272327691,416.1541718247174,-161.38916554457379
807,1.6933141346742315,415.3828075023728,-168.95392002806133
808,1.6954090930463133,415.55371234655223,-175.96923770201204
809,1.6975047078021417,414.85708638318016,-183.08549231110382
810,1.6995991246970055,414.44950142230255,-190.29742136869532
811,1.7016934918813407,414.3440513104456,-197.40058687798918
812,1.703786903721137,413.5505292422274,-203.67118810301002
813,1.7058818292953146,413.2250854092418,-210.97577512301442
814,1.7079768740006063,413.1988147446109,-218.2709141018053
815,1.710070845319196,412.89493502753095,-225.5761891615889
816,1.7121645316176712,411.88252491358213,-230.41464293649946
817,1.7142597272321454,411.5992934026526,-237.0321459270175
818,1.7163549406546734,411.3052133652601,-244.00407503825673
819,1.7184482195940645,410.74908687732267,-251.1425884162425
820,1.7205423072627637,410.0317746569921,-259.0156200800964
821,1.7226374847113666,409.8849657991645,-263.40188610882603
822,1.7247323233526113,409.2702920767538,-270.31024037848067
823,1.7268266901810085,409.03201930279386,-276.2462982510325
824,1.72892134476467,408.51983873172344,-282.99164193177273
825,1.7310153629662073,408.5531281766985,-288.45407833020226
826,1.7331087353021186,408.0366983446961,-294.92532440742946
827,1.7352028820270462,407.1014805792461,-300.8694668423329
828,1.737297419510233,407.1666714808453,-307.2517897482065
829,1.7393924268721555,406.63739601172506,-312.893560103083
830,1.7414865202316776,406.26112393294216,-318.2723969035415
831,1.7435798385311778,406.4505980346277,-325.05515112320535
832,1.7456747741592018,405.11949759360255,-330.7091454366983
833,1.7477707733578058,405.38915558192866,-335.9345845470725
834,1.7498644151299778,404.8789466709994,-341.04554743127335
835,1.7519579294274097,404.73146010877537,-346.8215012804112
836,1.754052537005875,404.24531220997204,-351.9887853516526
837,1.756146014277543,403.77513684939424,-357.8627556923211
838,1.7582399685899122,403.5410718686936,-362.7023743017145
839,1.760335124398212,402.5935149015198,-368.17301090261793
840,1.7624306374180432,402.77231431218405,-374.4226574914487
841,1.764524733445493,402.2500251992764,-379.5873825630439
842,1.7666195957988082,402.1959800457064,-383.8844172402484
843,1.7687146552767006,401.7769903753949,-389.7357353534667
844,1.7708085687106505,400.77605238195144,-393.9237337028008
845,1.7729026984403262,401.2176361118823,-398.62579683827465
846,1.7749968373222131,400.4041150510804,-404.3712833388312
847,1.7770919795414395,400.9587779286007,-410.02128294608974
848,1.7791866891650514,400.107846691026,-413.6416886007897
849,1.7812805740714612,399.96929583148346,-420.0799720115311
850,1.7833749145944944,399.64034953461277,-424.19276697945463
851,1.7854698174814119,399.3348361719345,-429.6118755262528
852,1.7875649050000997,398.7100851887093,-432.99625036393263
853,1.7896586091751823,398.3019164866971,-438.3978253943267
854,1.7917528105223397,398.1171164606572,-442.45889617846416
855,1.7938472619734778,397.6397855965145,-447.6579369258448
856,1.7959410333998334,397.6740368151668,-451.6512329140322
857,1.7980353139963554,397.20572183533585,-455.78187978426774
858,1.8001292949050451,396.72354724455596,-461.74992171827085
859,1.8022240144636215,396.83645071516025,-464.86840936361426
860,1.8043180357006787,396.3811565308537,-469.2142532697939
861,1.8064120149556366,395.8724148181715,-474.03992430996806
862,1.808507216693214,395.7199172965198,-477.0488470796904
863,1.8106012235056632,395.5405555631865,-481.9950341261932
864,1.8126961076333348,395.1666464947451,-485.9543009918286
865,1.8147906359659112,395.1077343482842,-490.818332240272
866,1.816885013662702,395.08182320597575,-496.1037130613692
867,1.8189799788179999,394.1495285718558,-499.41380032481914
868,1.8210733357472892,394.22692302644697,-502.7647164569803
869,1.8231675363973032,394.0373988215932,-508.17257675386503
870,1.8252628639859947,394.0266662609373,-512.6005548527058
871,1.8273578690890415,393.5336322431734,-515.2576284763879
872,1.8294529153678178,393.5037972421013,-520.2352302579316
873,1.8315468366202061,393.14897454037265,-523.2376079724364
874,1.8336403420201965,392.6003822970295,-526.796780835256
875,1.8357342642631629,392.60486380360084,-531.0738657842849
876,1.837828606636473,392.3764896634794,-534.4523307631215
877,1.8399232687279,392.3744461800392,-538.8591007502935
878,1.8420169361094605,392.11670892849025,-542.5464116144909
879,1.8441103454239045,391.99396614639716,-546.1828409095248
880,1.8462047113551943,391.76940354540915,-549.8645331277235
881,1.848300337583767,391.60116752225076,-552.9625763265725
882,1.850395118058644,390.63752241371844,-556.5070094994611
883,1.8524895015648957,391.2736050591686,-561.1831785951842
884,1.85458435317291,391.24501812311325,-563.9138704403307
885,1.8566786691854407,390.396840579814,-567.7749209978596
886,1.8587722962005393,390.6934622158988,-570.9093491119419
887,1.8608667292143481,390.3886321427059,-573.8863910657258
888,1.8629623979972338,390.0092383128378,-577.3106454689378
889,1.8650575007618033,390.6898616744929,-582.3538412915377
890,1.8671515757398978,389.8569911021097,-585.518848613219
891,1.86924567270883,389.9683463675117,-588.5405898634174
892,1.8713402290883943,389.5578087880847,-592.0521367892123
893,1.8734333441485889,389.5830894594788,-594.6803363550379
894,1.8755274569663687,389.69154897027147,-598.2464642732267
895,1.8776226584010878,389.23882518593325,-601.8862100301728
896,1.8797156234954413,389.1280030644032,-604.4412994185521
897,1.8818097674713492,388.93718248586936,-607.5713342809934
898,1.8839051205157094,388.3200713067877,-610.5834031430884
899,1.886000042933448,389.1911435744335,-615.087220667338
900,1.8880949075451439,388.58983244601353,-617.4550050860818
901,1.8901881584759161,388.8948963179453,-622.1984715948112
902,1.892283217936019,388.8944574336235,-625.297376270783
903,1.8943782680554568,387.8821184185865,-626.9757579257821
904,1.8964720473710392,388.3166188867402,-629.6157521264739
905,1.8985668668489433,388.2665359319229,-633.7443241735288
906,1.9006612809862096,387.5833479182371,-635.53842965643
907,1.902755719587151,387.8013743884223,-640.3727343165496
908,1.904849757588545,387.58837220476016,-642.606407698443
909,1.9069430754605277,387.94228427574643,-645.5771690024728
910,1.9090378340013505,387.596034717499,-648.6249159333072
911,1.9111324914183263,387.7007007077804,-650.7991122009297
912,1.913226965923519,387.4753153396986,-653.3285699371598
913,1.915321381331026,387.64933009005506,-658.3022960914777
914,1.9174162748437817,387.480595487307,-660.1273047503785
915,1.91951096404297,387.6698397243104,-662.5507838496734
916,1.9216039358616672,387.901633114697,-666.1527309315761
917,1.9236986253914137,387.7135765453623,-669.0397730844029
918,1.9257933066276691,386.9504503678304,-670.9822234116056
919,1.9278873651498682,387.01000904550216,-673.5108362250692
920,1.9299807661659822,387.43227469838854,-676.9721170260007
921,1.9320760482648573,387.2146887993809,-680.0687141296714
922,1.934171767524072,387.09168894340064,-682.7475040728253
923,1.9362651059315399,386.98571028855434,-685.1258481915715
924,1.938359138419254,387.03046995741823,-688.1781811641858
925,1.9404538735984294,386.97264491320874,-691.2943000000546
926,1.9425479146608418,386.8499847454345,-694.0121934344489
927,1.9446418189559174,387.123913230805,-695.6828765378496
928,1.9467371502259871,387.3890687593201,-698.8758541955548
929,1.9488329760684335,387.6504697841391,-703.1021001980688
930,1.9509268120448882,387.51557059622235,-706.5314134439446
931,1.953019609354344,387.6237265848029,-707.2476728804081
932,1.9551147244404972,387.2961989755472,-709.5509802727637
933,1.957209950604826,387.4441300284303,-712.1137830096682
934,1.9593041179655175,387.63227985467717,-716.9185557971966
935,1.9613980124620214,387.26496052632564,-718.882351122735
936,1.9634920823781827,387.4643713088154,-720.6291462587445
937,1.9655870316775599,387.5137827413602,-723.4247263999357
938,1.9676813106463258,387.74028563580333,-725.60795002806
939,1.9697755380711686,387.91663164898057,-728.9956866056496
940,1.9718704076888727,388.28016883598195,-731.630963050193
941,1.9739643213778544,387.96868539165644,-734.1874641656706
942,1.9760582139073395,387.74729905653606,-736.6303084934623
943,1.9781533744008393,388.0430468865312,-738.5985962553734
944,1.980249297656676,388.5397576919509,-743.4773312348676
945,1.9823436902775773,388.06338797200414,-744.5935573109546
946,1.9844363854611324,388.6543235742659,-747.7454646959607
947,1.986530057736426,388.3216284569203,-749.1976341260697
948,1.988624138262085,388.7448838652556,-751.2469609560655
949,1.9907191302641989,388.8865015908987,-756.1312982080278
950,1.9928140678397719,388.86107331984147,-756.6386969203564
951,1.994908057158038,389.22566395862145,-760.7212146676655
952,1.9970037235567513,389.31999944118104,-762.1758983004131
953,1.999098539119481,389.79803133304483,-765.1422463696441
954,2.001191245179364,389.2225841422322,-768.2027888550648
955,2.003285465781134,389.8285873751687,-770.7619086208052
956,2.005380090953843,390.02884940823634,-772.6063862744984
957,2.007473757612322,391.1289466246204,-776.1360629783471
958,2.0095674385752345,390.44740047199696,-778.6349428106989
959,2.0116620669227445,390.6394582256428,-780.6819929701483
960,2.0137574654124313,390.2611197176345,-781.447975367079
961,2.015851542299029,390.545466890072,-785.4878538570217
962,2.017945842236743,391.51877751279045,-789.3885894014178
963,2.0200414078173843,391.4092088195789,-790.577302891959
964,2.0221364472105585,391.7609754009399,-793.6548361878142
965,2.0242304661583193,391.997766421752,-796.421771532924
966,2.0263241213554704,392.1393331428336,-798.3423231281066
967,2.028418169537371,391.9509752138985,-800.078335735612
968,2.030512126699397,392.38638123948795,-802.8616598301381
969,2.032607257696191,392.7425460954472,-806.270179203693
970,2.0347026748788237,392.8017268192749,-808.5251662394038
971,2.036797432049628,393.6796143314472,-811.324030029056
972,2.0388917803566513,393.358137593583,-812.247492300069
973,2.0409854404727548,393.9553571712435,-817.2342246264304
974,2.043079158497923,394.8587731144242,-819.2397059152622
975,2.0451737042342053,394.49068878601435,-821.3050574490775
976,2.047267957686092,395.1202531706148,-824.7387322786834
977,2.0493625921646865,395.28400244053086,-825.5035959409526
978,2.051458159400133,395.2896312986142,-830.3276825568053
979,2.0535521918605197,396.29997753010633,-831.6463376032472
980,2.055645062675616,396.22905595308686,-834.169313104439
981,2.0577393587752955,396.10499161520113,-836.8225860284152
982,2.059834437786395,397.28803251307323,-840.0632685783214
983,2.061928055170489,397.10084651240584,-842.1485511434604
984,2.0640226957402352,397.23579662313904,-845.4816698341052
985,2.066118258189404,397.97719975724186,-849.1718882752953
986,2.068213196804832,397.7914728440267,-849.7809604306999
987,2.0703072818107917,399.05842288883315,-854.0715764331625
988,2.072400931462771,398.7400953390008,-855.3064000027374
989,2.074494103322103,399.3133676617535,-857.2512619355193
990,2.076588647294614,399.5681085904383,-860.8732124647131
991,2.0786837571325223,399.6571117648333,-862.9298185831503
992,2.0807786951127576,400.46889610141676,-866.9196785355817
993,2.0828733611799306,400.67022352885203,-868.3724794963924
994,2.0849676047315464,400.70816228658765,-868.8271550160341
995,2.08706191167589,400.9313213166811,-874.1871095332929
996,2.0891552570733616,401.6868666073459,-875.8338061868644
997,2.0912498961643236,402.1451894424598,-877.7078641510998
998,2.0933446561638878,402.8830246879154,-882.8305824435555
999,2.0954387435644386,403.43150999145354,-885.17250769301
1000,2.0975335870618825,403.2925513249817,-887.2118287236271
1001,2.099629070349723,404.4888028432756,-891.4734529673891
1002,2.1017228492895934,404.64721754653885,-892.7211198862323
1003,2.1038170482062775,404.4923001203373,-894.9602823463789
1004,2.1059122372778973,405.3966040281891,-898.9227763532788
1005,2.10800554057148,406.4147105182612,-902.9654941284566
1006,2.110098599114947,406.5270093320263,-905.3697417261355
1007,2.1121927216235163,406.90401977794704,-908.9935532257031
1008,2.1142879182187984,407.283341322675,-910.7642345214397
1009,2.1163820759811065,407.8957427612662,-912.6033328722142
1010,2.118476597123504,408.48902129100526,-917.4751740985885
1011,2.120572077635568,408.62081208241136,-919.0918419452427
1012,2.122666143506846,409.2085239087215,-923.2129272698728
1013,2.12475947440395,409.96486246586335,-925.79281985606
1014,2.1268549228070284,410.3907256338597,-929.4543254922016
1015,2.1289503858580807,411.29812924471435,-931.9853301153901
1016,2.131043274916299,411.4400498407361,-934.0023425597113
1017,2.1331378502136085,411.1129944702514,-935.9706570013851
1018,2.135233020544507,412.13059102481793,-939.3231629709592
1019,2.137327211773404,412.9664370286269,-943.738781041369
1020,2.1394213678417553,414.0079095367982,-946.3146654873445
1021,2.1415151935265153,414.27918256082677,-950.7928663693725
1022,2.143609686067666,414.5185407628835,-952.7645078042067
1023,2.1457039096890913,415.35707738841893,-955.696770739035
1024,2.1477977892281794,415.73421870704965,-959.4997516675825
1025,2.149892773795189,417.1838067685927,-963.3313032395354
1026,2.151988207011953,417.7152657811893,-967.5881295835591
1027,2.154083430042502,417.4558325833699,-969.2889791443882
1028,2.1561769020273363,418.59322883902297,-972.9823576216814
1029,2.158269727638565,418.4149761354685,-975.5962606779033
1030,2.1603643338266334,420.14906506719694,-979.8761068626713
1031,2.1624594611960894,420.2502199736504,-985.2914500335036
1032,2.1645538445620423,421.26547338041564,-987.3584953315801
1033,2.166649266160557,420.85731501506007,-988.4950624141918
1034,2.1687438965600263,422.5810468151569,-996.3342700464063
1035,2.1708363804402464,422.16446143279126,-995.6178631904766
1036,2.17292939543057,423.34028360308884,-1001.7740476314939
1037,2.1750246621139153,423.47387450952505,-1003.6310206981866
1038,2.1771189095943266,424.31740649049397,-1007.5577313742302
1039,2.179212962470575,425.0930122931629,-1010.2091697181904
1040,2.1813066434396426,426.1672221309572,-1015.383065245467
1041,2.183402629792164,425.47277332315724,-1017.5633171938167
1042,2.185498119455816,426.70379319673003,-1020.0477248561004
1043,2.1875916200185137,426.7038571123539,-1025.599546799644
1044,2.189686441120868,428.00042950571475,-1028.1767441833606
1045,2.191781413276182,428.357519070007,-1033.3711036631937
1046,2.193875147711239,429.3542541278727,-1037.4298317844825
1047,2.1959686613130316,429.8610026740791,-1039.4895168855746
1048,2.198063923558019,430.1353679122269,-1043.7545993891151
1049,2.2001595001532226,430.98734393972114,-1048.2503283686974
1050,2.202253779153767,431.1823264046691,-1052.4493851829984
1051,2.2043460760907565,431.5651526999165,-1055.4584483060266
1052,2.206440891990371,431.98689790419377,-1057.5504789969525
1053,2.2085356491852317,431.9392861480054,-1063.3923148639155
1054,2.2106277016542335,433.49946448859936,-1064.598488586557
1055,2.212721958545959,433.4516368305361,-1069.6776232987058
1056,2.2148185083900422,432.96116367270315,-1072.680689919456
1057,2.216913061952383,434.11638856805956,-1077.5403806982677
1058,2.219006160150891,434.20437640031696,-1083.5711817944089
1059,2.2211007684745443,435.39775489222524,-1085.1933480118628
1060,2.2231966067711273,434.9923792487988,-1087.6258470805824
1061,2.2252915180225106,436.80292196591915,-1096.303410520158
1062,2.2273849286831946,436.3135933740935,-1097.400308657314
1063,2.2294794057777056,436.2756459538418,-1102.704353079025
1064,2.231574082226972,437.6388607367784,-1105.8476270453805
1065,2.2336675726385264,436.6635740840573,-1111.975093790894
1066,2.2357616690730993,437.79710547258003,-1113.7076373540642
1067,2.237857388038379,437.8289997213703,-1121.026170663546
1068,2.2399520699736297,437.93965634709053,-1122.1529912982521
1069,2.2420449617357057,437.855712122964,-1127.985434384787
1070,2.2441391380853632,437.87957172271257,-1133.2737493446555
1071,2.2462342793770116,437.9472060624685,-1134.9574560224191
1072,2.248330004000319,438.0581821086679,-1141.1367259104472
1073,2.2504234986669656,438.13103508907443,-1143.852840125011
1074,2.2525166459790467,438.128040297217,-1151.2276874196907
1075,2.254612702557845,439.0534938662083,-1154.6844739734015
1076,2.2567074239010356,438.0189580577336,-1158.711713788267
1077,2.25879926569608,436.9609689235571,-1162.8481627968426
1078,2.2608934332232278,437.39303495513485,-1165.8121298989956
1079,2.2629890832862967,435.62587821372387,-1168.8849768436414
1080,2.2650815906481947,436.0636337852259,-1173.4199062140096
1081,2.26717631551426,435.7402220083307,-1180.5153723515657
1082,2.2692717091510235,435.07836781919417,-1183.2462517219285
1083,2.2713660430599174,434.44822494219136,-1186.7369734604906
1084,2.273460830916725,433.8526736833513,-1193.4962081307933
1085,2.2755552510450507,431.9824784371038,-1194.5936344343902
1086,2.2776502981151867,433.3587411326317,-1203.7879836231652
1087,2.2797428242388995,431.791148463236,-1205.1287320238846
1088,2.281836092329788,431.55060484961496,-1208.9787013895511
1089,2.283933556285596,432.06633303966754,-1215.8874666086292
1090,2.286028868050817,430.9102782697995,-1216.9320395317084
1091,2.2881212248812486,431.36248005347824,-1223.099269669342
1092,2.290215014848569,430.74423341435033,-1225.8124658247923
1093,2.292310229911211,430.368256867787,-1228.8018574905964
1094,2.2944051456334345,430.1294257150426,-1232.9545533121693
1095,2.2964983471898495,430.53762720670045,-1239.5439505103209
1096,2.2985921024349003,430.4282830631903,-1241.8148911286737
1097,2.3006888643809247,430.3947943407701,-1247.1269039240738
1098,2.302783634096356,430.746800123181,-1250.3282810967207
1099,2.3048756698218886,430.7662123597188,-1253.6662251592898
1100,2.3069695720010412,430.30677206794064,-1255.424809004649
1101,2.3090651112173397,430.8877281201485,-1261.546687962398
1102,2.311158495429861,430.94353177111213,-1264.8627097688495
1103,2.3132509513768182,430.52290003175375,-1267.3535442010254
1104,2.31534766594442,431.3152380418581,-1274.04248870704
1105,2.3174438092641236,430.96831767334913,-1275.4695728023062
1106,2.3195366518474128,430.4464706058334,-1277.1794136580286
1107,2.321631141204296,430.20435036312324,-1280.8397932003531
1108,2.323727832694395,431.7940480512269,-1287.3417308436003
1109,2.3258211826493147,430.577823378194,-1285.8463390256702
1110,2.3279133966950116,432.4650895095135,-1294.3221175972772
1111,2.330008120458155,432.2553066801698,-1297.331844114933
1112,2.332103956675321,432.11528461433096,-1301.9036572147725
1113,2.334197579452735,432.74477431259464,-1305.5630643691868
1114,2.336290017181209,433.47048394363105,-1311.0466036782639
1115,2.338385505091734,433.0709195685811,-1313.5343694433798
1116,2.340480189114194,433.25438675618653,-1316.1941459648258
1117,2.342573391055059,432.63616886729136,-1317.25493373685
1118,2.344667848677038,433.07940337642214,-1320.2200181330938
1119,2.3467629878884537,434.0528216570778,-1327.1313745115337
1120,2.348858220839854,434.07990684494195,-1329.739717488713
1121,2.35095250082758,435.3190453965005,-1336.1901177520267
1122,2.3530449396760944,435.2774427152627,-1339.2419505865078
1123,2.355141499104623,434.7465754630846,-1339.1542265760918
1124,2.3572378412451434,436.2142029801495,-1346.0413624534726
1125,2.3593294861259198,436.7559390779234,-1351.0316179989675
1126,2.3614224992004984,436.070629363688,-1350.960194009472
1127,2.363517948981548,436.6535948429435,-1356.5780600192295
1128,2.3656139136423477,437.31663435912856,-1359.6227099853431
1129,2.367706660383537,438.9703961263917,-1368.526533292558
1130,2.3698014470222093,437.7286290567598,-1366.617068012547
1131,2.3718977582075165,439.9900123888991,-1376.4684839671559
1132,2.3739899214574836,439.7062463825667,-1377.9944826560893
1133,2.3760825194215927,439.8457674306375,-1379.673313586936
1134,2.378179070039863,440.6731666263968,-1385.3246155628976
1135,2.380273759058959,440.26042750611896,-1386.3774485532904
1136,2.382365673610318,441.3283445275792,-1392.5132550650974
1137,2.3844604460166168,442.698934629176,-1398.2047672232352
1138,2.3865571190304595,443.5490558328024,-1404.7374600244489
1139,2.3886520978255446,443.99390634845287,-1406.5674218820348
1140,2.3907442891236066,444.95166583093544,-1411.6736028190169
1141,2.3928386457990913,444.8817373893446,-1413.4279511480745
1142,2.394934562690242,444.9077822248259,-1416.7627914333889
1143,2.397029599690107,445.7773800301999,-1418.8766210028143
1144,2.3991222591305954,446.65637325890884,-1425.8849417388085
1145,2.401217024080888,446.8624064431521,-1428.3124851282578
1146,2.403314513026698,448.25298856885354,-1434.9809262567667
1147,2.4054081911284184,448.49886540085936,-1437.9295227035232
1148,2.4075011183217048,449.71386443625215,-1442.826409889472
1149,2.4095960074264258,449.960515092937,-1448.6728310717465
1150,2.4116926326559978,450.5033590366588,-1449.9072933889136
1151,2.41378425055939,451.6690030300552,-1455.9276360321378
1152,2.415877382497087,452.2698304054543,-1459.6265088084801
1153,2.4179783678062123,453.05821702837875,-1463.7752713440866
1154,2.4200733739460714,453.3388062271786,-1466.6712033052472
1155,2.422162501290004,454.4380567741679,-1472.253452458089
1156,2.424257158180454,454.33215552132697,-1474.2351905687678
1157,2.426355368807169,456.2196679096744,-1483.0320234000428
1158,2.4284477900186845,457.2180012520538,-1487.0536605137092
1159,2.43053883847394,456.6334076858783,-1485.8550568708588
1160,2.4326356353293934,458.42531503032865,-1494.4549457725989
1161,2.434732612021302,458.8768817095583,-1497.365560408458
1162,2.4368252927922227,459.81850033683025,-1501.7152021690968
1163,2.43891890863681,461.0893899071106,-1508.3707110616633
1164,2.441014895314609,461.18933468129313,-1509.0728107008022
1165,2.4431105244568765,462.4951175328671,-1515.7758238345068
1166,2.4452031167440684,463.42999244330207,-1520.215304562624
1167,2.4472938786799143,463.51644593796715,-1522.2399940778855
1168,2.4493915902413868,464.66366433373116,-1528.222092293179
1169,2.4514877943094935,468.2528480453016,-1541.4625233476515
1170,2.4535774837073663,467.0305514509523,-1539.1652011167232
1171,2.4556717453467782,467.9031925305598,-1543.5286555010612
1172,2.457770725968573,471.2108347265988,-1555.7433154666492
1173,2.459865450868259,471.58915738828813,-1558.73772356015
1174,2.461954843714291,471.2948180757542,-1559.8084025580886
1175,2.464051305962942,473.7386760574624,-1567.5404146381125
1176,2.4661493201186655,474.693245159687,-1572.6867682659126
1177,2.468239991051035,474.4021585236261,-1574.5225423737484
1178,2.4703335941159144,475.9325700902757,-1581.175588153331
1179,2.472432426226094,477.1776517240802,-1586.5047403018689
1180,2.47452690434623,478.31339570184844,-1592.1233529152998
1181,2.476615373809059,482.5671794297003,-1606.9576747651247
1182,2.478710457672189,479.82686391668113,-1598.4480166114533
1183,2.48080966574444,481.2578518852796,-1605.4478711398958
1184,2.48290090100287,483.3924840091655,-1614.2566954577865
1185,2.4849923340191187,483.65926547957827,-1615.6260579867637
1186,2.4870897130294636,484.51099192526715,-1619.2243569084826
1187,2.4891862386660164,488.02301567851873,-1634.1103868961993
1188,2.491278235985619,489.82077185309464,-1640.1111444456044
1189,2.4933690456944357,491.6173920089885,-1649.0745587412998
1190,2.495466543397291,491.7753585095521,-1649.7799031461793
1191,2.497563830960505,494.54508364630965,-1660.5639269114774
1192,2.499654519205421,494.34350291316525,-1660.9929207428145
1193,2.5017479497353943,495.1792112158148,-1665.5168815231773
1194,2.5038480054516667,497.5616531159278,-1674.1424224871846
1195,2.505943433921919,498.5545778276687,-1678.8756402804597
1196,2.5080284861327207,501.9477890906849,-1691.6153222085957
1197,2.510123955773609,501.5987565632113,-1691.4552901782445
1198,2.5122261646694253,503.3250053693703,-1699.712480965244
1199,2.5143177674343575,505.3876894476856,-1707.1919886330052
1200,2.516405803072155,505.09387170030044,-1707.6365577830786
1201,2.5185026929964116,506.70172554077976,-1713.5304874883818
1202,2.5206041831245063,509.44921559674106,-1723.939571446267
1203,2.5226964757648327,511.74604557558183,-1731.7648003007102
1204,2.5247869961159406,514.1747874392507,-1742.0845728506588
1205,2.5268843920051487,513.9814628643505,-1743.1975081019355
1206,2.528980483597168,516.50487381083,-1751.9366366500142
1207,2.5310684597394695,519.0016755012591,-1762.122467959155
1208,2.533161718042206,520.3128552287786,-1767.339142261291
1209,2.53526488574662,521.6698042639088,-1774.072826982431
1210,2.5373603920777454,526.2867031530917,-1790.6577569778274
1211,2.539445749963502,525.2867738877411,-1786.4301999713364
1212,2.5415417180131348,526.3449442165032,-1792.531290240556
1213,2.5436457679371425,528.614096938515,-1801.078557487636
1214,2.545736808475733,529.966477542643,-1806.388616351097
1215,2.5478233832874237,533.6357292646544,-1819.134899598659
1216,2.54992085584226,534.3157426285867,-1823.7161185430148
1217,2.5520207655356866,537.1466749803532,-1834.3320814390254
1218,2.5541098448110064,538.0598775257994,-1838.8703460551123
1219,2.5562002600365847,542.321249128147,-1853.1838366291558
1220,2.558305455724291,545.3663290555767,-1864.6977541325298
1221,2.5604026511470312,544.0476328726984,-1862.0088792928434
1222,2.5624826414852553,548.3145062902233,-1876.3973465829795
1223,2.564574391949512,549.0114855113841,-1879.9176324997095
1224,2.5666808497683498,553.9630769143206,-1898.700531101864
1225,2.5687773451615423,553.867449136958,-1898.7784740354339
1226,2.5708608935170316,555.7278655337295,-1906.1510608347821
1227,2.5729575952355885,557.7813706797712,-1914.6843370318252
1228,2.575060651513359,562.7083869270939,-1933.8276682700807
1229,2.577148431575012,563.0544187678219,-1933.6532086747004
1230,2.5792346077561192,565.7159056197821,-1943.9604093777514
1231,2.5813352493894732,564.6594607833949,-1941.7042191550086
1232,2.5834369526956515,572.6564275499475,-1970.8821268586585
1233,2.5855218346006232,574.8313518494348,-1978.0148965253215
1234,2.587610713900489,573.9479613429912,-1975.56733518679
1235,2.5897186990593415,579.566100128446,-1996.4156335833322
1236,2.5918181690667126,585.387512934172,-2016.9549890000787
1237,2.5938985009385314,584.570789910349,-2015.171576963069
1238,2.5959901966325076,585.3089874444272,-2018.5473982995143
1239,2.5980970827886534,590.6232975043625,-2036.571110873608
1240,2.6001911974764487,589.7545567894898,-2034.3109726278758
1241,2.6022734575046016,594.886468040572,-2051.9376167980886
1242,2.604374761438423,599.2778666029398,-2068.9423866320662
1243,2.606480077670044,602.6489439405574,-2081.326633680014
1244,2.6085618800169397,606.624814898155,-2094.372280503813
1245,2.610646200048581,606.2693815501108,-2095.810727687187
1246,2.6127580952497533,610.3263694868298,-2109.7296168248254
1247,2.6148609257992828,614.7237795781868,-2125.3644742085144
1248,2.616933454172155,615.637660913766,-2129.2882416389207
1249,2.619020659870304,617.3939401109205,-2136.815445317341
1250,2.6211346279669097,625.079940143094,-2163.646914970581
1251,2.623236503452788,624.994704978077,-2164.4068398016398
1252,2.6253090562225565,632.9840438308097,-2192.7528883595264
1253,2.6274000701334055,633.3885168381154,-2195.3716532808376
1254,2.629513118467727,635.1697638536087,-2201.750102568684
1255,2.631604301330356,640.3233545140467,-2219.9967182614496
1256,2.633685254021577,646.4949033105263,-2241.5556480103874
1257,2.6357889797673804,645.499898917504,-2240.9193183969837
1258,2.637895874321367,650.7524152208342,-2257.9535820458727
1259,2.6399747081141895,653.8337211732303,-2270.2484385386488
1260,2.6420591747927733,659.5557109356572,-2290.643176772226
1261,2.6441764666284318,662.124504189199,-2298.842490987409
1262,2.6462775406423154,667.8218403792488,-2319.442762142399
1263,2.6483402943393326,670.8987809298286,-2329.9891260935065
1264,2.650428729148096,669.9087645739777,-2329.317958335714
1265,2.652562718674548,681.826973602915,-2369.567302385536
1266,2.654664088292312,684.3375424197203,-2379.2024535023897
1267,2.656712651557163,684.3774504833957,-2379.9276021042783
1268,2.6588106765908748,691.308388643024,-2404.575631206451
1269,2.6609452450324915,698.9483703249042,-2433.2022166322204
1270,2.663032290426174,698.3721435871449,-2430.407189413612
1271,2.6650914877184944,703.8944186724596,-2449.380616487823
1272,2.6671986225603375,702.9085333728611,-2447.097893771774
1273,2.6693218160411916,709.0691162776761,-2468.2881697403404
1274,2.6714003686163363,710.5835508507379,-2474.7934078935555
1275,2.673473653710363,717.2885926864267,-2498.592273470042
1276,2.675588689124729,724.0653289448502,-2522.992971528698
1277,2.6776964003773744,727.3807467167538,-2534.2238523966043
1278,2.6797534796790945,735.3962859095948,-2561.2456194228866
1279,2.681845016836506,746.9892105143858,-2605.46426723645
1280,2.6839785543392702,745.840354574112,-2601.2450414835735
1281,2.6860638705482365,741.2821650869801,-2583.9510390362007
1282,2.688115580192901,750.7603531917246,-2617.1173656716273
1283,2.6902421071216107,750.5345413040573,-2619.4335922979208
1284,2.6923784453538007,763.9782403711664,-2666.5531344261813
1285,2.6944235266222867,772.259439740294,-2694.9188498423123
1286,2.6964818302236213,776.3402560899893,-2709.7284342106473
1287,2.698646249049189,767.8211168750529,-2679.4459609363344
1288,2.7007725953070936,777.6339016988434,-2714.395565050047
1289,2.7027692368507834,787.5441189449637,-2749.2847208064563
1290,2.7048443440936585,793.4027422914235,-2769.4638759193504
1291,2.7070515904059915,809.9727666965377,-2828.2910250639907
1292,2.7091632832728005,802.8328190389996,-2805.3567109990026
1293,2.7110832098570423,814.982819419192,-2846.6014705560838
1294,2.713194248534394,810.980882789805,-2834.2512546984476
1295,2.7154564422347596,814.5983238872731,-2846.3058089448486
1296,2.7175455830902693,818.4966222282924,-2859.574850525667
1297,2.7194409477796717,848.534837016253,-2963.537117437209
1298,2.72159410281056,830.7944269068123,-2903.359241838497
1299,2.723868494276683,839.4706344437501,-2933.9272556237242
1300,2.725905473691433,837.8089302229539,-2927.141257115958
1301,2.7277938720843573,856.4182413565876,-2993.757254519011
1302,2.730005424734083,864.3415512714997,-3021.7979193228216
1303,2.7322910595910366,854.7780231930032,-2989.8877441475584
1304,2.7342323934891035,872.8271349906197,-3050.9067410298703
1305,2.7361123669415965,889.5740280322443,-3109.5464469342205
1306,2.73841292247591,895.4997917299039,-3132.5518155470627
1307,2.7407262152838343,901.404005455261,-3153.5254790847553
1308,2.7424923562337074,911.4043555561916,-3188.037607067241
1309,2.7444202272828333,932.937829561838,-3263.841729365727
1310,2.7468188489948773,913.8133258462965,-3196.8097095484522
1311,2.7491571251284848,930.1805976002755,-3253.3671817526806
1312,2.7509012180135843,948.5114687380341,-3318.094144484367
1313,2.7528220566885997,969.6552568489271,-3392.8796049823786
1314,2.7552245852341666,957.1526270232621,-3349.739718316666
1315,2.7575799064734774,943.4584613196723,-3301.365738366711
1316,2.7593246433872425,1009.0506520920687,-3531.0603541244473
1317,2.761234187120032,1014.6275892519576,-3550.8553356453535
1318,2.7636390504715083,1020.2653545472754,-3568.9060589241067
1319,2.765948826576436,1011.5022728083146,-3539.8366179870777
1320,2.7676191435751902,936.9206871722457,-3279.4081256271943
1321,2.769651838220211,970.5235774630017,-3397.6350426605686
1322,2.772055945845228,1039.632484693331,-3636.0024025967023
1323,2.7739175955497957,899.197599728662,-3148.0745989667807
1324,2.775657495525559,986.2483790180144,-3452.380919507011
1325,2.7780509401576134,1058.054100587337,-3703.694783816913
1326,2.7804282678176238,1045.889763732239,-3662.2285319167863
1327,2.7823699672164355,1154.0472340732465,-4036.944726022855
1328,2.7838806433920418,970.0021460020525,-3396.2316718384986
1329,2.7859958234637583,1709.8552993503529,-5984.493547726234
