,k,Pk0,Pk2
0,0.0029665470748989845,1507.478675641971,-2110.955583429081
1,0.005026374055021859,5386.49931188178,3666.0488772520225
2,0.007149300621522788,5745.758026456977,613.4147904480302
3,0.009278869254964255,6199.322700401781,-2035.1910390546561
4,0.011450332619344701,6293.556902574714,-3400.4435534214836
5,0.013492955871419151,7533.2001513608875,655.1766347667074
6,0.01558905561191893,7640.195170726769,-2716.1110482369927
7,0.017694083672553172,7533.035242593829,3806.7778705598175
8,0.019817874803135297,8419.906838752418,-852.6972049648986
9,0.02192074938196264,9132.707280965415,-653.9161318214751
10,0.02398877635566245,8920.784302778693,252.13784849926355
11,0.026092869718961156,8543.159537397078,-770.2453003916112
12,0.028234663152781798,8881.586056819127,1651.2964926368006
13,0.03032284873509123,8749.543536752391,-204.88031221352236
14,0.03240263258943404,8453.949877085899,-404.6864733617471
15,0.03449210129864554,8255.88044525926,1697.1633650971278
16,0.03658588147515197,8032.444915788016,1095.764717604448
17,0.038684769492669774,7718.90074979945,328.8427606060926
18,0.040788988884582836,7458.728393122179,-288.21903397365213
19,0.04289390876967646,7284.54569536714,-152.7017763046222
20,0.04498336005546935,7202.555481824273,913.9559454655321
21,0.047064985294738244,6950.813603170415,142.38463769391794
22,0.04917111919158227,6689.632294557634,545.1010497827282
23,0.051262169141742274,6469.881122932322,-369.6936132114691
24,0.05335525146837034,6363.5285710905155,56.84741448295103
25,0.05546637228956934,6074.81147859405,239.90422813348584
26,0.057573188192548086,6035.159823110235,-9.719043445826479
27,0.05965884044590281,5834.496056276273,405.17831420368157
28,0.061745123021595065,5725.654308627915,111.54319229904455
29,0.0638268929113719,5698.229750904797,193.7832933385663
30,0.06592966228838451,5500.628321288356,-578.2602567093586
31,0.06803125784825748,5511.781502092102,820.8837204966678
32,0.07013131008699486,5399.556700488156,457.82559974708556
33,0.07223032366074338,5290.230484419813,691.0415851341556
34,0.07432334270720506,5140.135247837181,654.7799461119193
35,0.07642066756954473,4988.58107008625,-219.5258756715388
36,0.07850471694556041,4935.706569457485,731.9682744499177
37,0.08059701946059529,4816.6186541034485,344.41563067702435
38,0.08269521798132064,4680.285803585836,93.14707375234421
39,0.08478307522909848,4504.869005749077,585.6828262929992
40,0.08687780839616016,4408.535654094263,350.46694210660223
41,0.08897524569656534,4303.681173052467,-25.663642692952248
42,0.09108077810470518,4207.147659414582,328.14908168174475
43,0.09318432266948053,4086.791151535777,55.74747341867117
44,0.0952788764104831,4038.3899701915525,243.79413222074112
45,0.09736254237981037,3820.2082689057265,180.30422582261474
46,0.09944832814799408,3745.599634511627,420.709732980479
47,0.1015460879802399,3641.0024885159696,40.23104179401778
48,0.10364263756677322,3457.3692979869375,246.39622293920522
49,0.10573893905394659,3436.628407150735,287.03410088678896
50,0.10783958559814742,3336.7518636376285,101.5363346833908
51,0.10993894058501318,3317.4741180515493,387.60648872633277
52,0.11203921431523854,3192.8652395153554,145.78652975513222
53,0.11412334585697578,3086.5399900629177,362.7142183125925
54,0.1162159397555423,3009.307488272571,200.3956932266243
55,0.11831372048037725,2969.2643553338535,102.1747230344625
56,0.12039723118070132,2895.8087812271956,216.5496934989399
57,0.12249223631878574,2826.9349040536995,156.0736328395244
58,0.12458825984258635,2803.738390292681,210.5491505937521
59,0.12668846771583772,2735.1388486636347,35.81421409249134
60,0.1287846620419941,2661.337766189172,234.9253390728557
61,0.13087133937881498,2610.589456423796,263.40428970491996
62,0.13297548334406448,2572.3581229148904,203.27874191714844
63,0.13506910815256093,2532.2386494914067,200.62360831858322
64,0.13716388258568254,2489.2181493124476,200.93912120573597
65,0.13926047573721634,2454.6800698053817,234.2341261770773
66,0.14134668829083769,2388.4740196595694,209.1693740852854
67,0.1434475230090064,2372.8971620497596,156.50593112009233
68,0.14554528534185418,2294.2377725858105,172.46708915428144
69,0.14763320610735878,2274.681195395122,74.65662751253903
70,0.14972114728432864,2262.186095852942,152.48741158255487
71,0.15181380487515775,2191.827191551913,97.46936866681655
72,0.15392114901003526,2138.8267186650605,169.62024872249395
73,0.15602147473412367,2111.9041376643895,115.51734456091248
74,0.15811617475881218,2067.3094112259873,44.90273886095564
75,0.16021187122717997,2029.701830829154,138.51229163909835
76,0.1623006419462899,1995.4565363149522,132.28157497404268
77,0.1643899033199985,1932.2028119510544,124.98308467899788
78,0.16648355823815117,1902.4293842573766,131.47693678087435
79,0.16857196837784735,1883.494780144131,149.36961964523536
80,0.17066413320893647,1801.7653510182943,133.8623607509802
81,0.17277086992561352,1781.5230711003421,161.37838035274638
82,0.17486965460096995,1744.461782343792,130.26076097130647
83,0.17695857694944453,1718.8305052428727,156.97615248209908
84,0.17905245093155753,1671.537695553977,113.63163380353495
85,0.18115265212612636,1643.217261289309,154.0463998251778
86,0.1832476884130739,1610.0101798192234,126.61640370570318
87,0.1853312475833926,1597.215744869443,196.2839810552912
88,0.1874284892203219,1540.3837375991718,155.80512210699393
89,0.1895337179075755,1525.415075894287,116.11827301839732
90,0.1916268196474026,1513.1626950919924,118.04627844219202
91,0.1937183403446853,1489.4410674900118,164.3747765258291
92,0.1958131498886989,1466.5855208938633,114.03828960827744
93,0.19790587400989662,1439.090334015669,140.41039684035073
94,0.19999906515978938,1422.1472130679695,172.04863487115782
95,0.2020893038374759,1412.3578983746754,120.79571833513273
96,0.2041823192148178,1373.665873008128,135.82981666686132
97,0.2062825911013838,1360.6713261732875,146.07114017430004
98,0.20837701891459662,1342.8200606479345,157.68171733959605
99,0.21046758167944032,1333.845698510162,109.43388962087019
100,0.21256678542440183,1303.391783486413,117.16854608767201
101,0.2146619261104852,1283.579782655699,126.78296532146351
102,0.21675618057220372,1261.009567890383,119.17150821727368
103,0.2188528705899679,1238.5380812351323,114.43263246927992
104,0.22094564274530842,1221.6115983622592,96.80958306548584
105,0.2230395148320731,1201.991287309631,125.54226706459991
106,0.22513567328585352,1184.9797371121301,127.77107031377594
107,0.22722785048644015,1167.6012380437667,139.94108415337084
108,0.22931975112872324,1148.6697993083915,103.46801993086476
109,0.23141147723465103,1129.5918569585942,127.34606935042014
110,0.23350584674782457,1113.2184598884382,111.78947292831775
111,0.23560416522029054,1100.563581805666,124.44345070261659
112,0.2377006336558307,1079.9367472438137,109.04372594456443
113,0.23979727503904752,1057.6783667153886,95.8509308242903
114,0.2418944602532704,1045.641263090526,145.69314440501617
115,0.2439884227569783,1030.2217854837245,125.2764037418309
116,0.24608359968283072,1015.6410781512909,143.3013008584152
117,0.24817552807053123,994.8223259018671,121.13027683449695
118,0.25026237006475704,984.7133099364552,115.40485478479981
119,0.25235861551053484,976.9836989361331,127.17219852355313
120,0.25445470778669854,960.3817655721756,130.73592881204445
121,0.2565487653287422,952.1696077185655,118.69528596769476
122,0.2586464955058471,934.3174246571265,96.79764992496204
123,0.2607443047329862,919.0688630379923,124.53913309540994
124,0.26284383121734134,903.0272081624917,121.5501110878536
125,0.264929885565984,891.1875574415855,118.49951246592752
126,0.2670163698864118,883.2957399448616,106.87623229816037
127,0.269112135390912,871.9701762823148,121.5103755481923
128,0.27120764961246213,862.2646934624864,124.2507766531986
129,0.27330509996536784,848.3219689760652,110.85932541818542
130,0.27539842121309294,843.9295160835384,124.49294798189082
131,0.27749656900268016,825.3635467220532,136.84752307239847
132,0.27959864364035925,817.8712814427668,117.17965679984651
133,0.2816878213234348,806.138097698405,125.78312278218031
134,0.28377609558542155,801.6809284652502,122.503902825197
135,0.2858732754634003,790.1273521656018,131.71734837163518
136,0.28796861590208045,775.593415275142,123.14151574528523
137,0.2900612915162532,762.793280293756,110.04138708632746
138,0.2921547032025089,759.2229704075502,117.89532581082574
139,0.2942501291133245,746.8898002088185,119.325010876214
140,0.2963444256131289,738.4501052766224,125.77080789605681
141,0.2984361415704375,728.9554527549926,124.21596807332571
142,0.3005318840555698,719.9714744375768,115.41044775113
143,0.30262777760316095,710.7950238996207,124.59145020483712
144,0.3047248035439954,698.0081428917049,118.45376404112966
145,0.3068210272572538,695.9661339514574,125.48988920034816
146,0.3089144805088237,682.5513182902052,124.50478501618561
147,0.31101080657849756,675.0045369674502,126.13462766124077
148,0.31310885951912926,669.2759641896416,123.2941150963754
149,0.3151991603466065,662.4903523072884,121.07876232024114
150,0.317288667284839,649.6561721187925,123.78032952797068
151,0.31938044185106124,645.0890228865787,118.82412142293536
152,0.3214783648369702,636.0978202583333,121.40128616448281
153,0.3235785211189416,631.4434621454545,113.90989445489969
154,0.32566935894833426,618.5498054112518,113.71413106781878
155,0.32776077751211374,615.3795031975438,108.21051883425619
156,0.3298523230655558,606.1125504547325,114.85981026915911
157,0.3319485433973702,600.338258768801,116.07175872096457
158,0.33404540358127904,593.4258553067352,111.02593168021038
159,0.33613494177837844,586.6843080584099,116.39346838675213
160,0.3382313832787478,580.6102769009511,116.95047714665682
161,0.3403308518124324,573.5542751882482,117.17888883164308
162,0.3424246601457981,570.2211205976988,118.69520352287661
163,0.3445197272986724,561.0833216753259,109.1893023915895
164,0.3466158524641983,553.756685914489,111.34841251359741
165,0.3487089916477683,549.8048419275663,117.25400779371454
166,0.35080114560367615,542.9128472831515,109.90350116400877
167,0.35289356821720286,536.4975200642972,114.5227082860831
168,0.3549881110219297,533.2989490409738,115.70226846812314
169,0.35708559248027844,525.6651920032053,121.2496249208875
170,0.3591813496003593,519.541581357354,111.0145910446802
171,0.3612749400626811,515.4163327024144,116.21199612066482
172,0.3633693413142722,508.20578592359186,117.23702274644614
173,0.3654632219855477,502.2697460177218,111.52308797986079
174,0.3675603773529471,499.6380879449737,109.55120815782944
175,0.36965434919829326,492.19342994655403,116.1955728233649
176,0.3717418094879197,487.12578027460813,118.10780309172344
177,0.37383404253825586,484.84464058566914,113.93260894811138
178,0.3759308579415973,478.5035025911304,120.30787518026182
179,0.37802985088946095,473.69788135988483,117.0987069602864
180,0.3801213498834686,468.81769719564477,113.60498449176669
181,0.38221306010699313,461.66371112807303,120.71242262878013
182,0.3843141376638833,459.18848438435185,117.35544967037558
183,0.3864096355836929,455.7895497029704,121.0522036389681
184,0.388502907295756,450.6406310053762,112.63050314570319
185,0.39059769208540335,445.11039302102347,118.16634500227244
186,0.3926958121232196,439.0191462774171,112.21195211484078
187,0.39478921808384226,436.78706606981257,114.06463564294226
188,0.39687821409975554,431.6964999985829,114.13751965950752
189,0.39897073627813356,427.0941989690282,111.5298519919757
190,0.401067192451382,423.0333570757204,111.02005017834666
191,0.40316228148056854,419.8000832562265,114.1840282017274
192,0.4052546340249366,414.8552108854395,105.04387196453061
193,0.4073499183903822,411.10280783502,110.7932474353475
194,0.4094468722071623,406.9276381503105,109.17364769868495
195,0.41154432885897757,402.55875321730105,111.75406841014605
196,0.41363408239228544,398.624651876812,113.659835770081
197,0.41572494638156243,395.0023941604363,102.4124969750284
198,0.41782181997781404,391.56305009490734,117.7541124640632
199,0.4199166506307261,389.33842217541115,114.16863761984655
200,0.4220107143757513,384.1498754267037,109.92345591802356
201,0.42410542949066876,380.4964907726994,114.30700999171314
202,0.4262013850195404,379.21214470731144,114.59885872451098
203,0.4282955296445312,373.3664278818352,114.45148780178631
204,0.430391806688861,371.466812792667,113.73076104479648
205,0.432488575457924,366.141692376219,111.29253484578946
206,0.4345806090039814,362.7634417071907,107.6126030459407
207,0.43667244097425384,360.3648850409131,111.53153963952626
208,0.4387671492209622,357.3471020676527,107.10330584890166
209,0.4408622534544343,354.09372789960565,109.33022668679224
210,0.44295516415095815,349.3944146794556,108.91084692586752
211,0.4450482683181851,346.41889032845256,108.84838542709734
212,0.44714683875742495,343.746784542851,109.32918798358777
213,0.44924362280569813,341.32226700813953,108.38216960235016
214,0.4513338633316258,339.0953791940068,112.26945411905177
215,0.45342753643259276,334.7601448232511,108.4917424253453
216,0.45552189548586586,331.82773307613303,109.2739959750661
217,0.45761716616081083,328.69263750469446,113.2219178364961
218,0.4597117909764672,326.1292192533876,110.6867044366592
219,0.4618031890496857,322.7987816474829,106.92977649771089
220,0.4638995470730997,319.6096216359479,105.07183405611464
221,0.4659948171464902,317.7230893336859,111.45941118405108
222,0.46808929446972725,315.64608607337317,106.71720233667648
223,0.47018492649495636,312.22941024726083,106.62564799122802
224,0.4722792778491551,309.1154026248235,106.15539572457088
225,0.47437272572904565,307.1391690428699,106.09246636857583
226,0.47646593372141327,304.2717188992907,106.73335315524018
227,0.47856230727426236,301.7704426696006,108.88490243700468
228,0.48065904058976644,298.9089341698845,105.16631042788634
229,0.4827512226177774,296.42950857114886,111.31971142087666
230,0.4848441163240575,294.2832545324778,104.67299757170925
231,0.4869397730506266,292.1225188237082,106.26734256979738
232,0.48903678813400875,289.58110299428387,106.39024934857639
233,0.49113096964965397,286.0688385951541,106.52683237587256
234,0.49322332174786626,284.31878361479204,108.10851454670953
235,0.4953187148676145,281.96719470140584,105.30108006580872
236,0.49741120358770496,280.4104697128975,108.54464751791153
237,0.49950082345999325,277.7422256794204,105.01418311813741
238,0.5015952506837275,275.4296100165554,104.81580334069493
239,0.5036919972981919,273.05032866086043,104.15811113151032
240,0.5057872116617207,270.2362723790141,106.32121773016999
241,0.5078828569897101,268.3239635940962,104.43886804823606
242,0.5099793452386306,265.73288509268053,106.25420586348234
243,0.5120767256379639,264.5268140637731,104.20051654747972
244,0.5141702395931294,261.4013881069612,103.81643454174747
245,0.51626132102766,260.16521073509875,103.6678745251054
246,0.5183576899265504,258.4888732491764,105.15627539464623
247,0.5204524416424112,255.24264597579443,102.8900966138378
248,0.5225430403510469,254.1512937930907,103.41386937707138
249,0.5246378991347941,251.91259264458233,100.3904515342944
250,0.5267345150769579,249.73724777158367,99.65892983961868
251,0.5288284644781793,248.21391778500285,102.97129425535576
252,0.5309200047543352,245.779315090051,103.86821118356612
253,0.5330154787982235,243.77482425923816,101.57329382059706
254,0.5351140455458262,242.52457546103298,102.21977152091883
255,0.5372066203065362,240.44465970786794,101.35966564933669
256,0.5392991990272246,238.74151325283205,101.45618981108865
257,0.5413944118270408,237.3070909609255,100.15669304258196
258,0.5434881995106379,235.2230490554175,101.06975409211718
259,0.5455829952492127,233.9424241334132,102.26314511490519
260,0.5476769745662954,231.753258380988,100.91978778394346
261,0.5497697255495043,230.42549411424523,100.22181203105082
262,0.5518645446467839,228.1748737346017,98.68095530819711
263,0.5539598571350287,226.77806036341326,100.54383953405669
264,0.5560564538950566,224.48290175074445,99.06411457198479
265,0.5581500505101624,223.39425094021908,100.98968143608478
266,0.5602409063261653,222.226492272425,101.17821603282081
267,0.5623379637803174,220.40816075875446,102.78228124056487
268,0.5644363283026402,218.60589302676442,98.49370130238141
269,0.5665273824761494,216.975514925122,99.47420872468561
270,0.568621249018378,215.08488298155206,98.87738839191988
271,0.5707181447612965,213.13787397292788,99.54768470323114
272,0.5728127938597997,211.9803360520453,98.39875472633008
273,0.5749070881546879,211.10879220985098,98.11951760522706
274,0.5769991470923068,209.03879816873203,98.43990806400227
275,0.5790956911760897,207.41672035322333,97.69452661367887
276,0.5811893306261757,206.10292345778643,97.23168735727036
277,0.5832802267374103,204.58221954566918,96.63589311910638
278,0.5853761830306536,203.28836384956662,98.78277875618383
279,0.5874711784415975,202.06293116317605,96.25371272443078
280,0.5895653958899879,200.86265566813242,97.54675280211703
281,0.591659786459685,199.4618861111721,98.55967788838399
282,0.5937551851921442,198.25663014165414,97.31952531908506
283,0.5958498092767481,196.62310280583085,96.04970588624066
284,0.5979447066705442,195.33759779322168,96.67644994607303
285,0.6000383505174957,193.68850789026607,97.30692247872094
286,0.6021313016181767,191.90264103732966,95.02169042806194
287,0.6042246965556944,191.14223859461762,95.60755109945674
288,0.6063189733697846,189.9304782134309,96.50959414038059
289,0.6084147213727373,189.12511224193653,95.93487653125625
290,0.6105090855473989,187.4909478495868,95.25945595358367
291,0.6126037649785722,186.5207127036065,97.29439604121146
292,0.6147002391370655,184.81309187119007,96.47757004935038
293,0.616794938930829,183.77457384352525,95.69467281585365
294,0.6188886865784012,182.62767725661638,95.30336266125174
295,0.6209825762252046,181.16008766891923,95.09580169854257
296,0.6230764414889526,180.2984216097877,96.26868881557692
297,0.6251725389343245,178.59015159904865,93.92547553349995
298,0.627266923011265,176.8512021883111,92.49155741296853
299,0.6293596211388142,176.22233599157255,93.16449844997562
300,0.6314513250607457,175.44608374546496,93.22245421565238
301,0.6335475720513941,173.89890092330748,92.50162570298512
302,0.6356444982495617,173.30079167396835,93.60940319033799
303,0.6377358562255245,172.09251102485757,93.26952684971366
304,0.6398302949107263,171.02304205072463,93.27170577113446
305,0.6419256185614247,169.64103648336595,93.3310729466446
306,0.6440214843206593,168.86981424462687,93.66702954139318
307,0.6461142033434962,167.87785743642507,92.78636421879824
308,0.6482061138478032,166.7463422400346,92.14792553728536
309,0.6503020867345045,165.8113057456766,93.11723405460464
310,0.652398185537932,164.62108131996027,92.2570744937465
311,0.6544932048530038,163.46938767001475,91.74573065851514
312,0.6565867871776386,162.3048123804423,91.20528501180023
313,0.6586827890115348,161.54801743546932,90.99001475434382
314,0.6607793300725506,160.2014920943609,90.52048534642408
315,0.6628724964198541,159.98269935453968,92.69294110034298
316,0.6649654402217313,158.31424715049948,91.05673501739147
317,0.667059865407609,157.27085889442645,91.58308558173087
318,0.6691532523078332,156.562803410888,89.30453611752937
319,0.6712457992597233,155.3710168827993,89.34164486526626
320,0.6733390782258323,154.24025397269614,89.93804812768533
321,0.6754367503383576,153.90817042764724,90.25424677464686
322,0.6775335143160066,152.92636193492268,89.70660835181538
323,0.679624621064033,151.72694972298814,89.57204831855694
324,0.6817180292738917,151.15547609820263,89.4057884334781
325,0.6838149015047629,149.9605542106419,89.46287869361399
326,0.6859101434268815,149.15317074265252,89.62565938153402
327,0.6880046468184081,148.2943745337483,88.25148250829524
328,0.6900999637264865,147.3559380304867,88.28863786647064
329,0.6921965733216279,146.7868232707884,88.6819155346876
330,0.6942884945981568,145.75257280008313,89.16084864154587
331,0.6963781649531228,144.88484822150068,88.6944140755599
332,0.6984747371200234,144.0343016293707,87.84126090535602
333,0.7005690388882679,143.29044589768068,88.07266936471463
334,0.7026621579778546,142.16825984830157,88.06538378071288
335,0.704757268847954,141.4228838199318,86.68454704152296
336,0.7068509057629639,140.53628141749988,86.41568885193104
337,0.708945644402387,139.6764690783622,87.42047976761435
338,0.7110406815970572,139.05319932377742,87.02434680218683
339,0.7131372373036142,138.51727711771085,86.85690746928243
340,0.7152323589250973,137.47145528487695,86.5340175158251
341,0.7173245162021571,136.50335884073368,86.83027382950202
342,0.7194199711852413,135.84304487104342,86.0090350968208
343,0.7215151322330351,135.18905378147244,86.23696472577734
344,0.7236102334592447,134.50671614511717,85.95654390426789
345,0.7257047129497166,133.55899391897512,85.64339587448696
346,0.7277958825256088,132.96006038258275,84.8483895070565
347,0.7298900912292255,132.18727943552412,84.66439320082003
348,0.7319867159780691,131.6301301130576,84.85872584882966
349,0.7340808521059053,130.6094043848369,85.00325019804345
350,0.7361738853270124,130.07169261935397,85.65879140747862
351,0.7382682123604443,129.44678809070055,84.68240307017429
352,0.7403641944498084,128.68271613961392,85.03874631677111
353,0.7424576311971561,127.80372886725573,84.13585791457346
354,0.7445523870480827,127.13244284743635,83.53717358749537
355,0.7466478284648128,126.26857270486721,83.97463850023362
356,0.7487413917548734,125.86535708858949,83.64259355798173
357,0.7508354594737505,125.31190591069817,83.82165791321276
358,0.7529278056847568,124.33531951191046,82.61018793859556
359,0.7550230257904859,123.74606716090729,82.5717896593003
360,0.7571167923480437,123.3267608487034,82.91644723527766
361,0.7592113317151179,122.4152785399431,82.3323082502836
362,0.7613074731933067,121.84466058344391,82.62429376735004
363,0.7634009581307508,121.03558503556486,82.67952262582018
364,0.7654969266569684,120.54139513527798,82.29273834616893
365,0.7675905899780763,119.95106057855207,81.8927115825149
366,0.7696837880547684,119.47701936212167,82.56532287348793
367,0.7717795008463626,118.767032961633,82.37427272558233
368,0.7738757788346248,118.15577491516058,81.77905593787585
369,0.7759706260990727,117.44365468532544,81.17956897472042
370,0.7780620795267656,116.98120858076634,81.58241911299828
371,0.7801559906208961,116.27719701618041,81.14861129769622
372,0.7822523136569128,115.65215678409591,80.80002764986092
373,0.7843481481853999,114.99853764070751,80.66393071460881
374,0.7864425511046899,114.5421130755449,80.6900160496535
375,0.7885343495966205,114.00796537844562,80.58847222261316
376,0.7906286372458883,113.36713669711534,80.74372861391498
377,0.7927244345313397,112.48864785703365,80.25867185687511
378,0.794818005513127,112.18220466039483,80.20812261712794
379,0.7969121491149282,111.72755247427006,79.78136249700238
380,0.7990047112993173,111.11732898926829,79.50868164198403
381,0.8010984966914405,110.60953117215894,79.77471054315798
382,0.8031950165575023,110.03289905340205,79.3456702443669
383,0.8052905677217739,109.3895940036089,78.87753440001039
384,0.8073868841230295,108.7869270270119,78.46500529693155
385,0.8094800557409162,108.29886630973346,79.46768749176307
386,0.8115724907946299,107.81296826637188,78.45598244401279
387,0.8136674854006812,107.59062208114172,79.05378832010425
388,0.8157633267681768,106.9178602396826,78.54695214097381
389,0.8178572815764139,106.30821667779824,78.29897982075587
390,0.8199509017046862,105.88229507403379,78.48559760846275
391,0.8220464110750062,105.19227978523355,77.92089955553551
392,0.8241406544737637,104.82125639711903,77.85575587930558
393,0.8262328397247414,104.36332636418916,77.55198803651245
394,0.8283269471334518,104.02061390480257,78.38907057332271
395,0.8304231064697798,103.13626929997164,76.59611594393913
396,0.8325161683796762,102.83647857612019,77.47100110520309
397,0.8346105557242035,102.35629758982513,77.2029830638644
398,0.8367059794413102,101.85068305095065,76.58073618766032
399,0.8388002445604258,101.58027010748205,76.80292624716161
400,0.8408960756111226,101.01140969003019,77.0443874875928
401,0.8429905652842218,100.43202782486392,76.95067060897986
402,0.84508401313589,99.85816334265971,76.30220355541766
403,0.8471791713809247,99.4071414740206,76.34591970824933
404,0.8492743362825239,98.94897219061069,75.94787579167904
405,0.8513668888602299,98.46227862844393,76.19816006365086
406,0.8534589296280589,98.14324212798816,75.31692736432159
407,0.8555558405338324,97.65656254018309,75.63515892330307
408,0.8576516874123633,96.99414589851641,74.34415154827137
409,0.859744590599333,96.95786461731001,75.05974464380154
410,0.8618400547669827,96.33050579053717,74.77459085149863
411,0.8639350434441438,95.91836606000518,74.79205144490716
412,0.8660280248974203,95.5356831544763,74.94646308631829
413,0.8681201347325478,95.18665762649823,74.7969530490512
414,0.8702157283801463,94.7161305182087,74.67377683546901
415,0.872310621353091,94.12220301809383,74.29215419916659
416,0.8744020359703552,93.78342759125358,74.45743979219887
417,0.8764972088477568,93.10738114260782,73.43003767296317
418,0.878592835994214,92.94824375923557,73.67029802181564
419,0.8806870131084201,92.70372865121755,74.26115853497053
420,0.8827812802431019,92.32472433613361,73.43694825470314
421,0.884877279658285,91.73590411293421,73.62336226050701
422,0.8869730004154345,91.43118088321486,73.28234018850375
423,0.8890661750433553,91.05906695367128,73.1672814797944
424,0.891161435679344,90.594394268731,73.02605067015682
425,0.8932577960179496,90.08674559248696,72.54945277033715
426,0.8953527392107627,89.6411579630439,72.23968247872399
427,0.8974462460666859,89.42474046687796,73.00809702688359
428,0.899539340962409,88.86492000768003,72.2701317139922
429,0.9016318169027592,88.64662613931175,72.44515166110435
430,0.9037252249745606,88.14922946625775,71.70684060717622
431,0.9058199443223193,87.95451221784514,72.41221033956685
432,0.907915243986348,87.35885787881926,72.03262229323916
433,0.9100128049501981,87.13052666447122,71.81966936158695
434,0.9121059966002629,86.65832571883958,71.55317960948408
435,0.9141972861830797,86.41215074840355,71.46727737430325
436,0.9162932496702593,85.98258286267172,71.3647460585394
437,0.9183878012752863,85.67801135563629,71.259316473688
438,0.9204823185419505,85.5030148265927,71.65086183254184
439,0.9225773629784582,85.10228370051308,71.42294093748066
440,0.9246718174739146,84.65648683011362,70.69585168868822
441,0.926766211900197,84.37687012930807,70.72334402704291
442,0.9288591582540804,83.94949416679977,70.90051809739491
443,0.9309526610700547,83.61613791480967,70.59614688639414
444,0.9330479303067369,83.28728664468129,70.64021080958123
445,0.9351433527997749,83.0804270397305,70.8012965449585
446,0.9372383527365933,82.5919255139602,69.94846690205226
447,0.939329757499591,82.29129829631465,69.85761563268595
448,0.9414230571985791,81.90929317716765,69.53350182383583
449,0.9435210054806012,81.69070988699251,69.94103732169309
450,0.9456162503172072,81.41588927204162,69.6935720448711
451,0.9477100092887099,81.0191600325058,69.64607286118054
452,0.9498046323041349,80.68570325241333,69.27372111673125
453,0.9518991548408083,80.24805988921995,68.94549545257212
454,0.9539929332702277,80.07117732839046,69.22182040997608
455,0.9560874898052096,79.59469540982455,68.61592255506494
456,0.9581824530689178,79.50551540036655,69.0606107833711
457,0.9602770371571748,79.14177709177181,68.84341974468764
458,0.9623710723241273,78.86027863933745,68.95770480520589
459,0.9644648349083941,78.67072194947492,68.71464921192674
460,0.966557887379011,78.1361744554774,68.13992626973452
461,0.9686513195291268,77.95047613165596,68.43677418039798
462,0.9707470393683869,77.47925747703633,67.96308890686001
463,0.9728419987888902,77.26176589607509,68.10149582563729
464,0.9749363451418961,77.02652112408435,67.79210728466327
465,0.9770319720978949,76.67551763856059,67.75675201428982
466,0.9791260608689247,76.49843747198248,67.8711504930104
467,0.981219993418123,76.03440069830228,67.02562442688648
468,0.9833154848012966,75.80712147829782,67.0662262297731
469,0.985409217900734,75.6102494067065,67.24654309955352
470,0.9875034929558208,75.45108183325682,67.45302825830154
471,0.989598845059814,75.05830027805385,66.7707266212777
472,0.9916925524589582,74.75225504239648,66.96273803775453
473,0.9937866222530743,74.368347428368,66.48005273115892
474,0.9958822538585521,74.18476027816129,66.73481582816551
475,0.9979763461234663,73.91096118971917,66.44478283972246
476,1.0000687382803208,73.66857094211584,66.4898271555467
477,1.0021620574674717,73.36519291420746,66.18700066861147
478,1.0042566040705312,73.03372684805547,66.24075763902532
479,1.0063510481087232,72.89094944983587,66.28960952833799
480,1.0084458017147504,72.57300410524783,65.84067225769112
481,1.0105412449330358,72.33356394726239,66.06915145061481
482,1.0126363206852906,71.99227510049398,65.81828192996352
483,1.014731689048677,71.75487113464615,65.46163898115657
484,1.0168251811607234,71.40651017541626,65.34389890205566
485,1.0189183181794257,71.32208853559817,65.70266231754005
486,1.0210135131858313,71.08166279480747,65.25915067031994
487,1.023107899818119,70.91549868365126,65.7354584737793
488,1.0252035642142994,70.5982078738482,65.13943447421832
489,1.0272979326699727,70.32925934239772,65.09693660672345
490,1.0293915165160124,70.17959988100398,64.99439456649512
491,1.0314862118776227,69.87165436371595,64.78723615012967
492,1.0335813276438528,69.7494391882751,65.10359527449502
493,1.0356760372494827,69.27436066736287,64.15397115525666
494,1.0377697665518313,69.09893508794298,64.34836298272619
495,1.0398635542890804,68.92258357788505,64.16492451931771
496,1.0419580022733907,68.72235574170362,64.48795826673302
497,1.0440530837182007,68.3862129119662,64.13599910253504
498,1.0461463909219801,68.21100659254631,64.12725229637681
499,1.048241289239942,67.80782241132819,63.550582348045566
500,1.0503346504195201,67.86414118722331,64.45372278210368
501,1.0524278880438542,67.44921313052369,63.554745913220444
502,1.0545231057279465,67.3235624579721,63.59332234377902
503,1.0566172205725972,67.246281985009,64.01760102624192
504,1.0587125681053644,66.82201502475641,63.12345197510402
505,1.060806974942881,66.66492174523353,63.58201182823682
506,1.062900937291859,66.53246732805032,63.67736840445262
507,1.0649968400029963,66.23147551174169,63.36180400785963
508,1.0670917748856612,65.96017166428638,63.105357299452244
509,1.0691837840599538,65.90356780845161,63.30644778833394
510,1.0712784055790137,65.56576644595953,63.01758446122686
511,1.0733741944109443,65.38949678288714,62.692091036038015
512,1.0754689143080451,65.26536008986372,62.9116514764244
513,1.0775625935653539,64.94197563797067,62.53671136486877
514,1.079656551776009,64.73295806098895,62.333270812241125
515,1.081751759033872,64.47680665433039,62.2635930164506
516,1.0838450038800544,64.51216808507634,62.50289737492015
517,1.0859393346043436,64.15425358397835,62.25638174454154
518,1.0880340737032612,63.97352074579148,62.16108224400018
519,1.0901280973397867,63.75573554977443,61.945560147407924
520,1.0922232205093443,63.70969909695147,62.19693662133292
521,1.0943183198095006,63.392751366319956,62.0432361472088
522,1.0964124680620808,63.1113334737214,61.540925262807896
523,1.0985066965945804,62.9675628820161,61.516127937291124
524,1.1006022506925348,62.83677754650608,61.76871671090823
525,1.1026960746069068,62.60291375210082,61.44680294537136
526,1.104789420523433,62.35032604883672,61.39739235455131
527,1.1068841457204943,62.207105705051944,61.325477778536786
528,1.1089772649904681,62.04389645542823,61.244113280733714
529,1.1110723868790173,61.87347175809921,61.34792600369053
530,1.113168427194727,61.745453629405574,61.4910436222845
531,1.1152626776337078,61.5052709023496,61.08190099128086
532,1.1173574051129724,61.38085576665254,61.037613583962504
533,1.119450573697561,61.05934188830364,60.62795303883278
534,1.1215436337779248,60.96139090582375,60.683215686291774
535,1.1236390334415942,60.84540378008503,60.856766320534184
536,1.1257332200225998,60.736722455450874,60.91961144876129
537,1.1278283378211404,60.4920059019674,60.490162741732064
538,1.1299238131648552,60.35370718408385,60.673318039996325
539,1.132017447124327,60.09021861975355,60.42155258033714
540,1.134110650036949,59.97063173014567,60.450468863361564
541,1.1362036259959787,59.7566790239523,60.2320183938573
542,1.1382991427598659,59.53421627252671,60.15991153822428
543,1.1403936066737896,59.48651821471069,60.25174649746783
544,1.1424878264606209,59.25834913096828,59.891714731318395
545,1.1445836717483504,59.09784218974495,60.05243648099101
546,1.1466778755714095,58.91354259689249,59.611290835788076
547,1.1487715351237628,58.72783147343886,59.691289188164774
548,1.1508672245306748,58.61214340089342,59.682724390091266
549,1.152961670034179,58.40811516676999,59.56335703138169
550,1.1550551275418117,58.259794247009246,59.482873517409494
551,1.1571500620004906,58.13304170299517,59.3927229056683
552,1.1592451155989445,58.01516655333003,59.57455338931145
553,1.1613401484055899,57.84414381661057,59.34663268576701
554,1.1634328135986687,57.69811075351514,59.481093412401506
555,1.1655280225544649,57.5827814916379,59.18302825403838
556,1.1676232414157608,57.384994935705436,59.159105517706934
557,1.1697157183635434,57.11902331422286,58.777690958313464
558,1.171809765164966,57.05290493863919,58.75686309827457
559,1.1739036754657965,57.020035408827184,59.04251813491317
560,1.1759974618047027,56.92053416963143,59.117069935255294
561,1.1780927342002254,56.721079930613286,58.958057238552975
562,1.1801886215978319,56.375043046997014,58.46135648586758
563,1.1822824649467334,56.33613642085276,58.677838002991535
564,1.1843777187054296,56.254519354218424,58.56994616020107
565,1.1864731317277017,56.154273888793206,58.58569466824079
566,1.1885662199882188,56.04847721596037,58.71690978448571
567,1.1906603290984812,55.878788800932334,58.624956868863784
568,1.1927560449071208,55.7005463665028,58.51846294234743
569,1.1948501301675682,55.508994073340006,58.236096836459865
570,1.196942866326464,55.38139367288714,58.452892784159225
571,1.1990363434731066,55.30145168856751,58.323758014675214
572,1.2011315528209288,55.12959185852072,58.125774543934504
573,1.2032252726398727,55.06001320410584,58.226794652035494
574,1.205319131714267,54.91318002070065,58.271310310238654
575,1.2074143429200774,54.74824368728263,57.914919140293556
576,1.2095073316728018,54.69929075709032,58.14540470843571
577,1.211602159357548,54.52555411203026,57.893852363746454
578,1.2136984428310558,54.44604504875408,57.869970249276264
579,1.2157943340364452,54.157355532130744,57.875692953454035
580,1.217888268816351,54.19067169220912,57.85376962165105
581,1.2199821909033837,54.04745139903654,57.71283783667108
582,1.2220779372220854,53.826650639744656,57.52192457670802
583,1.2241720630448372,53.81341046036733,57.7241148551002
584,1.2262656486341297,53.640892530697506,57.46844579052499
585,1.2283602712023978,53.613096868425025,57.751514270489174
586,1.230453847781421,53.41103427224781,57.41882846086262
587,1.2325484279288663,53.313022449503016,57.60133017284601
588,1.2346427330328844,53.155204108747505,57.4416090893296
589,1.2367368340043534,53.009969644342505,57.15542099475455
590,1.2388320989568682,52.94963331717352,57.35585929391475
591,1.2409254956441091,52.884182248310644,57.30984592895125
592,1.2430201387037565,52.73906865576011,57.20157124310262
593,1.2451147141570293,52.647122694127,57.27608374004695
594,1.2472087367784284,52.49061650869384,57.07326206282852
595,1.249302614173833,52.43194502159197,57.13115767785098
596,1.2513971052845823,52.32298680273034,57.237309690432824
597,1.2534931066319515,52.19711119822615,57.046857083658914
598,1.2555863817711985,52.08658677185111,57.07889206746803
599,1.257678969059161,51.98521184919988,56.94529961195395
600,1.2597748382104277,51.89881276679558,56.98671407441505
601,1.2618698898493887,51.89473265637267,57.1854500314419
602,1.2639640740660565,51.72456952934106,56.96992553606986
603,1.266059176034634,51.578262828645045,56.80768418613336
604,1.26815329738596,51.444412653180926,56.58253557059887
605,1.2702469827768745,51.44931282469347,56.9578066756869
606,1.272341439773769,51.32596210985804,56.80894100057912
607,1.2744361591580655,51.23432621938679,56.716161176886104
608,1.2765301570381213,51.1380790153553,56.8465434993938
609,1.2786243195908502,51.03929034940972,56.802982383862435
610,1.2807201779848052,50.8978079728844,56.63578325161946
611,1.2828149770647865,50.82181176729648,56.59055609149702
612,1.28490831046805,50.7006346008753,56.54925882624073
613,1.2870024746125797,50.669741815208305,56.56003990732665
614,1.2890960788179595,50.57228196942741,56.60156445442751
615,1.2911903407610128,50.52390457548754,56.684039499434085
616,1.2932847299377603,50.370329353942886,56.4793220800232
617,1.295379834193548,50.347170781537386,56.612588378586445
618,1.2974743412448833,50.19359602746337,56.553021483969594
619,1.299568838606027,50.17320937073515,56.68943917527563
620,1.3016640567270552,50.10604565200857,56.499766567752765
621,1.3037578272673165,49.98897071807525,56.5576128326262
622,1.3058518980796576,49.86996773084761,56.41837380331702
623,1.3079469520711469,49.837205463078455,56.46466452751564
624,1.3100414674631762,49.72899570036886,56.5807349150345
625,1.3121343419146885,49.74222887881025,56.656025701924314
626,1.3142291157646366,49.60229485371627,56.453214018000374
627,1.3163249547628966,49.51513674611786,56.574988569574984
628,1.3184204308819243,49.40486757418153,56.46546289830925
629,1.320514045081714,49.34607583392215,56.453809561459636
630,1.322607731116918,49.266134391659854,56.40214497951025
631,1.3247030067977636,49.28333104339173,56.62500462920345
632,1.3267964975071294,49.26199680458299,56.818113823939086
633,1.3288900457896358,48.98640192672904,56.21168063417826
634,1.3309846323229146,48.991303567640905,56.40492213314044
635,1.3330795391690438,48.93493279348794,56.53428263840552
636,1.335173949560825,48.88859186483814,56.46820395713281
637,1.3372672428845813,48.81570004761734,56.42751711224848
638,1.3393616502777206,48.69832990687058,56.245628878456664
639,1.3414564546808454,48.72085020418952,56.5710573089611
640,1.3435497634465539,48.6058318850707,56.5644374186303
641,1.3456439095281743,48.60102187530543,56.6682721478962
642,1.3477398961804745,48.42476817101795,56.45610840385581
643,1.3498356331361778,48.379286548664844,56.48034468340991
644,1.3519291222201564,48.380642286442836,56.39532776635499
645,1.3540221824451044,48.307042945999385,56.53059867593631
646,1.3561174165883387,48.170779467696484,56.42600845882523
647,1.3582118000666776,48.17009396979313,56.50942895525391
648,1.360305548489477,48.09812324036985,56.33849116988287
649,1.3624016471705516,48.0443504303558,56.523286798388234
650,1.364496581524498,47.94706582525902,56.54017761095843
651,1.366589927521404,47.924808585733054,56.5449121712844
652,1.3686839345616666,47.919426150063344,56.70118734500479
653,1.3707785136744248,47.78763990462446,56.51133511508489
654,1.3728736781569988,47.75365127756473,56.60531084348472
655,1.3749673745335222,47.73112099281911,56.69190560930625
656,1.3770602631292597,47.724361580939856,56.74595273856885
657,1.379155717578164,47.608982104820676,56.527107952823705
658,1.3812508039107998,47.52303550597578,56.528100326439194
659,1.3833453325862841,47.52082971186281,56.792744627588036
660,1.3854396647384786,47.53381971922185,56.93736699666949
661,1.387533616953471,47.413304214891525,56.7651180686441
662,1.389628935147901,47.3814063126874,56.86721137968492
663,1.3917230672721894,47.37408837725421,56.92389251488308
664,1.3938172778813163,47.366306160221164,57.02875412945242
665,1.3959128506087028,47.25115703462057,56.84902640798401
666,1.3980069894682674,47.32259769241078,57.15927260975722
667,1.400100032768225,47.18015948044265,57.01153642661077
668,1.4021942273095422,47.21243481529449,57.12766666821229
669,1.4042879724639459,47.09739200651898,57.075252021063335
670,1.4063822250727482,47.073415656003824,57.091882635456244
671,1.4084777998796327,47.04362716865874,57.14154989048245
672,1.4105725454065003,47.05140761807704,57.34491935454237
673,1.412666035757187,47.05853919526353,57.61159492345956
674,1.4147597581950535,46.87572145400992,57.076916698286944
675,1.4168552493745823,46.919260120466944,57.21537435851376
676,1.4189502707585735,46.94221323342952,57.74018414639881
677,1.4210439871962917,46.82278800608075,57.52422190401829
678,1.4231379588066748,46.81972154816815,57.4554133833406
679,1.4252323843784174,46.806500638552166,57.68348755494956
680,1.4273263645812686,46.76461630973742,57.67464905280831
681,1.4294209343777806,46.7442905765191,57.82041433798188
682,1.4315160587565352,46.746252841985736,57.859021198697214
683,1.4336101809254245,46.74866159902453,58.071591592198686
684,1.4357047233292217,46.60770283426058,57.74266857173328
685,1.4377991034950037,46.75473110149594,58.23655574252686
686,1.439893269172154,46.6534719826709,58.14701517324994
687,1.4419870983325702,46.62778021394259,58.287928943749876
688,1.4440820971476513,46.545925148152165,58.09633492108056
689,1.4461780146809415,46.58524824098822,58.366122765342915
690,1.4482723645441788,46.640427490938876,58.44652944282986
691,1.4503661519067539,46.545544365406556,58.47767452023446
692,1.4524608997459605,46.57946695249695,58.73652680024311
693,1.454556191478353,46.490751318439415,58.540144508995645
694,1.4566505605195028,46.49033930590166,58.698354326738766
695,1.4587435672120013,46.53807767494897,58.86629536957822
696,1.460836376274075,46.44142301485457,58.75496840503175
697,1.4629315024559504,46.471156065495286,58.975038351707425
698,1.465026115161985,46.47696124098993,59.02456042799496
699,1.4671201905708728,46.49910490236683,59.23188698208312
700,1.4692142550197365,46.445704393784304,59.290341221876915
701,1.4713085109511452,46.435217827414206,59.25968691737321
702,1.4734040883627781,46.4860707696668,59.43801382003851
703,1.4754983077923518,46.49067459038804,59.695063896921134
704,1.4775927333883283,46.43747722039371,59.54307027662078
705,1.479686516386449,46.45787248120723,59.7489271868125
706,1.4817805445745025,46.46356222577501,59.81030272960283
707,1.483876051193717,46.45732253936471,60.03679262225509
708,1.4859713583510508,46.50982037679578,60.23143711478521
709,1.4880662760111125,46.44772573681921,60.13595024318684
710,1.4901603423423662,46.50198880338136,60.53313762806208
711,1.4922546168830801,46.47583668292512,60.435541166836124
712,1.4943493508016918,46.48033866208875,60.56178709072259
713,1.4964436549031517,46.458906235634466,60.67015832599095
714,1.4985372426394363,46.541737726058265,60.85313699016069
715,1.5006303537214591,46.5654163643972,61.03360737492389
716,1.5027246941647125,46.51951839407842,60.90020452613224
717,1.5048198674391857,46.567622783785,61.27503534799521
718,1.5069136003861163,46.596817847343985,61.36402217296187
719,1.5090076377683221,46.63485670998844,61.610332967656525
720,1.5111026723067662,46.65779059302171,61.849761280569986
721,1.5131971028762412,46.636194553587174,61.7688688756697
722,1.5152912609041667,46.64578934218916,61.92548269588202
723,1.5173854934463344,46.584558712200646,61.93695306631295
724,1.5194808793753787,46.662998232675875,62.19175747403372
725,1.5215756259285513,46.70358201990362,62.44879827432627
726,1.5236695807770564,46.77155708810689,62.74038101348645
727,1.5257641081783464,46.72734147573672,62.48354443569916
728,1.5278584873608179,46.71986879792931,62.64374007005977
729,1.5299536435991428,46.77429697045526,62.90533946815082
730,1.5320476585044298,46.83899216860661,63.17514985797738
731,1.5341414384393777,46.87919753806244,63.239749884399785
732,1.536236950937659,46.92396882381052,63.5568669023996
733,1.5383317033374695,46.97361685858073,63.840354979272966
734,1.5404255753841434,46.91967538571317,63.73813692255425
735,1.5425198393431812,46.93936379245287,63.73022897068897
736,1.5446136227526486,47.03756962188719,64.28729489831936
737,1.5467072285753283,47.06609818054637,64.3507688248484
738,1.5488013111816905,47.03815862643337,64.4101333147522
739,1.550896674249749,47.12878675412512,64.63095219993288
740,1.552991701547339,47.14565978058822,64.78901220442887
741,1.5550856629518366,47.1776474846515,65.05598498700849
742,1.5571801051512508,47.24622427958539,65.12410744420282
743,1.559274417579796,47.30413428201396,65.53132879828135
744,1.5613691533539047,47.32679453423215,65.59393137221136
745,1.5634631934261796,47.38668867051687,65.85905171052207
746,1.5655577892497892,47.473080737388756,65.98846764623302
747,1.5676527275763066,47.45770647083392,66.00160559429528
748,1.5697461748764228,47.541091790064485,66.55286952954513
749,1.5718402189801153,47.56396491979775,66.54685629383934
750,1.5739346218160084,47.623661684721114,66.65748086033231
751,1.5760295037244485,47.763213233112914,67.29860133674255
752,1.5781239238326052,47.76152095073671,67.29567866660697
753,1.5802176736109215,47.78357222319218,67.33481721593834
754,1.5823123941098438,47.87169161340628,67.67980243368322
755,1.5844068047546922,47.961826645594655,67.97846751372822
756,1.5864996832696292,47.93915546193792,68.09100022377933
757,1.5885944598128996,48.08727914965757,68.4720855995802
758,1.5906903325437156,48.11514837846815,68.6113985241658
759,1.592784689092666,48.208294120722435,69.01498381456875
760,1.5948796873290236,48.254836441652245,69.12548748761336
761,1.5969745597395735,48.35601674905796,69.52337710528845
762,1.5990689218084002,48.35933625575044,69.56912112913979
763,1.6011633213632455,48.4560248926587,69.87500108282082
764,1.6032577776043084,48.530659274952036,70.1057662392146
765,1.6053514020964894,48.63395663861762,70.4833443992047
766,1.607445093072501,48.738799220529515,70.84953229024276
767,1.6095393086936036,48.487164842818494,69.75926187210491
768,1.6116336711357766,48.1364617123765,67.84911124422126
769,1.6137279918528686,47.73576777137033,66.036441632676
770,1.6158221116449558,47.4214255997044,64.46922178906915
771,1.6179176229648538,47.055424736262,62.488274562580855
772,1.6200131612431772,46.823511247779834,61.166157702642415
773,1.6221069236192778,46.40319156751903,59.2238861012687
774,1.6242011307622557,46.1903807093615,58.019331110359985
775,1.6262960841945175,45.954851505302614,56.64263352904514
776,1.6283896203498047,45.688665312645945,55.27925604228905
777,1.6304834947928883,45.395491643916316,53.881252200877
778,1.632578127710653,45.18407051957488,52.68745510033555
779,1.6346731813158608,44.93956236466464,51.40153080033607
780,1.636767172365261,44.648092401065234,50.02589395814945
781,1.6388603779595408,44.507360437465174,49.01607865534505
782,1.6409563605892468,44.26257123175975,47.84482943784051
783,1.643050621284035,44.0545458527199,46.65117459591236
784,1.645144102645386,43.834410484084074,45.6281514006768
785,1.6472395726584623,43.70616384580612,44.61211063652014
786,1.6493331318477138,43.457758290531274,43.38199238347109
787,1.6514277435583298,43.25697432682857,42.43574911263071
788,1.6535225655624404,43.11772462719561,41.56801412079226
789,1.655616100487628,42.93247643566199,40.55251077102449
790,1.6577106071833263,42.72797862322159,39.43347069268777
791,1.6598050724476994,42.58734240819937,38.64916180772405
792,1.6619001395524664,42.42113514932643,37.68961425884087
793,1.6639948642035431,42.27078087396412,36.761966975060176
794,1.6660882997554614,42.10247679162222,35.90307396279819
795,1.6681827329415837,41.96587599759815,35.095018003892775
796,1.6702780557373313,41.75956880151247,34.20997787025725
797,1.6723710846745943,41.614000568412116,33.30611925303262
798,1.6744651718920411,41.501189100046176,32.59573840934804
799,1.6765602044792516,41.33545697716009,31.665259149096986
800,1.6786535596079524,41.26191664320342,31.06811870473315
801,1.6807491745425278,41.07227645832765,30.248289095975682
802,1.6828445761171116,40.96446830054959,29.43292532482459
803,1.6849386388007168,40.82015420161944,28.71160066921247
804,1.6870339476475265,40.72799312509835,28.158739201860882
805,1.6891280758541645,40.534210241670095,27.213395744596802
806,1.691221272327691,40.46073295523075,26.585052595779782
807,1.6933141346742315,40.31528076585304,25.799996664851797
808,1.6954090930463133,40.18816774215136,25.21791524844756
809,1.6975047078021417,40.05882948333367,24.414563382111652
810,1.6995991246970055,39.99962373216461,23.906165080399596
811,1.7016934918813407,39.8483596257882,23.136725101326878
812,1.703786903721137,39.78877327579765,22.56782859379166
813,1.7058818292953146,39.659533172085624,21.953013819678628
814,1.7079768740006063,39.548153451183005,21.269505650656647
815,1.710070845319196,39.38783869001093,20.566694574836134
816,1.7121645316176712,39.328598786319745,20.046256701431588
817,1.7142597272321454,39.197372825054366,19.44732406096562
818,1.7163549406546734,39.14912861875335,18.89820314971583
819,1.7184482195940645,39.035255406677265,18.303168647716237
820,1.7205423072627637,38.92571242534309,17.884186870705797
821,1.7226374847113666,38.848685645075925,17.28871063681432
822,1.7247323233526113,38.77092347731721,16.745209365402303
823,1.7268266901810085,38.69824630811381,16.140926988336755
824,1.72892134476467,38.58179798280966,15.479743082486026
825,1.7310153629662073,38.57047207077604,15.18659293771031
826,1.7331087353021186,38.40042893720834,14.546299726542246
827,1.7352028820270462,38.322916291464985,13.992001025140562
828,1.737297419510233,38.200363415592975,13.383317190201705
829,1.7393924268721555,38.140541443539085,13.015485078980868
830,1.7414865202316776,38.053912126125724,12.509499042162187
831,1.7435798385311778,38.01792598353728,12.006420700137356
832,1.7456747741592018,37.91695942992787,11.455767804848184
833,1.7477707733578058,37.836095281598105,11.03430183548682
834,1.7498644151299778,37.78027548463141,10.715229021804868
835,1.7519579294274097,37.679224488732494,10.042612009296274
836,1.754052537005875,37.60761673250961,9.560582480255535
837,1.756146014277543,37.570429015107344,9.277451883113644
838,1.7582399685899122,37.504161341490864,8.690492510368896
839,1.760335124398212,37.42961719387501,8.325496643443046
840,1.7624306374180432,37.33351865439604,7.794360798247774
841,1.764524733445493,37.194034879115286,7.182393347266682
842,1.7666195957988082,37.257949370196755,7.07958805341635
843,1.7687146552767006,37.12559108312341,6.373424755963105
844,1.7708085687106505,37.08474754195484,6.031317497252946
845,1.7729026984403262,37.030435565166634,5.610321513766025
846,1.7749968373222131,36.98334886211196,5.2954729438650965
847,1.7770919795414395,36.90553371672558,4.875462615982933
848,1.7791866891650514,36.894761335421386,4.5053713519685425
849,1.7812805740714612,36.79410890531753,4.006738163500043
850,1.7833749145944944,36.73570575576578,3.6696671426675542
851,1.7854698174814119,36.72312174331382,3.4380503404358107
852,1.7875649050000997,36.63651893343009,2.939346171245608
853,1.7896586091751823,36.55694129115667,2.46708386679601
854,1.7917528105223397,36.5554084025623,2.174106661987205
855,1.7938472619734778,36.53411288396637,1.9275136311983363
856,1.7959410333998334,36.47664023155464,1.5046349343340293
857,1.7980353139963554,36.34939160387096,0.9873340137988693
858,1.8001292949050451,36.29647101040873,0.5159639811683422
859,1.8022240144636215,36.30765020713165,0.3854480734578793
860,1.8043180357006787,36.25883812953268,-0.060432415320939424
861,1.8064120149556366,36.24170026213165,-0.30022332230074844
862,1.808507216693214,36.11840333925186,-0.8547325917349965
863,1.8106012235056632,36.12742304924764,-0.9658941285414439
864,1.8126961076333348,36.040106359614285,-1.3793046765614105
865,1.8147906359659112,35.97616144502956,-1.7919448066304675
866,1.816885013662702,36.0078177940234,-2.0500454211464243
867,1.8189799788179999,35.9167355164517,-2.38412964290534
868,1.8210733357472892,35.88128320055409,-2.6556901954321877
869,1.8231675363973032,35.852807558721274,-3.0996696164728634
870,1.8252628639859947,35.83589049267153,-3.442846345951888
871,1.8273578690890415,35.79175869593798,-3.712366527708363
872,1.8294529153678178,35.777031467931494,-4.089154515069422
873,1.8315468366202061,35.7458905965041,-4.336008745248422
874,1.8336403420201965,35.643444460102025,-4.729577263193593
875,1.8357342642631629,35.64058639776838,-5.019527344049449
876,1.837828606636473,35.63356045720755,-5.093080599246128
877,1.8399232687279,35.55319265741498,-5.714900658326015
878,1.8420169361094605,35.56209698456865,-5.9161770978367745
879,1.8441103454239045,35.479971789095856,-6.317310223406721
880,1.8462047113551943,35.52013941770835,-6.484383175973805
881,1.848300337583767,35.477680348848,-6.654727292178007
882,1.850395118058644,35.407676266341774,-7.105647638499369
883,1.8524895015648957,35.43237819388499,-7.349129354417136
884,1.85458435317291,35.32902055894511,-7.740858205740471
885,1.8566786691854407,35.35178035101014,-7.8840992829538505
886,1.8587722962005393,35.322514675764346,-8.234242528864998
887,1.8608667292143481,35.29603487943199,-8.450275659676933
888,1.8629623979972338,35.24885497537398,-8.765762729545955
889,1.8650575007618033,35.274315760462684,-9.07489420915056
890,1.8671515757398978,35.25687525029402,-9.180548270871133
891,1.86924567270883,35.188474347462,-9.76570898909469
892,1.8713402290883943,35.15335792351,-9.987419982328895
893,1.8734333441485889,35.14984602023683,-10.121023958894341
894,1.8755274569663687,35.12587231444325,-10.351339369650217
895,1.8776226584010878,35.17133028074254,-10.453517525736451
896,1.8797156234954413,35.11746452939721,-10.967691633918582
897,1.8818097674713492,35.11291136212442,-11.010096287421113
898,1.8839051205157094,35.01845421036394,-11.617590712459704
899,1.886000042933448,35.086090963648694,-11.602524199030187
900,1.8880949075451439,35.06167473322838,-11.960605658366228
901,1.8901881584759161,34.99463480000003,-12.320021286832432
902,1.892283217936019,35.02681636524998,-12.344598373208836
903,1.8943782680554568,34.95573746326917,-12.926399244315768
904,1.8964720473710392,35.00167543656722,-12.937280812339516
905,1.8985668668489433,34.981323255209254,-13.246739903950356
906,1.9006612809862096,34.98294526257054,-13.62480535247521
907,1.902755719587151,34.98945129345592,-13.655227776919242
908,1.904849757588545,34.90606088040502,-14.082784721516534
909,1.9069430754605277,34.97208554077832,-14.145664081976758
910,1.9090378340013505,34.92403838322561,-14.534165624829482
911,1.9111324914183263,34.89722335475688,-14.791604457734413
912,1.913226965923519,34.94936049296272,-14.892817953835651
913,1.915321381331026,34.864135525737055,-15.286170932125437
914,1.9174162748437817,34.97742432127789,-15.329606523463884
915,1.91951096404297,34.88615432417918,-15.624660997707327
916,1.9216039358616672,34.861950683383895,-15.911866253872656
917,1.9236986253914137,34.9690588095983,-15.972425949705302
918,1.9257933066276691,34.85334671046634,-16.476074753021887
919,1.9278873651498682,34.90830920566857,-16.478056113260816
920,1.9299807661659822,34.89562541316356,-16.844009291784023
921,1.9320760482648573,34.93749189083143,-16.85519420452255
922,1.934171767524072,34.90607753964527,-17.17423589923617
923,1.9362651059315399,34.81857079546413,-17.499046457867138
924,1.938359138419254,34.87837713650106,-17.814199522197654
925,1.9404538735984294,34.90746667999429,-17.995780220692104
926,1.9425479146608418,34.90913408098539,-18.015776471644745
927,1.9446418189559174,34.89816811106953,-18.408971577785998
928,1.9467371502259871,34.85078403673982,-18.65359624701016
929,1.9488329760684335,34.86164018644507,-18.8785888275245
930,1.9509268120448882,34.862014168737076,-19.15701543041178
931,1.953019609354344,34.92402057382462,-19.09812491491482
932,1.9551147244404972,34.85355806669551,-19.713715667061937
933,1.957209950604826,34.89384742272196,-19.749413654167025
934,1.9593041179655175,34.88704463137901,-20.02000391712407
935,1.9613980124620214,34.962545311663554,-20.10762242911676
936,1.9634920823781827,34.931892219447846,-20.472045901022124
937,1.9655870316775599,34.904135612184625,-20.67607903245209
938,1.9676813106463258,35.009671989584504,-20.73601148029699
939,1.9697755380711686,34.96997162603978,-21.086456270124806
940,1.9718704076888727,34.98298834742661,-21.31088930207072
941,1.9739643213778544,34.925928241672445,-21.546911102852853
942,1.9760582139073395,34.95132939713506,-21.76881310846006
943,1.9781533744008393,34.98876981136659,-21.917813079079934
944,1.980249297656676,35.006210886242236,-22.146869268243446
945,1.9823436902775773,35.05218449504935,-22.307148341357948
946,1.9844363854611324,35.01336905848715,-22.514003226443126
947,1.986530057736426,35.04011338276008,-22.925982054447722
948,1.988624138262085,35.08469979901532,-23.09389315548207
949,1.9907191302641989,35.05994932151038,-23.338213255950016
950,1.9928140678397719,35.12485741670507,-23.35547263526778
951,1.994908057158038,35.10594233397788,-23.634799701136664
952,1.9970037235567513,35.09708414092214,-24.04322812709066
953,1.999098539119481,35.16990421638873,-24.08634472596818
954,2.001191245179364,35.15752614389917,-24.528409518546574
955,2.003285465781134,35.176266528762646,-24.585563545403836
956,2.005380090953843,35.192888699708256,-24.816859420921258
957,2.007473757612322,35.306206649048704,-24.96222954461433
958,2.0095674385752345,35.26252644897551,-25.0991268941845
959,2.0116620669227445,35.20391079234741,-25.415026395493395
960,2.0137574654124313,35.29072293266828,-25.61237069089233
961,2.015851542299029,35.347824209029795,-25.96928592529976
962,2.017945842236743,35.309637005565556,-26.1352848976809
963,2.0200414078173843,35.384479761534294,-26.1639462037586
964,2.0221364472105585,35.386029949998836,-26.562517643730292
965,2.0242304661583193,35.42742456539828,-26.683245109140717
966,2.0263241213554704,35.39364888138984,-27.154902728880387
967,2.028418169537371,35.50458823420577,-27.148255366575974
968,2.030512126699397,35.45634009811529,-27.62040709385868
969,2.032607257696191,35.46436892845534,-27.717190786229892
970,2.0347026748788237,35.57770882033402,-27.892098042776894
971,2.036797432049628,35.49503399295213,-28.345606852501533
972,2.0388917803566513,35.62633754368212,-28.305346705941393
973,2.0409854404727548,35.58425325537625,-28.552261835162703
974,2.043079158497923,35.6802959312065,-28.603444765218434
975,2.0451737042342053,35.62075556751557,-29.0068891171346
976,2.047267957686092,35.709759234876906,-29.33940175006418
977,2.0493625921646865,35.78911796501633,-29.399983244203842
978,2.051458159400133,35.74156063343807,-29.80153708001233
979,2.0535521918605197,35.821012196678396,-29.752725164786515
980,2.055645062675616,35.82069287675605,-30.25656341870506
981,2.0577393587752955,35.82773962128524,-30.35964078733189
982,2.059834437786395,35.91602681992929,-30.512062071257507
983,2.061928055170489,35.9689201016602,-31.01446922162762
984,2.0640226957402352,36.04217356462125,-30.929523505419027
985,2.066118258189404,36.029913313916104,-31.451395831562795
986,2.068213196804832,36.07068168871923,-31.658796810109006
987,2.0703072818107917,36.06211871144526,-31.87854588061943
988,2.072400931462771,36.040701947599615,-32.24242180956505
989,2.074494103322103,36.167852126830816,-32.215677939755075
990,2.076588647294614,36.19132415883362,-32.60165103288176
991,2.0786837571325223,36.23566812247155,-32.68332697861336
992,2.0807786951127576,36.227342947008076,-33.16870622750224
993,2.0828733611799306,36.30351814074686,-33.28157920981925
994,2.0849676047315464,36.39707235770619,-33.54719562049989
995,2.08706191167589,36.33000767441635,-33.992894621652766
996,2.0891552570733616,36.45116880866356,-33.94467677887286
997,2.0912498961643236,36.47896981725706,-34.385915975739394
998,2.0933446561638878,36.48981772494611,-34.64609643675186
999,2.0954387435644386,36.51191957911448,-34.94695197617794
1000,2.0975335870618825,36.522588306226666,-35.39363425488487
1001,2.099629070349723,36.68259250281542,-35.304552185176995
1002,2.1017228492895934,36.602560619327534,-35.77728123605789
1003,2.1038170482062775,36.69351962740821,-35.93443726759314
1004,2.1059122372778973,36.7635400881221,-36.13175261704121
1005,2.10800554057148,36.7949110570323,-36.63188647550932
1006,2.110098599114947,36.9059271444918,-36.62612020035421
1007,2.1121927216235163,36.71675887375903,-37.53543360614688
1008,2.1142879182187984,36.932682298261504,-37.219946906051426
1009,2.1163820759811065,36.96759951748442,-37.565323028335136
1010,2.118476597123504,36.965607679683565,-38.10631773211811
1011,2.120572077635568,37.03618441909274,-38.213868435970085
1012,2.122666143506846,36.98381855371989,-38.75726001082416
1013,2.12475947440395,37.14845948717063,-38.584813327187604
1014,2.1268549228070284,37.09811858234641,-39.28085503425701
1015,2.1289503858580807,37.185177205192325,-39.42095577033669
1016,2.131043274916299,37.25853946102695,-39.86295552294784
1017,2.1331378502136085,37.20491288839997,-40.24525245566305
1018,2.135233020544507,37.339611682823126,-40.19098106676273
1019,2.137327211773404,37.29874987274546,-40.93826277623342
1020,2.1394213678417553,37.390466806442106,-40.997344778200976
1021,2.1415151935265153,37.4077700443754,-41.61035354278581
1022,2.143609686067666,37.42091457516726,-41.93205729335685
1023,2.1457039096890913,37.56348725978042,-41.85583383102642
1024,2.1477977892281794,37.47273373094509,-42.62518775929124
1025,2.149892773795189,37.645219746648706,-42.71382149434113
1026,2.151988207011953,37.52124591225516,-43.509269697673275
1027,2.154083430042502,37.682257108572315,-43.642279992462974
1028,2.1561769020273363,37.73947010700098,-43.66840348146148
1029,2.158269727638565,37.68240315568102,-44.465648302971594
1030,2.1603643338266334,37.88001550048841,-44.40615284394026
1031,2.1624594611960894,37.74414125305578,-45.29040760411557
1032,2.1645538445620423,37.893918256054725,-45.27271014105604
1033,2.166649266160557,37.87890861417959,-45.71925761666615
1034,2.1687438965600263,37.866789706719274,-46.15200408349851
1035,2.1708363804402464,37.942234185706326,-46.34463894654315
1036,2.17292939543057,37.9237816210734,-47.097088227502965
1037,2.1750246621139153,37.95951506594083,-47.31194424428707
1038,2.1771189095943266,37.96874273876687,-48.02095387879937
1039,2.179212962470575,38.03903608690864,-48.10508886442062
1040,2.1813066434396426,38.15002191305452,-48.623343892078246
1041,2.183402629792164,37.975848640316904,-49.41806404562323
1042,2.185498119455816,38.16996790425053,-49.46170148741269
1043,2.1875916200185137,37.97981959203826,-50.413243390259865
1044,2.189686441120868,38.076589271177745,-50.49711351944137
1045,2.191781413276182,38.14451371781603,-51.08778128509151
1046,2.193875147711239,38.072781480058346,-51.85003686937052
1047,2.1959686613130316,38.263872792121184,-51.7388338911969
1048,2.198063923558019,38.148361841424524,-52.90658887742833
1049,2.2001595001532226,38.21606652483156,-52.78670153554804
1050,2.202253779153767,38.22431931152562,-53.61574047947924
1051,2.2043460760907565,38.0857308286629,-54.22191979907567
1052,2.206440891990371,38.24226919558697,-54.57091170523706
1053,2.2085356491852317,38.009413964492,-55.65981881372748
1054,2.2106277016542335,38.32803824455701,-55.4186059438783
1055,2.212721958545959,38.1111457310578,-56.27706570429729
1056,2.2148185083900422,38.12264621821839,-57.01371378883962
1057,2.216913061952383,38.1541999304462,-57.42461601510725
1058,2.219006160150891,37.9033940615296,-58.395107552546015
1059,2.2211007684745443,38.20496453376778,-58.230938151257845
1060,2.2231966067711273,37.92113264213625,-59.86723164205449
1061,2.2252915180225106,38.110934016680886,-59.64666457029763
1062,2.2273849286831946,37.897697677996916,-60.77095778116622
1063,2.2294794057777056,37.87616780333797,-61.54363849482662
1064,2.231574082226972,38.09730608441912,-61.70660673992602
1065,2.2336675726385264,37.63949101306781,-63.54370175506039
1066,2.2357616690730993,37.96517830054542,-62.96915184535396
1067,2.237857388038379,37.485582298570094,-64.83399796708494
1068,2.2399520699736297,37.633417483332906,-64.97552409882462
1069,2.2420449617357057,37.45117653452156,-65.89352611040299
1070,2.2441391380853632,37.317837789533094,-67.37393583237228
1071,2.2462342793770116,37.466158172222514,-66.92624543379256
1072,2.248330004000319,37.08361300082014,-68.7355948308172
1073,2.2504234986669656,37.221797634696465,-68.9725490701657
1074,2.2525166459790467,36.90085932079897,-70.52076423909094
1075,2.254612702557845,36.84194693275363,-70.90295485630574
1076,2.2567074239010356,36.652317201261305,-71.65510707797115
1077,2.25879926569608,36.40172766484703,-73.42106747495282
1078,2.2608934332232278,36.51153800912045,-73.7173313205906
1079,2.2629890832862967,36.142035489350675,-75.27025489374579
1080,2.2650815906481947,36.11574698982587,-76.05276886491171
1081,2.26717631551426,35.73087199970436,-77.0298265049623
1082,2.2692717091510235,35.573715494261165,-78.22446858486178
1083,2.2713660430599174,35.37357135621809,-79.35422464884718
1084,2.273460830916725,35.053352831559565,-80.66980951295416
1085,2.2755552510450507,34.76221427953086,-81.55999635265525
1086,2.2776502981151867,34.62676741758482,-82.57146584388222
1087,2.2797428242388995,34.531345887535785,-83.4885195331996
1088,2.281836092329788,34.590178644075856,-84.32808059524461
1089,2.283933556285596,34.284487521190385,-84.66988731718143
1090,2.286028868050817,34.249375053625,-85.6140261277055
1091,2.2881212248812486,34.23982516435887,-86.23279949922113
1092,2.290215014848569,34.174572114965535,-86.90039491977808
1093,2.292310229911211,34.14432129660984,-87.53312608344524
1094,2.2944051456334345,34.07269209202164,-88.01433070252125
1095,2.2964983471898495,34.062591463584106,-88.4847690815884
1096,2.2985921024349003,33.950440525710356,-89.02827989384537
1097,2.3006888643809247,34.023219992924,-89.55353462181151
1098,2.302783634096356,33.885160174208046,-89.95668319581186
1099,2.3048756698218886,33.89688635393064,-90.57250703927564
1100,2.3069695720010412,33.86048281300229,-90.88327131612581
1101,2.3090651112173397,33.89662536810723,-91.52050340092717
1102,2.311158495429861,33.97008755675424,-92.35176784676594
1103,2.3132509513768182,33.876022434705774,-92.51938282528732
1104,2.31534766594442,33.956438757336656,-93.16291672330375
1105,2.3174438092641236,33.94152729813234,-93.38211977756646
1106,2.3195366518474128,34.010053641524536,-94.1208609009298
1107,2.321631141204296,33.925563991553695,-94.50290349832434
1108,2.323727832694395,33.947997811587335,-94.77989712526231
1109,2.3258211826493147,33.92916156497473,-95.22852840817522
1110,2.3279133966950116,33.96845578929208,-95.75990043169288
1111,2.330008120458155,33.95153152273131,-96.01893535615523
1112,2.332103956675321,34.00489702455452,-96.80512242586418
1113,2.334197579452735,34.07330821290485,-97.19105980880211
1114,2.336290017181209,34.022054765722224,-97.35789872427526
1115,2.338385505091734,34.12171359864396,-98.23771216129904
1116,2.340480189114194,34.04048920570153,-98.2753654989978
1117,2.342573391055059,34.13409757763345,-98.8792930526283
1118,2.344667848677038,34.19982859968489,-99.19278282778777
1119,2.3467629878884537,34.15764407465471,-99.60400682604804
1120,2.348858220839854,34.22842594550155,-100.2120635674083
1121,2.35095250082758,34.32301765187185,-100.71910489257046
1122,2.3530449396760944,34.34879063621165,-101.18376676820155
1123,2.355141499104623,34.41824512434393,-101.72373249952666
1124,2.3572378412451434,34.43534594276329,-101.89813879104453
1125,2.3593294861259198,34.47846874544507,-102.38358335835193
1126,2.3614224992004984,34.519241247413596,-102.69086866320868
1127,2.363517948981548,34.59653087494698,-103.34847479356421
1128,2.3656139136423477,34.5864583254269,-103.60096690127132
1129,2.367706660383537,34.67910562868185,-104.21919491726075
1130,2.3698014470222093,34.694723626791486,-104.48089018575644
1131,2.3718977582075165,34.74745117272893,-105.01585340102946
1132,2.3739899214574836,34.78438638050657,-105.37167427229335
1133,2.3760825194215927,34.80113857269466,-105.74393466145183
1134,2.378179070039863,34.97146914055948,-106.44631773279704
1135,2.380273759058959,34.973484026142216,-106.54587877998931
1136,2.382365673610318,35.05079642641974,-107.14653583137391
1137,2.3844604460166168,35.0311831831676,-107.49850645036558
1138,2.3865571190304595,35.063165700725555,-107.85091232420234
1139,2.3886520978255446,35.20768724090041,-108.38884294731758
1140,2.3907442891236066,35.34642194596639,-108.94924984550195
1141,2.3928386457990913,35.4082259380773,-109.66174208994363
1142,2.394934562690242,35.40029208501159,-109.84515232249903
1143,2.397029599690107,35.40606363540041,-110.06156269973015
1144,2.3991222591305954,35.547982468361575,-110.61093986369923
1145,2.401217024080888,35.63177344481585,-111.02781042385055
1146,2.403314513026698,35.68762940478502,-111.56668597428794
1147,2.4054081911284184,35.788684468660634,-112.08863733398135
1148,2.4075011183217048,35.93190880404844,-112.80010560281497
1149,2.4095960074264258,35.924640321149234,-112.92838051571141
1150,2.4116926326559978,36.08672042924922,-113.74303123284001
1151,2.41378425055939,35.986327367535836,-113.53467735877597
1152,2.415877382497087,36.09810510861539,-114.03798406433667
1153,2.4179783678062123,36.25543388827527,-114.85178176735978
1154,2.4200733739460714,36.35222857156819,-115.39319410430858
1155,2.422162501290004,36.42960545103583,-115.7396569097123
1156,2.424257158180454,36.45922391466373,-116.05801514345816
1157,2.426355368807169,36.49533269224637,-116.35429916485728
1158,2.4284477900186845,36.753953161933154,-117.35071247711039
1159,2.43053883847394,36.77485129552121,-117.7374115992206
1160,2.4326356353293934,36.92014413163222,-118.26689289552021
1161,2.434732612021302,37.006233327853316,-118.77985311301364
1162,2.4368252927922227,37.02157373430201,-118.94164874136766
1163,2.43891890863681,37.19449817216144,-119.66649681800556
1164,2.441014895314609,37.207433701327524,-119.91684470399643
1165,2.4431105244568765,37.35860382007377,-120.6133096587304
1166,2.4452031167440684,37.51311239547837,-121.32304766572038
1167,2.4472938786799143,37.49622631692595,-121.38107251808177
1168,2.4493915902413868,37.763137503451745,-122.40043865474112
1169,2.4514877943094935,37.81276354767213,-122.69268463754238
1170,2.4535774837073663,37.92379719397756,-123.27914379384299
1171,2.4556717453467782,38.01405563571912,-123.88516103988921
1172,2.457770725968573,38.02866062982403,-123.91492892838448
1173,2.459865450868259,38.26446289115328,-124.93031036993352
1174,2.461954843714291,38.3001843118892,-125.18860250048839
1175,2.464051305962942,38.461404475997966,-125.8658036174266
1176,2.4661493201186655,38.47589213278715,-126.13076837121592
1177,2.468239991051035,38.64779923752014,-126.78617128649185
1178,2.4703335941159144,38.7797044961774,-127.36754236479995
1179,2.472432426226094,38.996180081210646,-128.1954094147421
1180,2.47452690434623,39.077172100895595,-128.65187794345132
1181,2.476615373809059,39.22954725476828,-129.26296427032185
1182,2.478710457672189,39.54578817530314,-130.46877105608573
1183,2.48080966574444,39.52380467616967,-130.72032656300732
1184,2.48290090100287,39.73505648632838,-131.40798814877553
1185,2.4849923340191187,39.7992814142405,-131.70488588840809
1186,2.4870897130294636,39.77600542344449,-131.84847947279948
1187,2.4891862386660164,40.03972104362333,-132.82393796744122
1188,2.491278235985619,40.1801432809404,-133.40201057543894
1189,2.4933690456944357,40.31687366723396,-133.98952564317037
1190,2.495466543397291,40.47600761298588,-134.72253414509518
1191,2.497563830960505,40.71068919024845,-135.5333910165432
1192,2.499654519205421,40.846916719390975,-136.14855077460894
1193,2.5017479497353943,40.91250956993386,-136.57291097515753
1194,2.5038480054516667,41.09422510845439,-137.28511500063382
1195,2.505943433921919,41.19929329237704,-137.7385457551896
1196,2.5080284861327207,41.3869428313072,-138.49223990529023
1197,2.510123955773609,41.45735403905002,-138.96589779711047
1198,2.5122261646694253,41.57914526297641,-139.32875058219858
1199,2.5143177674343575,41.772256663826845,-140.1177798376159
1200,2.516405803072155,42.12845529391432,-141.52908762360528
1201,2.5185026929964116,42.12915955823007,-141.7606703680284
1202,2.5206041831245063,42.325633786481724,-142.38798258214075
1203,2.5226964757648327,42.4216905366198,-142.92034373589848
1204,2.5247869961159406,42.63932270240921,-143.70965304450021
1205,2.5268843920051487,42.78821004396163,-144.28374123734858
1206,2.528980483597168,42.88793596093741,-144.68951216363962
1207,2.5310684597394695,43.22335670267307,-145.9080947973515
1208,2.533161718042206,43.498574999112506,-147.05200409742554
1209,2.53526488574662,43.53450131073333,-147.18396453790987
1210,2.5373603920777454,43.753013073302476,-148.10705830234437
1211,2.539445749963502,43.94341788541375,-148.90149956450716
1212,2.5415417180131348,44.238702783883795,-149.93644339872878
1213,2.5436457679371425,44.53153414921837,-151.07790990449024
1214,2.545736808475733,44.53014806656149,-151.11115665253303
1215,2.5478233832874237,44.729419874249444,-151.89261326955386
1216,2.54992085584226,44.923060705392615,-152.7970223400356
1217,2.5520207655356866,45.28304613843284,-154.01977560745334
1218,2.5541098448110064,45.27831743223646,-154.145497090372
1219,2.5562002600365847,45.3053077254022,-154.32530974764697
1220,2.558305455724291,45.68811438020153,-155.65961105306394
1221,2.5604026511470312,45.96820428719947,-156.69066006124393
1222,2.5624826414852553,46.46519424455143,-158.46645326408165
1223,2.564574391949512,46.408454569351676,-158.41244259766142
1224,2.5666808497683498,46.56348568257139,-159.03524368929868
1225,2.5687773451615423,47.081519639105224,-160.86542716473613
1226,2.5708608935170316,47.097398611126685,-161.07061331419814
1227,2.5729575952355885,47.15393360386893,-161.43262363890207
1228,2.575060651513359,47.42261763444256,-162.38480813556987
1229,2.577148431575012,47.73711306893688,-163.50269447272498
1230,2.5792346077561192,48.15310386177253,-165.11064476634743
1231,2.5813352493894732,48.14467601425577,-165.15793920979252
1232,2.5834369526956515,48.52925445649245,-166.55653203490408
1233,2.5855218346006232,48.719827015422574,-167.252232735761
1234,2.587610713900489,48.77967383181807,-167.5953752837562
1235,2.5897186990593415,49.072841868153596,-168.63260148788302
1236,2.5918181690667126,49.49281464603815,-170.1254533521673
1237,2.5938985009385314,49.518361711189485,-170.34366421051436
1238,2.5959901966325076,50.252992659335604,-173.03350177985106
1239,2.5980970827886534,50.40646942371207,-173.46006420049792
1240,2.6001911974764487,50.65473001838648,-174.45048300635972
1241,2.6022734575046016,50.94017539550483,-175.4757464839763
1242,2.604374761438423,51.32637889314683,-176.9279318870053
1243,2.606480077670044,51.40851413882209,-177.30989653132764
1244,2.6085618800169397,51.72115936534737,-178.39853868319997
1245,2.610646200048581,52.16452320641459,-179.98618014321036
1246,2.6127580952497533,52.43272054800114,-181.0990821360733
1247,2.6148609257992828,52.543818029785434,-181.55987880460896
1248,2.616933454172155,52.5465614336837,-181.50443713800362
1249,2.619020659870304,53.348180483949314,-184.4901852736913
1250,2.6211346279669097,53.58200625124339,-185.28261165907736
1251,2.623236503452788,53.79692178703971,-186.0144093234425
1252,2.6253090562225565,54.230069835271784,-187.56530427201162
1253,2.6274000701334055,54.42106653556597,-188.43157818415264
1254,2.629513118467727,55.14820800604545,-191.05175545333074
1255,2.631604301330356,55.06333044633759,-190.77999710737518
1256,2.633685254021577,55.45683841931327,-192.08232446732464
1257,2.6357889797673804,55.81481542533051,-193.51512255550506
1258,2.637895874321367,56.22494035651996,-194.91937131848482
1259,2.6399747081141895,56.02627553743728,-194.27641780839173
1260,2.6420591747927733,57.159056778679975,-198.38593719823498
1261,2.6441764666284318,56.96500165698315,-197.742621781225
1262,2.6462775406423154,57.374043169161006,-199.1482668986442
1263,2.6483402943393326,57.791608581578146,-200.6585266687208
1264,2.650428729148096,58.76318508245199,-204.05153507996744
1265,2.652562718674548,58.535498721359964,-203.33660669873197
1266,2.654664088292312,58.70845139675212,-203.94873515109424
1267,2.656712651557163,59.33676955192126,-206.2606331071983
1268,2.6588106765908748,59.75049189831175,-207.700030007785
1269,2.6609452450324915,60.38883335069092,-209.9834500018086
1270,2.663032290426174,60.30447879143662,-209.7697354443707
1271,2.6650914877184944,61.206337262356904,-213.00146219637094
1272,2.6671986225603375,61.48784269014443,-214.19247853760885
1273,2.6693218160411916,62.75616409992564,-218.3600592532629
1274,2.6714003686163363,62.4984922143368,-217.7082440089312
1275,2.673473653710363,62.76435812027104,-218.603375600734
1276,2.675588689124729,63.74532377390173,-221.994383371241
1277,2.6776964003773744,63.611570444399696,-221.68079014873058
1278,2.6797534796790945,64.27141548744976,-223.93266756267482
1279,2.681845016836506,64.47631503092576,-224.71055309516845
1280,2.6839785543392702,63.79381840880655,-222.2157728657396
1281,2.6860638705482365,65.52057376873255,-228.4793649888689
1282,2.688115580192901,65.6166031155604,-228.85770016407494
1283,2.6902421071216107,65.00980551339745,-226.7620058148304
1284,2.6923784453538007,66.19176947417098,-230.96440017111257
1285,2.6944235266222867,67.84452930968389,-236.69814648904827
1286,2.6964818302236213,67.4663416244449,-235.45013022396193
1287,2.698646249049189,68.10527585725384,-237.6985710224707
1288,2.7007725953070936,68.25495854871379,-238.21514648075188
1289,2.7027692368507834,68.54958036217063,-239.2376505265505
1290,2.7048443440936585,69.26292602444394,-241.78681189974108
1291,2.7070515904059915,69.80348819016885,-243.755483848163
1292,2.7091632832728005,70.1384520291155,-244.95941570348901
1293,2.7110832098570423,71.58115028039762,-249.95502828567274
1294,2.713194248534394,72.27870908135843,-252.46506766563132
1295,2.7154564422347596,72.25617707980912,-252.47068740867496
1296,2.7175455830902693,73.39010093675932,-256.44997271442577
1297,2.7194409477796717,72.42730706871077,-253.13379998045153
1298,2.72159410281056,74.45941601744114,-260.2100869924556
1299,2.723868494276683,74.7231915216896,-261.182694994297
1300,2.725905473691433,76.91576453108027,-268.90072207532313
1301,2.7277938720843573,74.5893823689687,-260.7337306326671
1302,2.730005424734083,75.37032830460885,-263.5294933908953
1303,2.7322910595910366,75.51511066222051,-263.95938622480014
1304,2.7342323934891035,78.28323270500397,-273.6709041147823
1305,2.7361123669415965,77.97909783112071,-272.71609769371594
1306,2.73841292247591,80.00702662458595,-279.8777989677222
1307,2.7407262152838343,79.57160695933607,-278.2048328676994
1308,2.7424923562337074,82.49937664224692,-288.50329066877254
1309,2.7444202272828333,80.3885638850059,-281.1657110020823
1310,2.7468188489948773,80.8418275425586,-282.79911644922134
1311,2.7491571251284848,81.19681967644634,-284.0982498903913
1312,2.7509012180135843,86.49423287658932,-302.6278972746002
1313,2.7528220566885997,83.45080927965692,-292.01445099739266
1314,2.7552245852341666,80.56805607229958,-281.8707227817254
1315,2.7575799064734774,85.37426521529535,-298.69083046636064
1316,2.7593246433872425,91.53460429612376,-320.3936961348693
1317,2.761234187120032,88.5380340637006,-309.77948523820004
1318,2.7636390504715083,89.66894539869205,-313.69072467767785
1319,2.765948826576436,89.10981072856194,-311.8250790408653
1320,2.7676191435751902,88.24450844031382,-308.8321322179269
1321,2.769651838220211,88.00642990374163,-308.05936390113607
1322,2.772055945845228,97.36581280473351,-340.7945240781141
1323,2.7739175955497957,82.55603590955852,-288.9395051062293
1324,2.775657495525559,92.18721914532762,-322.5989481416815
1325,2.7780509401576134,93.13147655007413,-325.8514609921375
1326,2.7804282678176238,86.19683365437947,-301.70034053526257
1327,2.7823699672164355,119.22079431211415,-417.29556027408563
1328,2.7838806433920418,98.909455515975,-346.1045581662521
1329,2.7859958234637583,4.444214045033627,-15.554749157617694
