,k,Pk0,Pk2
0,0.0029665470748989845,1507.4707923653962,-2110.9451068888693
1,0.005026374055021859,5386.468808250899,3666.026930726481
2,0.007149300621522788,5745.724179324671,613.413765527312
3,0.009278869254964255,6199.28746702682,-2035.1874097355176
4,0.011450332619344701,6293.511641655877,-3400.4391180756197
5,0.013492955871419151,7533.149850980133,655.1607854252347
6,0.01558905561191893,7640.141406740398,-2716.0987140809025
7,0.017694083672553172,7532.991151238566,3806.7556421064087
8,0.019817874803135297,8419.849891275557,-852.689217413925
9,0.02192074938196264,9132.668259551017,-653.9581206844775
10,0.02398877635566245,8920.738416647471,252.10807771610902
11,0.026092869718961156,8543.126714945856,-770.2384099909689
12,0.028234663152781798,8881.520978740651,1651.365402796757
13,0.03032284873509123,8749.474676451156,-204.91614244561467
14,0.03240263258943404,8453.90244658976,-404.67094958361184
15,0.03449210129864554,8255.818145361209,1697.1168405654928
16,0.03658588147515197,8032.39706756112,1095.8355237752692
17,0.038684769492669774,7718.842164273982,328.81301088919406
18,0.040788988884582836,7458.685120989512,-288.17313171554343
19,0.04289390876967646,7284.4950136712705,-152.68570794655665
20,0.04498336005546935,7202.48470681235,913.986030748848
21,0.047064985294738244,6950.7943102757345,142.29140302058195
22,0.04917111919158227,6689.596373047174,545.1405282331837
23,0.051262169141742274,6469.862475507194,-369.7136346943426
24,0.05335525146837034,6363.4982143037305,56.78648999498283
25,0.05546637228956934,6074.790139079126,239.9017740484241
26,0.057573188192548086,6035.106377974534,-9.634620566579109
27,0.05965884044590281,5834.464167814274,405.2389227692515
28,0.061745123021595065,5725.614637712971,111.54732050332878
29,0.0638268929113719,5698.191609996474,193.82419540020163
30,0.06592966228838451,5500.587296648951,-578.2838784442973
31,0.06803125784825748,5511.742455583083,820.9242423425077
32,0.07013131008699486,5399.501293604,457.9674335939369
33,0.07223032366074338,5290.217205631582,691.0043317843019
34,0.07432334270720506,5140.1375280368875,654.9062747798645
35,0.07642066756954473,4988.49193805152,-219.50670718268248
36,0.07850471694556041,4935.6471132197785,732.0719166184217
37,0.08059701946059529,4816.566785415839,344.4044931370059
38,0.08269521798132064,4680.233766461057,93.22177298418362
39,0.08478307522909848,4504.873102517461,585.6696332066357
40,0.08687780839616016,4408.499162014044,350.49844408547915
41,0.08897524569656534,4303.638058471775,-25.682836863891524
42,0.09108077810470518,4207.132021552496,328.2199145204711
43,0.09318432266948053,4086.7813441220037,55.61882674949275
44,0.0952788764104831,4038.358002581461,243.7501527581268
45,0.09736254237981037,3820.238884686803,180.25119106812625
46,0.09944832814799408,3745.562951753417,420.6525510876195
47,0.1015460879802399,3640.967366132236,40.17706412783229
48,0.10364263756677322,3457.33336281621,246.38413413574645
49,0.10573893905394659,3436.6042982001895,286.9873610821894
50,0.10783958559814742,3336.746604025324,101.52998890031856
51,0.10993894058501318,3317.449513146737,387.54499977248224
52,0.11203921431523854,3192.82376189157,145.76796634311663
53,0.11412334585697578,3086.525241945671,362.73715233040843
54,0.1162159397555423,3009.2691595185775,200.4323357420898
55,0.11831372048037725,2969.2501705523773,102.34379041909568
56,0.12039723118070132,2895.7684331476444,216.577097950901
57,0.12249223631878574,2826.8813441757807,155.92777580617044
58,0.12458825984258635,2803.650737046576,210.5415987946198
59,0.12668846771583772,2735.1172489477794,35.830657208673884
60,0.1287846620419941,2661.349204951436,234.90025639529438
61,0.13087133937881498,2610.612879146305,263.4156498755176
62,0.13297548334406448,2572.357951634756,203.19641030929662
63,0.13506910815256093,2532.2020572640495,200.5499713113485
64,0.13716388258568254,2489.2372452396057,200.9832784673695
65,0.13926047573721634,2454.634736065684,234.05366701752408
66,0.14134668829083769,2388.4805279094835,209.20730399455047
67,0.1434475230090064,2372.839708598854,156.55940663615405
68,0.14554528534185418,2294.18660588253,172.42778284799533
69,0.14763320610735878,2274.6860368074717,74.60233409893313
70,0.14972114728432864,2262.2248710169815,152.40129290870757
71,0.15181380487515775,2191.816156682001,97.50810250571297
72,0.15392114901003526,2138.8297759360066,169.46460532227835
73,0.15602147473412367,2111.956181318884,115.48710580864963
74,0.15811617475881218,2067.293275044906,44.9200416953994
75,0.16021187122717997,2029.692994343607,138.50368472821637
76,0.1623006419462899,1995.495143044535,132.35542176236342
77,0.1643899033199985,1932.2008300121158,125.06279152085062
78,0.16648355823815117,1902.4570729415236,131.53687412206057
79,0.16857196837784735,1883.5231361977574,149.3677961119064
80,0.17066413320893647,1801.7768555203863,134.03773424396795
81,0.17277086992561352,1781.5598757837968,161.39693493554626
82,0.17486965460096995,1744.4877396541995,130.11433402122103
83,0.17695857694944453,1718.8680067648315,157.1359001027475
84,0.17905245093155753,1671.547204933861,113.70724831806977
85,0.18115265212612636,1643.232973252744,154.14239096892265
86,0.1832476884130739,1610.0154297941406,126.69313995386517
87,0.1853312475833926,1597.197584603346,196.16760873932768
88,0.1874284892203219,1540.4338096119477,156.0297878088019
89,0.1895337179075755,1525.4199928729024,116.20958131721227
90,0.1916268196474026,1513.2015385655127,118.0109173237748
91,0.1937183403446853,1489.5152460048353,164.36908403338725
92,0.1958131498886989,1466.580086046811,114.11759627248512
93,0.19790587400989662,1439.1328656080234,140.45529322438585
94,0.19999906515978938,1422.2219054103364,172.15016203846903
95,0.2020893038374759,1412.403897105084,120.99528792302087
96,0.2041823192148178,1373.6819470715045,135.8896434982839
97,0.2062825911013838,1360.763395625212,146.18954218013593
98,0.20837701891459662,1342.8446136742632,157.72051526263596
99,0.21046758167944032,1333.861195510814,109.40591589452491
100,0.21256678542440183,1303.3967182098224,116.99948710718886
101,0.2146619261104852,1283.6243758801695,126.85344098586891
102,0.21675618057220372,1261.1099842049941,119.4224365950748
103,0.2188528705899679,1238.6158885067578,114.57383596792951
104,0.22094564274530842,1221.6689502945615,97.02098881763038
105,0.2230395148320731,1202.10226157944,125.72460647336756
106,0.22513567328585352,1185.0276925311805,127.75744435683768
107,0.22722785048644015,1167.6818990687984,139.97263822974517
108,0.22931975112872324,1148.7073912225162,103.2293688095966
109,0.23141147723465103,1129.6720871778134,127.37208828348815
110,0.23350584674782457,1113.3407256887635,111.9734467630488
111,0.23560416522029054,1100.6085264817136,124.46206064700038
112,0.2377006336558307,1079.9318669537008,108.89041502340861
113,0.23979727503904752,1057.7596426889593,95.97450875843867
114,0.2418944602532704,1045.608544014836,145.78565125156163
115,0.2439884227569783,1030.3182431642654,125.33723662024784
116,0.24608359968283072,1015.7112375242189,143.19603775839548
117,0.24817552807053123,994.8870536970418,121.17866258338441
118,0.25026237006475704,984.7722693924907,115.38373727028782
119,0.25235861551053484,977.0286756717563,127.26015646875815
120,0.25445470778669854,960.4557373586356,130.649417199907
121,0.2565487653287422,952.2561102075766,118.80393419391109
122,0.2586464955058471,934.45312110501,96.84105102023942
123,0.2607443047329862,919.1484406755035,124.70045944599288
124,0.26284383121734134,903.1112256320912,121.54397783091702
125,0.264929885565984,891.2112723982558,118.61147923864864
126,0.2670163698864118,883.3438886885031,106.91565849193103
127,0.269112135390912,872.1522104908581,121.74212323471592
128,0.27120764961246213,862.3866955040323,124.3550155330123
129,0.27330509996536784,848.427686331387,110.96435405559245
130,0.27539842121309294,844.0563473426784,124.67020878327914
131,0.27749656900268016,825.4126307889545,137.04213728548066
132,0.27959864364035925,818.0005503274989,117.21320001393369
133,0.2816878213234348,806.2774157711856,125.95717010963078
134,0.28377609558542155,801.7646718606071,122.71545040678565
135,0.2858732754634003,790.2301631525256,131.88542845467228
136,0.28796861590208045,775.6992155099279,123.19624726364431
137,0.2900612915162532,762.9391644831272,110.14860306730223
138,0.2921547032025089,759.3789018837136,118.12985954581673
139,0.2942501291133245,747.075868543281,119.51725901038313
140,0.2963444256131289,738.5653190643574,125.9309367359121
141,0.2984361415704375,729.1172931160424,124.44428130359994
142,0.3005318840555698,720.167936467878,115.79358836499902
143,0.30262777760316095,710.9004049746637,124.62259899129995
144,0.3047248035439954,698.1706624990385,118.663359149298
145,0.3068210272572538,696.1065887862405,125.65039549587503
146,0.3089144805088237,682.7332925264492,124.75699029575898
147,0.31101080657849756,675.1989649013497,126.41763819722999
148,0.31310885951912926,669.4971307540594,123.60490111456087
149,0.3151991603466065,662.6761627961283,121.3611117295956
150,0.317288667284839,649.848668638437,123.93688419251204
151,0.31938044185106124,645.2567702312666,119.14111155083485
152,0.3214783648369702,636.329143005324,121.70766010177624
153,0.3235785211189416,631.6622583839815,114.13792276808152
154,0.32566935894833426,618.7485657113976,113.950241689001
155,0.32776077751211374,615.6247970148859,108.37997858141732
156,0.3298523230655558,606.368000500764,115.13497880750565
157,0.3319485433973702,600.5896334121512,116.32855634913763
158,0.33404540358127904,593.5734618800136,111.07321061550054
159,0.33613494177837844,586.8800680692079,116.4897931209826
160,0.3382313832787478,580.8702643353546,117.30034605176552
161,0.3403308518124324,573.8492581065966,117.6633056538385
162,0.3424246601457981,570.5026595603649,119.0809250448438
163,0.3445197272986724,561.3359161997201,109.40790738367089
164,0.3466158524641983,554.0895396708275,111.65195699622318
165,0.3487089916477683,550.1414886191046,117.56662591303402
166,0.35080114560367615,543.1591011575672,109.83778200941022
167,0.35289356821720286,536.8545777376777,114.9187985671068
168,0.3549881110219297,533.6105567333086,116.13625646117247
169,0.35708559248027844,526.0483923018212,121.77235108547548
170,0.3591813496003593,519.9394226687222,111.22890595525381
171,0.3612749400626811,515.7249186144707,116.47461297399511
172,0.3633693413142722,508.56731729464957,117.72218497298198
173,0.3654632219855477,502.63909004540335,111.90938692960425
174,0.3675603773529471,500.0604702077557,110.15594201302035
175,0.36965434919829326,492.5798608258182,116.82032745057919
176,0.3717418094879197,487.5289135433733,118.61225822078774
177,0.37383404253825586,485.33956288100296,114.50656108780706
178,0.3759308579415973,478.92258965719554,120.81257939603265
179,0.37802985088946095,474.11919827719106,117.61359788104026
180,0.3801213498834686,469.2805130223773,114.34085972661013
181,0.38221306010699313,462.16421318907277,121.4507594698203
182,0.3843141376638833,459.77702349262427,117.95961021969359
183,0.3864096355836929,456.26406448043764,121.64940407177117
184,0.388502907295756,451.12481851919364,113.14025984316615
185,0.39059769208540335,445.570646269873,118.75180966156003
186,0.3926958121232196,439.48341719395506,112.74375730249686
187,0.39478921808384226,437.3668286889238,114.7544364363974
188,0.39687821409975554,432.18366530014134,114.73008106092439
189,0.39897073627813356,427.557293014149,112.19320541702308
190,0.401067192451382,423.6093081461884,111.7642261561537
191,0.40316228148056854,420.4190688206804,114.89253981871619
192,0.4052546340249366,415.5209430581831,105.89792928631913
193,0.4073499183903822,411.7790592883303,111.98699177019559
194,0.4094468722071623,407.6754899285139,110.22354248097095
195,0.41154432885897757,403.2228723725415,112.5624691059216
196,0.41363408239228544,399.2814159787462,114.51982569326192
197,0.41572494638156243,395.77831349635034,103.32319407542779
198,0.41782181997781404,392.2169524034995,118.68054105780146
199,0.4199166506307261,390.06239861748924,114.97720075160201
200,0.4220107143757513,384.9076637232071,110.91522697389492
201,0.42410542949066876,381.3099025578965,115.44275333489873
202,0.4262013850195404,380.0440399949556,115.61407332155183
203,0.4282955296445312,374.1826991738474,115.5299747205917
204,0.430391806688861,372.3522946638421,114.98540986949538
205,0.432488575457924,367.0042723848765,112.42058236834913
206,0.4345806090039814,363.61971193633684,108.75955458699302
207,0.43667244097425384,361.25695118781533,112.6842241963857
208,0.4387671492209622,358.2814073437931,108.23237497082113
209,0.4408622534544343,355.0635565968708,110.56822116459479
210,0.44295516415095815,350.42920905909216,110.16120124761075
211,0.4450482683181851,347.4794020981049,110.56320815786883
212,0.44714683875742495,344.7064220634499,110.35722286024723
213,0.44924362280569813,342.3796452906727,109.59746122309309
214,0.4513338633316258,340.2441490606228,113.70400620546629
215,0.45342753643259276,335.89712929282905,109.90569537802571
216,0.45552189548586586,332.97861503145504,111.00892481465351
217,0.45761716616081083,329.74184657451565,114.75208396452562
218,0.4597117909764672,327.32885535614986,112.28710872716242
219,0.4618031890496857,323.93866248015854,108.29008344412516
220,0.4638995470730997,320.9078469986604,106.75694229401593
221,0.4659948171464902,319.04795429395966,113.37956477171566
222,0.46808929446972725,316.9624536620548,108.54622259150054
223,0.47018492649495636,313.5768198293474,108.48094454151803
224,0.4722792778491551,310.42414231067636,107.78564194004487
225,0.47437272572904565,308.5605869419769,108.22128705876864
226,0.47646593372141327,305.59474383108613,108.7575529275133
227,0.47856230727426236,303.2243485626926,110.79044816715589
228,0.48065904058976644,300.42419774224595,107.13327370065005
229,0.4827512226177774,297.8850405593982,113.69120956155835
230,0.4848441163240575,295.8230342793052,106.80278175348383
231,0.4869397730506266,293.77361077000023,108.68475407125362
232,0.48903678813400875,291.22980686704943,108.81642489782486
233,0.49113096964965397,287.7441082031927,109.05639989689793
234,0.49322332174786626,286.1168263994846,110.60829286671022
235,0.4953187148676145,283.72681129048794,108.16153390430796
236,0.49741120358770496,282.2245474777499,111.1648569374022
237,0.49950082345999325,279.6103847281124,107.79524129846705
238,0.5015952506837275,277.3041458822349,107.74099909457645
239,0.5036919972981919,274.9415814415172,106.84312344932115
240,0.5057872116617207,272.14818183226106,109.05368190047636
241,0.5078828569897101,270.3353402591031,107.52454044853229
242,0.5099793452386306,267.8678249488827,109.47756892086623
243,0.5120767256379639,266.6469898880934,107.54808623149094
244,0.5141702395931294,263.49720714235343,106.79741461281036
245,0.51626132102766,262.31310675227274,107.07703534335833
246,0.5183576899265504,260.62354627403397,108.3749199358329
247,0.5204524416424112,257.5085279533236,106.34516558394617
248,0.5225430403510469,256.42277415445983,106.5706814205282
249,0.5246378991347941,254.33290327058086,103.97039675542366
250,0.5267345150769579,252.1873991191307,103.4443649659898
251,0.5288284644781793,250.6053386493729,106.55198127797219
252,0.5309200047543352,248.34502566453907,107.49985032264748
253,0.5330154787982235,246.34844119723058,105.27921738692477
254,0.5351140455458262,245.10046266707167,106.13485725365952
255,0.5372066203065362,243.170074347673,105.83250170401448
256,0.5392991990272246,241.617520523074,106.0191220881334
257,0.5413944118270408,240.095676467741,104.36013913885228
258,0.5434881995106379,238.2147619529731,105.66749806946589
259,0.5455829952492127,236.90547755682564,106.97178754757249
260,0.5476769745662954,234.7830528138579,106.11302816118769
261,0.5497697255495043,233.49963774980475,105.02524747231419
262,0.5518645446467839,231.3267470102358,103.86062279448716
263,0.5539598571350287,229.93507565078033,105.42171546367865
264,0.5560564538950566,227.7236639320152,104.39603923403212
265,0.5581500505101624,226.66957201692347,106.27016727062258
266,0.5602409063261653,225.69717304233117,106.80463339172513
267,0.5623379637803174,223.94307036168084,108.58086006819433
268,0.5644363283026402,222.26659605444885,104.31711347668373
269,0.5665273824761494,220.6415533358113,105.37169014961913
270,0.568621249018378,218.8141169411069,105.00695490701634
271,0.5707181447612965,216.95605521399258,105.88817310410563
272,0.5728127938597997,215.93893734768403,104.80030157925694
273,0.5749070881546879,215.16530795455463,104.45243198937416
274,0.5769991470923068,213.0664453833198,105.03080270021341
275,0.5790956911760897,211.68033473499318,105.06974539519553
276,0.5811893306261757,210.25087582084092,104.17091859438692
277,0.5832802267374103,208.92623513339512,103.86375768115381
278,0.5853761830306536,207.70508863026515,106.17623699100825
279,0.5874711784415975,206.6118568155553,103.70934866692104
280,0.5895653958899879,205.53500882829877,105.46656368980021
281,0.591659786459685,204.1278334501237,106.37236978329746
282,0.5937551851921442,203.11271349198876,105.49549454521944
283,0.5958498092767481,201.55354771715105,103.97558965645312
284,0.5979447066705442,200.36678369218615,105.38548527582802
285,0.6000383505174957,198.7477187675646,106.00787359677548
286,0.6021313016181767,197.08532088346323,103.95975516587733
287,0.6042246965556944,196.4446767730196,104.4228699941304
288,0.6063189733697846,195.47049755873567,105.83996404664258
289,0.6084147213727373,194.82316583470117,105.72090260508827
290,0.6105090855473989,193.15908886991812,105.20920114254008
291,0.6126037649785722,192.29841388488813,107.19063952367235
292,0.6147002391370655,190.86510250777218,107.07618940445556
293,0.616794938930829,189.9004011713721,106.30331572951587
294,0.6188886865784012,188.82258716667764,106.46257822157531
295,0.6209825762252046,187.4538060435375,106.23521564002861
296,0.6230764414889526,186.75777865632003,107.61554422685391
297,0.6251725389343245,185.18559034064455,105.30601284081162
298,0.627266923011265,183.5682320081298,104.32789542401517
299,0.6293596211388142,183.14363235880236,105.61078791172702
300,0.6314513250607457,182.5268111488599,105.87378062402583
301,0.6335475720513941,181.10066737128184,105.44547281636254
302,0.6356444982495617,180.7200426531218,106.66966494771145
303,0.6377358562255245,179.71135902594347,106.92627910984683
304,0.6398302949107263,178.7273748399805,107.15238744223666
305,0.6419256185614247,177.40799736844636,107.25199353643495
306,0.6440214843206593,176.90203368596056,108.41524125922922
307,0.6461142033434962,176.06419471671785,107.47040839356066
308,0.6482061138478032,174.91842983523645,106.81754748753055
309,0.6503020867345045,174.1895190426577,108.40275974867652
310,0.652398185537932,173.31776613575596,108.23685049807969
311,0.6544932048530038,172.28446202620427,107.80862967473878
312,0.6565867871776386,171.3978625687973,108.17264631559343
313,0.6586827890115348,170.7900281142551,107.85008500186764
314,0.6607793300725506,169.5383753842969,107.40751712138635
315,0.6628724964198541,169.74435646455146,111.05094835607066
316,0.6649654402217313,168.05768713111908,109.50311940372984
317,0.667059865407609,167.33928447363118,110.33645823808715
318,0.6691532523078332,166.62679059677794,107.93737787653433
319,0.6712457992597233,165.90956580749804,109.1888714419294
320,0.6733390782258323,164.7804741627046,109.73885773792955
321,0.6754367503383576,164.98037214671052,111.24315925003756
322,0.6775335143160066,164.13030272472847,110.68026447969542
323,0.679624621064033,163.02228201723133,111.25658536755815
324,0.6817180292738917,162.60407106286206,111.19445743254745
325,0.6838149015047629,161.7267250462709,112.06503203566506
326,0.6859101434268815,161.14208374458772,112.65768077097415
327,0.6880046468184081,160.53547951022145,111.6376123103966
328,0.6900999637264865,159.85251854771303,112.45212138894674
329,0.6921965733216279,159.60205965329112,113.64473634286388
330,0.6942884945981568,158.84775891196375,114.46789381125105
331,0.6963781649531228,158.20655304075916,114.27899620198222
332,0.6984747371200234,157.66306808362017,114.24454226383695
333,0.7005690388882679,157.14105420011626,114.91889829127022
334,0.7026621579778546,156.33021628816746,116.05988402678453
335,0.704757268847954,155.71077525658075,114.8742325070534
336,0.7068509057629639,155.44340566898057,116.0392933099628
337,0.708945644402387,154.75791012837544,117.05259464019477
338,0.7110406815970572,154.30232342064338,117.07819288155179
339,0.7131372373036142,154.23816744761302,118.20637057432637
340,0.7152323589250973,153.35992658337267,118.13954033951175
341,0.7173245162021571,152.8891822085837,119.44839209343102
342,0.7194199711852413,152.48826205838532,119.30109611015513
343,0.7215151322330351,152.19272840602144,120.38976036406493
344,0.7236102334592447,151.94886841907788,121.22466147459365
345,0.7257047129497166,151.43138545353185,121.77590592655112
346,0.7277958825256088,151.16430390531016,121.86410043254514
347,0.7298900912292255,150.66344450666537,122.1361643830541
348,0.7319867159780691,150.5389683288926,123.24295140770627
349,0.7340808521059053,149.851736726172,124.1044129661918
350,0.7361738853270124,149.96215225714036,126.26504136925162
351,0.7382682123604443,149.4458565526397,125.77535451630048
352,0.7403641944498084,149.30474944827193,127.73915154392552
353,0.7424576311971561,148.59196601709343,126.83761870779944
354,0.7445523870480827,148.407627529872,127.24054193847145
355,0.7466478284648128,148.0438466424553,129.05842057263197
356,0.7487413917548734,148.11298842686938,129.79730763388304
357,0.7508354594737505,147.9225076925396,130.5048577902102
358,0.7529278056847568,147.5300140558107,131.04858650926374
359,0.7550230257904859,147.27922758331147,131.9126855026848
360,0.7571167923480437,147.53765647894693,133.4918900152651
361,0.7592113317151179,147.10847667811828,134.35648832788482
362,0.7613074731933067,147.06976067006562,135.99735447630454
363,0.7634009581307508,146.52901978918467,136.1693315615825
364,0.7654969266569684,146.69359996186662,137.77926408585148
365,0.7675905899780763,146.55084767701334,138.46672054891388
366,0.7696837880547684,146.82874689296392,141.00865976804744
367,0.7717795008463626,146.7067631244545,141.9817699745435
368,0.7738757788346248,146.60400795486012,142.50518475798066
369,0.7759706260990727,146.37792113753335,143.35798859502128
370,0.7780620795267656,146.40479753701163,145.1409562889019
371,0.7801559906208961,146.4896317283583,146.21133729105483
372,0.7822523136569128,146.31367603719787,147.24345454688225
373,0.7843481481853999,146.35792934170968,148.85667886221447
374,0.7864425511046899,146.81155975968753,151.04289892640776
375,0.7885343495966205,146.59330902564,151.61714046245532
376,0.7906286372458883,146.8982689656902,153.59856217149425
377,0.7927244345313397,146.618233849296,155.08266044846823
378,0.794818005513127,146.92193971053865,156.59624936972352
379,0.7969121491149282,147.13908722208114,157.55027679521612
380,0.7990047112993173,147.7990069924724,160.87494739078056
381,0.8010984966914405,147.61032672647164,161.63988510045561
382,0.8031950165575023,147.91596850095112,163.49732484162075
383,0.80529055904954,147.0200461667823,158.55899437338735
384,0.8073868607794276,145.78680019841,150.6500826579109
385,0.8094799923089985,144.34330226334367,142.97504562204165
386,0.8115723232550889,142.8829603868579,133.60548086421025
387,0.8136672975922271,142.2554348452943,127.9510941741571
388,0.8157631100610689,140.6932486934708,119.40589442179322
389,0.8178569790142735,139.59794256310505,112.41920058467956
390,0.8199506303068442,138.5806477259847,106.41432329345713
391,0.8220462665916841,137.07993141942595,98.61143956140008
392,0.8241405937791958,136.3147580311052,93.18005559062051
393,0.8262325853224312,135.34158484018735,86.8615189222864
394,0.8283265675885274,134.48995298460292,82.20435550528087
395,0.8304231027322762,132.98939007655193,74.79101254864017
396,0.832516312308734,132.16972178292227,70.33664146369506
397,0.8346104967180491,130.98054340253688,64.62599508240636
398,0.8367055646585567,130.43429063596142,59.616854521763855
399,0.8387997810841866,129.70616511413357,55.25185544617056
400,0.8408959249120883,128.6244936500855,50.95098291929937
401,0.8429902851163829,127.90517131202881,46.99536938761873
402,0.8450834013034724,126.84707489957702,41.63176489548689
403,0.8471787052036875,125.99284345427968,37.689280712389426
404,0.8492741754489669,125.27384428488035,33.611464699679914
405,0.8513666186650054,124.4858536498721,29.31436289345438
406,0.8534586558453424,123.6324135184078,24.96838027654022
407,0.8555555147205227,123.15486145356228,22.61729296370988
408,0.8576510528712873,122.27887753650172,17.744369504134156
409,0.8597438531231701,121.78000613863847,14.553613334815807
410,0.8618396600787528,120.78942417327634,11.320213993038697
411,0.8639352641137702,120.07162596706199,7.797610274248629
412,0.8660278348127696,119.51358858168844,5.101686043601246
413,0.8681190723532742,118.86213591823976,1.5564864220883265
414,0.8702145301226206,118.3331323015685,-1.2290955778821142
415,0.8723097299260473,117.4999733993058,-4.290160274585416
416,0.8744009465527449,117.21218041970494,-6.504405823021649
417,0.8764962014565297,116.18382622817442,-9.720544551008235
418,0.8785921785819074,115.90369406221724,-12.143587643060375
419,0.8806862529738079,115.38890777385467,-14.327014269235193
420,0.8827803474942315,114.98110699703612,-16.84738560454142
421,0.884876552415157,114.0531817414447,-19.269273283927607
422,0.8869727619955021,113.6933472151245,-21.598049657904603
423,0.8890661549276524,113.44296487252453,-23.972934900099403
424,0.8911606435626759,112.6752958877829,-26.45993859686293
425,0.8932564177642083,112.16508930167392,-28.75219576433194
426,0.8953515942364704,111.41129488430056,-31.284468252663814
427,0.8974449590572777,111.26428387161292,-32.29685292099964
428,0.8995380126042275,110.62477201261257,-34.33302732934257
429,0.9016308480731973,110.18607636215555,-36.07142077850304
430,0.9037248205752632,109.470839141799,-39.11158058837075
431,0.9058194398636225,109.49122060903119,-39.26080119058074
432,0.9079139093175219,108.6671628322486,-41.596481007361376
433,0.910011764746055,108.27721222133171,-43.92904884342207
434,0.9121056647167038,107.83290591048781,-45.57916616008887
435,0.9141967683902507,107.53229574160781,-47.622992311854475
436,0.9162922424058753,107.11699199587324,-48.21727464807193
437,0.9183868595164038,106.66518591865525,-50.340320905342
438,0.9204815946523948,106.38991793550345,-51.4701251917941
439,0.9225765682279964,106.03465185370165,-53.54262902348887
440,0.9246708776548578,105.72541640141024,-55.18421674007968
441,0.9267650233208798,105.44510663695029,-56.16751763780039
442,0.9288581102404102,104.90830498953655,-57.13243589815066
443,0.9309518934142385,104.60088081728895,-59.001196970329374
444,0.9330469160925099,104.29073212751561,-60.32619170712953
445,0.9351415764644654,104.15712398209347,-60.72978246736719
446,0.9372369506587555,103.78898511780925,-62.346178826765474
447,0.9393287530448476,103.47035221773677,-64.64284955294592
448,0.9414229216419412,103.20263788072955,-64.56078954512581
449,0.9435209341962445,102.66531804552756,-66.62333197749838
450,0.9456148252799238,102.50604633867545,-67.74578810007876
451,0.9477091255207061,101.95699397634229,-68.80499724481513
452,0.9498037238864095,101.8363126809197,-70.30313604654725
453,0.9518981043411001,101.57187924425573,-71.09076875090425
454,0.9539914706287521,101.44194027787674,-72.50751911518464
455,0.9560859977890608,101.32302582593172,-72.42530717112048
456,0.9581821096695351,100.97688477191801,-73.76637976618794
457,0.9602755737793266,100.7652163147976,-74.77408497028968
458,0.9623691838562978,100.3007680557318,-75.94305575979445
459,0.9644636726355348,100.5183818700741,-76.76543780749749
460,0.9665572681340019,100.05964936798634,-77.55257119174821
461,0.9686506726657692,99.79201746517839,-78.92457655203528
462,0.9707453651438224,99.46580387146498,-79.93321863739914
463,0.9728397447984573,99.18790221198064,-80.79665887333366
464,0.9749341599912872,99.29053444268104,-82.32958131424382
465,0.9770309382258842,99.38379366497706,-81.86364106912454
466,0.9791243621626365,98.79249345131953,-83.74334963229028
467,0.9812186011668534,98.72556075110218,-84.11943483144812
468,0.9833152549762485,98.74616045531775,-85.39263011432202
469,0.9854083366977224,98.52825132534743,-86.78383342725098
470,0.9875013366256304,98.70619435371098,-86.76402160797434
471,0.9895964031766183,98.16766369773973,-88.66743336426944
472,0.9916911272506032,98.34136076406467,-87.71344111265137
473,0.9937856031740195,97.81536000847802,-89.27521816287287
474,0.9958807301039379,97.82511671530258,-90.25754113811574
475,0.9979746323874407,97.7342700637997,-90.92104722726586
476,1.0000664008054638,97.79397822426604,-92.64940504289386
477,1.0021595314674534,97.76502982590173,-91.54607734574057
478,1.0042547648495364,97.31131778073437,-93.44205921440728
479,1.006349085630113,97.42163225680714,-94.26091703522431
480,1.0084443367657523,97.41396646189875,-94.66181734833937
481,1.0105398481990022,97.07477325256646,-96.53997645732095
482,1.0126348213072522,97.18987101411223,-96.05213676193415
483,1.0147293432188107,97.2009236513928,-97.84900575436832
484,1.0168223222913106,96.94416409427077,-98.1956227920896
485,1.0189181991118834,97.01675792680447,-98.96385239579857
486,1.0210135889667047,97.11472163593369,-99.78256947132554
487,1.023105517395174,97.04406380764455,-99.8844473768898
488,1.0251997072975425,97.04992818165324,-101.25171439561915
489,1.0272950549324347,97.3148099701528,-101.06213147242657
490,1.0293904044607038,96.99451005972573,-103.13004454708928
491,1.0314847550764672,97.01552803949703,-103.68368601043402
492,1.0335791521913305,96.96256006621554,-105.28024098500002
493,1.035674282724225,96.56574241896213,-107.27516443783436
494,1.0377683744197583,97.59437983875311,-105.97471672845694
495,1.0398611358062981,97.0950988539986,-108.99572318364157
496,1.0419559810580585,97.06432189223744,-108.91782564957634
497,1.0440519355231435,96.9648831907618,-109.21497141921166
498,1.0461442665368221,97.0153873280842,-110.36878813285715
499,1.048238151325366,97.02871676495583,-111.73646268148232
500,1.0503312794335307,97.0264687789123,-112.58958889768505
501,1.0524262698953144,97.44100706989141,-112.73892165367883
502,1.0545208315883745,97.25454188036096,-114.62870080774489
503,1.0566150350094698,97.17077999986412,-116.33144402327665
504,1.058711440318921,97.69084941474937,-116.00300613869841
505,1.060803734980524,97.03908870660302,-117.4659850303768
506,1.0628970711462522,97.33768057019562,-118.21967449469481
507,1.0649945592352892,97.08948524154545,-121.09921195564375
508,1.0670895920886003,97.32105455851803,-121.45545542486991
509,1.0691815189460832,97.69122222222931,-122.77168586455574
510,1.0712752972137536,97.46524218898456,-123.75234853896114
511,1.073371173619778,97.56509484048179,-124.98628670647025
512,1.0754657024825272,97.4764558546006,-126.97953023130985
513,1.077559391113827,98.03836311154573,-128.08185705437592
514,1.079654167044188,97.72440899874266,-130.09190349896738
515,1.081749685406742,97.52560732493589,-130.97149430428072
516,1.0838429051818583,98.45227815451234,-129.91782604284913
517,1.0859346611894292,97.7849883864605,-135.45751619031216
518,1.0880274765489322,98.29862804971455,-134.16326222653478
519,1.0901226378244568,97.39112921911827,-137.1243643035981
520,1.092218906510469,97.72948153718067,-139.15170250282927
521,1.0943142405516277,98.17775347969524,-138.67707518176846
522,1.0964083656069452,97.06266844141439,-144.15573859870835
523,1.098504575117021,98.20305356546942,-143.32478688710947
524,1.100598880587325,97.63642472995849,-148.06290753883422
525,1.1026907648634887,97.79746368222962,-147.50244185902432
526,1.1047864761829782,97.36004717887575,-150.74029728508663
527,1.1068805633882368,96.74755628861713,-153.94507295084566
528,1.1089715885079452,97.00504497619383,-153.20301106826741
529,1.1110674731376504,96.08175825835951,-159.20786647431055
530,1.1131638031712348,96.70521616845554,-158.9630423345226
531,1.1152567400703868,95.54656484491016,-164.03989379148288
532,1.1173518797395834,95.79750733520287,-165.57517263872185
533,1.1194466841667583,95.09408448190383,-169.43057370945482
534,1.1215386388653605,94.07680702255608,-173.2477581919588
535,1.1236321502294464,94.60990543460869,-174.6911199586937
536,1.1257265608788465,93.08842202646457,-178.53748270665062
537,1.127823511019811,93.35504892078248,-182.1488110250143
538,1.1299186917312898,91.43528429835465,-186.14193589954664
539,1.1320102853860914,90.66321415392137,-190.15674621072927
540,1.1341022265777971,89.26377219002215,-194.55831166494127
541,1.136196488705377,88.00182108565947,-199.15195630533398
542,1.1382919496812383,86.72285532529833,-203.0147143433518
543,1.1403848113573067,86.74359091849125,-207.92713092485505
544,1.1424801205078854,85.30851187382203,-210.47807731514587
545,1.144579099546908,84.87893534085696,-212.23833894950235
546,1.1466743733674984,84.51541247667085,-215.4794835648954
547,1.1487627957344069,83.86921151929475,-217.91630837588266
548,1.1508586543248278,83.34718290837796,-219.02478756476222
549,1.1529561980713183,83.08225990274715,-221.46548845205524
550,1.1550454984226184,82.67085129962165,-222.5821483337389
551,1.1571409429142046,82.48163479220656,-224.16463724378985
552,1.159240859340017,82.16792350688269,-226.1015816218951
553,1.1613355832020602,82.07578462472185,-227.58541914393976
554,1.163423871831942,81.96890174997854,-229.37479150853974
555,1.1655188736812345,82.04889374634023,-231.821831166151
556,1.1676174368768866,82.10420599340883,-233.6920422529615
557,1.1697080797153998,82.1326919031943,-235.1757482238446
558,1.171800206369591,82.00766693532132,-236.98009192548798
559,1.17389591489135,81.22491025576203,-236.55775049118728
560,1.1759888523797297,81.33153446148141,-238.84039102463663
561,1.1780809947202961,81.24452211818974,-240.00401352800074
562,1.1801761196344618,81.58464626216366,-242.59692800004527
563,1.1822736635654147,81.37052774374915,-243.27489032529044
564,1.1843710306693693,81.19623177474746,-244.06619718162463
565,1.1864625384002512,81.74310854967119,-246.16811266759365
566,1.1885545198904406,81.47069683045679,-247.08285694705813
567,1.1906522613678343,81.08383292539689,-247.9888943465226
568,1.192750069492095,81.73690267783833,-250.4674049835898
569,1.1948381381583106,81.53266644727186,-250.88033244224778
570,1.1969297222624806,81.61339420700331,-252.85554206371646
571,1.1990290164311135,81.99190733404099,-255.36634612667686
572,1.2011243924560484,82.57046821385273,-257.4758813386408
573,1.2032149592826593,81.82464345918432,-256.1707355936335
574,1.2053132365828256,81.91638432683422,-257.5403765821056
575,1.20741576508926,82.24431041233743,-259.5301305412963
576,1.2095030565711475,82.67146891028084,-261.9219643774815
577,1.2115949657999687,82.4426918261135,-261.7682395835801
578,1.2136960046145377,82.94913223714681,-264.50992343061534
579,1.2157928316049589,82.90940748442223,-265.3483730427677
580,1.21787984102748,83.86947546575043,-269.27605007566166
581,1.2199725120701903,83.84002229507723,-270.36851849240855
582,1.2220773486348555,83.44002448158415,-269.8399483335145
583,1.2241717280648772,83.8599463808861,-272.07174854563
584,1.2262574809145717,84.70215057029291,-274.8681740043501
585,1.22835205989159,84.19287301208891,-274.5673111788066
586,1.2304511070315651,85.29001868568301,-278.8321680579973
587,1.2325439941641703,85.3610121284076,-279.34254664943256
588,1.2346327282165248,85.48546842468804,-280.8650590149787
589,1.2367296121231413,85.78207948162542,-282.3333865795217
590,1.238832433751825,86.48659630050692,-285.1109096142192
591,1.2409238541102623,86.32848419310929,-285.4116061146127
592,1.243012379245932,87.2103292610208,-289.02441455373344
593,1.2451094606314712,87.22951881753039,-289.6395700593662
594,1.2472066170026377,87.98961589683127,-292.35448145349915
595,1.2492929515805862,88.42857864928298,-294.5772713955275
596,1.2513843202334647,88.33103692892169,-295.1553444477452
597,1.2534920777891505,88.97794899919471,-297.85842068694535
598,1.2555889180496558,90.13863088662315,-302.2613320672274
599,1.257667580798784,90.27573738696887,-303.1333401489668
600,1.2597632986068967,91.32083534052126,-307.0947520755373
601,1.2618709074503869,91.41433930094192,-307.99663392066276
602,1.2639618917954016,92.3080460365361,-311.6189528250335
603,1.2660463256389345,92.08901953456336,-311.22450265488345
604,1.268151380164154,92.78778462335609,-314.0015814134482
605,1.2702573897615381,92.92528002674533,-314.8209065402672
606,1.2723329096911193,93.87240392447828,-318.0354306196079
607,1.2744197010315288,94.79836548025716,-321.9521473758989
608,1.2765327006010119,96.43961323979069,-327.9970581783584
609,1.2786342467193723,95.66971849333652,-326.41279031814713
610,1.280707182799757,97.13025467256426,-331.18761298656153
611,1.2827931530633179,98.49920793364089,-336.5758887417301
612,1.2849085387747612,98.68562779460761,-337.6147778365273
613,1.287000364654089,99.27571525555531,-339.86038160881157
614,1.2890781709908103,101.55470265881819,-347.95713992141026
615,1.2911842108955598,99.74531569018811,-342.2597293800751
616,1.2932965864662813,101.50107237553492,-348.6482177852239
617,1.2953774115066516,102.90377698767827,-353.36396806788025
618,1.2974494068131983,103.61214514476123,-356.2949468948901
619,1.2995653278098822,104.46128834774967,-359.6298984314776
620,1.3016791376111048,106.05553931266397,-365.58201517399056
621,1.3037423234004764,106.70834457141642,-368.1769833898033
622,1.3058199114096363,107.66467722679073,-371.9884929020832
623,1.3079467955462118,107.72128926955901,-372.3647754005744
624,1.3100601882305882,110.88586759163059,-383.1542085352535
625,1.312113308135768,110.993093353228,-384.156123341204
626,1.3141962752176515,111.3229078774795,-385.57483780742587
627,1.3163277077674513,113.90054146629957,-394.84193751010804
628,1.3184175493918626,116.19089762699241,-402.9654478131779
629,1.3204856618221223,115.42478251365972,-400.6229048954652
630,1.3225968812824558,115.22873468798261,-399.83071046482894
631,1.324712528812616,117.49472696248564,-408.2770089068923
632,1.3267701241226586,121.1757974694189,-421.53001247875
633,1.3288455369869492,120.78360011640453,-419.62810793763293
634,1.331007859279665,123.3071740148578,-429.1193780838789
635,1.3331193077637633,124.14727244178506,-432.18744792348105
636,1.335111114646517,126.12912076724828,-439.12082882796983
637,1.3372000138113185,126.80940164458993,-442.06671737111225
638,1.3394207042773567,130.84165107183023,-455.9200727215946
639,1.3415191831855293,129.99175320520672,-453.1279511058432
640,1.343419658472025,131.1076228866723,-456.37598588271624
641,1.3455475267642247,134.3063135730014,-468.75664563785864
642,1.3478257671998863,134.60133564098845,-469.5651260169572
643,1.349910545699746,143.1469992734416,-499.19897989156806
644,1.3517701887420612,141.11020002524583,-491.99006149621766
645,1.3539417100377606,141.22046064756995,-493.6471917911107
646,1.3562514521124112,139.521134170729,-487.41574296202907
647,1.3583044750242828,144.91349111123435,-505.88335878352945
648,1.3600937081391848,148.77747640134146,-519.8965313112272
649,1.362315666351114,146.45573246487143,-511.75724241187885
650,1.3646739887244697,148.76016800139084,-520.2979673456384
651,1.3666040349314283,152.16338983978514,-532.3731762627662
652,1.3683585203137423,151.2958413248563,-529.1439699753662
653,1.3706879171444677,169.75397865850346,-593.5062088044899
654,1.3730812726720756,159.38646039537733,-557.375801056843
655,1.3749143385354152,163.8306459886493,-573.5628199284123
656,1.376679031839902,176.56890119869334,-617.690355371061
657,1.3790764132796052,175.51615487173567,-614.3246875454836
658,1.3814727924700456,167.2472367337025,-585.0247836899285
659,1.3833424067073374,191.3939415023958,-669.1705897110088
660,1.3850593718572481,160.5413904767508,-561.9021148787965
661,1.387433769507078,194.6335665920532,-680.9900269598818
662,1.3897620281243455,172.42593986913735,-603.7904104764128
663,1.3917897627196847,148.6030733152616,-520.4405060294564
664,1.3929979117318791,132.44839742945263,-463.56939100308415
