,k,Pk0,Pk2
0,0.0029665470748989845,2555.594731644936,-1484.0708976035753
1,0.005026374055021859,9526.320842957964,-99.0558156055901
2,0.007149300621522788,13116.678549171258,-840.8284192777917
3,0.009278869254964255,13054.38530047962,1313.9660432670257
4,0.011450332619344701,16598.009366683335,-4369.612153574574
5,0.013492955871419151,18114.74277476631,3326.3906321646923
6,0.01558905561191893,20680.236939407554,7003.754129087337
7,0.017694083672553172,21205.259517096405,-1391.013821881373
8,0.019817874803135297,20224.331555564346,-441.7919549997544
9,0.02192074938196264,22486.65997415488,-2521.2074877954997
10,0.02398877635566245,20732.20461377099,717.3464843787136
11,0.026092869718961156,20034.009446171996,-6848.9288057369195
12,0.028234663152781798,19170.625873215075,2741.877185680581
13,0.03032284873509123,17892.815012360337,893.4230869001353
14,0.03240263258943404,18847.06451174889,633.6560309846604
15,0.03449210129864554,17305.41337877898,-139.87761180183438
16,0.03658588147515197,16100.388377396679,-567.3939158427023
17,0.038684769492669774,15128.947106047624,1482.260279204698
18,0.040788988884582836,15313.662949408412,505.38024462468775
19,0.04289390876967646,14104.422634150262,-281.8495358598158
20,0.04498336005546935,13641.454962663172,2790.838762556983
21,0.047064985294738244,13241.216778625478,641.8653525987742
22,0.04917111919158227,12546.435486744256,-423.33108175254694
23,0.051262169141742274,12337.116340750681,-423.6616950256237
24,0.05335525146837034,11557.51581280825,1335.549653338837
25,0.05546637228956934,11473.7662763132,41.343157283305615
26,0.057573188192548086,11073.622865218473,-172.71740118917134
27,0.05965884044590281,10884.351998190714,424.92294810335466
28,0.061745123021595065,10516.778513347293,-142.33971862906833
29,0.0638268929113719,10559.082670620759,439.8318587810911
30,0.06592966228838451,9892.027809451529,-293.045424538427
31,0.06803125784825748,9687.170067797364,-422.52234153581566
32,0.07013131008699486,9796.43583902267,883.0135438312825
33,0.07223032366074338,9513.564978978447,356.01349896874785
34,0.07432334270720506,9301.256324740876,-179.55721474297619
35,0.07642066756954473,9033.262277774737,369.3987356861863
36,0.07850471694556041,8873.245039159061,1015.0537611514524
37,0.08059701946059529,8660.584955032826,562.8659304422033
38,0.08269521798132064,8310.187203548396,312.21634551517724
39,0.08478307522909848,8156.698885485851,-83.18821451568787
40,0.08687780839616016,7858.916920686807,400.58379310483474
41,0.08897524569656534,7722.039695726143,702.5631522125951
42,0.09108077810470518,7407.6130217164755,292.9743116539994
43,0.09318432266948053,7144.312517925069,848.0298908629152
44,0.0952788764104831,6805.428062517306,202.3063386991677
45,0.09736254237981037,6495.980817290354,527.7503979078764
46,0.09944832814799408,6361.516743068471,218.8750813675989
47,0.1015460879802399,6090.6898982610555,-206.45518376425446
48,0.10364263756677322,5919.386507131556,19.43409501430401
49,0.10573893905394659,5637.394399388017,200.04144564928794
50,0.10783958559814742,5533.479292682736,247.8328763688621
51,0.10993894058501318,5314.180819644765,267.0159550203511
52,0.11203921431523854,5138.476535228454,452.5266669822419
53,0.11412334585697578,5029.955668898267,133.71183495499636
54,0.1162159397555423,4923.787315144148,144.3725836594554
55,0.11831372048037725,4738.207702430157,89.60855528043302
56,0.12039723118070132,4708.918534575912,262.77007172311295
57,0.12249223631878574,4528.6417033591915,74.98822137929407
58,0.12458825984258635,4463.055710581092,203.2174023849678
59,0.12668846771583772,4412.327895919633,65.19633556786884
60,0.1287846620419941,4342.6026402601,350.25017996751734
61,0.13087133937881498,4306.889384239299,216.00609503139347
62,0.13297548334406448,4177.724731443288,205.94986176343343
63,0.13506910815256093,4106.577058356455,90.43059182037904
64,0.13716388258568254,4060.6853426774246,223.88561750202174
65,0.13926047573721634,4037.2201560712706,129.37731537488733
66,0.14134668829083769,3902.5311305024443,208.34945198569673
67,0.1434475230090064,3845.07307085348,228.8173220104953
68,0.14554528534185418,3803.8905377539254,235.7358262925744
69,0.14763320610735878,3740.246695909222,228.6624282726566
70,0.14972114728432864,3600.7463312467944,121.6386022576685
71,0.15181380487515775,3518.822220417337,210.46302328793536
72,0.15392114901003526,3492.888237376324,281.45254394219023
73,0.15602147473412367,3366.699294305576,220.0200795059557
74,0.15811617475881218,3324.6706750267817,73.00252066323957
75,0.16021187122717997,3232.7244066461803,272.8455536338537
76,0.1623006419462899,3167.466656070608,187.20400402493843
77,0.1643899033199985,3082.5485744681896,163.85016422190367
78,0.16648355823815117,2990.7596312648325,186.63188494471484
79,0.16857196837784735,2941.076774017759,213.2919201689648
80,0.17066413320893647,2889.2255070201345,147.31299587359408
81,0.17277086992561352,2800.580045982206,95.45599605674805
82,0.17486965460096995,2748.1810472995444,257.3840267828348
83,0.17695857694944453,2678.2816915429057,94.43898209063714
84,0.17905245093155753,2613.4962201998337,215.7314666322853
85,0.18115265212612636,2582.2369790759785,253.25846674024666
86,0.1832476884130739,2535.4859216107984,144.70403945458224
87,0.1853312475833926,2479.2070201274073,219.89358793971226
88,0.1874284892203219,2451.770114304199,156.68054928667547
89,0.1895337179075755,2400.4333654318957,184.43010373738073
90,0.1916268196474026,2359.6465024961617,251.20530273058063
91,0.1937183403446853,2320.4942393536303,278.41549885451286
92,0.1958131498886989,2259.7464778669614,193.26390839673985
93,0.19790587400989662,2240.5109136719784,229.96481441270907
94,0.19999906515978938,2192.6568933581593,207.0089664150196
95,0.2020893038374759,2165.578946514526,183.01270089029302
96,0.2041823192148178,2148.3796702133113,186.28433172195537
97,0.2062825911013838,2100.4485769154744,216.45391200561423
98,0.20837701891459662,2085.026911876835,229.46504697668084
99,0.21046758167944032,2055.1946511615197,183.75374911044656
100,0.21256678542440183,2024.720949634638,218.7815326007276
101,0.2146619261104852,1976.9558369893923,204.1395456893602
102,0.21675618057220372,1959.9162710372975,222.7451174203086
103,0.2188528705899679,1937.5596463554348,195.0817161925117
104,0.22094564274530842,1893.1957668316206,238.1463309095224
105,0.2230395148320731,1872.4432452193457,225.39115660719355
106,0.22513567328585352,1827.2738067501057,180.05010579480333
107,0.22722785048644015,1802.0424802504117,276.3523943876064
108,0.22931975112872324,1775.2973092289085,177.22515458021923
109,0.23141147723465103,1724.4477360467472,234.32102416683162
110,0.23350584674782457,1714.42429691406,232.95454444520212
111,0.23560416522029054,1688.7145462799697,200.95040778417007
112,0.2377006336558307,1647.927593486447,200.27915482199865
113,0.23979727503904752,1641.9429006694577,263.6820205720179
114,0.2418944602532704,1611.954526410196,238.2563051646761
115,0.2439884227569783,1574.4252021341917,209.24351858026347
116,0.24608359968283072,1542.906723115555,243.76987135119768
117,0.24817552807053123,1521.738151904529,250.48358828932152
118,0.25026237006475704,1507.973640321088,286.73414868525265
119,0.25235861551053484,1474.7862802925208,237.0441618549785
120,0.25445470778669854,1461.540947281497,221.84586692492758
121,0.2565487653287422,1445.482247201414,240.79424642210813
122,0.2586464955058471,1422.9626476192304,223.49782836477155
123,0.2607443047329862,1398.998359670808,242.77242855989428
124,0.26284383121734134,1381.7902869597333,243.4939290596062
125,0.264929885565984,1362.5749867573272,248.3402554605324
126,0.2670163698864118,1338.1841877002134,212.5801161597118
127,0.269112135390912,1331.1864362609763,218.45747711632097
128,0.27120764961246213,1314.7482824435963,260.9896304861347
129,0.27330509996536784,1294.2154380981422,223.815494261949
130,0.27539842121309294,1268.290685864201,214.74188033520073
131,0.27749656900268016,1257.8660217365714,238.43547746575243
132,0.27959864364035925,1242.388615502581,225.39874758388692
133,0.2816878213234348,1219.8884929439387,236.47931183289603
134,0.28377609558542155,1211.8660675599317,231.77987279686997
135,0.2858732754634003,1189.2566456700717,216.1438568144649
136,0.28796861590208045,1174.7303281490958,244.56746250897947
137,0.2900612915162532,1158.3286726861763,251.98386178633544
138,0.2921547032025089,1141.6734734144109,248.54137649550208
139,0.2942501291133245,1130.0958075871233,248.3363834155585
140,0.2963444256131289,1117.1893442454377,270.05563119570553
141,0.2984361415704375,1106.937090999278,250.09901016161663
142,0.3005318840555698,1086.1992348452811,236.00241653341138
143,0.30262777760316095,1071.6649390506154,259.19337744444977
144,0.3047248035439954,1063.1193962950401,249.57192985562892
145,0.3068210272572538,1046.818583047085,240.69292140932413
146,0.3089144805088237,1035.5895307974947,250.01080506980418
147,0.31101080657849756,1019.7840334420719,234.11703737103906
148,0.31310885951912926,1010.2306950674092,239.4716384518088
149,0.3151991603466065,999.547010742005,255.2800750070116
150,0.317288667284839,986.7070123934642,248.85992572449948
151,0.31938044185106124,972.16456277383,246.21257516524088
152,0.3214783648369702,958.832417796009,245.4353806350802
153,0.3235785211189416,953.0420417852943,238.5272128785945
154,0.32566935894833426,935.0368994576802,253.28426969007475
155,0.32776077751211374,924.5475041738375,254.37235445384596
156,0.3298523230655558,914.8862981311237,250.7002005608463
157,0.3319485433973702,905.5142167522557,251.32383162565722
158,0.33404540358127904,892.1099534800534,245.43918875356945
159,0.33613494177837844,884.1323381486771,241.28122654075025
160,0.3382313832787478,874.1603140574207,258.5504154149085
161,0.3403308518124324,864.2524719051561,231.61769558371074
162,0.3424246601457981,849.6785885798507,256.61061728344714
163,0.3445197272986724,843.922517914427,239.86335705261862
164,0.3466158524641983,836.5892515500535,251.923217024852
165,0.3487089916477683,824.8961188947654,254.36895128935512
166,0.35080114560367615,812.4524430882672,241.7800485961488
167,0.35289356821720286,805.5602042054567,258.724356484443
168,0.3549881110219297,796.1056563798611,241.51072457694312
169,0.35708559248027844,789.9971834584132,247.8820827069386
170,0.3591813496003593,781.3185979149215,250.11416853336257
171,0.3612749400626811,772.9728445165998,257.6689242261518
172,0.3633693413142722,764.6976348042753,248.77035889848594
173,0.3654632219855477,755.1421308168101,251.32001675276416
174,0.3675603773529471,746.9106002326544,248.40375180310184
175,0.36965434919829326,738.2586458463302,244.82194185519083
176,0.3717418094879197,731.3377214007728,247.42693065846714
177,0.37383404253825586,722.8506386098677,245.03374153345234
178,0.3759308579415973,715.460576332144,249.9165549835372
179,0.37802985088946095,710.9329708950337,249.28235072789425
180,0.3801213498834686,698.1507995453571,243.8627484674277
181,0.38221306010699313,694.6620837115672,253.93396069034785
182,0.3843141376638833,689.526594481881,249.38152571599875
183,0.3864096355836929,680.7905228191665,251.05837251775574
184,0.388502907295756,671.6942003004036,248.95466958793037
185,0.39059769208540335,667.7526815315446,251.16815384776768
186,0.3926958121232196,659.5866399496405,255.6551778542789
187,0.39478921808384226,651.561043584575,249.69397093292872
188,0.39687821409975554,644.4314792885925,251.73531495388696
189,0.39897073627813356,640.1724120676222,254.65304228428516
190,0.401067192451382,634.1379408828084,244.53176813364016
191,0.40316228148056854,630.1271688540756,258.5361267297537
192,0.4052546340249366,622.5202812845108,249.40326385975297
193,0.4073499183903822,616.4686230682519,250.5473936103995
194,0.4094468722071623,609.5875579886842,239.91400429886494
195,0.41154432885897757,603.0323766543903,242.84468213996493
196,0.41363408239228544,597.1337202784758,255.1036715303604
197,0.41572494638156243,588.585436455786,245.14409594654023
198,0.41782181997781404,587.2702770159701,253.41263530255924
199,0.4199166506307261,582.5648959659626,245.20545876693268
200,0.4220107143757513,573.9388681937156,245.34980680924983
201,0.42410542949066876,569.8198593598213,239.9883450913047
202,0.4262013850195404,563.0164330917123,248.0713725744144
203,0.4282955296445312,559.622355466736,248.05608654152465
204,0.430391806688861,555.4795885942328,247.16083303350155
205,0.432488575457924,548.6568010928636,250.01117770115093
206,0.4345806090039814,543.7840148624765,244.03383270631818
207,0.43667244097425384,538.0790846834237,245.42991616437615
208,0.4387671492209622,533.5189527410174,237.5696475312562
209,0.4408622534544343,527.9807461373382,245.5515849399921
210,0.44295516415095815,522.8243340212359,243.10569228685344
211,0.4450482683181851,519.913408391964,248.941544347758
212,0.44714683875742495,513.17007432596,243.81292976205773
213,0.44924362280569813,509.51174990087367,247.25114845392446
214,0.4513338633316258,506.91060265439523,247.16278797772364
215,0.45342753643259276,501.39211689742393,249.13058247176644
216,0.45552189548586586,497.0580545443801,245.5598634872342
217,0.45761716616081083,493.292915221221,244.85996916302312
218,0.4597117909764672,488.69808143595657,242.538696625827
219,0.4618031890496857,483.319239626037,238.8100217118366
220,0.4638995470730997,479.18141992817266,241.90205352008363
221,0.4659948171464902,477.13740165593873,246.4092275002281
222,0.46808929446972725,471.9069668394709,244.16818279397773
223,0.47018492649495636,467.25192431924677,242.08116119447232
224,0.4722792778491551,464.1088622001023,244.1029276032391
225,0.47437272572904565,460.8091145644241,243.12520312812225
226,0.47646593372141327,456.13724585248775,240.15958059618634
227,0.47856230727426236,452.00147616537345,244.07937570159098
228,0.48065904058976644,449.0222804320366,240.9373865085335
229,0.4827512226177774,445.0390686859869,243.8543210177743
230,0.4848441163240575,441.576889005043,240.6054159066954
231,0.4869397730506266,437.84095414406414,239.0652054877284
232,0.48903678813400875,434.798587920181,239.74640029116452
233,0.49113096964965397,429.26866136592923,241.500961617653
234,0.49322332174786626,426.2522382228188,238.81426109645886
235,0.4953187148676145,422.2237424449394,236.26472579855093
236,0.49741120358770496,420.80893513019043,236.7399656250122
237,0.49950082345999325,417.07592315075726,236.96652417400375
238,0.5015952506837275,413.3179576123614,234.12079616194322
239,0.5036919972981919,410.3766499925492,235.10863309534113
240,0.5057872116617207,407.1137042727925,241.83439256500142
241,0.5078828569897101,403.9987448669343,239.3494565839225
242,0.5099793452386306,399.47527560768657,234.5786289579301
243,0.5120767256379639,398.3277790616422,233.37993196397034
244,0.5141702395931294,395.3078012935706,240.12966772303736
245,0.51626132102766,390.7551851481767,232.15836734590508
246,0.5183576899265504,387.094183149109,229.2205186552913
247,0.5204524416424112,385.58748368560657,236.93318102124545
248,0.5225430403510469,382.1170161742873,233.6437991805984
249,0.5246378991347941,380.09353477075786,235.97381788528668
250,0.5267345150769579,375.41304636823986,230.25542429957216
251,0.5288284644781793,373.3849795616334,233.8261742953915
252,0.5309200047543352,369.1634068515327,228.03507561416956
253,0.5330154787982235,368.67152257549566,230.86811854714475
254,0.5351140455458262,364.91046655490055,231.10266564833282
255,0.5372066203065362,362.0955213972564,228.52043292801662
256,0.5392991990272246,359.4118845820669,228.79028515509177
257,0.5413944118270408,357.0304506325543,229.84678235003915
258,0.5434881995106379,354.09564616024596,230.5660611556703
259,0.5455829952492127,351.72443370359866,229.63042454222477
260,0.5476769745662954,350.3542402875747,227.96967955360427
261,0.5497697255495043,346.8734351550917,226.17086243813355
262,0.5518645446467839,344.92415678344577,227.976217768938
263,0.5539598571350287,342.0892058079873,228.48062740595893
264,0.5560564538950566,339.34462348561664,226.04921613226077
265,0.5581500505101624,338.24951953078926,230.01535842497182
266,0.5602409063261653,334.70340414085496,224.02445741376889
267,0.5623379637803174,331.59304444269634,226.08613503266173
268,0.5644363283026402,329.21201970355776,222.71228199473123
269,0.5665273824761494,326.94009034917207,222.29209173571115
270,0.568621249018378,325.38897909042896,225.7744210260972
271,0.5707181447612965,322.05158532293206,222.8686944016489
272,0.5728127938597997,321.0319738226917,222.39737793967095
273,0.5749070881546879,318.7837677358677,222.16185577935127
274,0.5769991470923068,317.1471830683183,223.70352369649711
275,0.5790956911760897,314.1254627967576,220.4328114526129
276,0.5811893306261757,312.1360060536604,222.94212034721463
277,0.5832802267374103,310.40728632410094,219.9785501219969
278,0.5853761830306536,307.09256454407796,221.85094332507987
279,0.5874711784415975,305.60068949322283,219.55046086936147
280,0.5895653958899879,303.2985755804269,218.27560984329986
281,0.591659786459685,301.27225875684763,220.07198295398504
282,0.5937551851921442,299.77035728835654,217.6138470053322
283,0.5958498092767481,296.94627567364336,218.6967230180521
284,0.5979447066705442,295.10869517134205,218.34907890680452
285,0.6000383505174957,293.70970692628833,218.77436086265763
286,0.6021313016181767,291.40626447144825,214.5613123146662
287,0.6042246965556944,289.41453551946415,215.9271028896622
288,0.6063189733697846,288.3502926527097,217.9714587356037
289,0.6084147213727373,286.07725418615354,215.98824723341707
290,0.6105090855473989,283.7904630988212,214.95814100401856
291,0.6126037649785722,282.16838888164335,213.61105447710105
292,0.6147002391370655,281.24677640530183,216.2209167746655
293,0.616794938930829,278.06679791565597,211.85268751613316
294,0.6188886865784012,276.73100548495444,212.11617399460474
295,0.6209825762252046,274.8227213595881,211.84114256084285
296,0.6230764414889526,273.42115580526746,214.31672136497093
297,0.6251725389343245,271.67544043454814,212.45124808849562
298,0.627266923011265,270.39343092020215,213.45136275910596
299,0.6293596211388142,269.000922834265,212.08615442186257
300,0.6314513250607457,266.7352216004012,209.58435865042537
301,0.6335475720513941,265.2710848639585,211.6403734959288
302,0.6356444982495617,263.57475154031266,208.98582977956784
303,0.6377358562255245,261.9647115899221,209.15210992787257
304,0.6398302949107263,259.88262251150974,208.33329696515077
305,0.6419256185614247,258.8235513717928,209.45892897534756
306,0.6440214843206593,257.39206960390965,207.88582585329775
307,0.6461142033434962,255.54854195845203,208.12457830328913
308,0.6482061138478032,254.40736733274068,207.29108669464105
309,0.6503020867345045,252.01084391772022,206.84149875127486
310,0.652398185537932,250.5110000638621,204.01488857189352
311,0.6544932048530038,249.04155409113287,205.47438737501392
312,0.6565867871776386,248.3773687112676,207.19080033467472
313,0.6586827890115348,246.28405383824713,204.04734056751
314,0.6607793300725506,244.51718827291208,205.32689014099515
315,0.6628724964198541,243.69106953754417,206.3428144357701
316,0.6649654402217313,242.4914075460079,203.89224748410288
317,0.667059865407609,240.57687893393268,202.33935129710946
318,0.6691532523078332,239.13201042649627,203.35976437886592
319,0.6712457992597233,237.82942895494975,201.4598847155336
320,0.6733390782258323,236.9843701462927,202.12543326964652
321,0.6754367503383576,235.614513170552,203.12646315506757
322,0.6775335143160066,233.88151754668579,201.51229972224277
323,0.679624621064033,232.8021043625346,201.60356648850598
324,0.6817180292738917,231.01094816015748,199.49097663693667
325,0.6838149015047629,229.79185257972168,199.58114613389938
326,0.6859101434268815,228.49040258226182,197.96154742690993
327,0.6880046468184081,227.95118024742035,202.20437587389594
328,0.6900999637264865,226.1362601667736,198.7456118843679
329,0.6921965733216279,224.6334813954275,197.96406275630372
330,0.6942884945981568,223.32162431886042,197.47303301044974
331,0.6963781649531228,221.98552771627715,195.97612554452533
332,0.6984747371200234,221.18760906861135,196.20689782272675
333,0.7005690388882679,219.67953908956596,197.18278090917548
334,0.7026621579778546,218.6622901203687,197.60548880027352
335,0.704757268847954,217.0684337838178,195.16288044668394
336,0.7068509057629639,216.09942671847065,195.03145261570776
337,0.708945644402387,214.96106286170524,195.0535837538062
338,0.7110406815970572,214.00780051617733,193.81716303365843
339,0.7131372373036142,213.1791085692373,195.0088483267432
340,0.7152323589250973,212.04756066900106,194.12287926016631
341,0.7173245162021571,210.4103170975628,193.5706240368711
342,0.7194199711852413,209.52670340159509,193.0239681406616
343,0.7215151322330351,208.7554584839104,193.42087215348946
344,0.7236102334592447,207.29379322053262,192.80081623514056
345,0.7257047129497166,205.8499836775874,191.45311932522964
346,0.7277958825256088,204.21479740288228,189.81980239200513
347,0.7298900912292255,203.42497571558854,189.88961630466738
348,0.7319867159780691,202.4660981450966,188.53284676167246
349,0.7340808521059053,201.93147555451878,190.92949890531497
350,0.7361738853270124,200.67040846222903,189.5668271903598
351,0.7382682123604443,200.01101688304763,189.65113339014113
352,0.7403641944498084,198.711516367164,188.4890543407673
353,0.7424576311971561,198.00631442939527,188.98180054093544
354,0.7445523870480827,196.85026634512153,187.6289185357415
355,0.7466478284648128,195.2902686846098,185.83348376248205
356,0.7487413917548734,195.17093177734608,187.47453344159862
357,0.7508354594737505,193.37935819204966,185.5911804663135
358,0.7529278056847568,192.44807135205016,185.43967733525665
359,0.7550230257904859,191.34728088110478,185.5665424581633
360,0.7571167923480437,190.36260467913885,185.3768646799674
361,0.7592113317151179,189.0396819755022,184.11066074887844
362,0.7613074731933067,188.72612845327797,183.8209431240508
363,0.7634009581307508,187.58090375313472,183.87710316414342
364,0.7654969266569684,186.6533560490348,183.52491102501244
365,0.7675905899780763,186.07637612782366,182.90056399136597
366,0.7696837880547684,185.2842811085247,182.954081995978
367,0.7717795008463626,184.10758991543767,181.6370594101426
368,0.7738757788346248,183.14025533155882,181.9727400149214
369,0.7759706260990727,182.25936147553358,181.81185023063827
370,0.7780620795267656,181.15876969752577,180.1011342009936
371,0.7801559906208961,180.6986783442446,180.95907974051204
372,0.7822523136569128,179.8328079908911,179.74150798510956
373,0.7843481481853999,178.68585001054237,179.6256974761608
374,0.7864425511046899,178.12756093371402,180.74273371678976
375,0.7885343495966205,176.88921161017896,178.46132742264905
376,0.7906286372458883,176.21480593867796,179.0722843297213
377,0.7927244345313397,174.89566005492148,177.7481990324598
378,0.794818005513127,174.5367211778288,177.83165487154898
379,0.7969121491149282,173.50165262792217,176.73429299753894
380,0.7990047112993173,173.301241578721,178.09374718465213
381,0.8010984966914405,172.10751254318308,177.05837708957262
382,0.8031950165575023,171.3668364763542,176.2587669549117
383,0.8052905677217739,170.55150233878473,175.85201115338617
384,0.8073868841230295,169.78728798056025,175.69396726883113
385,0.8094800557409162,168.93516346733804,175.14662928211436
386,0.8115724907946299,167.95709394052932,174.02126849678805
387,0.8136674854006812,167.18547307365202,173.4956325165391
388,0.8157633267681768,166.61119767824766,174.17672887607722
389,0.8178572815764139,165.4536346908576,172.8454474961461
390,0.8199509017046862,164.76706766535548,172.4335696728881
391,0.8220464110750062,164.03524220304521,172.82508754595645
392,0.8241406544737637,163.46273510658588,172.24547573424934
393,0.8262328397247414,162.6496455551868,171.30267543142486
394,0.8283269471334518,162.0475472748544,171.8277725057135
395,0.8304231064697798,160.9012961784805,169.8267112888703
396,0.8325161683796762,160.48711296172513,170.49379575502124
397,0.8346105557242035,160.253677560409,171.41013499382385
398,0.8367059794413102,158.8259193410335,169.2880172636797
399,0.8388002445604258,157.80989804588364,168.71111119987415
400,0.8408960756111226,157.91168949584716,169.84799607469208
401,0.8429905652842218,156.9352008745035,168.95030000086143
402,0.84508401313589,156.2664474375713,167.8286236687791
403,0.8471791713809247,155.46427514575436,168.09746960777494
404,0.8492743362825239,154.76156146475677,166.75793828026096
405,0.8513668888602299,154.23706385242687,167.06404350732015
406,0.8534589296280589,153.5018667946928,166.31264926875946
407,0.8555558405338324,153.15061016834966,167.10389557742317
408,0.8576516874123633,152.19897123038032,165.7069539935682
409,0.859744590599333,151.45700291692492,165.27262541334747
410,0.8618400547669827,150.96808045761503,165.70927910587608
411,0.8639350434441438,150.20077946029272,164.40211087272417
412,0.8660280248974203,149.82053037285021,165.23946589869146
413,0.8681201347325478,149.0455357057843,163.98606497894824
414,0.8702157283801463,148.38171013311108,163.6908665365703
415,0.872310621353091,147.77770450766232,162.92081074634504
416,0.8744020359703552,147.0468726630258,162.72227870565112
417,0.8764972088477568,146.33772711294782,161.9935159491115
418,0.878592835994214,146.01941011911146,162.24255352681175
419,0.8806870131084201,145.41082725452142,162.58158513630323
420,0.8827812802431019,144.77981147659492,161.80043050870526
421,0.884877279658285,144.24124000508644,161.57542279939995
422,0.8869730004154345,143.31663652744177,159.9693368138272
423,0.8890661750433553,143.25787824173636,161.89373240770374
424,0.891161435679344,142.22490241328856,159.75108910599798
425,0.8932577960179496,141.8886379692002,160.2484486780014
426,0.8953527392107627,141.1118978245779,159.03028358045967
427,0.8974462460666859,140.8784639240046,159.74530020349187
428,0.899539340962409,140.31486330339663,159.23052399129026
429,0.9016318169027592,139.38919917254947,158.16627312803195
430,0.9037252249745606,138.76821388439504,157.25382435464576
431,0.9058199443223193,138.15886168928603,157.6563163753235
432,0.907915243986348,137.90375717848494,157.29725783988715
433,0.9100128049501981,136.88641562962462,156.04633631458185
434,0.9121059966002629,136.53306826722178,156.77682233711877
435,0.9141972861830797,136.1458300515408,156.28759800280292
436,0.9162932496702593,136.10561559280566,156.83281199601657
437,0.9183878012752863,134.85370908037999,155.15415518227272
438,0.9204823185419505,134.5911029358836,155.06734142173303
439,0.9225773629784582,134.05069622608121,154.66733844534616
440,0.9246718174739146,132.88917209987682,153.06912903933312
441,0.926766211900197,133.2400657974193,154.65454757747875
442,0.9288591582540804,132.47813250254987,154.2276231851557
443,0.9309526610700547,132.12899143303204,154.31333543060538
444,0.9330479303067369,131.6307831186071,153.36142877044983
445,0.9351433527997749,131.13745258894264,153.61861188542875
446,0.9372383527365933,130.35154093089065,151.94324931840845
447,0.939329757499591,130.04236995145385,152.42007993133916
448,0.9414230571985791,129.48432128757594,152.06846359198295
449,0.9435210054806012,128.96549840223418,151.62369703886336
450,0.9456162503172072,128.48445076882908,150.98253898270355
451,0.9477100092887099,128.19834734446346,151.23941096956742
452,0.9498046323041349,127.57124794472259,151.33059485880653
453,0.9518991548408083,127.18693611965847,150.53105424592295
454,0.9539929332702277,126.83570613520936,150.5544675804476
455,0.9560874898052096,125.92073301905559,149.5463388507028
456,0.9581824530689178,125.72972570767544,149.56441882248066
457,0.9602770371571748,125.4295696279121,149.98315750894383
458,0.9623710723241273,125.01803581395792,149.19404599472043
459,0.9644648349083941,124.30470353968154,148.77021632365617
460,0.966557887379011,123.76684531426973,148.33422267742517
461,0.9686513195291268,123.35788112690005,148.14139958501423
462,0.9707470393683869,122.95415667472547,147.9177475618584
463,0.9728419987888902,122.5560298933483,147.06595841297698
464,0.9749363451418961,121.94787644729993,146.27211296833272
465,0.9770319720978949,121.56320151153321,146.58480774621668
466,0.9791260608689247,120.84116263431963,145.2887838644401
467,0.981219993418123,120.68481705784379,145.83291584324394
468,0.9833154848012966,120.15799996985727,145.3045934817657
469,0.985409217900734,120.03463262714138,145.76538096130844
470,0.9875034929558208,119.46913779763008,145.3844386020479
471,0.989598845059814,118.77221349967368,144.2509935089372
472,0.9916925524589582,118.62166723044595,144.63466254884838
473,0.9937866222530743,118.13311320330345,144.23157928765153
474,0.9958822538585521,117.88450150071803,144.14817177313952
475,0.9979763461234663,117.37745956876134,143.55625721061142
476,1.0000687382803208,116.8880456621433,143.08818738988433
477,1.0021620574674717,116.64220783633739,143.19011394121497
478,1.0042566040705312,116.11782292742772,142.79907346494053
479,1.0063510481087232,115.69666550328667,142.46820087691006
480,1.0084458017147504,115.2338259915483,141.7654660253859
481,1.0105412449330358,115.05604416595095,142.2491932127214
482,1.0126363206852906,114.48947548932327,141.39197173506562
483,1.014731689048677,114.32680791899185,142.02144464441824
484,1.0168251811607234,113.93219074759553,141.03067606700327
485,1.0189183181794257,113.26772666045541,140.42984115283713
486,1.0210135131858313,112.7877721604049,140.0929405112325
487,1.023107899818119,112.8379160567321,140.83641866673966
488,1.0252035642142994,111.98264666307084,138.61791098999365
489,1.0272979326699727,111.94152435727986,139.66999126189108
490,1.0293915165160124,111.29770406040015,138.40102566269485
491,1.0314862118776227,111.24036791700995,138.83873682633717
492,1.0335813276438528,110.86464879676716,138.94225125234038
493,1.0356760372494827,110.35102708151577,138.34759650061733
494,1.0377697665518313,109.7768766468609,137.6925805452208
495,1.0398635542890804,109.60590515990985,137.59131282757056
496,1.0419580022733907,109.4711872971813,137.9629417990061
497,1.0440530837182007,109.01000224986937,137.50690493309847
498,1.0461463909219801,108.58657506158981,136.78017525018288
499,1.048241289239942,108.22577978895791,136.71908588019332
500,1.0503346504195201,107.8075179204018,136.38624626911934
501,1.0524278880438542,107.85241724617921,137.00410834482278
502,1.0545231057279465,107.218278875189,136.05821487685236
503,1.0566172205725972,106.8994652657425,135.585554627895
504,1.0587125681053644,106.55011941805297,135.42684946068147
505,1.060806974942881,106.28791833941403,135.4942491380715
506,1.062900937291859,106.06270403656927,135.28542054717636
507,1.0649968400029963,105.84448205286478,135.3117556598861
508,1.0670917748856612,105.22000147626618,134.69094351829816
509,1.0691837840599538,104.9880343710425,134.24829503352873
510,1.0712784055790137,104.31043736685977,133.3175986328383
511,1.0733741944109443,104.41530293507611,133.76532374168877
512,1.0754689143080451,103.90084375766166,133.29975634059105
513,1.0775625935653539,103.59677756512433,133.2729020679491
514,1.079656551776009,103.40370344020229,133.197847169914
515,1.081751759033872,103.17951394931531,133.09995470151412
516,1.0838450038800544,102.88258309384749,133.2684600174106
517,1.0859393346043436,102.34687774683248,131.7184008126232
518,1.0880340737032612,102.05527444085503,131.79307926939413
519,1.0901280973397867,101.60331960030577,131.60645056521764
520,1.0922232205093443,101.4469983530072,131.50077331642447
521,1.0943183198095006,101.18542524591254,131.31340995577818
522,1.0964124680620808,100.8715237966573,130.8005705086853
523,1.0985066965945804,100.63982864230876,130.74898761276035
524,1.1006022506925348,100.18275504332486,130.52701418461356
525,1.1026960746069068,99.93880894729706,130.14324867118168
526,1.104789420523433,99.58994070075428,129.67347850445978
527,1.1068841457204943,99.28059125452828,129.5872282050628
528,1.1089772649904681,99.19071634881736,129.83129916399324
529,1.1110723868790173,98.84283435267363,129.3990925431554
530,1.113168427194727,98.61336413424397,129.43374778092368
531,1.1152626776337078,98.29802990737771,129.08000037930148
532,1.1173574051129724,98.13680310417647,128.91795433010392
533,1.119450573697561,97.68907513912727,128.180437260114
534,1.1215436337779248,97.36104500380065,127.96171184247007
535,1.1236390334415942,97.18316339428547,128.13824917617242
536,1.1257332200225998,96.9224638305396,127.68691515831557
537,1.1278283378211404,96.55038931571528,127.3575982859513
538,1.1299238131648552,96.2969513190671,127.22728307113374
539,1.132017447124327,96.12210380522593,127.29111115758243
540,1.134110650036949,95.63451716616638,126.5789262848702
541,1.1362036259959787,95.52426873347311,126.63668205957514
542,1.1382991427598659,95.41439909829063,126.74827737620706
543,1.1403936066737896,95.01566823666496,125.92463610569398
544,1.1424878264606209,94.63935307178195,125.51800500831631
545,1.1445836717483504,94.45227150862006,125.45661519125251
546,1.1466778755714095,94.19522658573347,125.26729722808341
547,1.1487715351237628,93.98258174228344,125.1538746704227
548,1.1508672245306748,93.5630821087145,124.29880735933615
549,1.152961670034179,93.36226339183371,124.71290087545874
550,1.1550551275418117,93.07275075376589,124.27530302088292
551,1.1571500620004906,93.00482291005825,124.19692681912
552,1.1592451155989445,92.6058590668216,124.05904485198755
553,1.1613401484055899,92.50182260580249,123.83936145377297
554,1.1634328135986687,92.20696927421422,123.85573080963306
555,1.1655280225544649,92.02241633045003,123.23523082024145
556,1.1676232414157608,91.75657630054005,123.45513167284838
557,1.1697157183635434,91.50099625672449,123.16465402859853
558,1.171809765164966,91.11540323142451,122.33585279147927
559,1.1739036754657965,91.11016535219902,123.06039599230743
560,1.1759974618047027,90.75812280364637,122.35166240316357
561,1.1780927342002254,90.57899470457315,122.47504002976873
562,1.1801886215978319,90.2588096854756,121.91736206508715
563,1.1822824649467334,90.20157645758623,122.16493835469107
564,1.1843777187054296,89.94241729545186,122.01720974212112
565,1.1864731317277017,89.76187859031839,121.74764395985738
566,1.1885662199882188,89.50110028128896,121.58873701411437
567,1.1906603290984812,89.2608112791793,121.37163209179141
568,1.1927560449071208,88.8338142112405,120.57829588662405
569,1.1948501301675682,88.68214222553077,120.5977344882072
570,1.196942866326464,88.59447137923522,120.7343282547374
571,1.1990363434731066,88.43616489868793,120.72095736274547
572,1.2011315528209288,88.2025626650497,120.51417242899826
573,1.2032252726398727,88.08937715290283,120.28684649526748
574,1.205319131714267,87.84563190504369,120.45186310661663
575,1.2074143429200774,87.45037626827995,119.31133104075762
576,1.2095073316728018,87.34708847361172,119.57614959697428
577,1.211602159357548,86.97642094301023,119.14489730920963
578,1.2136984428310558,86.95931706631029,119.42884958594885
579,1.2157943340364452,86.7688807436954,119.21816035938214
580,1.217888268816351,86.47259181804236,118.81495407042124
581,1.2199821909033837,86.29660870275916,118.54504392631111
582,1.2220779372220854,86.23917734220984,118.91724622163751
583,1.2241720630448372,85.95281029000598,118.6470862274407
584,1.2262656486341297,85.7845173267355,118.24104076459166
585,1.2283602712023978,85.53786464104984,118.14258802377672
586,1.230453847781421,85.29308994965692,117.774707679628
587,1.2325484279288663,85.09757552352458,117.29324456322232
588,1.2346427330328844,85.19044177388828,118.27526430097025
589,1.2367368340043534,84.80833775609285,117.50705435615433
590,1.2388320989568682,84.50662596547387,116.89200827384049
591,1.2409254956441091,84.49245671094151,117.31156918280928
592,1.2430201387037565,84.32335210613705,117.39427835493136
593,1.2451147141570293,84.03513407896155,116.70950638609077
594,1.2472087367784284,83.92045181507818,116.78473618140853
595,1.249302614173833,83.71421107683828,116.6732230054691
596,1.2513971052845823,83.56641859937385,116.5121248181378
597,1.2534931066319515,83.40181486729229,116.33093760923617
598,1.2555863817711985,83.13128086779994,116.1006306629965
599,1.257678969059161,83.06475742602817,116.15731345008362
600,1.2597748382104277,82.74295361233402,115.62161039532937
601,1.2618698898493887,82.64130548021001,115.81302946359928
602,1.2639640740660565,82.49463730713403,115.84296724263075
603,1.266059176034634,82.47858030076685,115.96240707910468
604,1.26815329738596,82.09999128482298,115.00838633653926
605,1.2702469827768745,82.08145374919351,115.5679794137584
606,1.272341439773769,81.88391918921829,115.21852722534872
607,1.2744361591580655,81.42457857739808,114.12413683297967
608,1.2765301570381213,81.58820516307343,114.85575651144134
609,1.2786243195908502,81.30762036399925,114.60732482384843
610,1.2807201779848052,81.31435843300973,114.91535229573137
611,1.2828149770647865,81.03245469032689,114.34511341844426
612,1.28490831046805,81.01422159293936,114.56715595116385
613,1.2870024746125797,80.84374573781152,114.48865242303162
614,1.2890960788179595,80.60242007853101,114.24026607766972
615,1.2911903407610128,80.43090159211032,114.06144104044783
616,1.2932847299377603,80.27084621267788,113.96634213708123
617,1.295379834193548,80.24957620954,114.04780393319473
618,1.2974743412448833,79.9761400341961,113.60934715711164
619,1.299568838606027,79.77589058969166,113.43047498612314
620,1.3016640567270552,79.77110872028577,113.58026410851525
621,1.3037578272673165,79.58028360568692,113.26970291124084
622,1.3058518980796576,79.32478392258515,112.97770560896913
623,1.3079469520711469,79.276004225064,113.19085846324278
624,1.3100414674631762,79.26495479598756,113.57642744914475
625,1.3121343419146885,79.09405890861649,113.06905447823722
626,1.3142291157646366,78.91842871770532,112.71221421690063
627,1.3163249547628966,78.9229486889741,113.02698512702835
628,1.3184204308819243,78.56287093223956,112.62461549924035
629,1.320514045081714,78.65601464961846,113.01898217772609
630,1.322607731116918,78.4078900190254,112.69514937387163
631,1.3247030067977636,78.28853685506648,112.72642043680253
632,1.3267964975071294,78.09737428027212,112.54671165340346
633,1.3288900457896358,78.01174989561041,112.37109364650833
634,1.3309846323229146,77.82689441024438,112.13063428060018
635,1.3330795391690438,77.7042409723685,112.1649621479852
636,1.335173949560825,77.59961669885456,112.0915797655842
637,1.3372672428845813,77.51804200726367,111.91667646574548
638,1.3393616502777206,77.421411022929,111.90149070838142
639,1.3414564546808454,77.37155575712437,112.27912645918003
640,1.3435497634465539,77.15220433000795,111.67352674856242
641,1.3456439095281743,77.23208615003897,112.22393623422575
642,1.3477398961804745,76.88378314080626,111.43854208226598
643,1.3498356331361778,76.81751037274748,111.5573914908051
644,1.3519291222201564,76.86459245523665,111.97484772774828
645,1.3540221824451044,76.68912051132014,111.71477469094857
646,1.3561174165883387,76.43745503826203,111.22404923338654
647,1.3582118000666776,76.46514313341082,111.40532314259134
648,1.360305548489477,76.35615292334879,111.46709329635327
649,1.3624016471705516,76.2897778803257,111.61590214404902
650,1.364496581524498,76.1313221633679,111.2713219427012
651,1.366589927521404,76.1170226345007,111.684312647238
652,1.3686839345616666,75.97852543273292,111.45262573500682
653,1.3707785136744248,75.83877754014978,111.11194886619525
654,1.3728736781569988,75.85682542789803,111.51393958207419
655,1.3749673745335222,75.61061111829932,110.97951905272815
656,1.3770602631292597,75.62170111973684,111.27466043201389
657,1.379155717578164,75.4439820695718,110.90582603632133
658,1.3812508039107998,75.48403145686078,111.43407992701012
659,1.3833453325862841,75.46010916169703,111.45018356445524
660,1.3854396647384786,75.20268642247909,111.1462359618666
661,1.387533616953471,75.3021388032766,111.57796542064644
662,1.389628935147901,75.05660833832489,110.98305077684994
663,1.3917230672721894,74.99725934806555,111.12361533754597
664,1.3938172778813163,74.95101428038572,111.2613809693872
665,1.3959128506087028,74.94993029996697,111.43985878767964
666,1.3980069894682674,74.82542021304309,111.05754700188639
667,1.400100032768225,74.79404930308365,111.31493846393606
668,1.4021942273095422,74.5913852863644,111.03009505876223
669,1.4042879724639459,74.57574522008747,111.10097853270413
670,1.4063822250727482,74.55180674748163,111.27562327206212
671,1.4084777998796327,74.39243856198863,110.86056527208677
672,1.4105725454065003,74.33549002835825,111.10050230791933
673,1.412666035757187,74.23863646452051,110.96463574686172
674,1.4147597581950535,74.31143710981343,111.3564227962157
675,1.4168552493745823,74.11061262549107,111.07839829509858
676,1.4189502707585735,74.06772993278658,111.11529874722342
677,1.4210439871962917,74.13501240540275,111.46101571793706
678,1.4231379588066748,73.94747965236483,111.2412481029999
679,1.4252323843784174,73.92039266595216,111.07158332527624
680,1.4273263645812686,73.94925481802447,111.56633416743527
681,1.4294209343777806,73.81248550880994,111.34090458718453
682,1.4315160587565352,73.72852264575923,111.36778677600101
683,1.4336101809254245,73.78050722048864,111.62864979160712
684,1.4357047233292217,73.73350193637378,111.73443023057855
685,1.4377991034950037,73.6328232006955,111.43878335473947
686,1.439893269172154,73.52691298347395,111.3203104899795
687,1.4419870983325702,73.5909245979557,111.85688755308053
688,1.4440820971476513,73.52284016484766,111.85389753672868
689,1.4461780146809415,73.41419513260304,111.845297350632
690,1.4482723645441788,73.3756091784386,111.82334339584074
691,1.4503661519067539,73.40188727286936,111.94481319925043
692,1.4524608997459605,73.24702905355073,111.76473077935388
693,1.454556191478353,73.37594167087988,112.35908252724303
694,1.4566505605195028,73.326946951935,112.23331551377437
695,1.4587435672120013,73.15363813470891,111.96478302430366
696,1.460836376274075,73.21133087246174,112.41715075794214
697,1.4629315024559504,73.17220088690675,112.32876619479242
698,1.465026115161985,73.18737581079777,112.56178328271537
699,1.4671201905708728,73.12259014770427,112.47956216974231
700,1.4692142550197365,73.12461596119874,112.73316567264061
701,1.4713085109511452,73.12247263665276,112.86838865855482
702,1.4734040883627781,73.03251070889766,112.72231102174756
703,1.4754983077923518,73.05541630010195,113.03702032369577
704,1.4775927333883283,73.05695973330945,113.19073206514355
705,1.479686516386449,72.8871516594244,112.80338744427529
706,1.4817805445745025,72.95786945506545,113.25414728959753
707,1.483876051193717,72.8932836126338,113.22024723965222
708,1.4859713583510508,73.05145455217811,113.75998235263663
709,1.4880662760111125,72.98784947962133,113.73894806986281
710,1.4901603423423662,72.84443971695829,113.49292177083224
711,1.4922546168830801,72.91498345482026,113.73099731098381
712,1.4943493508016918,73.02110195646674,114.10142845563516
713,1.4964436549031517,72.92827928057214,114.11151637681246
714,1.4985372426394363,73.06947784471404,114.70640494516365
715,1.5006303537214591,72.90220967047193,114.39155113036284
716,1.5027246941647125,73.00107385543284,114.67572990195589
717,1.5048198674391857,72.89322662880097,114.57156091512289
718,1.5069136003861163,72.8818714046592,114.72600993202303
719,1.5090076377683221,72.99771245740645,114.97378727696467
720,1.5111026723067662,72.93240398186852,115.10814711549646
721,1.5131971028762412,72.95147971378118,115.27341475772168
722,1.5152912609041667,73.07114995554019,115.84647475989658
723,1.5173854934463344,72.99532929099007,115.74874387938988
724,1.5194808793753787,73.05835258391178,116.06280054925924
725,1.5215756259285513,73.03814026895938,116.04674149908972
726,1.5236695807770564,73.00717261471858,116.0929928863541
727,1.5257641081783464,73.00070445933741,116.19259849616665
728,1.5278584873608179,73.19515922704318,117.00484767954258
729,1.5299536435991428,73.18055317936852,116.94923520201029
730,1.5320476585044298,73.2044026966085,117.32276676485766
731,1.5341414384393777,73.06299256002526,116.77217956031942
732,1.536236950937659,73.20939510335923,117.44999230231592
733,1.5383317033374695,73.22079790332111,117.6614072266618
734,1.5404255753841434,73.37152904005471,118.21527731149772
735,1.5425198393431812,73.23901124017138,117.90668146341012
736,1.5446136227526486,73.38383336705584,118.46775990443022
737,1.5467072285753283,73.38312684334957,118.47129449118452
738,1.5488013111816905,73.50731266958975,118.92499225593794
739,1.550896674249749,73.4209538325315,118.77002458192256
740,1.552991701547339,73.56648021894239,119.37702020266408
741,1.5550856629518366,73.65259066372364,119.86513620889639
742,1.5571801051512508,73.65462962601283,119.67542502556776
743,1.559274417579796,73.66374536367465,119.98016845893898
744,1.5613691533539047,73.72653606568167,120.22033494550882
745,1.5634631934261796,74.03021133592641,121.18688760870867
746,1.5655577892497892,73.92773182871584,121.0927894468655
747,1.5676527275763066,73.93129512779856,121.16520681675942
748,1.5697461748764228,74.08978975943349,121.77743474433882
749,1.5718402189801153,74.08993811327251,121.7901028037495
750,1.5739346218160084,74.1814600890374,122.14167390966725
751,1.5760295037244485,74.32847915446396,122.69829184977765
752,1.5781239238326052,74.25598946238817,122.6028049749682
753,1.5802176736109215,74.4380256288441,123.16866188445908
754,1.5823123941098438,74.44914152414171,123.2290750769433
755,1.5844068047546922,74.54873603867964,123.76755135182344
756,1.5864996832696292,74.73480105994481,124.41799718505051
757,1.5885944598128996,74.84728643865354,124.73878412309098
758,1.5906903325437156,74.9028671413821,124.86788060243161
759,1.592784689092666,74.96750412586104,125.32853129941533
760,1.5948796873290236,75.18388993002209,125.90686540535829
761,1.5969745597395735,75.13111671148444,125.848857610645
762,1.5990689218084002,75.32766750516366,126.62315897482236
763,1.6011633213632455,75.36675308916602,126.68868691917127
764,1.6032577776043084,75.38344400179659,126.92156766092629
765,1.6053514020964894,75.60510793181332,127.62216949455168
766,1.607445093072501,75.7135873623756,127.89065697197373
767,1.6095393086936036,75.2962367128034,126.27870484999893
768,1.6116336711357766,74.50215417235576,122.79445310724438
769,1.6137279918528686,73.79214937666562,119.76423210056545
770,1.6158221116449558,72.99341013344471,116.58662035145849
771,1.6179176229648538,72.53657587496008,114.17771631576389
772,1.6200131612431772,72.04860419796896,112.22121630151966
773,1.6221069236192778,71.3550141155309,109.26690610992547
774,1.6242011307622557,70.92339018263937,107.1616511396976
775,1.6262960841945175,70.44730279932716,105.0373609097901
776,1.6283896203498047,69.9956973380127,102.91479678112482
777,1.6304834947928883,69.5097302161479,100.74676957244891
778,1.632578127710653,69.17251609336901,99.08424667327641
779,1.6346731813158608,68.67929906775915,96.98657278926075
780,1.636767172365261,68.21178061342864,95.00580346048018
781,1.6388603779595408,67.91912028060969,93.674046036681
782,1.6409563605892468,67.62340098618158,91.97119719853306
783,1.643050621284035,67.3292953507109,90.57992076040021
784,1.645144102645386,66.93319025243184,88.85573145187753
785,1.6472395726584623,66.45170116301111,87.00925725269306
786,1.6493331318477138,66.16302647059584,85.3800720461783
787,1.6514277435583298,65.88642197461246,84.2216708168542
788,1.6535225655624404,65.58297626964877,82.76715816939532
789,1.655616100487628,65.23697748479198,81.24368896291354
790,1.6577106071833263,64.94543809157173,79.7905018091175
791,1.6598050724476994,64.6903456554432,78.7299361564438
792,1.6619001395524664,64.33034171916937,77.09733035023442
793,1.6639948642035431,64.17471684045016,76.24792618020325
794,1.6660882997554614,63.82839855197606,74.6728380713053
795,1.6681827329415837,63.663364186551874,73.6838583008991
796,1.6702780557373313,63.383387431309444,72.46109164975536
797,1.6723710846745943,63.033124697133864,71.03096198509371
798,1.6744651718920411,62.78113294686893,69.74895160976477
799,1.6765602044792516,62.59717656909763,68.84216690583702
800,1.6786535596079524,62.45320471283226,68.0343484323653
801,1.6807491745425278,62.194885680771925,66.67744940712143
802,1.6828445761171116,61.960058138148945,65.68853485364005
803,1.6849386388007168,61.75423873790542,64.76568085854684
804,1.6870339476475265,61.51261425531427,63.55171599094127
805,1.6891280758541645,61.26203199098545,62.35323356063736
806,1.691221272327691,61.08186759140068,61.66368687276491
807,1.6933141346742315,60.840107453952946,60.49710067728264
808,1.6954090930463133,60.66256188014139,59.54186252939428
809,1.6975047078021417,60.51075036992993,58.710325925950066
810,1.6995991246970055,60.319933349199914,57.88971919394744
811,1.7016934918813407,60.07472818460419,56.69465266785079
812,1.703786903721137,59.87971131337438,55.84371784096403
813,1.7058818292953146,59.71254952677068,55.09907549672966
814,1.7079768740006063,59.51606083000554,53.97816999368721
815,1.710070845319196,59.393043139923996,53.53563205597612
816,1.7121645316176712,59.16656053731282,52.282047967056506
817,1.7142597272321454,59.00109312865304,51.54411971791288
818,1.7163549406546734,58.91484580647765,50.870631847582324
819,1.7184482195940645,58.62327563803821,49.832111504126644
820,1.7205423072627637,58.510174387743234,49.147855968984565
821,1.7226374847113666,58.26488105746775,48.26202569691006
822,1.7247323233526113,58.260855993705924,47.759162941526085
823,1.7268266901810085,58.0594323892522,47.027434629562684
824,1.72892134476467,57.7839597577212,45.622616780887505
825,1.7310153629662073,57.723376740581124,45.301583270460455
826,1.7331087353021186,57.56645397825554,44.60189400124058
827,1.7352028820270462,57.36676091785281,43.738794345192694
828,1.737297419510233,57.31021228851062,43.21756321863354
829,1.7393924268721555,57.14931869844732,42.51307375422931
830,1.7414865202316776,56.970910790238676,41.67317625404229
831,1.7435798385311778,56.83152505042229,40.993164647505345
832,1.7456747741592018,56.68117298414764,40.17845515171505
833,1.7477707733578058,56.605263867894074,39.631876654077075
834,1.7498644151299778,56.50561570590641,39.20113334494096
835,1.7519579294274097,56.306330716150036,38.45193846758945
836,1.754052537005875,56.217989347680316,37.76959591782763
837,1.756146014277543,56.08323049260913,37.16921876166426
838,1.7582399685899122,55.96383551308867,36.664682450842335
839,1.760335124398212,55.859672950617316,35.97700779796331
840,1.7624306374180432,55.593240982558065,35.07806697996485
841,1.764524733445493,55.534064700245125,34.581050056814156
842,1.7666195957988082,55.46079978108947,34.081567262970786
843,1.7687146552767006,55.28130110806286,33.25427972991777
844,1.7708085687106505,55.19622494663929,32.78611801217349
845,1.7729026984403262,55.02441839069359,32.01754235347867
846,1.7749968373222131,54.976981904046234,31.761277864163453
847,1.7770919795414395,54.92611962663379,31.184468514496846
848,1.7791866891650514,54.819834940004164,30.608342760020648
849,1.7812805740714612,54.557832426661776,29.764868701946433
850,1.7833749145944944,54.61040243870342,29.747093574039194
851,1.7854698174814119,54.4591360704577,29.084604104406548
852,1.7875649050000997,54.37674591503761,28.47085363246279
853,1.7896586091751823,54.22926770041842,27.741791437297376
854,1.7917528105223397,54.140802626868656,27.429927852615126
855,1.7938472619734778,54.00581679045264,26.584692341146184
856,1.7959410333998334,53.971034008462155,26.35491035154285
857,1.7980353139963554,53.842445099786936,25.772896253743898
858,1.8001292949050451,53.7383891022594,25.14899870415399
859,1.8022240144636215,53.74173173257723,25.090349604774783
860,1.8043180357006787,53.51826735243172,23.98482673831184
861,1.8064120149556366,53.50183034497849,23.856268524017242
862,1.808507216693214,53.46626000986507,23.399430425516016
863,1.8106012235056632,53.31562742160154,22.77734377581902
864,1.8126961076333348,53.23668370241991,22.279673470526728
865,1.8147906359659112,53.159410985365874,21.982176581956104
866,1.816885013662702,53.040676723132414,21.34629846572646
867,1.8189799788179999,52.90631101383255,20.601540519262294
868,1.8210733357472892,52.92402660139709,20.63855350555147
869,1.8231675363973032,52.842426999775306,20.045418177313
870,1.8252628639859947,52.679890717987654,19.388195018141534
871,1.8273578690890415,52.6061069712128,19.063358417575607
872,1.8294529153678178,52.50791361341209,18.524004902472456
873,1.8315468366202061,52.573222908286134,18.432128798281926
874,1.8336403420201965,52.46892818103054,17.885600199778125
875,1.8357342642631629,52.35792907418487,17.462112604566915
876,1.837828606636473,52.312849206069224,17.162771438801773
877,1.8399232687279,52.184402598206276,16.585494630060975
878,1.8420169361094605,52.15586493788043,16.132101577843834
879,1.8441103454239045,52.04018844462971,15.731744579900809
880,1.8462047113551943,52.06431165953628,15.292771885227307
881,1.848300337583767,51.93462032322386,14.80357928913502
882,1.850395118058644,51.83818146320355,14.36205073846683
883,1.8524895015648957,51.84982089624124,14.23921044292582
884,1.85458435317291,51.74431478300624,13.696010395000652
885,1.8566786691854407,51.64686670216301,13.448994145360171
886,1.8587722962005393,51.547504529350064,12.474317588355678
887,1.8608667292143481,51.54559796285109,12.302844562396846
888,1.8629623979972338,51.56645656181051,12.178875235519344
889,1.8650575007618033,51.373894799542725,11.582668122497434
890,1.8671515757398978,51.353928094381665,11.312234692887158
891,1.86924567270883,51.29007454693783,10.859314283193767
892,1.8713402290883943,51.26505925396917,10.703165126563045
893,1.8734333441485889,51.17974467987025,9.990603481363449
894,1.8755274569663687,51.113250257484964,9.641452419704573
895,1.8776226584010878,51.15867496252734,9.550890547206752
896,1.8797156234954413,51.00877184804981,9.017979917751052
897,1.8818097674713492,51.11827724903262,9.007811324830618
898,1.8839051205157094,50.83179177179285,8.07176930958839
899,1.886000042933448,50.865197007735205,8.146103320701
900,1.8880949075451439,50.91316719285466,7.829794320458157
901,1.8901881584759161,50.74516822456973,7.0620985358151795
902,1.892283217936019,50.790572591328285,7.058226439001735
903,1.8943782680554568,50.6792684204551,6.525390646856564
904,1.8964720473710392,50.791633814176805,6.5825666669650404
905,1.8985668668489433,50.5899261774882,5.786489134481319
906,1.9006612809862096,50.626589781557236,5.654141637471293
907,1.902755719587151,50.56829444829473,5.437328486826358
908,1.904849757588545,50.47436126618762,4.837778860185796
909,1.9069430754605277,50.46877100857199,4.650003914333018
910,1.9090378340013505,50.401017356730314,4.111435328580769
911,1.9111324914183263,50.38827908454039,3.9027303484284386
912,1.913226965923519,50.34057905534539,3.597882143430178
913,1.915321381331026,50.184492775974476,2.8127057430600937
914,1.9174162748437817,50.42046680627054,3.403112928239195
915,1.91951096404297,50.26275530367165,2.572754605553388
916,1.9216039358616672,50.21462045662764,2.158768671127078
917,1.9236986253914137,50.20371483990974,2.1024681572858994
918,1.9257933066276691,50.064894903093034,1.479947957643044
919,1.9278873651498682,50.17835859981213,1.7075419620708672
920,1.9299807661659822,50.15618474837446,1.0338469896112836
921,1.9320760482648573,50.04945055207139,0.6085258452876458
922,1.934171767524072,50.07063908980699,0.49011648654397416
923,1.9362651059315399,49.951641030049934,-0.02679503217728003
924,1.938359138419254,50.04452758346879,0.008323631275026477
925,1.9404538735984294,49.95545261507109,-0.7258793959646681
926,1.9425479146608418,50.05613321353257,-0.5899475396582783
927,1.9446418189559174,49.8518536602112,-1.4741156059317437
928,1.9467371502259871,49.92353381877919,-1.550936189668103
929,1.9488329760684335,49.827656396978256,-1.9950712912375237
930,1.9509268120448882,49.767265151039766,-2.2250496713840926
931,1.953019609354344,49.873792605598176,-2.342352317392133
932,1.9551147244404972,49.86230158531865,-2.472067099615924
933,1.957209950604826,49.81153987095537,-2.8168982170098333
934,1.9593041179655175,49.792009816286736,-3.408855981379043
935,1.9613980124620214,49.7784472480921,-3.5929417456712294
936,1.9634920823781827,49.804340335525794,-3.6291619064208103
937,1.9655870316775599,49.71930054708813,-4.432672331549077
938,1.9676813106463258,49.75515820630812,-4.35113164970481
939,1.9697755380711686,49.76184933268816,-4.6962364403987245
940,1.9718704076888727,49.72630906746264,-4.996455552323958
941,1.9739643213778544,49.7188333250943,-5.306325256716172
942,1.9760582139073395,49.658961840231825,-5.665030427307444
943,1.9781533744008393,49.71761887415969,-5.694524910529642
944,1.980249297656676,49.627070412925036,-6.422267748091972
945,1.9823436902775773,49.66688382857329,-6.6812137636576585
946,1.9844363854611324,49.608579329157934,-6.927446502561308
947,1.986530057736426,49.65557418260785,-7.003467116057862
948,1.988624138262085,49.60998974947023,-7.400604180004044
949,1.9907191302641989,49.55731709613036,-7.941300712169899
950,1.9928140678397719,49.69426113353217,-7.730867537860979
951,1.994908057158038,49.7540389632915,-8.021572198424945
952,1.9970037235567513,49.60832119487467,-8.619025395007721
953,1.999098539119481,49.75056922984853,-8.502700849594182
954,2.001191245179364,49.53329711077974,-9.55617079297935
955,2.003285465781134,49.70965017345919,-9.17390608189082
956,2.005380090953843,49.615718845137245,-9.54654089454649
957,2.007473757612322,49.6328097564662,-9.874323675376779
958,2.0095674385752345,49.691880354735005,-10.105578101171593
959,2.0116620669227445,49.60180660515564,-10.590451464155548
960,2.0137574654124313,49.654529980915406,-10.818480023824375
961,2.015851542299029,49.66776232031643,-11.075047534063733
962,2.017945842236743,49.746719187196156,-11.260964315074952
963,2.0200414078173843,49.64747764951723,-11.77053084434722
964,2.0221364472105585,49.644144595289,-12.076749474078339
965,2.0242304661583193,49.694808378495686,-12.085923714574035
966,2.0263241213554704,49.56077747887661,-12.755432012459831
967,2.028418169537371,49.77230387548796,-12.603375103075702
968,2.030512126699397,49.65119733969994,-13.314603250482088
969,2.032607257696191,49.70979691122742,-13.526334358242485
970,2.0347026748788237,49.70588745012138,-13.851714789386197
971,2.036797432049628,49.64058420849298,-14.353663625827451
972,2.0388917803566513,49.8742736819943,-13.89829255211606
973,2.0409854404727548,49.77954462317273,-14.763178973890858
974,2.043079158497923,49.69613000996617,-14.904991031726157
975,2.0451737042342053,49.899507182125284,-15.048113860340417
976,2.047267957686092,49.816298888559324,-15.749995732296878
977,2.0493625921646865,49.993375425058545,-15.44464497254386
978,2.051458159400133,49.74101338014003,-16.401136339330847
979,2.0535521918605197,49.92354693412524,-16.16262536934049
980,2.055645062675616,49.86941850690335,-16.660575027790962
981,2.0577393587752955,49.804429840827346,-17.18974355072623
982,2.059834437786395,49.92724533114815,-17.161756589396937
983,2.061928055170489,49.83620490762803,-18.034586800124014
984,2.0640226957402352,50.017857979936366,-17.546687209126613
985,2.066118258189404,49.970182705087446,-18.44017889235522
986,2.068213196804832,49.99609249631997,-18.552236678151036
987,2.0703072818107917,49.95745019902648,-19.056587061510808
988,2.072400931462771,49.958434659286006,-19.697011331751508
989,2.074494103322103,50.14444041542532,-19.492196524586472
990,2.076588647294614,49.97315249755398,-20.036628399505812
991,2.0786837571325223,50.00833880124809,-20.36503781103605
992,2.0807786951127576,50.0061951646671,-20.932165986726368
993,2.0828733611799306,50.0579726843029,-21.07136509134061
994,2.0849676047315464,50.18161385035611,-20.96812180742108
995,2.08706191167589,50.019139541856454,-21.855304114204014
996,2.0891552570733616,50.303811307771454,-21.597131390500085
997,2.0912498961643236,50.170648163581824,-22.38738157028059
998,2.0933446561638878,50.21530140590277,-22.657149949746344
999,2.0954387435644386,50.28962193790632,-22.662360434963222
1000,2.0975335870618825,50.15739638202645,-23.55700176206136
1001,2.099629070349723,50.45114924335316,-23.202766737489842
1002,2.1017228492895934,50.25555010937654,-24.202292234792207
1003,2.1038170482062775,50.40422860704142,-24.13112272481351
1004,2.1059122372778973,50.34269680977687,-24.73734032243423
1005,2.10800554057148,50.40440073702727,-25.26629955385218
1006,2.110098599114947,50.493332467094724,-25.08301023229432
1007,2.1121927216235163,50.35766191298208,-26.379397712234642
1008,2.1142879182187984,50.55473983198847,-25.853249988935
1009,2.1163820759811065,50.44314495042019,-26.83525170821837
1010,2.118476597123504,50.54687488409314,-26.859942138014308
1011,2.120572077635568,50.50280181528969,-27.3789033022434
1012,2.122666143506846,50.47115511022583,-28.084799196316126
1013,2.12475947440395,50.68649061201899,-27.75123836213314
1014,2.1268549228070284,50.52798973781014,-28.844850683901388
1015,2.1289503858580807,50.59441655046615,-29.11660392560048
1016,2.131043274916299,50.78941770480567,-29.48267882904804
1017,2.1331378502136085,50.561473794463,-30.527206189485053
1018,2.135233020544507,50.71250305368456,-30.331178235617777
1019,2.137327211773404,50.69870697683054,-30.970091731488584
1020,2.1394213678417553,50.936330427368034,-30.89610868463877
1021,2.1415151935265153,50.61198305026971,-32.16905765325444
1022,2.143609686067666,50.786465726180445,-32.125326031013785
1023,2.1457039096890913,50.755335613744094,-32.47994830168307
1024,2.1477977892281794,50.5070648768606,-33.88947303326048
1025,2.149892773795189,51.04082459595558,-32.87354387536263
1026,2.151988207011953,50.9170871283985,-34.282702298286104
1027,2.154083430042502,50.920912180626736,-34.39016690621612
1028,2.1561769020273363,50.92792168607259,-34.98379767452258
1029,2.158269727638565,50.7503570752216,-35.903859752296015
1030,2.1603643338266334,50.935649502182244,-35.85577489975571
1031,2.1624594611960894,50.91839714229766,-36.7149796165116
1032,2.1645538445620423,50.97588397313614,-36.635259509900045
1033,2.166649266160557,51.01442018840606,-37.20577682848939
1034,2.1687438965600263,50.88498019206746,-38.29400604802148
1035,2.1708363804402464,51.1130191123707,-38.16786281134612
1036,2.17292939543057,50.75435442270914,-39.81822703050338
1037,2.1750246621139153,51.07926633599842,-39.285961751101105
1038,2.1771189095943266,50.859926035009046,-40.87976655558519
1039,2.179212962470575,50.90025875011348,-41.26856359251589
1040,2.1813066434396426,51.04357123113973,-41.451532124790866
1041,2.183402629792164,50.66024158561375,-43.129273931760835
1042,2.185498119455816,51.00818989168237,-42.47324658433812
1043,2.1875916200185137,50.64355975344584,-44.41227054701414
1044,2.189686441120868,50.911387993943116,-44.056108971140546
1045,2.191781413276182,50.65178654837162,-45.43307652078335
1046,2.193875147711239,50.70774155673105,-46.12188940302304
1047,2.1959686613130316,50.90915579571802,-45.937029145929266
1048,2.198063923558019,50.480319994996975,-47.904346000389964
1049,2.2001595001532226,50.76553541960486,-47.76592477858496
1050,2.202253779153767,50.642634809694165,-48.71349039196877
1051,2.2043460760907565,50.44444997067321,-49.87740549691666
1052,2.206440891990371,50.50581236731798,-50.16128324974534
1053,2.2085356491852317,50.175390026510655,-52.06337776108332
1054,2.2106277016542335,50.58734905491281,-51.27791174260719
1055,2.212721958545959,50.275464794755315,-52.823404283015364
1056,2.2148185083900422,50.24583922774582,-53.69735828929467
1057,2.216913061952383,50.0959601302008,-54.546705543649715
1058,2.219006160150891,49.690464202030135,-57.02655379165472
1059,2.2211007684745443,50.19136652526677,-55.82463527059272
1060,2.2231966067711273,49.61915125511289,-58.43140166052862
1061,2.2252915180225106,49.917919923339056,-58.15242379613641
1062,2.2273849286831946,49.44380213681747,-59.77868279239435
1063,2.2294794057777056,49.32684551631244,-61.41181314768973
1064,2.231574082226972,49.55842501410294,-61.156999012372
1065,2.2336675726385264,48.85386623272805,-63.97000453794096
1066,2.2357616690730993,49.420102572650286,-62.598171083719286
1067,2.237857388038379,48.579602038411906,-65.86485302107333
1068,2.2399520699736297,48.85440206834589,-65.9423311049888
1069,2.2420449617357057,48.34592505045608,-68.03403302825492
1070,2.2441391380853632,47.904690613046654,-69.78165928747418
1071,2.2462342793770116,48.241705757936856,-69.69790045906521
1072,2.248330004000319,47.478819180405395,-72.7088999347541
1073,2.2504234986669656,47.78243656891369,-72.14019479788563
1074,2.2525166459790467,47.14995583978219,-75.03511570452679
1075,2.254612702557845,46.95993845968275,-75.88617085282581
1076,2.2567074239010356,46.71087545643314,-77.14926960920795
1077,2.25879926569608,46.21878316033145,-79.57741174608775
1078,2.2608934332232278,46.26290003129689,-79.92877466313
1079,2.2629890832862967,45.591243931374365,-82.89323049301737
1080,2.2650815906481947,45.50888238297798,-83.78229226504328
1081,2.26717631551426,44.95071295437527,-86.28659788366745
1082,2.2692717091510235,44.54088709716374,-87.80794540142051
1083,2.2713660430599174,44.25873753457879,-89.42741780413257
1084,2.273460830916725,43.614953373735354,-91.73693197471722
1085,2.2755552510450507,43.27209069936542,-93.42713473103099
1086,2.2776502981151867,42.923441131547975,-95.08696766925459
1087,2.2797428242388995,42.75989753411981,-96.41572607826441
1088,2.281836092329788,42.569061368038426,-97.47245035278775
1089,2.283933556285596,42.400528982712444,-98.46239220387825
1090,2.286028868050817,42.15387546790947,-99.39305800400022
1091,2.2881212248812486,42.078200523081094,-100.16202950942659
1092,2.290215014848569,42.01315428075006,-101.15840339882803
1093,2.292310229911211,41.85709446352061,-101.9940212277609
1094,2.2944051456334345,41.70801712631944,-102.70323541822022
1095,2.2964983471898495,41.72248184784706,-103.44653209731283
1096,2.2985921024349003,41.593916457067046,-104.1453071209198
1097,2.3006888643809247,41.56102516179704,-104.84983094262014
1098,2.302783634096356,41.433127433013844,-105.30851435904327
1099,2.3048756698218886,41.46816357412857,-106.12160349625051
1100,2.3069695720010412,41.4535555364447,-107.04299911736278
1101,2.3090651112173397,41.2829422373666,-107.29484277214823
1102,2.311158495429861,41.343733047778244,-107.91817867844195
1103,2.3132509513768182,41.22006281124484,-108.5881743469736
1104,2.31534766594442,41.26386008694786,-109.35761907283457
1105,2.3174438092641236,41.37276800932339,-110.27781154074567
1106,2.3195366518474128,41.260175229871756,-110.6580934747592
1107,2.321631141204296,41.24503207664549,-111.1707441105717
1108,2.323727832694395,41.17102322264177,-111.52202232095668
1109,2.3258211826493147,41.19654454826977,-112.1835936892631
1110,2.3279133966950116,41.16055411667866,-112.58393657256951
1111,2.330008120458155,41.30380719124876,-113.44051428266908
1112,2.332103956675321,41.146717961762555,-113.85037798262525
1113,2.334197579452735,41.22414580845347,-114.43652307202443
1114,2.336290017181209,41.07418911003553,-114.61781206227039
1115,2.338385505091734,41.15791880539681,-115.3703978051788
1116,2.340480189114194,41.18602039457607,-116.03046775599688
1117,2.342573391055059,41.20018289345278,-116.57777912171306
1118,2.344667848677038,41.40501320257052,-117.38506872757915
1119,2.3467629878884537,41.25256122776855,-117.43664555502345
1120,2.348858220839854,41.33597814332128,-118.18758913226783
1121,2.35095250082758,41.327542305406126,-118.44940280287284
1122,2.3530449396760944,41.27258578434909,-118.85045854994904
1123,2.355141499104623,41.288519257819814,-119.43189791668807
1124,2.3572378412451434,41.426154521411476,-120.26187524019689
1125,2.3593294861259198,41.53758273426058,-120.90312809939931
1126,2.3614224992004984,41.4037996725804,-121.16794290304149
1127,2.363517948981548,41.56802271191534,-121.81433537936623
1128,2.3656139136423477,41.47559641705759,-122.18175609310755
1129,2.367706660383537,41.506532920396666,-122.41432495979856
1130,2.3698014470222093,41.680235114593984,-123.38522734565505
1131,2.3718977582075165,41.7123044135684,-123.86616742731523
1132,2.3739899214574836,41.75323069200742,-124.32174129306954
1133,2.3760825194215927,41.726445995382214,-124.67510184569998
1134,2.378179070039863,41.7655584718219,-125.1158669129121
1135,2.380273759058959,41.7036424664261,-125.34311085695599
1136,2.382365673610318,41.97271911449636,-126.37000335221528
1137,2.3844604460166168,41.99244386183013,-126.93283093829896
1138,2.3865571190304595,41.89569268860108,-126.95743904838304
1139,2.3886520978255446,42.088482590229965,-127.76885634063089
1140,2.3907442891236066,42.14810355076449,-128.27395754777288
1141,2.3928386457990913,42.29282311287624,-129.01539468475306
1142,2.394934562690242,42.30485558305362,-129.509595401323
1143,2.397029599690107,42.360737995721415,-129.91552860961212
1144,2.3991222591305954,42.32473676015342,-130.1986509461777
1145,2.401217024080888,42.524736133676015,-131.03116276918487
1146,2.403314513026698,42.4014786614578,-130.9456740002042
1147,2.4054081911284184,42.65164641380212,-131.95841321143652
1148,2.4075011183217048,42.691487304786726,-132.39659702225237
1149,2.4095960074264258,42.74145647909707,-132.9241370882101
1150,2.4116926326559978,42.709998266783614,-133.06249271203922
1151,2.41378425055939,42.775307562320165,-133.51253379097392
1152,2.415877382497087,42.95440968190459,-134.4491829978744
1153,2.4179783678062123,43.04314107338292,-135.05822352400153
1154,2.4200733739460714,43.165719919458475,-135.6062273201906
1155,2.422162501290004,43.255998803935675,-136.12780452298693
1156,2.424257158180454,43.292837001428104,-136.7409527769601
1157,2.426355368807169,43.215841054548754,-136.59857028851823
1158,2.4284477900186845,43.49626151342627,-137.79124945755336
1159,2.43053883847394,43.53682378417199,-138.08112145283064
1160,2.4326356353293934,43.7044952828479,-138.8156044071528
1161,2.434732612021302,43.77856911451887,-139.41588939284296
1162,2.4368252927922227,43.80855000264265,-139.72838585134895
1163,2.43891890863681,43.96485141297427,-140.56319983375977
1164,2.441014895314609,43.91149566463253,-140.5256705219491
1165,2.4431105244568765,44.0876244228258,-141.27065997893604
1166,2.4452031167440684,44.293017487302805,-142.16284345497004
1167,2.4472938786799143,44.26503923808003,-142.43729881738247
1168,2.4493915902413868,44.590542262071644,-143.55964352887332
1169,2.4514877943094935,44.69347090033959,-144.00869401943564
1170,2.4535774837073663,44.78277226476887,-144.63484550272236
1171,2.4556717453467782,44.653763258068494,-144.56345678353696
1172,2.457770725968573,44.82614485568635,-145.2236406649884
1173,2.459865450868259,44.97362771810005,-145.85874048460144
1174,2.461954843714291,45.1843062545903,-146.8580982914546
1175,2.464051305962942,45.146720884498414,-146.98029791332075
1176,2.4661493201186655,45.44536819846509,-147.97897608775028
1177,2.468239991051035,45.5455318499971,-148.54479109711434
1178,2.4703335941159144,45.74638315341359,-149.37379018221768
1179,2.472432426226094,45.76038174071772,-149.7930016102685
1180,2.47452690434623,45.88363762972817,-150.25958752659406
1181,2.476615373809059,46.0539764342026,-151.01826248345967
1182,2.478710457672189,46.21522325020319,-151.69079506387183
1183,2.48080966574444,46.34874416292887,-152.4143867903105
1184,2.48290090100287,46.443164251249904,-152.94789619670829
1185,2.4849923340191187,46.63431747721151,-153.77539607420022
1186,2.4870897130294636,46.73697469119903,-154.14751148886882
1187,2.4891862386660164,46.8027997289267,-154.70752201320923
1188,2.491278235985619,47.04824914409213,-155.60953176214474
1189,2.4933690456944357,47.09254142243516,-155.97634574722906
1190,2.495466543397291,47.238213954186726,-156.6167492057266
1191,2.497563830960505,47.23076823162191,-156.69281204948317
1192,2.499654519205421,47.826433192386865,-158.91396358400021
1193,2.5017479497353943,47.57827140799302,-158.26659914678729
1194,2.5038480054516667,47.95391153290075,-159.68804198646328
1195,2.505943433921919,47.95945541130895,-159.82492158305004
1196,2.5080284861327207,48.22051997295235,-160.7821698447392
1197,2.510123955773609,48.45312650801606,-161.90046387682696
1198,2.5122261646694253,48.67218198881288,-162.76697760386136
1199,2.5143177674343575,48.64596083202558,-162.71657106111857
1200,2.516405803072155,48.94586227047432,-163.87366605665179
1201,2.5185026929964116,49.10192586541082,-164.58415949897574
1202,2.5206041831245063,49.550289526689575,-166.25256872690156
1203,2.5226964757648327,49.25901144635313,-165.38091250783177
1204,2.5247869961159406,49.91185217597759,-167.73247386404668
1205,2.5268843920051487,49.846015200184894,-167.70852109047198
1206,2.528980483597168,50.11472519456056,-168.7907287238692
1207,2.5310684597394695,50.29172871990535,-169.40796951970268
1208,2.533161718042206,50.31740567008617,-169.669694763565
1209,2.53526488574662,50.75969976179822,-171.27962580861342
1210,2.5373603920777454,50.91175826950496,-171.9162395224416
1211,2.539445749963502,51.15556404986491,-172.87278142776188
1212,2.5415417180131348,51.21327918826691,-173.1744627736229
1213,2.5436457679371425,51.32680852424982,-173.85261957879024
1214,2.545736808475733,51.59669028843198,-174.75669805772733
1215,2.5478233832874237,51.76552198722723,-175.60550972513977
1216,2.54992085584226,52.091615328139014,-176.77664189217361
1217,2.5520207655356866,52.33124122086468,-177.51702027076945
1218,2.5541098448110064,52.587031546348044,-178.73335700618102
1219,2.5562002600365847,52.86466115390265,-179.6039443817097
1220,2.558305455724291,52.94246692118547,-180.22491132984612
1221,2.5604026511470312,53.34576744348195,-181.68403487882244
1222,2.5624826414852553,53.61290052437955,-182.4926315151304
1223,2.564574391949512,53.422217747860884,-182.26029750913975
1224,2.5666808497683498,53.8194498401597,-183.5002973339938
1225,2.5687773451615423,54.274909200281435,-185.19231185362648
1226,2.5708608935170316,54.39867782857541,-185.8692670780446
1227,2.5729575952355885,54.58699026396683,-186.66937108466055
1228,2.575060651513359,54.85179435908775,-187.63320644444585
1229,2.577148431575012,55.382440441698826,-189.42347526420323
1230,2.5792346077561192,55.31880725423703,-189.2764238617865
1231,2.5813352493894732,55.666783142391424,-190.74119968694407
1232,2.5834369526956515,55.75053845603647,-191.0406798318241
1233,2.5855218346006232,56.44774499065966,-193.54989663872138
1234,2.587610713900489,56.96781814984434,-195.48066761443573
1235,2.5897186990593415,56.86878226052449,-195.34284552506455
1236,2.5918181690667126,56.72523500343531,-194.85742433301553
1237,2.5938985009385314,57.19953360412627,-196.64455593979915
1238,2.5959901966325076,57.97044438664552,-199.37666584123667
1239,2.5980970827886534,58.23889917649909,-200.41909264847573
1240,2.6001911974764487,58.35856572316988,-200.91379252684993
1241,2.6022734575046016,58.61389841407468,-201.81886041315053
1242,2.604374761438423,58.57811345147153,-201.8392967804382
1243,2.606480077670044,58.701642864844985,-202.3228917191112
1244,2.6085618800169397,59.193922543408185,-204.10199732832973
1245,2.610646200048581,59.90288112096838,-206.62068794890806
1246,2.6127580952497533,60.16538292433579,-207.66320385881616
1247,2.6148609257992828,60.407269037303074,-208.55645452759936
1248,2.616933454172155,60.60116570522349,-209.1249032466745
1249,2.619020659870304,60.99307692262362,-210.8258820479028
1250,2.6211346279669097,61.72870979611478,-213.26483450515144
1251,2.623236503452788,61.76921277624696,-213.4694047616471
1252,2.6253090562225565,61.95537491956629,-214.2273997892613
1253,2.6274000701334055,62.453669039003515,-216.18042684364372
1254,2.629513118467727,63.039042714663765,-218.18069339960425
1255,2.631604301330356,63.21087306949023,-218.78519827777777
1256,2.633685254021577,63.66722551595509,-220.47467919115044
1257,2.6357889797673804,64.34938362087509,-223.0586882797866
1258,2.637895874321367,64.73711061902131,-224.31606917626686
1259,2.6399747081141895,64.90547028960438,-225.05660365259112
1260,2.6420591747927733,65.51584291315882,-227.15135406330756
1261,2.6441764666284318,65.1877300441556,-226.1623407522157
1262,2.6462775406423154,65.99278988874039,-229.00745041954357
1263,2.6483402943393326,66.13491223568465,-229.39016384693247
1264,2.650428729148096,66.05788000797912,-229.40142367508187
1265,2.652562718674548,67.26038367026396,-233.5983512557831
1266,2.654664088292312,67.9311654776521,-236.02102611049102
1267,2.656712651557163,68.6985158727855,-238.65579501528177
1268,2.6588106765908748,69.10381790791247,-240.2219854315613
1269,2.6609452450324915,69.10061742631983,-240.34589030576933
1270,2.663032290426174,68.48669524380838,-238.23978925824306
1271,2.6650914877184944,69.89236803213478,-243.09308944354504
1272,2.6671986225603375,70.49814318030325,-245.38596271768148
1273,2.6693218160411916,69.98655121151305,-243.67913235236074
1274,2.6714003686163363,70.95830004355746,-246.92693376083716
1275,2.673473653710363,71.13437089067315,-247.67490544916458
1276,2.675588689124729,72.10009673889918,-251.03833891372915
1277,2.6776964003773744,72.29991243246398,-251.9318296822202
1278,2.6797534796790945,73.3443338946512,-255.47745584288728
1279,2.681845016836506,73.95007602327662,-257.6353898883634
1280,2.6839785543392702,74.03430484590007,-258.14551185690067
1281,2.6860638705482365,75.3074121269211,-262.419478775583
1282,2.688115580192901,74.6639388607874,-260.27522966277206
1283,2.6902421071216107,75.1390962750539,-262.00658045629666
1284,2.6923784453538007,75.57924535995592,-263.6829667887622
1285,2.6944235266222867,77.28654474912393,-269.4566355172041
1286,2.6964818302236213,76.84387990105012,-268.04947216183626
1287,2.698646249049189,77.51821150834661,-270.46286397268733
1288,2.7007725953070936,77.8140751755888,-271.5880443430641
1289,2.7027692368507834,78.89918644885492,-275.3261331326442
1290,2.7048443440936585,79.24493135850103,-276.63427218491563
1291,2.7070515904059915,80.45805089282455,-281.06211348329975
1292,2.7091632832728005,79.70045167904938,-278.2624306357129
1293,2.7110832098570423,80.71809619486059,-281.8712108025629
1294,2.713194248534394,80.99986178947442,-282.96243303743785
1295,2.7154564422347596,81.39554696528113,-284.3364472572433
1296,2.7175455830902693,84.33114825754957,-294.58365070347963
1297,2.7194409477796717,83.78280857224405,-292.4807349768323
1298,2.72159410281056,85.39528863521981,-298.51077756902407
1299,2.723868494276683,86.21740706216538,-301.29578438009094
1300,2.725905473691433,86.91188953234115,-303.53403103670286
1301,2.7277938720843573,85.1269037972325,-297.4441682273903
1302,2.730005424734083,87.80617262568187,-307.02664673292026
1303,2.7322910595910366,89.39089731019743,-312.5631171999121
1304,2.7342323934891035,89.46437841556858,-312.90807492751213
1305,2.7361123669415965,87.24686582275793,-305.1770478779868
1306,2.73841292247591,90.36016889027012,-316.02046047006087
1307,2.7407262152838343,90.82765304859943,-317.7501329242834
1308,2.7424923562337074,90.21880479460923,-315.3614879197094
1309,2.7444202272828333,92.11132022623828,-322.33671634059584
1310,2.7468188489948773,90.60513608872171,-316.940909347611
1311,2.7491571251284848,96.42025297427284,-337.4108550917996
1312,2.7509012180135843,94.44487669815017,-330.09910138835573
1313,2.7528220566885997,99.42930124313355,-347.93517038549743
1314,2.7552245852341666,95.99507967876808,-335.8901905002359
1315,2.7575799064734774,99.62355486950906,-348.7172411304243
1316,2.7593246433872425,98.96224345149565,-346.3291359393721
1317,2.761234187120032,97.20343137007926,-340.208619377169
1318,2.7636390504715083,100.28663061536604,-350.93879217185184
1319,2.765948826576436,96.83100745939846,-339.01211962017993
1320,2.7676191435751902,96.41722986765498,-337.3196575304239
1321,2.769651838220211,101.2611353711905,-354.52036743109926
1322,2.772055945845228,96.63001456684731,-338.1322290075176
1323,2.7739175955497957,111.33035627127667,-389.4892156071714
1324,2.775657495525559,108.9178667506035,-381.16965757687524
1325,2.7780509401576134,106.65103403843761,-373.2341761049855
1326,2.7804282678176238,107.7323092154785,-377.03184055774875
1327,2.7823699672164355,87.09941071868316,-304.7653113968163
1328,2.7838806433920418,91.68871152547949,-321.05710074645384
1329,2.7859958234637583,8.098854338855823,-28.34599018599538
