,k,Pk0,Pk2
0,0.0029665470748989845,247727.97561869535,15662.2568411878
1,0.005026374055021859,229867.5309121623,-25415.007389075345
2,0.007149300621522788,340908.86027573695,-18913.40094462436
3,0.009278869254964255,330923.41503041575,212286.03888274528
4,0.011450332619344701,324556.3745955724,-61298.10981924394
5,0.013492955871419151,287845.1589575757,41203.68686496699
6,0.01558905561191893,270887.701340725,8579.640885614474
7,0.017694083672553172,214394.1621020245,13172.652890447946
8,0.019817874803135297,186179.61756488448,27358.951760224078
9,0.02192074938196264,150472.31895534054,33654.925898274974
10,0.02398877635566245,134224.89899338872,7961.0692509231
11,0.026092869718961156,112836.9714087013,2712.6541719377883
12,0.028234663152781798,89635.71217155403,21005.991205562863
13,0.03032284873509123,73628.17187499664,2420.576551892831
14,0.03240263258943404,63733.89880774091,1403.18483615182
15,0.03449210129864554,51218.30189851375,-3842.3810803677998
16,0.03658588147515197,44191.86466935465,-667.6914185749735
17,0.038684769492669774,38161.594376525085,103.25922182704049
18,0.040788988884582836,33857.21603855918,724.6003557419513
19,0.04289390876967646,28868.71109669993,-817.5090965175418
20,0.04498336005546935,26697.108777081634,2566.0554840619225
21,0.047064985294738244,25730.157041842114,-1488.5759583481922
22,0.04917111919158227,24458.679869697284,-322.5622691499833
23,0.051262169141742274,24617.567429875606,1487.169561059232
24,0.05335525146837034,24100.52215616308,5.597080377087628
25,0.05546637228956934,24255.602816102342,2007.9174363806173
26,0.057573188192548086,24355.235227153946,-666.9592294273448
27,0.05965884044590281,24952.812739540313,1166.2954336807472
28,0.061745123021595065,25525.079107180067,550.1948036446217
29,0.0638268929113719,24420.789665414562,1094.7389091496175
30,0.06592966228838451,24167.618170098118,238.76815861135418
31,0.06803125784825748,24060.3701182364,1685.0369733647071
32,0.07013131008699486,23411.78590435584,-38.803126011786915
33,0.07223032366074338,22629.469292653746,769.5841913733676
34,0.07432334270720506,21392.79092495101,756.1488475792107
35,0.07642066756954473,20639.547785379178,-665.0613674396942
36,0.07850471694556041,19115.550740634742,2149.949178428806
37,0.08059701946059529,17662.356300869887,-172.17062595587697
38,0.08269521798132064,16412.646349563758,122.81164252665424
39,0.08478307522909848,15345.01055151531,765.8864359759986
40,0.08687780839616016,14350.2890000235,200.12591173433105
41,0.08897524569656534,13193.452783098099,-205.23504573910247
42,0.09108077810470518,12031.035436067858,1450.6816371205055
43,0.09318432266948053,11638.325183654455,392.64760953978526
44,0.0952788764104831,10797.943294811233,-6.315569180073263
45,0.09736254237981037,10305.98072681576,928.2862118886919
46,0.09944832814799408,9768.869804479576,500.0875669109482
47,0.1015460879802399,9512.68977195485,432.13812740632676
48,0.10364263756677322,9186.069554941427,244.69223459396622
49,0.10573893905394659,8856.585907488854,402.4035122705548
50,0.10783958559814742,8702.984215752225,583.5270260491696
51,0.10993894058501318,8402.270452329407,511.1267924759111
52,0.11203921431523854,8263.278548089183,329.7655265898441
53,0.11412334585697578,8105.14500149596,321.4650222491098
54,0.1162159397555423,8009.591168770764,641.6822945827341
55,0.11831372048037725,7969.236352161738,487.30625873938715
56,0.12039723118070132,7838.728346855311,751.3130102334168
57,0.12249223631878574,7658.497620281527,149.23101860821475
58,0.12458825984258635,7591.649151556308,525.4614124514945
59,0.12668846771583772,7422.510797994783,246.64033787645303
60,0.1287846620419941,7230.990159098032,262.2216462184876
61,0.13087133937881498,7061.899773490651,455.0145758608276
62,0.13297548334406448,6906.727050508298,473.388687304777
63,0.13506910815256093,6673.975193162761,503.001614774907
64,0.13716388258568254,6606.148355079786,314.9510703558073
65,0.13926047573721634,6374.761905508273,661.9396392762163
66,0.14134668829083769,6134.458973141283,351.8603179279192
67,0.1434475230090064,5908.965419287834,356.0701605538344
68,0.14554528534185418,5734.042761464177,335.38358071594035
69,0.14763320610735878,5552.536102019139,448.14724216336396
70,0.14972114728432864,5473.1096796773645,316.81960239812713
71,0.15181380487515775,5265.171009018696,425.8361048098307
72,0.15392114901003526,5193.36331277177,500.88166878857555
73,0.15602147473412367,5048.977166142901,322.4160404757661
74,0.15811617475881218,4897.927572592958,345.0956158230785
75,0.16021187122717997,4753.309622225261,347.5247643427155
76,0.1623006419462899,4645.937387687589,235.59974759098253
77,0.1643899033199985,4502.546306202146,297.4057583343882
78,0.16648355823815117,4458.089494327983,239.312570738762
79,0.16857196837784735,4390.3177156428765,361.6681465904683
80,0.17066413320893647,4242.248037742702,403.41486744480824
81,0.17277086992561352,4163.244102370348,507.19287028963817
82,0.17486965460096995,4115.141131514437,377.4144929669019
83,0.17695857694944453,4008.63039847808,379.64759715737074
84,0.17905245093155753,3964.846984480993,305.9564636316394
85,0.18115265212612636,3890.3090018347707,332.0400236803962
86,0.1832476884130739,3802.615901835257,282.9774616110212
87,0.1853312475833926,3720.9815506656905,381.2734351320941
88,0.1874284892203219,3685.249477665365,378.7278672259323
89,0.1895337179075755,3565.514399415191,335.4112960592177
90,0.1916268196474026,3556.0769667097134,268.8186269381565
91,0.1937183403446853,3453.074282697299,420.2560879774723
92,0.1958131498886989,3387.5795765565836,355.11875141723186
93,0.19790587400989662,3330.3675316590675,342.7761589298108
94,0.19999906515978938,3272.62395248075,391.4566442081979
95,0.2020893038374759,3211.664535916398,365.8736912528209
96,0.2041823192148178,3127.061938186297,373.2229576209024
97,0.2062825911013838,3077.958225089304,381.84489014740785
98,0.20837701891459662,3037.086284689065,431.8719836697184
99,0.21046758167944032,2982.232937309036,362.4775133452007
100,0.21256678542440183,2912.8689356704253,378.93706821271576
101,0.2146619261104852,2897.459248493383,369.77948328321514
102,0.21675618057220372,2828.035718152017,390.964257908798
103,0.2188528705899679,2779.364334745685,257.82698740087545
104,0.22094564274530842,2716.6058580970853,349.0924410947838
105,0.2230395148320731,2695.448482942385,383.0936039827386
106,0.22513567328585352,2627.1872263505993,378.56163778830614
107,0.22722785048644015,2604.468094163687,351.32445255949926
108,0.22931975112872324,2560.9705202951823,387.28978125101
109,0.23141147723465103,2522.4922257935345,365.4285959308963
110,0.23350584674782457,2478.185177168967,372.5011093412018
111,0.23560416522029054,2447.2925134118736,344.62820954463047
112,0.2377006336558307,2395.767488090861,354.76684462887044
113,0.23979727503904752,2373.740452193234,329.2696776160858
114,0.2418944602532704,2319.4194455240236,379.73117371597334
115,0.2439884227569783,2295.385571415403,315.9456969122605
116,0.24608359968283072,2259.465620931687,396.3142675263948
117,0.24817552807053123,2221.654715805016,321.9145807760244
118,0.25026237006475704,2178.544254023867,336.5552809031585
119,0.25235861551053484,2146.4433201765382,316.3092240281821
120,0.25445470778669854,2109.6905539454624,373.97999109086624
121,0.2565487653287422,2089.8214316803624,364.13900328514603
122,0.2586464955058471,2071.3374549533846,380.79783524604943
123,0.2607443047329862,2018.512499255332,391.11629129836393
124,0.26284383121734134,2007.388563550198,372.9731184306162
125,0.264929885565984,1969.4972582626758,388.67187373587143
126,0.2670163698864118,1937.6870435533326,362.66891830236597
127,0.269112135390912,1918.9832224802517,379.44111928621936
128,0.27120764961246213,1885.822336610041,357.37357306979436
129,0.27330509996536784,1861.4226893769892,373.82332578796763
130,0.27539842121309294,1845.5311235137503,345.33957975875865
131,0.27749656900268016,1819.95836343359,386.6348600594658
132,0.27959864364035925,1791.2179921151833,384.7506416067635
133,0.2816878213234348,1764.95622674967,356.99400923787766
134,0.28377609558542155,1743.24669616073,327.0809019400451
135,0.2858732754634003,1717.6678715556004,384.15292569822964
136,0.28796861590208045,1688.3153271796727,394.9935060372829
137,0.2900612915162532,1663.503478677884,349.5522013586086
138,0.2921547032025089,1643.9516062239352,360.6161111917602
139,0.2942501291133245,1624.2662726529804,384.68204104660714
140,0.2963444256131289,1610.5634567752895,352.101308108579
141,0.2984361415704375,1586.8274637838208,348.09293878655933
142,0.3005318840555698,1567.7529782498468,355.11534142565006
143,0.30262777760316095,1543.4012620024812,372.0441855397508
144,0.3047248035439954,1533.0205209419828,355.9811327880474
145,0.3068210272572538,1507.5819153659984,361.1998919412864
146,0.3089144805088237,1488.0197148336383,360.79773934641423
147,0.31101080657849756,1472.3696064922483,376.9130919009541
148,0.31310885951912926,1447.244323349798,386.3282008452946
149,0.3151991603466065,1434.9061585560073,354.6409920889104
150,0.317288667284839,1410.1198064079274,372.10930940334526
151,0.31938044185106124,1396.0815087799213,366.64063999932614
152,0.3214783648369702,1385.7312677918799,375.0910728513839
153,0.3235785211189416,1363.5349310933113,388.2526940039881
154,0.32566935894833426,1347.0347460388737,380.10542698463115
155,0.32776077751211374,1337.3345102365959,381.6427357187857
156,0.3298523230655558,1315.3411789061333,376.46310571525163
157,0.3319485433973702,1302.8870000585441,377.89327665049126
158,0.33404540358127904,1287.5701507791202,370.02889629230697
159,0.33613494177837844,1269.823067135444,359.66348634785084
160,0.3382313832787478,1255.2847757915486,362.05877526673925
161,0.3403308518124324,1241.4188708313634,364.42710487085986
162,0.3424246601457981,1227.0203131094704,372.0063849110592
163,0.3445197272986724,1214.4210913463387,369.76868013564575
164,0.3466158524641983,1196.5410918121427,356.0661325776665
165,0.3487089916477683,1184.1663978590036,369.4272433577982
166,0.35080114560367615,1175.862970924317,371.12671482958467
167,0.35289356821720286,1160.6253906594873,373.5225560891077
168,0.3549881110219297,1150.4986583686582,366.6421093645377
169,0.35708559248027844,1135.9943404957958,383.66003776572495
170,0.3591813496003593,1122.6422148313627,354.2810557291682
171,0.3612749400626811,1112.3603940821527,362.68260461374314
172,0.3633693413142722,1100.6920447109762,358.08660510639623
173,0.3654632219855477,1086.2068140338865,376.1173055496442
174,0.3675603773529471,1077.5356199337152,353.97020385881314
175,0.36965434919829326,1062.7778114712535,346.561467570282
176,0.3717418094879197,1052.3063891068675,361.2076996479936
177,0.37383404253825586,1045.2536724864174,363.3122974465014
178,0.3759308579415973,1029.6994475456245,357.5471623498604
179,0.37802985088946095,1020.7637594996329,366.45977666056524
180,0.3801213498834686,1011.0709138495922,358.6238630856959
181,0.38221306010699313,997.1463522390062,358.4183615086825
182,0.3843141376638833,990.6194639887979,359.34315803605267
183,0.3864096355836929,976.7341939673647,360.6361271342684
184,0.388502907295756,968.4013581974341,362.84209177642157
185,0.39059769208540335,956.7541243432511,355.64493192640697
186,0.3926958121232196,948.285868790345,356.36006965786777
187,0.39478921808384226,939.8400510936862,358.57375026189703
188,0.39687821409975554,929.1902733387495,358.830395304451
189,0.39897073627813356,919.918681234244,351.23448631960287
190,0.401067192451382,909.2192037285238,352.08270862391487
191,0.40316228148056854,904.976398544757,364.59997930510264
192,0.4052546340249366,894.8134524673846,360.7673907545401
193,0.4073499183903822,887.8491529916395,357.951958999018
194,0.4094468722071623,878.3395465336678,352.80562816290274
195,0.41154432885897757,866.3312023245109,353.99435153991277
196,0.41363408239228544,863.2218718289705,367.59742756907394
197,0.41572494638156243,853.4526276358624,356.8416947983332
198,0.41782181997781404,845.2705367725048,359.46762635924716
199,0.4199166506307261,834.4903953967677,356.0753973572647
200,0.4220107143757513,827.0369875305146,349.36171825972644
201,0.42410542949066876,819.3886111140598,351.9419086800046
202,0.4262013850195404,813.2974706342866,351.4668818052999
203,0.4282955296445312,806.8354922263175,363.435493578642
204,0.430391806688861,801.2002449120122,344.77832191841685
205,0.432488575457924,790.1775355206148,351.8181868214155
206,0.4345806090039814,783.9281373102921,344.6519928888629
207,0.43667244097425384,776.7607056620125,356.162555874081
208,0.4387671492209622,769.1004201457104,344.3115883607514
209,0.4408622534544343,759.8106912686453,356.80814750147874
210,0.44295516415095815,755.5791640610745,356.37930455698717
211,0.4450482683181851,750.3294584406822,351.19976800804596
212,0.44714683875742495,740.4458052414864,343.70511934684686
213,0.44924362280569813,739.0558703386844,354.2183301869618
214,0.4513338633316258,730.2277839378996,346.9514740986962
215,0.45342753643259276,724.9489853598051,348.5054998157021
216,0.45552189548586586,717.4126151342721,341.89172020149925
217,0.45761716616081083,713.3303695104054,347.8262235702268
218,0.4597117909764672,706.739327124563,348.2003794867036
219,0.4618031890496857,699.1097024637711,347.56848897184494
220,0.4638995470730997,692.1812273287467,339.71768021294605
221,0.4659948171464902,686.3885375262743,343.61872881000437
222,0.46808929446972725,680.3516264980452,330.58379607903714
223,0.47018492649495636,673.7234979397821,340.57044226704835
224,0.4722792778491551,672.32826181621,340.02484745435487
225,0.47437272572904565,663.5713156056341,338.06573388284545
226,0.47646593372141327,658.4150061594748,340.1343640997234
227,0.47856230727426236,650.949750261373,343.70621798355666
228,0.48065904058976644,648.1980491435353,335.04599946815557
229,0.4827512226177774,641.6925686337759,336.42313674343
230,0.4848441163240575,639.9240074316554,338.24052212418576
231,0.4869397730506266,633.467274945006,342.14619080574937
232,0.48903678813400875,626.8390851389912,332.77711068066037
233,0.49113096964965397,622.297556656559,339.0196840406541
234,0.49322332174786626,616.8360815309863,336.3200677033205
235,0.4953187148676145,610.6499692272694,334.557450673002
236,0.49741120358770496,607.3569929963228,333.0323180788896
237,0.49950082345999325,601.7993532644916,328.6182841621037
238,0.5015952506837275,597.458193684903,329.955181848236
239,0.5036919972981919,594.1147317044803,332.5849354097933
240,0.5057872116617207,587.8287249446649,331.56088761855244
241,0.5078828569897101,584.9773333487296,334.5700945443545
242,0.5099793452386306,578.6936621404706,329.8235627535654
243,0.5120767256379639,573.8968538864373,326.35472546088806
244,0.5141702395931294,570.5837333039184,334.59881425056983
245,0.51626132102766,564.6725617964175,328.90816918248714
246,0.5183576899265504,560.8348613034868,330.7075647708446
247,0.5204524416424112,555.9912890186043,326.16582068568414
248,0.5225430403510469,552.5406574334776,323.5776670269324
249,0.5246378991347941,549.0553157346346,325.9339314791424
250,0.5267345150769579,545.0373535109637,326.9180890769928
251,0.5288284644781793,540.7028568752268,324.7910098192668
252,0.5309200047543352,536.6560390784424,321.4004688294782
253,0.5330154787982235,531.5587678315087,323.40521691879775
254,0.5351140455458262,528.0326659055288,322.6382471844988
255,0.5372066203065362,525.8256577949265,324.3463690768922
256,0.5392991990272246,521.5231106995553,324.9495554313644
257,0.5413944118270408,516.159584093571,318.9917775514265
258,0.5434881995106379,512.5544917718743,318.116832559384
259,0.5455829952492127,510.1979701703743,318.18713318991234
260,0.5476769745662954,507.4770744112322,321.78226922897767
261,0.5497697255495043,503.47930818793526,316.3871048211519
262,0.5518645446467839,498.5375673909115,319.5299263423623
263,0.5539598571350287,494.5752089923196,318.5508212743754
264,0.5560564538950566,490.62741313763433,314.89682156646995
265,0.5581500505101624,488.67997008356144,318.6410663837132
266,0.5602409063261653,484.93846407408824,314.79152240785294
267,0.5623379637803174,481.6425558112911,314.8740869436941
268,0.5644363283026402,476.3179785520291,309.6919989696069
269,0.5665273824761494,473.45987519029404,309.98601399010244
270,0.568621249018378,469.5951393643511,310.1504273108118
271,0.5707181447612965,467.323936828035,308.3909446130457
272,0.5728127938597997,463.8585429038728,307.8289343084717
273,0.5749070881546879,462.270245146406,308.1134879202698
274,0.5769991470923068,457.5794043469318,309.6377691710573
275,0.5790956911760897,454.5733688813595,307.2063149306053
276,0.5811893306261757,451.71570526203624,305.1347289641084
277,0.5832802267374103,449.6249576248533,305.08482576907386
278,0.5853761830306536,445.4420833926741,304.6066190825259
279,0.5874711784415975,441.88486693591386,302.8458140716137
280,0.5895653958899879,439.631236588522,305.5314441368022
281,0.591659786459685,436.2541184082232,302.472322353795
282,0.5937551851921442,434.7462705325464,302.070564742912
283,0.5958498092767481,430.30534667475365,302.0864533531682
284,0.5979447066705442,427.93996436330593,300.71074611216665
285,0.6000383505174957,424.7594450799854,299.75839418648326
286,0.6021313016181767,421.6836033383181,297.7488609109236
287,0.6042246965556944,419.8763490324445,298.0134211108605
288,0.6063189733697846,416.99829588264936,300.658403402781
289,0.6084147213727373,414.184658352049,301.6280721656684
290,0.6105090855473989,412.48151600270836,298.28158418940507
291,0.6126037649785722,409.61594336477935,298.1348071267415
292,0.6147002391370655,405.8351719423558,296.2465814528027
293,0.616794938930829,403.58117621838534,292.4663523098142
294,0.6188886865784012,401.01712687452164,292.87161576627346
295,0.6209825762252046,399.2390389511535,297.6162278181306
296,0.6230764414889526,395.6625365380653,294.98872388815994
297,0.6251725389343245,393.47229124309024,291.097805172678
298,0.627266923011265,390.34605457392536,291.99218061615835
299,0.6293596211388142,387.45773499146696,290.7921126167087
300,0.6314513250607457,386.0164693162273,291.06536429627806
301,0.6335475720513941,382.8893343241899,288.97301904893675
302,0.6356444982495617,380.18934166883963,289.91289897102706
303,0.6377358562255245,377.7074955328432,288.946659594533
304,0.6398302949107263,375.84226101631583,286.2990765348018
305,0.6419256185614247,374.6532459192169,287.85324388699667
306,0.6440214843206593,372.34432099671096,286.8639546567225
307,0.6461142033434962,369.2803878333106,286.4545173380651
308,0.6482061138478032,367.35219539637706,286.2078650899017
309,0.6503020867345045,364.9709000555167,283.64609564007196
310,0.652398185537932,362.20972521573276,281.475936217459
311,0.6544932048530038,361.076624673904,282.6547801628958
312,0.6565867871776386,358.4690852382737,282.7280784493728
313,0.6586827890115348,356.29548073143656,282.9793494473468
314,0.6607793300725506,354.43652887094413,281.40865569560066
315,0.6628724964198541,351.86131766388627,280.9734352854654
316,0.6649654402217313,350.2831151203126,280.81130956834147
317,0.667059865407609,347.96121171784125,278.01225607443416
318,0.6691532523078332,345.70660585573637,278.6059666381569
319,0.6712457992597233,343.2687672245744,276.28831876330634
320,0.6733390782258323,341.04386233538577,274.8040600318245
321,0.6754367503383576,338.65808291915033,275.5086387050188
322,0.6775335143160066,337.5218652693929,275.60507820921896
323,0.679624621064033,335.8517600500465,274.20277120991943
324,0.6817180292738917,333.39049598553106,273.62586823769016
325,0.6838149015047629,332.040088616347,276.57233113345757
326,0.6859101434268815,329.7148725427907,273.37625984201594
327,0.6880046468184081,327.3325028725358,270.2153842517017
328,0.6900999637264865,326.6584839648653,269.9928435826186
329,0.6921965733216279,324.68765639780287,269.6373363135491
330,0.6942884945981568,322.5128125998853,267.89334104713964
331,0.6963781649531228,320.38210411718507,268.56431426373973
332,0.6984747371200234,318.57579773794066,267.4424015732025
333,0.7005690388882679,317.1515464461413,269.72061900401155
334,0.7026621579778546,315.2709011250335,268.8540414901738
335,0.704757268847954,313.37383534199404,266.51255064991784
336,0.7068509057629639,311.3374896243371,264.83510861265006
337,0.708945644402387,309.65538292100484,264.0986598371746
338,0.7110406815970572,308.0719577461758,264.9720198325829
339,0.7131372373036142,306.49917057711326,263.8788301345989
340,0.7152323589250973,304.24196334723285,261.64588724854127
341,0.7173245162021571,303.162967986256,263.7130525506771
342,0.7194199711852413,301.30862353702145,262.42265030333465
343,0.7215151322330351,299.8931648557395,260.8631745500889
344,0.7236102334592447,298.41977972151085,261.4966909490006
345,0.7257047129497166,297.1992315664906,260.4951371562199
346,0.7277958825256088,294.4355569997546,258.65649270364577
347,0.7298900912292255,292.9377383502559,257.9694653673615
348,0.7319867159780691,291.3194479481763,256.6170768665854
349,0.7340808521059053,289.5199017105575,256.06022523558977
350,0.7361738853270124,288.89876478257173,256.9000120558757
351,0.7382682123604443,286.7755520106883,255.87675921991956
352,0.7403641944498084,285.50067116877665,256.423930353712
353,0.7424576311971561,284.20456683593204,254.53392562692608
354,0.7445523870480827,282.5678133314009,253.49055389242898
355,0.7466478284648128,280.8470834835386,253.47642856401197
356,0.7487413917548734,279.5385324286712,254.19658554826532
357,0.7508354594737505,277.86757168613275,250.9643954992302
358,0.7529278056847568,276.209309699339,251.15685726109163
359,0.7550230257904859,275.3348548900936,249.57657258773656
360,0.7571167923480437,273.306411534361,248.43397823707522
361,0.7592113317151179,272.2236517782166,249.4012552172816
362,0.7613074731933067,270.55707927936174,247.17133699533758
363,0.7634009581307508,270.17519125985024,249.13590180820037
364,0.7654969266569684,268.23329843026414,248.9906863083091
365,0.7675905899780763,266.5992813416835,247.05993228185915
366,0.7696837880547684,265.77116526753986,247.80964660676636
367,0.7717795008463626,263.9687351432046,245.85857720273754
368,0.7738757788346248,262.68469489683014,244.73394070133156
369,0.7759706260990727,261.328612486642,244.96125462490681
370,0.7780620795267656,260.15033776187664,244.22473351381723
371,0.7801559906208961,258.5669841912861,243.59831801843364
372,0.7822523136569128,257.46891534926107,242.55069240712453
373,0.7843481481853999,255.87255111335733,242.04293545838874
374,0.7864425511046899,255.0007834695914,240.9628725755343
375,0.7885343495966205,253.19369586513943,239.23644264597542
376,0.7906286372458883,253.21153962186597,243.16761112451525
377,0.7927244345313397,250.94997869228428,241.15454030984722
378,0.794818005513127,250.01309016376328,239.38013001735158
379,0.7969121491149282,248.44014649350387,237.598143244524
380,0.7990047112993173,246.8297542189386,235.16166818754226
381,0.8010984966914405,245.98650579716565,237.34441034654444
382,0.8031950165575023,245.2570529250907,237.43966649745911
383,0.8052905677217739,243.50972462291665,235.4828385515492
384,0.8073868841230295,242.24471461338973,234.68581672479425
385,0.8094800557409162,240.82351559478104,234.44138036458375
386,0.8115724907946299,240.28344970548378,233.06207312735046
387,0.8136674854006812,238.987398192971,234.0012180720841
388,0.8157633267681768,237.79105842571192,232.9472429164491
389,0.8178572815764139,236.77165436876365,231.69573154994103
390,0.8199509017046862,235.18794293758336,230.77531858511736
391,0.8220464110750062,234.18444809258625,230.39182086614022
392,0.8241406544737637,233.63028908995716,230.94622902735193
393,0.8262328397247414,231.7075262848225,229.17391102087475
394,0.8283269471334518,230.37799689712358,227.7776344431354
395,0.8304231064697798,230.5177903025249,229.8681927363897
396,0.8325161683796762,228.68454391970468,227.39567471892593
397,0.8346105557242035,228.40119292664986,229.2301211105168
398,0.8367059794413102,227.04512432869103,227.18618281723428
399,0.8388002445604258,225.61607598727093,225.80052352731713
400,0.8408960756111226,224.78309996847267,227.14157363669364
401,0.8429905652842218,223.47826293594133,225.11688652776346
402,0.84508401313589,221.6555836644076,222.80556009568943
403,0.8471791713809247,221.3860247948086,223.1040943266453
404,0.8492743362825239,220.16429854469385,223.73480758131106
405,0.8513668888602299,219.2540602420044,222.36889761104896
406,0.8534589296280589,218.23504973433378,221.66752102055875
407,0.8555558405338324,217.25535103335076,221.94544745122505
408,0.8576516874123633,216.5450964674683,221.70963764693164
409,0.859744590599333,215.09515060700883,220.2293174511574
410,0.8618400547669827,214.76543068173018,220.60710561339008
411,0.8639350434441438,213.1904644517425,218.29869447133544
412,0.8660280248974203,212.85426956169835,220.24476996968826
413,0.8681201347325478,211.5965100848715,218.52170171161774
414,0.8702157283801463,210.8927850842685,218.06167748806612
415,0.872310621353091,209.7086808093795,216.43837338984332
416,0.8744020359703552,208.62910008504488,217.61988941437681
417,0.8764972088477568,207.9130690880571,216.97986712078514
418,0.878592835994214,207.12302514922456,216.0799020503324
419,0.8806870131084201,205.77402344415722,215.58869996190472
420,0.8827812802431019,204.98637767742395,214.97128158816065
421,0.884877279658285,204.4705595508151,214.56358237649297
422,0.8869730004154345,203.00124269541203,212.27503688585907
423,0.8890661750433553,202.2154891373363,213.44495512281435
424,0.891161435679344,201.45595867728343,212.56960835559946
425,0.8932577960179496,200.628796338865,211.16966252436566
426,0.8953527392107627,199.47340141983693,211.27391741183465
427,0.8974462460666859,199.126457583655,212.29352812319556
428,0.899539340962409,197.82074832864092,209.2643974301844
429,0.9016318169027592,197.20739651145567,209.20719374689997
430,0.9037252249745606,196.31775207382202,208.90812744289488
431,0.9058199443223193,195.3685046881094,209.12561676668537
432,0.907915243986348,194.63136854828795,207.73900576141585
433,0.9100128049501981,193.64886985680803,207.27723399438153
434,0.9121059966002629,192.92397791054387,206.73122835251743
435,0.9141972861830797,191.8974835937502,205.66317835620336
436,0.9162932496702593,191.2846701991252,206.3912610376073
437,0.9183878012752863,190.4590094120973,205.03450406451304
438,0.9204823185419505,189.98322368982392,205.81906040049736
439,0.9225773629784582,189.01618247822867,204.49112797142533
440,0.9246718174739146,187.9718383395078,203.7361176673453
441,0.926766211900197,187.61892260088393,204.3564293109608
442,0.9288591582540804,186.32192013614818,202.3483053367475
443,0.9309526610700547,185.74793305244103,202.77995142243546
444,0.9330479303067369,185.12267583445035,202.7557741090431
445,0.9351433527997749,184.19930338728525,201.95247724984267
446,0.9372383527365933,183.89313794139892,201.8599045673657
447,0.939329757499591,182.854604559811,202.030742092662
448,0.9414230571985791,181.71701720709697,199.39864889214428
449,0.9435210054806012,181.1037457337101,200.566361167975
450,0.9456162503172072,180.53466370950719,199.9619239325499
451,0.9477100092887099,179.87927494497018,198.51000698764966
452,0.9498046323041349,178.80468724495177,197.77505327961106
453,0.9518991548408083,178.32515101815054,197.47733247775489
454,0.9539929332702277,177.17063285949072,196.40840233198583
455,0.9560874898052096,176.75469138732467,196.46524299324065
456,0.9581824530689178,176.101096300133,196.2860176452806
457,0.9602770371571748,175.33589039590163,195.26936007458946
458,0.9623710723241273,174.75617016491933,195.3605455330442
459,0.9644648349083941,174.03211082258568,194.52018877391757
460,0.966557887379011,173.26205741757892,193.98540377679623
461,0.9686513195291268,172.30567803765956,193.2975324350311
462,0.9707470393683869,171.7769827779451,193.55258759307324
463,0.9728419987888902,171.43655826116736,193.51110040994388
464,0.9749363451418961,170.34689772854466,192.33376157053965
465,0.9770319720978949,169.75742509140366,191.26629184516068
466,0.9791260608689247,168.94434342305874,191.024697245095
467,0.981219993418123,168.42935137604348,190.78622756580586
468,0.9833154848012966,167.9276548626141,190.33276718711022
469,0.985409217900734,167.18727464404418,190.19441817307967
470,0.9875034929558208,166.66756022326882,190.34202611790013
471,0.989598845059814,166.04555634589445,188.61777093652566
472,0.9916925524589582,165.03620503301997,188.31424618016337
473,0.9937866222530743,164.23156798090423,187.44027121112214
474,0.9958822538585521,163.85483107379326,187.75313934434158
475,0.9979763461234663,163.46002091904924,187.6732916341859
476,1.0000687382803208,162.38973132394062,186.45141645552803
477,1.0021620574674717,161.85950886666663,185.84512929247506
478,1.0042566040705312,161.7832386541141,186.74831722904594
479,1.0063510481087232,160.90643049421055,185.83698165252136
480,1.0084458017147504,160.0359059222758,184.93102436019504
481,1.0105412449330358,159.37546660700096,184.11127817554794
482,1.0126363206852906,159.35708440196743,184.60434404174745
483,1.014731689048677,158.49223023944361,184.20934579429806
484,1.0168251811607234,157.85435462754037,183.51911638513866
485,1.0189183181794257,157.30982726993898,182.56146417784214
486,1.0210135131858313,156.8369580341019,182.7373499244857
487,1.023107899818119,156.20021662770392,181.87097847147953
488,1.0252035642142994,155.2232423065945,180.7725675882748
489,1.0272979326699727,155.1650865923739,181.59721206178654
490,1.0293915165160124,154.27280779153764,180.3386860132366
491,1.0314862118776227,153.95648276504673,179.96664934430035
492,1.0335813276438528,153.4868817865334,181.03669584115545
493,1.0356760372494827,152.64178095864213,178.7139255408725
494,1.0377697665518313,152.0889653502853,178.98179328273534
495,1.0398635542890804,151.55307293504725,178.2983668519531
496,1.0419580022733907,151.2852514666359,178.80526013652718
497,1.0440530837182007,150.58527396094914,178.16977920849484
498,1.0461463909219801,149.69600897321263,176.95103754012948
499,1.048241289239942,149.55735892676591,177.67109822426318
500,1.0503346504195201,148.92134789140457,176.37741983939455
501,1.0524278880438542,148.57785402534319,177.17681847133224
502,1.0545231057279465,147.7234157922139,175.63048944929682
503,1.0566172205725972,147.31890238941241,175.19970638900162
504,1.0587125681053644,146.73383375083785,175.37359342478635
505,1.060806974942881,146.2118423980652,174.34767322772976
506,1.062900937291859,145.8343167237675,173.9646457071116
507,1.0649968400029963,145.35821529213044,174.11574448301684
508,1.0670917748856612,144.87762993791475,173.98225751093494
509,1.0691837840599538,144.13269476864934,173.05920191669696
510,1.0712784055790137,143.86314896551968,172.9021967554295
511,1.0733741944109443,143.16280864784972,172.07545008696215
512,1.0754689143080451,142.8674879340629,172.35839827226002
513,1.0775625935653539,142.362636397297,171.96591185537235
514,1.079656551776009,141.86093120467172,171.91832126374769
515,1.081751759033872,141.28957425934664,170.4671281306162
516,1.0838450038800544,140.88435560913072,170.60273785277292
517,1.0859393346043436,140.46838489697905,170.28871610257542
518,1.0880340737032612,139.65381607209122,169.1539549957034
519,1.0901280973397867,139.25478104324108,169.3382181145682
520,1.0922232205093443,138.9675860510325,169.35323965936504
521,1.0943183198095006,138.70801191891425,169.17714468091665
522,1.0964124680620808,137.8411766841734,168.1711893850572
523,1.0985066965945804,137.5854577173538,167.96486520053833
524,1.1006022506925348,137.05442362791064,167.58062771048742
525,1.1026960746069068,136.54796757862985,167.29510772324912
526,1.104789420523433,136.14357241142324,166.0530977928189
527,1.1068841457204943,135.62456264835654,166.22009444947707
528,1.1089772649904681,135.4233792745759,166.7031090642534
529,1.1110723868790173,135.00706277095892,166.0352994022169
530,1.113168427194727,134.37700296621998,165.5467105003165
531,1.1152626776337078,134.1120817087364,165.477742890972
532,1.1173574051129724,133.61466937097484,164.89219189100302
533,1.119450573697561,133.43532657788865,165.33285727732678
534,1.1215436337779248,132.63056194847292,163.71898919869201
535,1.1236390334415942,132.18483509519214,163.59835978996045
536,1.1257332200225998,131.76396912559932,163.17186898146474
537,1.1278283378211404,131.2891377178459,163.09239559351485
538,1.1299238131648552,131.09477873187535,163.3085857502879
539,1.132017447124327,130.39542172768225,162.01300892346794
540,1.134110650036949,130.0309499830108,161.75332256704198
541,1.1362036259959787,129.69352830592126,161.4669163233538
542,1.1382991427598659,129.3839707862702,161.664021944265
543,1.1403936066737896,129.28890432902062,161.92800920395098
544,1.1424878264606209,128.57992454866087,160.46994176872997
545,1.1445836717483504,128.2160822133609,160.7252825121002
546,1.1466778755714095,127.85797197006285,160.64462573265962
547,1.1487715351237628,127.33397090898512,159.92478556661268
548,1.1508672245306748,126.93139895313836,159.6662001816321
549,1.152961670034179,126.5513643595971,159.07344414287107
550,1.1550551275418117,126.40570306245829,159.46116281016322
551,1.1571500620004906,125.78518255695603,158.77083166758376
552,1.1592451155989445,125.23483638149953,157.9435239167054
553,1.1613401484055899,124.9825407075248,157.30775636754302
554,1.1634328135986687,124.61064593761617,157.54984581024
555,1.1655280225544649,124.35640727218303,157.85347278362354
556,1.1676232414157608,124.09572416704232,157.44507061531368
557,1.1697157183635434,123.45534740200225,156.098907412494
558,1.171809765164966,123.14666928070541,156.3453824808654
559,1.1739036754657965,123.02059129724246,156.71890199666566
560,1.1759974618047027,122.65731723301035,156.2163880582938
561,1.1780927342002254,122.10436840736851,155.57291636418384
562,1.1801886215978319,121.81611295600604,155.25872630784107
563,1.1822824649467334,121.59439284760295,155.68365511240174
564,1.1843777187054296,121.03238016165544,154.7669512068186
565,1.1864731317277017,120.72801600375193,154.58309070247594
566,1.1885662199882188,120.5505314394136,154.82386716072415
567,1.1906603290984812,120.22435822843755,154.4165601273649
568,1.1927560449071208,119.71509721342821,153.6429829739828
569,1.1948501301675682,119.36020341446603,153.4484862756655
570,1.196942866326464,118.9893995881816,152.9478620746782
571,1.1990363434731066,118.57975797529066,152.73175813381437
572,1.2011315528209288,118.38415233833082,152.69730811381652
573,1.2032252726398727,118.00762861695267,152.31275826405567
574,1.205319131714267,117.74330697702167,152.00868896773153
575,1.2074143429200774,117.51470449484604,151.88655455092768
576,1.2095073316728018,117.09534800660087,151.91867298139036
577,1.211602159357548,116.69361974528974,150.88329408491
578,1.2136984428310558,116.51744701264656,151.1660971362429
579,1.2157943340364452,116.25684696662161,151.08637232270493
580,1.217888268816351,115.92393410409795,150.89012811771266
581,1.2199821909033837,115.38358564420096,150.25166319721242
582,1.2220779372220854,115.22137734997987,149.85485301412956
583,1.2241720630448372,115.19485801231306,150.9131307269414
584,1.2262656486341297,114.80145830734762,150.34434875103477
585,1.2283602712023978,114.24246523273226,149.43287337253216
586,1.230453847781421,114.06372162445373,149.23176668864045
587,1.2325484279288663,113.54298291138228,148.66600248625505
588,1.2346427330328844,113.60639496751408,149.0660394598136
589,1.2367368340043534,113.13720135144942,148.43770606178646
590,1.2388320989568682,112.94427870043857,148.47893179434865
591,1.2409254956441091,112.6110179698533,148.11376491039036
592,1.2430201387037565,112.32316174048434,148.1493182851401
593,1.2451147141570293,111.94602278653552,147.86781706439268
594,1.2472087367784284,111.67617049386979,147.48464102457694
595,1.249302614173833,111.55687654669539,147.11396634317651
596,1.2513971052845823,111.01858136168775,146.5791307563023
597,1.2534931066319515,110.89263747657891,147.0623993303664
598,1.2555863817711985,110.67723052215865,146.7702554069892
599,1.257678969059161,110.29896994877714,146.24695927042507
600,1.2597748382104277,110.16782877185346,146.05809056779694
601,1.2618698898493887,109.72884397532226,145.8525619029638
602,1.2639640740660565,109.51939448109471,145.52443604084587
603,1.266059176034634,109.26202941093258,145.41223349587582
604,1.26815329738596,108.89212780241932,144.87517111886592
605,1.2702469827768745,108.68115110491372,144.9680080514571
606,1.272341439773769,108.42892656744775,144.79041059695675
607,1.2744361591580655,108.24187792415769,144.84377412068636
608,1.2765301570381213,108.03094892225947,144.62599672599353
609,1.2786243195908502,107.66156226085177,144.11107905675914
610,1.2807201779848052,107.48717064287538,144.2719597869057
611,1.2828149770647865,107.09754512762903,143.3753120389793
612,1.28490831046805,107.09613509127931,144.19332427471667
613,1.2870024746125797,106.84170889580761,143.64498952292126
614,1.2890960788179595,106.5611129439268,143.4931494687755
615,1.2911903407610128,106.4145248723005,143.23681746623663
616,1.2932847299377603,105.98668307304163,142.72663517728432
617,1.295379834193548,105.9301661174483,143.3822315866868
618,1.2974743412448833,105.77137478989846,143.35813774219878
619,1.299568838606027,105.22978981797192,142.31929930678257
620,1.3016640567270552,105.06833665231095,142.19359828243336
621,1.3037578272673165,105.04273308383577,142.70879308287445
622,1.3058518980796576,104.85448735692543,142.51515859699816
623,1.3079469520711469,104.555156570806,142.10412844345248
624,1.3100414674631762,104.22287136667518,141.8107038640256
625,1.3121343419146885,103.9868108245497,141.63306780004896
626,1.3142291157646366,103.75170939139967,141.3364611757821
627,1.3163249547628966,103.88061506648805,142.19563608774254
628,1.3184204308819243,103.406717285264,141.41938994961376
629,1.320514045081714,103.18204571394392,141.1740174844157
630,1.322607731116918,102.86012108609569,140.82617822351446
631,1.3247030067977636,102.79503049425729,140.7891639954933
632,1.3267964975071294,102.64521913947455,140.60131036248848
633,1.3288900457896358,102.36582561180093,140.40392695995726
634,1.3309846323229146,102.31356620854646,140.95559898320417
635,1.3330795391690438,102.15889289981199,140.68853233832368
636,1.335173949560825,101.81780435707894,140.41212986234686
637,1.3372672428845813,101.67722704463588,140.25562008493878
638,1.3393616502777206,101.44865997449008,140.30360993121562
639,1.3414564546808454,101.31651868483084,140.36156572559858
640,1.3435497634465539,100.96506136928441,139.54229767208153
641,1.3456439095281743,100.95809491187684,139.96162839508716
642,1.3477398961804745,100.75782129906274,139.89908233755256
643,1.3498356331361778,100.47328044714607,139.4289343524481
644,1.3519291222201564,100.31802543621929,139.23129931010118
645,1.3540221824451044,100.13342740197426,138.94527318530356
646,1.3561174165883387,99.91486965165323,139.1689419918117
647,1.3582118000666776,99.90564908735665,139.51165178080151
648,1.360305548489477,99.79631631871362,139.65722245695707
649,1.3624016471705516,99.58381470042244,139.02663403938914
650,1.364496581524498,99.33802260752125,138.75001478066406
651,1.366589927521404,99.2340475941114,138.81487760812752
652,1.3686839345616666,99.03665665701689,138.87491831106243
653,1.3707785136744248,98.66157697565669,138.21002353274267
654,1.3728736781569988,98.65703471873518,138.66561655850225
655,1.3749673745335222,98.69446287180584,139.13493299674246
656,1.3770602631292597,98.50491604076612,138.8469608097293
657,1.379155717578164,98.18341833650929,138.4857640496894
658,1.3812508039107998,98.16181374468445,138.68591665136594
659,1.3833453325862841,97.9759743465233,138.57397333135285
660,1.3854396647384786,97.77401825193866,138.42737111611518
661,1.387533616953471,97.6734489581018,138.7260557601686
662,1.389628935147901,97.53973832952715,138.2174633096122
663,1.3917230672721894,97.42763803696495,138.40151400822702
664,1.3938172778813163,97.23427699800361,138.16761274042236
665,1.3959128506087028,97.09914835504784,138.2976954868687
666,1.3980069894682674,97.02369999952825,138.4481683445931
667,1.400100032768225,96.8355540453501,138.2761964842105
668,1.4021942273095422,96.80392402623636,138.51129050821166
669,1.4042879724639459,96.63742011325785,138.2979850760177
670,1.4063822250727482,96.43954682413194,138.09106639144903
671,1.4084777998796327,96.41400609499274,138.19232588052742
672,1.4105725454065003,96.32481199644803,138.41413703493035
673,1.412666035757187,96.11135738611458,137.96992005662028
674,1.4147597581950535,96.09717000983437,138.3432905371767
675,1.4168552493745823,95.76277535796126,137.9243047370384
676,1.4189502707585735,95.79110748043064,138.15280849810657
677,1.4210439871962917,95.71051530333217,138.40139285466816
678,1.4231379588066748,95.64982625015772,138.65252839264096
679,1.4252323843784174,95.42231610335193,138.05556176817564
680,1.4273263645812686,95.28994418705196,138.07304229865454
681,1.4294209343777806,95.23853802712206,138.24927230741574
682,1.4315160587565352,95.15185805896152,138.32646968720707
683,1.4336101809254245,95.03486703364865,138.18742397205284
684,1.4357047233292217,94.94758070876284,138.35953124413433
685,1.4377991034950037,94.91106421828437,138.53687738960062
686,1.439893269172154,94.82874225865524,138.49534475116985
687,1.4419870983325702,94.74319456731294,138.56821164714717
688,1.4440820971476513,94.56537237870565,138.51185108307232
689,1.4461780146809415,94.47294315637865,138.62370103693476
690,1.4482723645441788,94.33755246670347,138.3341382926086
691,1.4503661519067539,94.34091736685994,138.70680352510018
692,1.4524608997459605,94.29417956343528,138.63528114986153
693,1.454556191478353,94.21060825905792,138.9142278897948
694,1.4566505605195028,94.27030224239154,139.5242950205252
695,1.4587435672120013,94.06352661198363,138.92598085485696
696,1.460836376274075,93.94219525165958,138.90111362002213
697,1.4629315024559504,93.89557856743728,139.0182709936498
698,1.465026115161985,93.88332733218354,139.31176660108406
699,1.4671201905708728,93.71962677567869,139.07519897575253
700,1.4692142550197365,93.80678414070373,139.69343433527604
701,1.4713085109511452,93.61721365769598,139.37311462227188
702,1.4734040883627781,93.66423642679464,139.9084231977564
703,1.4754983077923518,93.52645437698519,139.65550207673058
704,1.4775927333883283,93.47378019117056,139.8256064131262
705,1.479686516386449,93.42362245197054,139.90401950463558
706,1.4817805445745025,93.31529346401229,139.88388829676967
707,1.483876051193717,93.34837644912598,140.53776121291276
708,1.4859713583510508,93.28102933815704,140.16147511626096
709,1.4880662760111125,93.31338968003386,140.65927977089527
710,1.4901603423423662,93.3011458243456,140.84568279989773
711,1.4922546168830801,93.14660125643059,140.748420167712
712,1.4943493508016918,93.26739647308206,141.43000344860724
713,1.4964436549031517,93.2189510240914,141.19931951279773
714,1.4985372426394363,93.08324539027565,141.46680896612173
715,1.5006303537214591,93.105779157181,141.62249824208237
716,1.5027246941647125,93.21715431381587,142.026864590422
717,1.5048198674391857,92.98948102665504,141.86310479313462
718,1.5069136003861163,92.9197365372011,141.65542201950274
719,1.5090076377683221,93.15946910539144,142.48950471197966
720,1.5111026723067662,93.13406060971089,142.53134732374141
721,1.5131971028762412,93.0644830969635,142.77184604068304
722,1.5152912609041667,93.10425324590146,142.94443550529186
723,1.5173854934463344,93.01372065184285,143.07255163850044
724,1.5194808793753787,92.96028185760291,142.98882183630533
725,1.5215756259285513,92.88605659491003,143.5226392054317
726,1.5236695807770564,93.0127225550861,143.73017409768164
727,1.5257641081783464,92.91020835835143,143.340745156499
728,1.5278584873608179,93.0012300457192,143.9561440244653
729,1.5299536435991428,92.99076584866403,144.117263030633
730,1.5320476585044298,92.90501390804889,144.3363196415976
731,1.5341414384393777,93.02768346118506,144.82348874540915
732,1.536236950937659,93.10779579007026,145.14588498332208
733,1.5383317033374695,93.1524541046364,145.63634704996772
734,1.5404255753841434,93.15291148346189,145.81384257556425
735,1.5425198393431812,93.07251569037695,145.5871505538272
736,1.5446136227526486,93.04479240121542,145.73829362607938
737,1.5467072285753283,93.18764317096277,146.70759934477138
738,1.5488013111816905,93.03220303847034,146.1746603907296
739,1.550896674249749,93.19257066417372,146.92778676297914
740,1.552991701547339,93.30174526100232,147.5477501669937
741,1.5550856629518366,93.24652633061268,147.7185469483681
742,1.5571801051512508,93.24018153277292,147.6567920788719
743,1.559274417579796,93.47409755966818,148.50198972964344
744,1.5613691533539047,93.44132926242052,148.47900997490441
745,1.5634631934261796,93.49819949112924,149.01672048753332
746,1.5655577892497892,93.76317611137169,149.93644463200962
747,1.5676527275763066,93.48997499433796,149.1377684288511
748,1.5697461748764228,93.84511130491202,150.6029431046651
749,1.5718402189801153,93.82299692330521,150.49976389437438
750,1.5739346218160084,93.88057635429129,150.87796952577412
751,1.5760295037244485,93.87712931344025,151.22651991495312
752,1.5781239238326052,93.9658528590374,151.38659204632904
753,1.5802176736109215,94.17294300170123,152.17458062407826
754,1.5823123941098438,94.18558920868891,152.41991069700924
755,1.5844068047546922,94.26099237034946,152.90722025073322
756,1.5864996832696292,94.16339705580224,152.6445900322694
757,1.5885944598128996,94.52144668966123,154.02395211237769
758,1.5906903325437156,94.40537074257293,153.8562505310907
759,1.592784689092666,94.55143931505067,154.4937132840087
760,1.5948796873290236,94.86553707492668,155.6242093700614
761,1.5969745597395735,94.7222452040878,155.15460405601002
762,1.5990689218084002,94.8837599542384,155.6397416958612
763,1.6011633213632455,94.98632595408607,156.25441714327636
764,1.6032577776043084,95.10425884073126,156.92977790241235
765,1.6053514020964894,95.27427496968589,157.4906387689117
766,1.607445093072501,95.3124732481496,157.622578159272
767,1.6095393086936036,94.82743562051559,155.56968043561483
768,1.6116336711357766,93.88316320259759,151.26429793276677
769,1.6137279918528686,93.11213462301689,147.7074991962808
770,1.6158221116449558,92.23959613625121,144.0460659191654
771,1.6179176229648538,91.56020704789091,140.91185914184155
772,1.6200131612431772,90.85879365928174,137.7685092777466
773,1.6221069236192778,89.94218915174862,133.76451593727077
774,1.6242011307622557,89.61531225576445,131.9610548095431
775,1.6262960841945175,88.79923069444087,128.43678499485895
776,1.6283896203498047,88.35976711345018,126.09333034616705
777,1.6304834947928883,87.73664135941074,123.42810927476398
778,1.632578127710653,87.21128824129985,121.16521088591719
779,1.6346731813158608,86.64331653979976,118.45573794972668
780,1.636767172365261,86.12824987547238,116.15293620262119
781,1.6388603779595408,85.72423577748076,114.0506017581545
782,1.6409563605892468,85.13915215172685,111.55761098905931
783,1.643050621284035,84.74833556931885,109.64624410016975
784,1.645144102645386,84.2339059515176,107.34792480341581
785,1.6472395726584623,83.82157740609816,105.46958248628326
786,1.6493331318477138,83.37945696771342,103.24887731671492
787,1.6514277435583298,82.93538552513485,101.39536934380897
788,1.6535225655624404,82.64422154437155,99.9201593419093
789,1.655616100487628,82.21277997758304,97.99218660251302
790,1.6577106071833263,81.73221362467804,95.58020195366507
791,1.6598050724476994,81.51958218079717,94.68214959566613
792,1.6619001395524664,80.9065445001585,92.21541885027085
793,1.6639948642035431,80.62685955861588,90.61112692810374
794,1.6660882997554614,80.29071003750433,88.97599734901199
795,1.6681827329415837,79.98015653638454,87.5632480635147
796,1.6702780557373313,79.7284041853368,86.18890944349711
797,1.6723710846745943,79.29097471188324,84.33517269413935
798,1.6744651718920411,78.9253673880239,82.74768802767932
799,1.6765602044792516,78.61085739362089,81.161460758464
800,1.6786535596079524,78.4178884666258,80.14367514112897
801,1.6807491745425278,78.10966829565929,78.82304036227006
802,1.6828445761171116,77.77881097321087,77.14712643240442
803,1.6849386388007168,77.38531941792117,75.47469201484654
804,1.6870339476475265,77.12376737751336,74.13505144325981
805,1.6891280758541645,76.85670922500158,73.04789048290489
806,1.691221272327691,76.6395348679479,71.90360248489776
807,1.6933141346742315,76.2342045609497,70.07733980773293
808,1.6954090930463133,76.05434989149965,69.35221409685472
809,1.6975047078021417,75.72557910394505,67.7547277580608
810,1.6995991246970055,75.52936988025336,66.76517139165028
811,1.7016934918813407,75.28963153225342,65.54941513670839
812,1.703786903721137,74.99059899166411,64.38513897775022
813,1.7058818292953146,74.86371738411525,63.368869679211755
814,1.7079768740006063,74.51912311391374,61.97870504596233
815,1.710070845319196,74.21023197091598,60.99933233867517
816,1.7121645316176712,73.99706978147978,59.68456214565162
817,1.7142597272321454,73.73942853256709,58.757814232348096
818,1.7163549406546734,73.48701160104883,57.553649550673136
819,1.7184482195940645,73.30155538791081,56.51805289108499
820,1.7205423072627637,72.9821149127882,55.176709415091466
821,1.7226374847113666,72.89411246055286,54.60479796151251
822,1.7247323233526113,72.70253314444713,53.60178459015999
823,1.7268266901810085,72.43975245442164,52.48151010657586
824,1.72892134476467,72.18147226382344,51.07268800779389
825,1.7310153629662073,72.05938268409233,50.71106592308463
826,1.7331087353021186,71.79805993732631,49.563255283336744
827,1.7352028820270462,71.59292666000259,48.627576373113975
828,1.737297419510233,71.25201396851116,47.35553743651979
829,1.7393924268721555,71.27946912753306,47.05592760620047
830,1.7414865202316776,70.9871640307984,45.761492133152345
831,1.7435798385311778,70.74854970461175,44.724660916469546
832,1.7456747741592018,70.62983304542615,44.260194298046535
833,1.7477707733578058,70.43311679048716,43.303008979876694
834,1.7498644151299778,70.3361453731478,42.4930597741199
835,1.7519579294274097,70.0270231779791,41.359029088031555
836,1.754052537005875,69.92171049330302,40.67259146154772
837,1.756146014277543,69.68641638869887,39.73758011008644
838,1.7582399685899122,69.52273818303014,39.070670303405116
839,1.760335124398212,69.38589297255129,38.29580618564813
840,1.7624306374180432,69.18976362982022,37.355249186890774
841,1.764524733445493,68.91272319452308,36.2412199886054
842,1.7666195957988082,68.91760663541677,35.98089196049194
843,1.7687146552767006,68.65906555191626,34.85977201286731
844,1.7708085687106505,68.48486033753191,34.093467584545856
845,1.7729026984403262,68.37582174897881,33.67132179044365
846,1.7749968373222131,68.22036918605399,32.79870458287972
847,1.7770919795414395,68.1257941179284,32.118953918520965
848,1.7791866891650514,67.98177135831304,31.3566131439024
849,1.7812805740714612,67.70572542849006,30.541837985276096
850,1.7833749145944944,67.61950952639346,30.008208825020915
851,1.7854698174814119,67.41377008773794,29.16099304650499
852,1.7875649050000997,67.36854798453936,28.575972219886637
853,1.7896586091751823,67.12590082027513,27.53621445076056
854,1.7917528105223397,66.92444647273233,27.088812828847615
855,1.7938472619734778,66.8967012252791,26.29602239108544
856,1.7959410333998334,66.79077611138723,25.825589277059805
857,1.7980353139963554,66.58738064239434,24.928121428311226
858,1.8001292949050451,66.39942433239122,24.220745623041243
859,1.8022240144636215,66.39812131076404,23.91984273365139
860,1.8043180357006787,66.20939712443466,23.10514501466115
861,1.8064120149556366,66.18472559391645,22.69823074356325
862,1.808507216693214,65.93419171891927,21.931366783198374
863,1.8106012235056632,65.94068229012554,21.58737828104895
864,1.8126961076333348,65.72551871387388,20.76393541508869
865,1.8147906359659112,65.5770693375654,20.208472192989213
866,1.816885013662702,65.54095522541485,19.937444620298542
867,1.8189799788179999,65.33455148684587,18.811686814683583
868,1.8210733357472892,65.28316342067852,18.658554441465643
869,1.8231675363973032,65.05630148446521,17.40681482896468
870,1.8252628639859947,65.04307616651656,17.166958058809474
871,1.8273578690890415,64.92010991469925,16.745442690060656
872,1.8294529153678178,64.76270769656703,15.82135434270902
873,1.8315468366202061,64.76265300123809,15.639716931692051
874,1.8336403420201965,64.48165484888604,14.786694516418484
875,1.8357342642631629,64.61414603061776,14.764524580775307
876,1.837828606636473,64.42562144751199,14.054243559897909
877,1.8399232687279,64.22735656724703,13.320731169293019
878,1.8420169361094605,64.10223063899666,12.65729991150896
879,1.8441103454239045,64.06159764181648,12.331174444543164
880,1.8462047113551943,64.13094500300699,12.139923914248955
881,1.848300337583767,63.87031458647191,11.375080554605042
882,1.850395118058644,63.86682211018458,10.565924223023378
883,1.8524895015648957,63.81129931340926,10.54997184742188
884,1.85458435317291,63.452164100413604,9.222403932696219
885,1.8566786691854407,63.583069288368876,9.413356769017767
886,1.8587722962005393,63.43659352138444,8.688803814234545
887,1.8608667292143481,63.39631841954684,8.236732719416132
888,1.8629623979972338,63.355091010230566,8.034976764126283
889,1.8650575007618033,63.18452483647449,7.240637424375722
890,1.8671515757398978,63.09746995613662,6.917646371147796
891,1.86924567270883,63.01328531484862,6.249222809715678
892,1.8713402290883943,62.949260459795255,5.927347156238118
893,1.8734333441485889,62.78118014965808,5.220747994148627
894,1.8755274569663687,62.73993986834385,4.919773216552591
895,1.8776226584010878,62.69537762738838,4.538153676947931
896,1.8797156234954413,62.652295777699955,3.9061860079606663
897,1.8818097674713492,62.57589730123429,3.783357598935982
898,1.8839051205157094,62.5190388800882,2.975415791071862
899,1.886000042933448,62.433518704372496,2.986917121040775
900,1.8880949075451439,62.40314131195273,2.2959970623941115
901,1.8901881584759161,62.22808723680007,1.564247055377459
902,1.892283217936019,62.12646779516835,1.2047490725921886
903,1.8943782680554568,62.07219970681812,0.5691100920449481
904,1.8964720473710392,62.12125216298815,0.5041011284745421
905,1.8985668668489433,61.90652363609283,-0.10657255009493201
906,1.9006612809862096,62.04152471984751,-0.28295948368800405
907,1.902755719587151,61.98871450024001,-0.5891854285111027
908,1.904849757588545,61.81725631137589,-1.4161805604750408
909,1.9069430754605277,61.911300830150964,-1.359810471952425
910,1.9090378340013505,61.70416199172903,-2.130567502940002
911,1.9111324914183263,61.67393253161759,-2.280905143101718
912,1.913226965923519,61.77797542374066,-2.585584980405153
913,1.915321381331026,61.5207105441862,-3.561440409712992
914,1.9174162748437817,61.54640787835084,-3.421810696149796
915,1.91951096404297,61.54025051410124,-4.034452281814069
916,1.9216039358616672,61.4317375254038,-4.484616950486955
917,1.9236986253914137,61.48160031458459,-4.412568487222767
918,1.9257933066276691,61.38175723880969,-5.413596844121886
919,1.9278873651498682,61.44683541341133,-5.210895545427738
920,1.9299807661659822,61.25525931794456,-6.1661198319476185
921,1.9320760482648573,61.11477100563481,-6.674738626258741
922,1.934171767524072,61.16710054457501,-6.894866386781588
923,1.9362651059315399,61.10296663111838,-7.472074915735931
924,1.938359138419254,61.21083547574993,-7.196877456082206
925,1.9404538735984294,60.95039036240961,-8.330828168439355
926,1.9425479146608418,60.95786314783186,-8.444862735022785
927,1.9446418189559174,60.95902948930217,-8.891151763968887
928,1.9467371502259871,60.81663705864165,-9.450551496585483
929,1.9488329760684335,60.92581150627625,-9.521735049177906
930,1.9509268120448882,60.833495979542356,-9.875772318128435
931,1.953019609354344,60.953355709514305,-10.173623795840227
932,1.9551147244404972,60.79940938672915,-10.738107419048083
933,1.957209950604826,60.86008828380667,-11.126085478123931
934,1.9593041179655175,60.76206552024146,-11.395123233193624
935,1.9613980124620214,60.82533962671464,-11.720074121313646
936,1.9634920823781827,60.6661739585517,-12.191666185699834
937,1.9655870316775599,60.6175866515968,-12.711400910690271
938,1.9676813106463258,60.70111102305133,-12.709386925401473
939,1.9697755380711686,60.664682739407,-13.228518563214168
940,1.9718704076888727,60.60217682084885,-13.916577062371125
941,1.9739643213778544,60.62434530727893,-13.972451593429811
942,1.9760582139073395,60.56834800821852,-14.319993033911198
943,1.9781533744008393,60.58332273532792,-14.526431982563183
944,1.980249297656676,60.640506556777545,-14.941991948547255
945,1.9823436902775773,60.495833461568985,-15.50712460232538
946,1.9844363854611324,60.43868416267646,-16.05592721838974
947,1.986530057736426,60.518245951087245,-16.354339783622034
948,1.988624138262085,60.530276419002476,-16.386536855599417
949,1.9907191302641989,60.328667870886946,-17.28745801145635
950,1.9928140678397719,60.4848185460398,-17.225960750077192
951,1.994908057158038,60.38823972726146,-17.644007976541346
952,1.9970037235567513,60.32851827758738,-18.575792921615275
953,1.999098539119481,60.47300511240652,-18.18521602947999
954,2.001191245179364,60.31697690652839,-19.01746569203295
955,2.003285465781134,60.44839469384788,-18.78994067290983
956,2.005380090953843,60.36930520057506,-19.68501535732668
957,2.007473757612322,60.48358983253442,-19.472091513036457
958,2.0095674385752345,60.39986423818809,-20.029604785389395
959,2.0116620669227445,60.226255305174114,-20.934187784898022
960,2.0137574654124313,60.377031550385816,-20.59267188370695
961,2.015851542299029,60.27908585817631,-21.55781588191196
962,2.017945842236743,60.39855158894582,-21.322060905359006
963,2.0200414078173843,60.38815387885792,-21.982558960609097
964,2.0221364472105585,60.27532842516185,-22.52280313191954
965,2.0242304661583193,60.37446083634539,-22.29447155979229
966,2.0263241213554704,60.297459398546025,-23.32060203329293
967,2.028418169537371,60.463153516147145,-23.11759778019201
968,2.030512126699397,60.36210899298833,-23.829690862359946
969,2.032607257696191,60.45450166990954,-24.01251207202011
970,2.0347026748788237,60.45889298393475,-24.481429541824376
971,2.036797432049628,60.40910473922938,-25.18582691926626
972,2.0388917803566513,60.587559710498745,-24.729007798003046
973,2.0409854404727548,60.32310599298605,-26.146531965608204
974,2.043079158497923,60.4226135224659,-25.7860469966713
975,2.0451737042342053,60.352155520766296,-26.588432110356695
976,2.047267957686092,60.489045828105446,-26.591831431158653
977,2.0493625921646865,60.54774793400158,-27.076701331595867
978,2.051458159400133,60.373131910436406,-27.732224916119723
979,2.0535521918605197,60.58507866814047,-27.37360991604975
980,2.055645062675616,60.4372764223507,-28.325669265123423
981,2.0577393587752955,60.4449722812337,-28.63854259984834
982,2.059834437786395,60.59515109427341,-28.897180243290943
983,2.061928055170489,60.55368640727472,-29.41770912196584
984,2.0640226957402352,60.60768255856596,-29.557294634546157
985,2.066118258189404,60.57190122564353,-30.304724593808476
986,2.068213196804832,60.59833001935341,-30.6798746681542
987,2.0703072818107917,60.65546581846327,-30.814853508233607
988,2.072400931462771,60.578758208190386,-31.324201362445077
989,2.074494103322103,60.766383177816294,-31.418309026850277
990,2.076588647294614,60.70406545189834,-32.31327451634189
991,2.0786837571325223,60.783799824316816,-32.300197596284505
992,2.0807786951127576,60.73598202610468,-32.92793801725824
993,2.0828733611799306,60.57696210427403,-33.710486205990875
994,2.0849676047315464,60.76016837407811,-33.66859655952178
995,2.08706191167589,60.760643096001026,-34.42266912216857
996,2.0891552570733616,60.893343965095966,-34.423066269327656
997,2.0912498961643236,60.879543462131885,-35.047920020880674
998,2.0933446561638878,60.845812912478266,-35.18312123277885
999,2.0954387435644386,60.96296366988381,-35.414420137026056
1000,2.0975335870618825,60.76463558486975,-36.789376559563394
1001,2.099629070349723,61.16537610467992,-36.06495912406692
1002,2.1017228492895934,60.88690163994885,-37.682614037246545
1003,2.1038170482062775,60.95615133110882,-37.54368734625564
1004,2.1059122372778973,61.006518051162836,-37.99336991638892
1005,2.10800554057148,60.88519512868091,-38.66525027023295
1006,2.110098599114947,61.1049815390075,-38.60519736240773
1007,2.1121927216235163,60.889717310787645,-39.769209733405106
1008,2.1142879182187984,61.32839529815375,-39.37100370271306
1009,2.1163820759811065,61.0417436875885,-40.4896824173329
1010,2.118476597123504,61.3370125488588,-40.36298936924853
1011,2.120572077635568,61.36502971346306,-40.90109237549077
1012,2.122666143506846,61.14559699736272,-42.31208463149687
1013,2.12475947440395,61.33710817472177,-41.960582513235344
1014,2.1268549228070284,61.217418517442105,-42.8153129648334
1015,2.1289503858580807,61.37772209803341,-42.85347824178526
1016,2.131043274916299,61.33002889903869,-43.72188942426311
1017,2.1331378502136085,61.16872626665039,-44.53166497552369
1018,2.135233020544507,61.419032673040135,-44.573069041380045
1019,2.137327211773404,61.29720352052612,-45.630145523468535
1020,2.1394213678417553,61.49022762582743,-45.73254259804712
1021,2.1415151935265153,61.481436588283074,-46.31984339505319
1022,2.143609686067666,61.41745664604337,-47.16883139700196
1023,2.1457039096890913,61.59166124527593,-46.886746145725894
1024,2.1477977892281794,61.36841511484146,-48.38702107184663
1025,2.149892773795189,61.60073232574798,-48.282231637796734
1026,2.151988207011953,61.53895984003086,-49.23142719016221
1027,2.154083430042502,61.7377437633151,-49.33071796009568
1028,2.1561769020273363,61.6501038602236,-49.83916750767753
1029,2.158269727638565,61.46805546711838,-51.28048637652544
1030,2.1603643338266334,61.79014219053096,-50.849866964931145
1031,2.1624594611960894,61.547824032826114,-52.84050224071504
1032,2.1645538445620423,61.678064986853215,-52.64495492668543
1033,2.166649266160557,61.673060026558296,-53.46119684766582
1034,2.1687438965600263,61.59310911831087,-54.328692834930656
1035,2.1708363804402464,61.74608046069261,-54.64047762952542
1036,2.17292939543057,61.530858991396116,-56.084974476024065
1037,2.1750246621139153,61.64919024710625,-56.28363587155842
1038,2.1771189095943266,61.74328776631831,-56.92771958857506
1039,2.179212962470575,61.67850879812283,-57.40596857238863
1040,2.1813066434396426,61.788682377268245,-57.96332747286269
1041,2.183402629792164,61.42791730508484,-59.79582324086626
1042,2.185498119455816,61.72340637311899,-59.077516029117774
1043,2.1875916200185137,61.426474241740976,-60.99677897546591
1044,2.189686441120868,61.63717074011751,-60.759487683623625
1045,2.191781413276182,61.53161929906062,-62.12427791816822
1046,2.193875147711239,61.583642942324325,-62.70872554273568
1047,2.1959686613130316,61.74918541122814,-62.77208419669815
1048,2.198063923558019,61.4957602365187,-64.52475003125326
1049,2.2001595001532226,61.5067404032508,-64.57571568052984
1050,2.202253779153767,61.30103191906717,-66.43032096332988
1051,2.2043460760907565,61.29194135554433,-67.4007754142731
1052,2.206440891990371,61.311606007909745,-67.34181256727223
1053,2.2085356491852317,60.86449639105018,-69.62939428617379
1054,2.2106277016542335,61.460715732762004,-68.84322489116286
1055,2.212721958545959,60.82934793995082,-71.30800567988814
1056,2.2148185083900422,61.00485612854547,-71.32538379354901
1057,2.216913061952383,60.85956546477418,-72.57825526429816
1058,2.219006160150891,60.30236248621909,-74.98903518089644
1059,2.2211007684745443,60.9237519332317,-73.56593812234307
1060,2.2231966067711273,60.026840048000345,-76.98172688525554
1061,2.2252915180225106,60.78791082635049,-76.16349811377816
1062,2.2273849286831946,60.206003628495964,-78.72446414789235
1063,2.2294794057777056,59.82985432801785,-80.08687209734511
1064,2.231574082226972,60.11030154292373,-80.94232839905703
1065,2.2336675726385264,59.29839213631682,-83.38905920517196
1066,2.2357616690730993,59.92362930250326,-82.64689647119984
1067,2.237857388038379,59.112567530553186,-85.46906278136557
1068,2.2399520699736297,59.22960992920381,-85.7709464956931
1069,2.2420449617357057,58.87649721498019,-87.73274810271302
1070,2.2441391380853632,58.38998594844079,-89.77608726269322
1071,2.2462342793770116,58.77201006279832,-89.50235604280955
1072,2.248330004000319,57.86592256092637,-92.88488219770498
1073,2.2504234986669656,58.24165826698357,-92.99079464703648
1074,2.2525166459790467,57.38282624334636,-95.64509230429185
1075,2.254612702557845,57.3438346015932,-96.63671756497169
1076,2.2567074239010356,56.94308192188939,-98.84564683319901
1077,2.25879926569608,56.28948184321994,-100.82135080056752
1078,2.2608934332232278,56.416655896088514,-101.29419707059087
1079,2.2629890832862967,55.63640467953686,-104.65675250926964
1080,2.2650815906481947,55.526007398196775,-105.27460853534666
1081,2.26717631551426,54.91486526020582,-107.59257418482244
1082,2.2692717091510235,54.43473934314626,-110.50118478399631
1083,2.2713660430599174,54.024520985368994,-112.26216567560552
1084,2.273460830916725,53.313995896081565,-114.56445776705986
1085,2.2755552510450507,52.935861808494955,-116.38689468295114
1086,2.2776502981151867,52.532661290132914,-118.31166498020157
1087,2.2797428242388995,52.14915747216639,-119.75676950863152
1088,2.281836092329788,51.95687559182063,-120.81051217181549
1089,2.283933556285596,51.75446718327161,-121.9830472462879
1090,2.286028868050817,51.627620214938574,-123.45287544571349
1091,2.2881212248812486,51.37845822437772,-124.02617931135923
1092,2.290215014848569,51.260116013643184,-125.04902937922604
1093,2.292310229911211,51.02684402039357,-125.98543095202463
1094,2.2944051456334345,51.21712971807005,-127.36544155812187
1095,2.2964983471898495,50.97970687820659,-127.71574039274246
1096,2.2985921024349003,50.82960285505131,-128.4700392637057
1097,2.3006888643809247,50.804926742015574,-129.36692121714546
1098,2.302783634096356,50.570870995042085,-129.64503390763508
1099,2.3048756698218886,50.661559846417404,-130.87273268733918
1100,2.3069695720010412,50.42935934402853,-131.17009344654795
1101,2.3090651112173397,50.59403055238546,-132.7972791677139
1102,2.311158495429861,50.50883853404239,-133.3243569104804
1103,2.3132509513768182,50.45728892804539,-134.25008421657927
1104,2.31534766594442,50.262351116575445,-134.3693814464364
1105,2.3174438092641236,50.26412232477281,-135.07426735514395
1106,2.3195366518474128,50.28300232380106,-136.02946732357182
1107,2.321631141204296,50.458246595917856,-136.93456886008508
1108,2.323727832694395,50.26830671385257,-137.20144554070214
1109,2.3258211826493147,50.19572860346923,-137.732838705674
1110,2.3279133966950116,50.2579405797163,-138.75599352766372
1111,2.330008120458155,50.26488857359991,-139.4413121766123
1112,2.332103956675321,50.20750795391475,-139.92553017549918
1113,2.334197579452735,50.313485444132425,-140.68901178515958
1114,2.336290017181209,50.240287267099944,-141.1603193318581
1115,2.338385505091734,50.20906636731564,-141.76257381125217
1116,2.340480189114194,50.319577399080806,-142.67843872066132
1117,2.342573391055059,50.30416559148192,-143.238570512269
1118,2.344667848677038,50.28525926184766,-143.47767599017726
1119,2.3467629878884537,50.26009467290655,-144.23440655876735
1120,2.348858220839854,50.32824021694688,-144.7120922625392
1121,2.35095250082758,50.51230347324427,-145.85758628534757
1122,2.3530449396760944,50.42405022599208,-146.27875677306372
1123,2.355141499104623,50.411821902638835,-146.53440978592627
1124,2.3572378412451434,50.3720925185197,-146.99054103049474
1125,2.3593294861259198,50.546391964090645,-147.9148119211212
1126,2.3614224992004984,50.50984940048359,-148.30294424967087
1127,2.363517948981548,50.49757214210287,-148.95247123192215
1128,2.3656139136423477,50.63934882135086,-149.84097766303532
1129,2.367706660383537,50.78037847223514,-150.6992076842158
1130,2.3698014470222093,50.68485442770957,-150.86278086743613
1131,2.3718977582075165,50.88119865621269,-151.88341196783324
1132,2.3739899214574836,50.83239435127698,-152.15314459312881
1133,2.3760825194215927,50.75426571349871,-152.37408518569683
1134,2.378179070039863,50.94127730488663,-153.24145028212504
1135,2.380273759058959,50.96790259663006,-153.760825114026
1136,2.382365673610318,51.03388039263586,-154.42909230553116
1137,2.3844604460166168,51.21835638156924,-155.29998835966103
1138,2.3865571190304595,51.24544801459428,-155.9317166749447
1139,2.3886520978255446,51.284038393752326,-156.40179132942518
1140,2.3907442891236066,51.383242326292354,-157.06459879906575
1141,2.3928386457990913,51.35072657413303,-157.3983936562025
1142,2.394934562690242,51.51233014370798,-158.28479443289655
1143,2.397029599690107,51.4682514982208,-158.3198708327448
1144,2.3991222591305954,51.721055159277746,-159.55140159700318
1145,2.401217024080888,51.59076654432563,-159.74633393227447
1146,2.403314513026698,51.66581447716175,-160.15420038859412
1147,2.4054081911284184,51.91451500725588,-161.2304785139295
1148,2.4075011183217048,52.02801415616655,-161.97700135924134
1149,2.4095960074264258,52.02607035026997,-162.45969697912682
1150,2.4116926326559978,52.332767366926724,-163.52824672915563
1151,2.41378425055939,52.3522049689835,-163.92732637250938
1152,2.415877382497087,52.38632421865688,-164.57367260726758
1153,2.4179783678062123,52.38583303352069,-164.78122494981392
1154,2.4200733739460714,52.41074521469801,-165.14012631034788
1155,2.422162501290004,52.55629067906527,-165.96976825519968
1156,2.424257158180454,52.751646779771015,-166.7790641170302
1157,2.426355368807169,52.91732403489722,-167.82769863721285
1158,2.4284477900186845,52.80997297907636,-167.6725742301371
1159,2.43053883847394,53.2045695895652,-169.08166838289142
1160,2.4326356353293934,53.07561611619559,-169.19596701603695
1161,2.434732612021302,53.329728930544235,-170.31478401250416
1162,2.4368252927922227,53.4123733256036,-170.81123888724704
1163,2.43891890863681,53.618495716993095,-171.74193688670474
1164,2.441014895314609,53.5417975459783,-171.63088984050347
1165,2.4431105244568765,53.71896842068262,-172.6531502342642
1166,2.4452031167440684,53.93441270838092,-173.49964925903063
1167,2.4472938786799143,53.81329192903855,-173.48730011856182
1168,2.4493915902413868,54.30091880378236,-175.22334760153643
1169,2.4514877943094935,54.54516597723711,-176.20965126423974
1170,2.4535774837073663,54.6650158820685,-177.0035661647393
1171,2.4556717453467782,54.63998323449378,-177.32677725343768
1172,2.457770725968573,54.96538025729855,-178.21018006244233
1173,2.459865450868259,54.81822878466803,-178.2898412199177
1174,2.461954843714291,55.11366558223074,-179.44382005683332
1175,2.464051305962942,55.34610003337697,-180.40079624830997
1176,2.4661493201186655,55.43902723086081,-180.99778904558096
1177,2.468239991051035,55.494424945523626,-181.47568006227428
1178,2.4703335941159144,55.464151398735325,-181.4761559143155
1179,2.472432426226094,55.77052088221015,-182.81954828115548
1180,2.47452690434623,56.0430543786602,-183.91921163922825
1181,2.476615373809059,56.17077735158112,-184.43224841227462
1182,2.478710457672189,56.31691846849706,-185.2163148231927
1183,2.48080966574444,56.27247731942466,-185.34238355603924
1184,2.48290090100287,56.727578495088984,-187.02760530680288
1185,2.4849923340191187,56.974325673735734,-187.9155426963375
1186,2.4870897130294636,57.05076273605547,-188.60916746819183
1187,2.4891862386660164,57.256420195510785,-189.48080217921463
1188,2.491278235985619,57.473917330496434,-190.444310409224
1189,2.4933690456944357,57.56919007576965,-190.91656381973846
1190,2.495466543397291,57.59583993254712,-191.24175452000557
1191,2.497563830960505,57.92976123386153,-192.48899226595583
1192,2.499654519205421,58.489528661275614,-194.4614612745253
1193,2.5017479497353943,58.247691054106255,-193.99999811878888
1194,2.5038480054516667,58.83535544014834,-196.3008814406089
1195,2.505943433921919,58.95400122316159,-196.68485062728055
1196,2.5080284861327207,58.83106030090934,-196.3574567430914
1197,2.510123955773609,58.89931963706184,-196.99016790590946
1198,2.5122261646694253,59.54079390392807,-199.38580258708495
1199,2.5143177674343575,59.42479810521341,-199.01844430312622
1200,2.516405803072155,59.76218039700726,-200.28776696523565
1201,2.5185026929964116,59.97909485241232,-201.30479601312172
1202,2.5206041831245063,60.13240276454481,-202.05934847924988
1203,2.5226964757648327,60.58018197670168,-203.62247888984274
1204,2.5247869961159406,60.60254185360126,-203.71371879266232
1205,2.5268843920051487,60.69631274436839,-204.39972171662882
1206,2.528980483597168,61.269554519798945,-206.43013944197767
1207,2.5310684597394695,61.405268085917214,-207.02286388718966
1208,2.533161718042206,61.54227598066129,-207.64491674274961
1209,2.53526488574662,61.98772433029107,-209.3847593360958
1210,2.5373603920777454,62.087705311156085,-209.84606487278228
1211,2.539445749963502,62.19176281019466,-210.34291301310455
1212,2.5415417180131348,62.91417577256562,-212.99731476353818
1213,2.5436457679371425,63.06643132950329,-213.76465634721524
1214,2.545736808475733,62.821347413516435,-212.84856634386207
1215,2.5478233832874237,63.23868283282764,-214.52290115502282
1216,2.54992085584226,63.80311788290453,-216.66859613101693
1217,2.5520207655356866,64.25721156910453,-218.36974035794833
1218,2.5541098448110064,64.17308324016963,-218.0601066947507
1219,2.5562002600365847,64.51666477770432,-219.64702236668515
1220,2.558305455724291,64.7630494714865,-220.45393886026645
1221,2.5604026511470312,65.34400067908413,-222.71481322496209
1222,2.5624826414852553,65.46072272091197,-223.04788585935265
1223,2.564574391949512,65.7522892648348,-224.28452017993766
1224,2.5666808497683498,66.21446390245603,-225.94314266642075
1225,2.5687773451615423,66.11175297286508,-225.8373968377923
1226,2.5708608935170316,66.75121199441469,-228.072987164162
1227,2.5729575952355885,66.66741226021657,-227.99152185137152
1228,2.575060651513359,67.67015542542943,-231.49386490730797
1229,2.577148431575012,67.56208899606892,-231.22935226619217
1230,2.5792346077561192,68.06197156491368,-233.08167465723338
1231,2.5813352493894732,68.17507989892265,-233.65164928123195
1232,2.5834369526956515,68.63133312204683,-235.3891334282199
1233,2.5855218346006232,68.32371805773094,-234.30446849524253
1234,2.587610713900489,69.29936994834574,-237.89566371059323
1235,2.5897186990593415,69.95047574006844,-240.17546367409344
1236,2.5918181690667126,69.96103638440071,-240.33864725279415
1237,2.5938985009385314,70.14523876994879,-241.0770792860384
1238,2.5959901966325076,70.18464809387457,-241.32792189926724
1239,2.5980970827886534,70.881907638755,-243.7876587978612
1240,2.6001911974764487,71.33764616187318,-245.6473732767579
1241,2.6022734575046016,71.65515500861562,-246.79467663535434
1242,2.604374761438423,72.08770614892565,-248.33553427560952
1243,2.606480077670044,72.42136460509487,-249.6019968234153
1244,2.6085618800169397,72.95611311948676,-251.5892104775903
1245,2.610646200048581,73.2242490771636,-252.64339455919514
1246,2.6127580952497533,73.62049781102527,-254.04963484131738
1247,2.6148609257992828,73.25088905624662,-252.84379163601113
1248,2.616933454172155,73.91577533648956,-255.19786646347256
1249,2.619020659870304,74.71260360854404,-258.15860875906
1250,2.6211346279669097,75.6659579269495,-261.53608986505316
1251,2.623236503452788,75.57226543471326,-261.2192984435336
1252,2.6253090562225565,76.28128455467316,-263.714890278902
1253,2.6274000701334055,76.71954967526072,-265.4965574831722
1254,2.629513118467727,76.73523319208702,-265.6729789801441
1255,2.631604301330356,77.30863741603557,-267.6710305188741
1256,2.633685254021577,77.40969339790642,-268.144533811517
1257,2.6357889797673804,78.30728229931341,-271.47604851009345
1258,2.637895874321367,78.77165735431016,-272.95980340098015
1259,2.6399747081141895,79.37949810953637,-275.2883284356021
1260,2.6420591747927733,80.23882335863539,-278.1938147204701
1261,2.6441764666284318,79.8211777663427,-277.0132264430093
1262,2.6462775406423154,80.33738033829421,-278.8544879121109
1263,2.6483402943393326,81.26298452700115,-282.2078135824492
1264,2.650428729148096,81.2285928888209,-282.1368853312429
1265,2.652562718674548,81.56709445934882,-283.304104242111
1266,2.654664088292312,82.41492840901014,-286.2916245683954
1267,2.656712651557163,83.28957431808254,-289.48073229557303
1268,2.6588106765908748,84.1043867939475,-292.4705369152813
1269,2.6609452450324915,83.6474828776948,-290.95942015026685
1270,2.663032290426174,84.72202014325893,-294.5853705389368
1271,2.6650914877184944,85.81377135571313,-298.57335383354575
1272,2.6671986225603375,85.19054996144195,-296.58267385317384
1273,2.6693218160411916,86.55864067577991,-301.19624286445986
1274,2.6714003686163363,87.51679532922923,-304.6571597736448
1275,2.673473653710363,87.34059517919556,-304.1623495337397
1276,2.675588689124729,88.32690304731979,-307.4628181208419
1277,2.6776964003773744,89.8646790868073,-313.13429001353694
1278,2.6797534796790945,89.42838446231156,-311.5900405837047
1279,2.681845016836506,89.94345246773804,-313.5179832738905
1280,2.6839785543392702,90.85097589770726,-316.6076496609711
1281,2.6860638705482365,90.54172342263159,-315.62055266773626
1282,2.688115580192901,91.73254419977104,-319.8210917259737
1283,2.6902421071216107,92.1157538315851,-321.32365950382996
1284,2.6923784453538007,93.35248024297061,-325.5015779063273
1285,2.6944235266222867,94.0534358693673,-328.1724559023345
1286,2.6964818302236213,96.0259051173072,-335.08200448636006
1287,2.698646249049189,94.11060456723465,-328.41917861169287
1288,2.7007725953070936,96.40968547163185,-336.5023511412743
1289,2.7027692368507834,96.7540674553206,-337.6062064912094
1290,2.7048443440936585,97.4795063928195,-340.3977689211938
1291,2.7070515904059915,98.53339481184815,-344.0469620201982
1292,2.7091632832728005,99.47710903364428,-347.5124731710568
1293,2.7110832098570423,102.02803682101242,-356.1674332066621
1294,2.713194248534394,99.06656467414118,-346.1315804627527
1295,2.7154564422347596,101.2450186779846,-353.75412477729
1296,2.7175455830902693,99.09783179191547,-346.30069660918906
1297,2.7194409477796717,102.38813585696008,-357.6088095115486
1298,2.72159410281056,103.04408208227136,-360.14750762880226
1299,2.723868494276683,103.13762126814562,-360.5514326684379
1300,2.725905473691433,103.90629454501179,-363.1520194655207
1301,2.7277938720843573,106.80224529504437,-373.2799833263918
1302,2.730005424734083,104.82704679346561,-366.5952259989811
1303,2.7322910595910366,106.36229527075193,-371.8420614282891
1304,2.7342323934891035,110.7202825268724,-387.1103365414474
1305,2.7361123669415965,109.13949752835143,-381.60439265171965
1306,2.73841292247591,111.45399045971014,-389.85669940645073
1307,2.7407262152838343,109.64025524471141,-383.2683311329137
1308,2.7424923562337074,109.93303270798368,-384.5065352372426
1309,2.7444202272828333,110.9944661448132,-388.3605334150409
1310,2.7468188489948773,113.32335292943813,-396.4048765801547
1311,2.7491571251284848,118.91578858985882,-416.1528908395692
1312,2.7509012180135843,114.48905175690291,-400.5746072530593
1313,2.7528220566885997,113.91261796027666,-398.6165264019742
1314,2.7552245852341666,118.94274703558985,-416.17747437082807
1315,2.7575799064734774,122.78748866382067,-429.7378442680035
1316,2.7593246433872425,118.5488291503135,-414.9133633631659
1317,2.761234187120032,119.93386256532413,-419.5901564215978
1318,2.7636390504715083,124.08202816207566,-434.32537470984704
1319,2.765948826576436,125.47657320456851,-439.0877654982222
1320,2.7676191435751902,124.00770016686951,-433.99524519883323
1321,2.769651838220211,122.6514553657774,-429.36371941770636
1322,2.772055945845228,127.34164361978401,-445.694614334802
1323,2.7739175955497957,122.95502921639341,-430.10695783483567
1324,2.775657495525559,129.55138425410365,-453.4113193385922
1325,2.7780509401576134,135.32887190148693,-473.52965640565793
1326,2.7804282678176238,113.85977658485086,-398.5553858450699
1327,2.7823699672164355,133.93708142708283,-468.67004032811786
1328,2.7838806433920418,90.09012748938483,-315.21176117893475
1329,2.7859958234637583,28.603456431299715,-100.11209750954899
