,k,Pk0,Pk2
0,0.0029665470748989845,2555.5152341196817,-1484.0275079263317
1,0.005026374055021859,9526.0304469441,-99.04998563805827
2,0.007149300621522788,13116.275589308478,-840.8014370448807
3,0.009278869254964255,13053.976171072578,1313.9547950687252
4,0.011450332619344701,16597.492155137417,-4369.477153658297
5,0.013492955871419151,18114.173164545384,3326.2796658434204
6,0.01558905561191893,20679.57343379981,7003.575141164802
7,0.017694083672553172,21204.633122496973,-1390.9728868196337
8,0.019817874803135297,20223.668097313526,-441.7823148721273
9,0.02192074938196264,22485.964512165076,-2521.157635852141
10,0.02398877635566245,20731.571879030915,717.2536544962342
11,0.026092869718961156,20033.40389830708,-6848.646145286805
12,0.028234663152781798,19170.001272401954,2741.7700859486954
13,0.03032284873509123,17892.301453278236,893.3745715328477
14,0.03240263258943404,18846.503337940754,633.5460613225296
15,0.03449210129864554,17304.852307071156,-139.8078783511949
16,0.03658588147515197,16099.946938707011,-567.3202288958923
17,0.038684769492669774,15128.549075248635,1482.1890362511087
18,0.040788988884582836,15313.190260800937,505.3813714035588
19,0.04289390876967646,14104.018205262251,-281.8568258656299
20,0.04498336005546935,13641.095585631198,2790.668807079791
21,0.047064985294738244,13240.82626718368,641.8115890498584
22,0.04917111919158227,12546.066383211966,-423.48647171359465
23,0.051262169141742274,12336.733623607299,-423.5819620673891
24,0.05335525146837034,11557.177730281264,1335.4898869265144
25,0.05546637228956934,11473.454482273222,41.44818998444862
26,0.057573188192548086,11073.328982231229,-172.6591935872632
27,0.05965884044590281,10883.91780589109,424.86530714690014
28,0.061745123021595065,10516.477360134395,-142.42434409470007
29,0.0638268929113719,10558.766976481164,439.8923796963678
30,0.06592966228838451,9891.75203109199,-292.9750470559172
31,0.06803125784825748,9686.890044692913,-422.53303332297617
32,0.07013131008699486,9796.205176002164,883.1556523921815
33,0.07223032366074338,9513.248013568691,355.95736816417576
34,0.07432334270720506,9300.970971003713,-179.6017882725642
35,0.07642066756954473,9033.002488146498,369.5920839178678
36,0.07850471694556041,8872.989438768647,1015.0852226063953
37,0.08059701946059529,8660.286882618979,562.8700964013701
38,0.08269521798132064,8309.971810679095,312.331935489069
39,0.08478307522909848,8156.445427448243,-83.48592794501806
40,0.08687780839616016,7858.705110660703,400.64199780085005
41,0.08897524569656534,7721.846613199668,702.5469862524259
42,0.09108077810470518,7407.492273633904,292.90010744126164
43,0.09318432266948053,7144.0895629784945,847.9592048554944
44,0.0952788764104831,6805.299675124578,202.06081125855417
45,0.09736254237981037,6495.787408553484,527.6855611228082
46,0.09944832814799408,6361.378888476495,218.93649712473746
47,0.1015460879802399,6090.454630054923,-206.35152800078936
48,0.10364263756677322,5919.211228704027,19.539271679243207
49,0.10573893905394659,5637.274558477219,200.32293165584142
50,0.10783958559814742,5533.3328623626885,247.89524203267302
51,0.10993894058501318,5314.115595811738,267.09593488926623
52,0.11203921431523854,5138.315930248329,452.4162388137144
53,0.11412334585697578,5029.85970093089,133.69145115160094
54,0.1162159397555423,4923.691755228304,144.3073943658285
55,0.11831372048037725,4738.068989303265,89.9234968637922
56,0.12039723118070132,4708.80565232659,262.8289227884639
57,0.12249223631878574,4528.5333087587705,75.1418932458101
58,0.12458825984258635,4462.9026487535275,203.01609077777144
59,0.12668846771583772,4412.254679942302,65.1916574704792
60,0.1287846620419941,4342.518724336129,350.26921781393906
61,0.13087133937881498,4306.797628592079,215.97405159220224
62,0.13297548334406448,4177.562908258755,205.99700400062176
63,0.13506910815256093,4106.467934424383,90.5506866685601
64,0.13716388258568254,4060.5774036121074,223.77139659020952
65,0.13926047573721634,4037.20140077904,129.42330069205317
66,0.14134668829083769,3902.4530010028634,208.4424617009904
67,0.1434475230090064,3844.984886216567,228.59518315120283
68,0.14554528534185418,3803.8758068681927,235.74955247157638
69,0.14763320610735878,3740.1533681468977,228.73911093163875
70,0.14972114728432864,3600.592246582571,121.44892027522263
71,0.15181380487515775,3518.74935919153,210.29764703062992
72,0.15392114901003526,3492.875846997166,281.4172795523261
73,0.15602147473412367,3366.728114266525,220.25396185400297
74,0.15811617475881218,3324.5872393278155,72.86624688222155
75,0.16021187122717997,3232.659962880495,272.84920217167706
76,0.1623006419462899,3167.449184416885,187.32967397894802
77,0.1643899033199985,3082.424572258636,163.92182052380898
78,0.16648355823815117,2990.651671295927,186.5310736283252
79,0.16857196837784735,2941.032977868174,213.12816427627715
80,0.17066413320893647,2889.2405684252617,147.33362145141444
81,0.17277086992561352,2800.566220250582,95.39331941769935
82,0.17486965460096995,2748.181854404321,257.59166082293524
83,0.17695857694944453,2678.33342923186,94.51980192713862
84,0.17905245093155753,2613.431775805581,215.82946231067652
85,0.18115265212612636,2582.219351278554,253.11407967024292
86,0.1832476884130739,2535.5665092205604,144.7095268894157
87,0.1853312475833926,2479.1046517339255,220.1619184355413
88,0.1874284892203219,2451.7959593245073,156.75397976557807
89,0.1895337179075755,2400.4786898489897,184.43070633401135
90,0.1916268196474026,2359.613887293531,251.11245572340889
91,0.1937183403446853,2320.4926672136808,278.66428803357286
92,0.1958131498886989,2259.8267035704253,193.5291075448375
93,0.19790587400989662,2240.481536840942,230.0458592448941
94,0.19999906515978938,2192.687956509204,207.07469367152848
95,0.2020893038374759,2165.5453589625126,183.279481337901
96,0.2041823192148178,2148.4792343312265,186.3651398306146
97,0.2062825911013838,2100.503858758526,216.45525834535226
98,0.20837701891459662,2085.036534010903,229.2563884902299
99,0.21046758167944032,2055.3002116195958,183.70031801208225
100,0.21256678542440183,2024.7275379194675,218.83855369912573
101,0.2146619261104852,1977.0493711590136,204.26089495960795
102,0.21675618057220372,1959.9148603110489,222.87088367706468
103,0.2188528705899679,1937.6988855730299,195.3928019059568
104,0.22094564274530842,1893.2949957377305,238.25404218089426
105,0.2230395148320731,1872.466114995459,225.307176554627
106,0.22513567328585352,1827.4323193074151,180.10440847812592
107,0.22722785048644015,1802.1522737897042,276.58155558334215
108,0.22931975112872324,1775.3983590701919,177.2152850488352
109,0.23141147723465103,1724.5495494567556,234.4650252241545
110,0.23350584674782457,1714.4476015331518,232.92921799704624
111,0.23560416522029054,1688.6753465816187,200.93092989642685
112,0.2377006336558307,1648.0396374771055,200.386528811185
113,0.23979727503904752,1642.049570004136,263.71251699157096
114,0.2418944602532704,1612.0185596544004,238.6011078562876
115,0.2439884227569783,1574.4955808606128,209.4071577442234
116,0.24608359968283072,1543.099936176269,244.03965129505153
117,0.24817552807053123,1521.865143559987,250.55181035751954
118,0.25026237006475704,1508.1103527962548,286.81279862671175
119,0.25235861551053484,1474.9469941987295,237.19034284446676
120,0.25445470778669854,1461.6378036799188,221.70940099624946
121,0.2565487653287422,1445.560091967949,240.96864938464347
122,0.2586464955058471,1423.1545963912233,223.3779119312019
123,0.2607443047329862,1399.1409600120949,242.9112268133247
124,0.26284383121734134,1382.0040551748057,243.64791647367048
125,0.264929885565984,1362.7723364439516,248.61109054414004
126,0.2670163698864118,1338.3643065287727,212.91243458099993
127,0.269112135390912,1331.3177361560283,218.60724658212897
128,0.27120764961246213,1314.9034287181632,261.110294880023
129,0.27330509996536784,1294.3720351799868,223.90561525427424
130,0.27539842121309294,1268.5370011701862,214.65826005962057
131,0.27749656900268016,1258.0002698208198,238.72044550502554
132,0.27959864364035925,1242.6153431002479,225.87679992301918
133,0.2816878213234348,1220.1379470728646,236.47547619080075
134,0.28377609558542155,1212.0752538233962,232.1246748004014
135,0.2858732754634003,1189.579756880796,216.60969192631543
136,0.28796861590208045,1174.9634515252926,244.94549222593596
137,0.2900612915162532,1158.623617248494,251.9768722566841
138,0.2921547032025089,1141.9679158014696,248.9777572709011
139,0.2942501291133245,1130.3230216274794,248.50708416158906
140,0.2963444256131289,1117.4390243532844,270.3404683420899
141,0.2984361415704375,1107.2185233282887,250.239257147567
142,0.3005318840555698,1086.54816845268,236.6427149550482
143,0.30262777760316095,1071.9852823506346,259.71547302119137
144,0.3047248035439954,1063.4869962880994,250.17839915705275
145,0.3068210272572538,1047.0317470322273,241.05046132894606
146,0.3089144805088237,1036.0166705889092,250.79853982991085
147,0.31101080657849756,1020.2010683741836,234.8045407276968
148,0.31310885951912926,1010.717362155294,240.03218069155895
149,0.3151991603466065,999.8462138091801,255.78391262329203
150,0.317288667284839,987.0500905733495,249.5224693075861
151,0.31938044185106124,972.5588889928499,246.43722983153893
152,0.3214783648369702,959.3513913200472,246.31995024950842
153,0.3235785211189416,953.3925489504334,238.8676620076423
154,0.32566935894833426,935.4218616754715,254.00929187018784
155,0.32776077751211374,925.0718963601529,255.08146894898178
156,0.3298523230655558,915.3173972943638,251.0926730910884
157,0.3319485433973702,905.9703123122239,251.74073934616476
158,0.33404540358127904,892.6237897074952,246.1455150857297
159,0.33613494177837844,884.5790090728129,242.02705095082723
160,0.3382313832787478,874.7595704052395,259.4052855704228
161,0.3403308518124324,864.8596205717294,232.57809469998693
162,0.3424246601457981,850.3198676106632,257.6207449507134
163,0.3445197272986724,844.4153620701835,240.45434703967194
164,0.3466158524641983,837.1964829817123,252.7256324123244
165,0.3487089916477683,825.5043051484274,255.34891923712033
166,0.35080114560367615,812.9659966771034,242.25902524346404
167,0.35289356821720286,806.2881928278996,259.7386253262397
168,0.3549881110219297,796.6344227597643,242.02982067803896
169,0.35708559248027844,790.6458516969483,248.46567699735283
170,0.3591813496003593,782.0154974592593,251.2590188180365
171,0.3612749400626811,773.6052184801881,258.4933678065023
172,0.3633693413142722,765.3867208425822,249.6267076791764
173,0.3654632219855477,755.8542930658907,252.11172609447397
174,0.3675603773529471,747.6678735444964,249.3335069282567
175,0.36965434919829326,739.1568981524248,245.7758682915738
176,0.3717418094879197,732.1548989320146,248.7224050993706
177,0.37383404253825586,723.6453985232259,246.25171579005112
178,0.3759308579415973,716.283990842788,251.14361779978495
179,0.37802985088946095,711.7304296966184,250.43859285346755
180,0.3801213498834686,699.0341818921917,245.29241813030927
181,0.38221306010699313,695.5010463483305,255.6432793698943
182,0.3843141376638833,690.3888086266222,250.59583063709832
183,0.3864096355836929,681.7136302180883,252.353404895368
184,0.388502907295756,672.6916316232669,250.09501349675537
185,0.39059769208540335,668.6984799005273,252.4683070066418
186,0.3926958121232196,660.4955633697435,256.8352219710391
187,0.39478921808384226,652.6200262731257,251.03626219633898
188,0.39687821409975554,645.4284745457828,253.0155337518582
189,0.39897073627813356,641.2045760919419,255.81675556251062
190,0.401067192451382,635.1556234222622,245.79189196359033
191,0.40316228148056854,631.1344475599992,259.87139582651616
192,0.4052546340249366,623.6539181613547,250.71518859700183
193,0.4073499183903822,617.6443542814255,252.05473612083927
194,0.4094468722071623,610.7348683851653,241.75675708265496
195,0.41154432885897757,604.3314128900287,244.84392515293496
196,0.41363408239228544,598.3721503255564,257.07927534174144
197,0.41572494638156243,589.8907267678453,246.89216463462654
198,0.41782181997781404,588.6238805549426,255.44257543536372
199,0.4199166506307261,583.9795729362769,247.3787585434236
200,0.4220107143757513,575.445687003176,247.8495693922061
201,0.42410542949066876,571.3302455816084,242.34493428432344
202,0.4262013850195404,564.4777517978359,250.30694966541958
203,0.4282955296445312,560.9573969933439,249.94466987802403
204,0.430391806688861,557.2725803837383,249.93788416868628
205,0.432488575457924,550.1013800780298,251.86103814680473
206,0.4345806090039814,545.3657738442904,246.2974341830159
207,0.43667244097425384,539.7141616283188,247.57514496141138
208,0.4387671492209622,535.1709557324069,240.01734508650728
209,0.4408622534544343,529.6197309548005,248.2083276581041
210,0.44295516415095815,524.5130846852795,245.6224623231298
211,0.4450482683181851,521.8535958933314,251.6203219359265
212,0.44714683875742495,515.1176395118185,246.63053170556972
213,0.44924362280569813,511.29745907819785,250.03405989033206
214,0.4513338633316258,508.8180498695847,250.15972221071627
215,0.45342753643259276,503.27120254756466,251.81216434219118
216,0.45552189548586586,499.00447117649844,248.50077713277352
217,0.45761716616081083,495.4136459528391,248.13662396120665
218,0.4597117909764672,490.839054939465,245.6031428832557
219,0.4618031890496857,485.6916855071988,242.73738276047453
220,0.4638995470730997,481.2959935552291,244.98681189803352
221,0.4659948171464902,479.44142966856816,250.04879803401124
222,0.46808929446972725,474.14336634345193,247.52905791185194
223,0.47018492649495636,469.57491458507627,245.62090132987765
224,0.4722792778491551,466.4080834772801,247.81821590142076
225,0.47437272572904565,463.163229262642,246.6788386420759
226,0.47646593372141327,458.9112244456328,244.5733442184097
227,0.47856230727426236,454.74196871250837,248.54795995873928
228,0.48065904058976644,451.6696432454139,245.36829637809169
229,0.4827512226177774,447.8522427567414,248.3860718280526
230,0.4848441163240575,444.3389984670896,244.9237007399318
231,0.4869397730506266,440.6428309269414,243.45894165611455
232,0.48903678813400875,437.7968023051375,244.3717862435166
233,0.49113096964965397,432.2289681946927,246.30792844860616
234,0.49322332174786626,429.1586986640529,243.44882348206912
235,0.4953187148676145,425.4438828411933,241.88125232748916
236,0.49741120358770496,424.12426220472423,242.20752884368062
237,0.49950082345999325,420.4057703488889,242.3544259786777
238,0.5015952506837275,416.55381973399125,239.3993127164581
239,0.5036919972981919,413.7327905579368,240.6587710853513
240,0.5057872116617207,410.5941329712228,247.7490742596718
241,0.5078828569897101,407.79535669384245,245.54527578408778
242,0.5099793452386306,403.0611973324054,240.22326542432407
243,0.5120767256379639,402.1451380352437,239.62932878069313
244,0.5141702395931294,399.185823026488,246.2078144043244
245,0.51626132102766,394.6011759650742,238.57068107659114
246,0.5183576899265504,391.1470072635825,235.8340565108175
247,0.5204524416424112,389.61187759819836,243.62999506731938
248,0.5225430403510469,386.3877150736865,240.70988300198448
249,0.5246378991347941,384.3767719379256,243.10217317933612
250,0.5267345150769579,379.6196740518121,237.29569327919094
251,0.5288284644781793,377.81018534378074,241.467804296606
252,0.5309200047543352,373.40881128997995,235.03246783636126
253,0.5330154787982235,373.2912295663083,238.42584322104946
254,0.5351140455458262,369.6395535188807,238.8401856778987
255,0.5372066203065362,366.93541254212045,236.56517092134888
256,0.5392991990272246,364.30011324253604,236.98464322018924
257,0.5413944118270408,361.86763082363814,238.13074749088798
258,0.5434881995106379,359.11724366445446,238.9254600251999
259,0.5455829952492127,356.93203727183044,238.53142109978353
260,0.5476769745662954,355.4522768627359,236.55747767014688
261,0.5497697255495043,352.3567529322051,235.82131697217065
262,0.5518645446467839,350.31739310122407,237.15364191062713
263,0.5539598571350287,347.98257595339425,238.6567460894925
264,0.5560564538950566,345.2673311344985,236.14548122492204
265,0.5581500505101624,344.1635983610048,239.92391158225914
266,0.5602409063261653,340.96977123516325,235.00070244345585
267,0.5623379637803174,337.7397867035753,237.2513020365978
268,0.5644363283026402,335.54994467158957,233.72206634425314
269,0.5665273824761494,333.62680232148404,234.40866288397163
270,0.568621249018378,331.94720859356755,237.42307792974347
271,0.5707181447612965,328.7769327804881,234.93119204903877
272,0.5728127938597997,328.09360630102486,234.93607038872443
273,0.5749070881546879,325.7906097229599,234.62577627418239
274,0.5769991470923068,324.2709226170573,236.23768929355927
275,0.5790956911760897,321.36862102018137,233.09453450828786
276,0.5811893306261757,319.35529213499075,235.74755719557248
277,0.5832802267374103,317.8244661721791,233.4039525160455
278,0.5853761830306536,314.83087241567927,235.8748969751225
279,0.5874711784415975,313.3637163531959,233.42565855725942
280,0.5895653958899879,311.3152798554051,232.64569888275474
281,0.591659786459685,309.57948961008435,234.96196749263922
282,0.5937551851921442,308.1456771286715,232.74477322168025
283,0.5958498092767481,305.54683007840407,234.53495862845972
284,0.5979447066705442,304.04510079525187,234.8211604672095
285,0.6000383505174957,302.6561985447905,235.07282431706585
286,0.6021313016181767,300.3677160795349,230.99797037197715
287,0.6042246965556944,298.9146631237543,233.49913800032783
288,0.6063189733697846,297.89248442971467,235.42709767428295
289,0.6084147213727373,295.80761051596744,233.9690768965888
290,0.6105090855473989,293.59915465884274,233.46364790851413
291,0.6126037649785722,292.54296582844313,232.8499602520399
292,0.6147002391370655,291.67383867470414,235.661008129029
293,0.616794938930829,288.5663910041214,231.3291102908692
294,0.6188886865784012,287.72231698631845,232.53795036534527
295,0.6209825762252046,286.0732350774168,233.37161170169648
296,0.6230764414889526,284.9375977609443,235.9438822498708
297,0.6251725389343245,283.0904260426765,233.91533701214283
298,0.627266923011265,282.1213515220812,235.78325847973474
299,0.6293596211388142,280.9042390767369,234.67043030172073
300,0.6314513250607457,278.8343025212483,232.536749890204
301,0.6335475720513941,277.8626308024978,235.15662588929294
302,0.6356444982495617,276.3862201798055,233.68804284437152
303,0.6377358562255245,275.0174531955699,234.03028328722948
304,0.6398302949107263,273.4936788899258,234.7810575191054
305,0.6419256185614247,272.5464302177717,236.3615770469893
306,0.6440214843206593,270.96791236294433,234.10394052671487
307,0.6461142033434962,269.70594097053635,235.58795799450817
308,0.6482061138478032,268.64039994976747,234.79701273418328
309,0.6503020867345045,266.62576668383645,235.1481290419469
310,0.652398185537932,265.5878716952251,233.19860529564406
311,0.6544932048530038,264.1510905943149,234.73358467365338
312,0.6565867871776386,263.8876257721249,237.6512926983445
313,0.6586827890115348,262.2160999588568,235.10086726834817
314,0.6607793300725506,260.8710214707959,237.09865736876463
315,0.6628724964198541,260.41250436783906,239.15528977810922
316,0.6649654402217313,259.5446157966333,237.1534235255421
317,0.667059865407609,257.71314019356646,235.99886498424596
318,0.6691532523078332,256.6838401598856,237.70653598603235
319,0.6712457992597233,255.69429070341045,236.59572413454833
320,0.6733390782258323,255.3041352030443,238.35659098332104
321,0.6754367503383576,254.1831034682906,240.17069293804812
322,0.6775335143160066,252.89128091077384,239.63931270176315
323,0.679624621064033,252.3809145574783,240.9474026802591
324,0.6817180292738917,251.05253466285802,239.7673704543021
325,0.6838149015047629,249.9110285876182,239.36033569290058
326,0.6859101434268815,248.87221734373787,238.7916091071711
327,0.6880046468184081,248.85752450159097,243.97413002927382
328,0.6900999637264865,247.67135329482574,242.28188559494376
329,0.6921965733216279,246.47155431641633,241.82860516764643
330,0.6942884945981568,245.67064127313787,242.39897203801598
331,0.6963781649531228,244.81280695820683,242.54448458272074
332,0.6984747371200234,244.4321273754784,243.62538657727205
333,0.7005690388882679,243.53985928576486,246.24498029081224
334,0.7026621579778546,243.06787071584986,247.19302365979667
335,0.704757268847954,241.68081385806593,245.69354037049982
336,0.7068509057629639,241.15190248265299,246.21213964771383
337,0.708945644402387,240.50464948991976,247.40966092970527
338,0.7110406815970572,240.16129281618763,247.71518770995806
339,0.7131372373036142,239.89982606134905,250.76161566397744
340,0.7152323589250973,239.44230610398688,250.81581117778705
341,0.7173245162021571,238.25797999563997,251.04853099473513
342,0.7194199711852413,238.03205253852107,252.47038039165597
343,0.7215151322330351,237.75648980461474,253.81557843327954
344,0.7236102334592447,236.85393189865508,254.07923224885158
345,0.7257047129497166,236.0379352970784,254.84394531594117
346,0.7277958825256088,235.07274844249835,254.34352178503
347,0.7298900912292255,234.85378528730112,255.42564436628058
348,0.7319867159780691,234.87303517132125,256.9976973378966
349,0.7340808521059053,234.4541215131866,259.8111708306872
350,0.7361738853270124,233.91594213252895,259.57307906878407
351,0.7382682123604443,234.28565585452296,262.4947595422882
352,0.7403641944498084,233.5035223200257,262.55419697012525
353,0.7424576311971561,233.31823350964942,263.6017155537764
354,0.7445523870480827,232.71401086539262,264.3463953335818
355,0.7466478284648128,231.78138150940038,263.5885748074617
356,0.7487413917548734,232.59115328198817,267.6949111875272
357,0.7508354594737505,231.58370697017577,267.46877131951436
358,0.7529278056847568,231.2563422919206,268.5285203074234
359,0.7550230257904859,231.1327039213413,271.4476945407846
360,0.7571167923480437,231.34080280849977,274.0536591879284
361,0.7592113317151179,230.71871132101973,274.43991820709016
362,0.7613074731933067,230.75415974317934,274.68700336017395
363,0.7634009581307508,230.8702382305392,277.7748622276895
364,0.7654969266569684,230.67687619590728,279.5553153961883
365,0.7675905899780763,230.50892387722578,279.77856516555937
366,0.7696837880547684,230.55955360941937,281.29271886352564
367,0.7717795008463626,230.79057706865598,283.83854346026493
368,0.7738757788346248,230.98452041573546,286.9836159834125
369,0.7759706260990727,231.3199034791712,290.5002699491816
370,0.7780620795267656,230.80117121055036,289.5657543560476
371,0.7801559906208961,231.03098630766598,291.8383910621259
372,0.7822523136569128,231.40153724831598,294.07000180470726
373,0.7843481481853999,230.8522361912111,294.9542489042428
374,0.7864425511046899,232.20178744636897,300.995373028389
375,0.7885343495966205,231.28670656223417,298.92048882138334
376,0.7906286372458883,231.72528122866444,302.3869456965294
377,0.7927244345313397,232.06225496934408,305.1811916949776
378,0.794818005513127,232.44009273589697,307.4839681755435
379,0.7969121491149282,232.75533356510894,309.5476654235041
380,0.7990047112993173,233.8677145046318,314.22999743580414
381,0.8010984966914405,233.88522475759575,316.62578433947726
382,0.8031950165575023,234.66901709895208,319.4786356506418
383,0.80529055904954,233.03045557341463,312.0003865809339
384,0.8073868607794276,230.50584499465185,298.6053971487324
385,0.8094799923089985,227.2558066652611,284.3641391092983
386,0.8115723232550889,224.95519355104014,271.45194128567874
387,0.8136672975922271,222.4693959169317,260.1102273409793
388,0.8157631100610689,220.01880473232697,248.23258286812464
389,0.8178569790142735,217.64489354730904,237.6544976383025
390,0.8199506303068442,215.64169757378272,227.51744004407533
391,0.8220462665916841,213.52152281298487,217.97822163746935
392,0.8241405937791958,211.74046549666022,207.89658305380846
393,0.8262325853224312,209.85941203318077,198.81295957449828
394,0.8283265675885274,208.05756848362816,191.3776839661486
395,0.8304231027322762,206.53852365971906,184.39019892033332
396,0.832516312308734,204.89548205433147,176.26803623852564
397,0.8346104967180491,203.75634742553447,169.42960457176022
398,0.8367055646585567,201.54756868858664,161.44845741876884
399,0.8387997810841866,199.636641863966,153.41704684852812
400,0.8408959249120883,198.5414698453413,148.42033716663877
401,0.8429902851163829,197.12797126550976,141.56694302044508
402,0.8450834013034724,195.66571469756028,134.38707830917997
403,0.8471787052036875,194.4130750309687,129.45338827984844
404,0.8492741754489669,192.670832290439,121.56583838379125
405,0.8513666186650054,192.11450315906433,118.50627610421067
406,0.8534586558453424,190.651978311764,112.31108740940168
407,0.8555555147205227,189.44939250095914,107.38126161496523
408,0.8576510528712873,188.17983718520057,101.939741196109
409,0.8597438531231701,187.24581975647396,96.96720578710146
410,0.8618396600787528,186.29353981929148,94.22333899849018
411,0.8639352641137702,184.91204804085308,88.03827913974807
412,0.8660278348127696,183.45975431843797,83.86394968298632
413,0.8681190723532742,182.46347976942022,78.8177369105156
414,0.8702145301226206,181.81558121321774,76.28469613721484
415,0.8723097299260473,180.4705592350672,70.60342584242696
416,0.8744009465527449,179.94350697343378,68.1015684973297
417,0.8764962014565297,178.47503839478765,64.00874962685548
418,0.8785921785819074,177.9004711734979,59.6841959770781
419,0.8806862529738079,177.0472472620825,57.06272039642188
420,0.8827803474942315,176.52120722467444,54.432442446716195
421,0.884876552415157,174.9411198500901,48.42055843865124
422,0.8869727619955021,173.6756342422986,44.63433164579175
423,0.8890661549276524,174.0537405938232,45.35180962076838
424,0.8911606435626759,172.77327751261544,39.838905313104064
425,0.8932564177642083,171.95299971976203,37.08094758799319
426,0.8953515942364704,170.76308274521432,33.066233843164035
427,0.8974449590572777,170.74290877317117,32.53561248803755
428,0.8995380126042275,169.49158358772178,29.04671149399834
429,0.9016308480731973,169.17689021694375,27.203958466369958
430,0.9037248205752632,168.1125284244047,22.682568195472747
431,0.9058194398636225,167.55204357725802,21.540132441629357
432,0.9079139093175219,166.6943094765625,17.22750306874724
433,0.910011764746055,165.83391120042077,15.386022790291827
434,0.9121056647167038,165.31987171987336,13.67008214167058
435,0.9141967683902507,165.13784548587282,11.562434275132222
436,0.9162922424058753,164.64948322576703,9.921355048575727
437,0.9183868595164038,163.14804545850066,5.469091063874162
438,0.9204815946523948,163.09374060393907,4.228958482962313
439,0.9225765682279964,162.11546488616895,0.9696212534288208
440,0.9246708776548578,161.29961164242863,-0.6602340651360001
441,0.9267650233208798,161.52099738194735,-1.3589619928999097
442,0.9288581102404102,160.55960354555276,-4.949285821740398
443,0.9309518934142385,160.2419620241675,-5.172536269628834
444,0.9330469160925099,159.61254772981286,-8.370644484822634
445,0.9351415764644654,159.0955609673158,-8.959624174811623
446,0.9372369506587555,158.33839441957352,-12.017163120876198
447,0.9393287530448476,157.70478026200252,-16.011203405757886
448,0.9414229216419412,157.79804075190395,-14.017841790034709
449,0.9435209341962445,157.17698882727572,-16.564938950174337
450,0.9456148252799238,156.92719332307587,-18.216925016792946
451,0.9477091255207061,156.58182501492675,-19.261463339660562
452,0.9498037238864095,155.70472604079157,-21.649489228770776
453,0.9518981043411001,155.44224666341557,-23.023718992041474
454,0.9539914706287521,155.26366727933302,-24.496524019189835
455,0.9560859977890608,154.70089843915227,-25.09143946367711
456,0.9581821096695351,154.85511621971014,-27.294942023420496
457,0.9602755737793266,154.53470839998533,-28.60132103326736
458,0.9623691838562978,153.85411939549724,-30.96656074667851
459,0.9644636726355348,152.6301640191941,-32.282930230709894
460,0.9665572681340019,153.1372800482039,-31.67424058339122
461,0.9686506726657692,152.4996930620917,-33.95331983779191
462,0.9707453651438224,152.29218516302342,-35.72331234793483
463,0.9728397447984573,151.8258074809765,-38.466985991452276
464,0.9749341599912872,151.96573722251227,-39.08741857520712
465,0.9770309382258842,151.3964385614647,-38.64174762113899
466,0.9791243621626365,150.83590254639327,-43.11445009341896
467,0.9812186011668534,151.48216978662862,-40.9935203585769
468,0.9833152549762485,150.82604456419185,-44.28452758021852
469,0.9854083366977224,150.41310113963854,-45.65349450337882
470,0.9875013366256304,150.1384973043772,-45.58193147384055
471,0.9895964031766183,149.7523309317841,-48.03895615220761
472,0.9916911272506032,149.87631487701475,-48.27284661923377
473,0.9937856031740195,149.60519184130274,-50.371361800393856
474,0.9958807301039379,148.81033165094505,-51.749765857967134
475,0.9979746323874407,149.49464527115288,-51.80000367647793
476,1.0000664008054638,148.82321692319934,-54.774412836828176
477,1.0021595314674534,149.2533478367489,-54.19185148549636
478,1.0042547648495364,148.77022514977833,-55.72611931129308
479,1.006349085630113,148.8657019176674,-56.35441154506551
480,1.0084443367657523,148.3674009636958,-57.832527969956665
481,1.0105398481990022,149.10545712668068,-58.539119973082535
482,1.0126348213072522,149.02364162990867,-59.36752028553007
483,1.0147293432188107,147.98129403400466,-63.18891170006137
484,1.0168223222913106,148.76926036268287,-61.99571576625409
485,1.0189181991118834,147.87277106418227,-64.05110578924764
486,1.0210135889667047,148.09402851782954,-65.70027193316811
487,1.023105517395174,148.18537998977493,-66.05662675354165
488,1.0251997072975425,147.69258515927316,-68.96089234537101
489,1.0272950549324347,148.8246512370514,-65.59352465450728
490,1.0293904044607038,147.8160443118514,-70.49302600594139
491,1.0314847550764672,148.12719078079758,-71.29298666439522
492,1.0335791521913305,148.26919915593902,-72.18637621995971
493,1.035674282724225,147.4174271558695,-75.10980512374138
494,1.0377683744197583,148.0539978591873,-73.55514908069571
495,1.0398611358062981,147.22585053180725,-79.72938810648368
496,1.0419559810580585,147.8956557958746,-77.77974151421316
497,1.0440519355231435,147.67763091654828,-78.33802886790845
498,1.0461442665368221,147.00697484957908,-83.41174490487316
499,1.048238151325366,148.01242817886862,-80.2068763488317
500,1.0503312794335307,147.29481081458954,-84.93482047566215
501,1.0524262698953144,148.3986009126571,-82.72266081684361
502,1.0545208315883745,147.97748472634643,-87.93709398729717
503,1.0566150350094698,147.7318552835903,-88.90460860180588
504,1.058711440318921,147.2895332697633,-91.10410014669252
505,1.060803734980524,146.774410010866,-94.74364358313518
506,1.0628970711462522,148.14422149314228,-91.59756385780732
507,1.0649945592352892,147.7989217622886,-95.51234647989666
508,1.0670895920886003,148.09773078049668,-96.23066867669733
509,1.0691815189460832,147.90019801682251,-98.44653494832619
510,1.0712752972137536,146.54574906147946,-104.13153775881705
511,1.073371173619778,148.09942662809772,-101.67923909009761
512,1.0754657024825272,147.04597774729194,-107.7208216954066
513,1.077559391113827,147.56026912939222,-106.83810247701125
514,1.079654167044188,147.23415295827527,-110.28888435615684
515,1.081749685406742,147.29677393265197,-113.3887917829371
516,1.0838429051818583,146.8527639090014,-114.45219852374771
517,1.0859346611894292,146.23200570558686,-122.75523427445992
518,1.0880274765489322,146.94146103199367,-120.61184945388013
519,1.0901226378244568,146.18349997639663,-123.67887738094225
520,1.092218906510469,145.98880224615957,-130.08426456900884
521,1.0943142405516277,146.85698437343441,-128.62466286150126
522,1.0964083656069452,145.57210820241957,-135.30222425357027
523,1.098504575117021,146.96890553230918,-132.47815781052472
524,1.100598880587325,144.74399071836228,-142.77639617044494
525,1.1026907648634887,145.41288388242526,-141.88635990190616
526,1.1047864761829782,144.68509699066954,-148.31596679678364
527,1.1068805633882368,143.19650086613015,-154.6374530378662
528,1.1089715885079452,143.7127410703004,-156.2305971846441
529,1.1110674731376504,140.64719393863697,-165.46748014678425
530,1.1131638031712348,142.6009467244778,-162.7512035672084
531,1.1152567400703868,141.04531947018188,-173.74167887153965
532,1.1173518797395834,140.65453550038956,-176.24080139533748
533,1.1194466841667583,138.7273951377288,-185.09524659177515
534,1.1215386388653605,136.71224567058067,-191.02516377837472
535,1.1236321502294464,137.15750398716844,-195.42001605230462
536,1.1257265608788465,134.21582063462992,-204.3135323598315
537,1.127823511019811,133.74705338452705,-210.09923802679813
538,1.1299186917312898,131.04328990401874,-218.80038688192067
539,1.1320102853860914,129.42412211568427,-227.38284121914313
540,1.1341022265777971,127.52044598871423,-237.04384531417108
541,1.136196488705377,123.6221231244368,-245.42588991621753
542,1.1382919496812383,121.33699048555313,-253.7624302753479
543,1.1403848113573067,119.96711986492822,-263.1093044618885
544,1.1424801205078854,117.94469634198965,-267.43473684007785
545,1.144579099546908,118.12647098232958,-272.26609181437317
546,1.1466743733674984,116.71303691688804,-277.709313861571
547,1.1487627957344069,115.3338357892387,-280.9768410954766
548,1.1508586543248278,115.17612356988118,-284.50840582482533
549,1.1529561980713183,114.308511538236,-288.496425799766
550,1.1550454984226184,114.71827552150526,-291.8838642744632
551,1.1571409429142046,113.12844223714279,-292.6168797524508
552,1.159240859340017,112.52191610189558,-296.7433253892871
553,1.1613355832020602,112.86926201674763,-298.885558828879
554,1.163423871831942,112.50794552931683,-302.9582542494237
555,1.1655188736812345,111.5891629970699,-303.90107903743655
556,1.1676174368768866,111.89497578347499,-307.72093993150037
557,1.1697080797153998,111.27366365761918,-309.50782263400356
558,1.171800206369591,111.72580940086448,-312.6005834826379
559,1.17389591489135,111.78056446562435,-315.5400464651102
560,1.1759888523797297,110.97497804067208,-316.49257429239
561,1.1780809947202961,111.19885504977039,-318.30157169261633
562,1.1801761196344618,110.87875218254334,-321.25078071472876
563,1.1822736635654147,110.94024721509592,-323.39834785432083
564,1.1843710306693693,111.47077332036919,-327.03908720254674
565,1.1864625384002512,110.96992793047028,-327.3263502751565
566,1.1885545198904406,110.5692335095483,-328.73879706194475
567,1.1906522613678343,110.61181375253668,-330.5739686762784
568,1.192750069492095,110.57404403602372,-332.97063258566936
569,1.1948381381583106,110.19141360704431,-333.0375153889832
570,1.1969297222624806,111.31455164842984,-338.4194051747432
571,1.1990290164311135,110.62849254035996,-337.5373621577931
572,1.2011243924560484,111.38633152736828,-342.14959769884007
573,1.2032149592826593,111.33109790775244,-343.14401517747257
574,1.2053132365828256,111.02975503523389,-343.5264217404057
575,1.20741576508926,111.70889262635772,-347.9348882063357
576,1.2095030565711475,112.1555532922298,-350.918659018817
577,1.2115949657999687,111.28013825628331,-349.5263822446652
578,1.2136960046145377,111.88466068037718,-353.11335234495726
579,1.2157928316049589,111.96155742205649,-354.45575893902355
580,1.21787984102748,112.44443793921003,-357.14012686746884
581,1.2199725120701903,113.57342591288885,-362.0815812416267
582,1.2220773486348555,112.99668698511256,-361.49767951642156
583,1.2241717280648772,113.29975039042033,-363.25930437557184
584,1.2262574809145717,113.99710797093245,-366.6203936101225
585,1.22835205989159,113.93138202160934,-368.4497053463532
586,1.2304511070315651,115.42999569805657,-374.67435218332
587,1.2325439941641703,115.28887149634026,-374.27521006559243
588,1.2346327282165248,115.40593089386802,-375.8462707766562
589,1.2367296121231413,116.80805085668389,-382.23584824415735
590,1.238832433751825,117.10655096408486,-383.7574596385721
591,1.2409238541102623,116.70378718495604,-383.4708727147044
592,1.243012379245932,117.73649233601823,-387.372107273641
593,1.2451094606314712,118.42877772428926,-390.6956908307652
594,1.2472066170026377,120.15496788548683,-397.84904178930327
595,1.2492929515805862,118.90171975303274,-394.3500800678568
596,1.2513843202334647,120.08662471956109,-398.75885258496913
597,1.2534920777891505,120.61299797879829,-402.2078713882934
598,1.2555889180496558,121.49754676283588,-405.3320392779226
599,1.257667580798784,121.25583959430175,-405.3574223145824
600,1.2597632986068967,122.98162140100906,-412.11139847486453
601,1.2618709074503869,123.4782706603252,-414.6450244108616
602,1.2639618917954016,123.80024367155595,-415.5150687843778
603,1.2660463256389345,123.4359892713978,-415.68906093826394
604,1.268151380164154,124.6771642170452,-420.5221200729035
605,1.2702573897615381,127.03602699311936,-428.91020382931436
606,1.2723329096911193,126.57836488578648,-428.25548741207456
607,1.2744197010315288,127.45452202142519,-431.9659148065226
608,1.2765327006010119,129.4454834262495,-439.9468135623978
609,1.2786342467193723,130.41625155865052,-443.3309902181693
610,1.280707182799757,131.70908087777173,-448.36557529061025
611,1.2827931530633179,131.66742150212707,-449.24568340824527
612,1.2849085387747612,132.9392656695822,-454.30234558704933
613,1.287000364654089,134.01412456118177,-457.97488520118685
614,1.2890781709908103,134.74297047228782,-461.27929869549325
615,1.2911842108955598,136.04845057790897,-466.0772529527386
616,1.2932965864662813,138.074982299385,-473.19962362115984
617,1.2953774115066516,139.31051900930242,-479.00803616483586
618,1.2974494068131983,140.94544481252424,-484.22435048374086
619,1.2995653278098822,141.2694772029689,-486.3321010083186
620,1.3016791376111048,145.01395778798212,-499.0754574861723
621,1.3037423234004764,144.03046850302837,-495.5283499536004
622,1.3058199114096363,144.78648428459385,-499.9537482192371
623,1.3079467955462118,147.27473905731767,-508.36077743241134
624,1.3100601882305882,146.24012852212155,-504.70190814773804
625,1.312113308135768,150.19232922869804,-519.8292746061172
626,1.3141962752176515,149.29409967575725,-516.1992834546837
627,1.3163277077674513,153.09633903378094,-530.4536366051426
628,1.3184175493918626,152.38159462527707,-528.2629045863063
629,1.3204856618221223,157.09674934435193,-544.1422437126259
630,1.3225968812824558,159.03741791383962,-551.7593243151432
631,1.324712528812616,161.80704773453945,-562.0669589243279
632,1.3267701241226586,161.8569151409974,-562.003015633931
633,1.3288455369869492,161.6093786183954,-562.1389879403818
634,1.331007859279665,160.5291599939041,-558.3161311735092
635,1.3331193077637633,167.9086850094776,-583.7811406223249
636,1.335111114646517,168.43200286806484,-585.9018356047578
637,1.3372000138113185,174.64426996502291,-608.5068488072285
638,1.3394207042773567,172.0327693259146,-599.6812720903384
639,1.3415191831855293,177.3061908887154,-617.4149212822061
640,1.343419658472025,178.51494282040858,-622.5175660036757
641,1.3455475267642247,178.94723478827945,-624.3062098852994
642,1.3478257671998863,189.56445222294502,-660.886384112428
643,1.349910545699746,186.40427638231932,-651.3298216425491
644,1.3517701887420612,191.36002228130374,-667.6865513242678
645,1.3539417100377606,191.3404350001414,-667.7121136276334
646,1.3562514521124112,193.7096625582572,-676.689180294725
647,1.3583044750242828,194.60420533995364,-680.3917014805621
648,1.3600937081391848,201.4162902396354,-703.5056510649466
649,1.362315666351114,194.98651521502444,-681.4908613461953
650,1.3646739887244697,215.5379723392005,-753.2325205051405
651,1.3666040349314283,217.00711098371812,-758.9332648823839
652,1.3683585203137423,201.8334079081508,-705.631908105745
653,1.3706879171444677,202.25843593663015,-707.3770284323897
654,1.3730812726720756,214.3175594371295,-749.655588127642
655,1.3749143385354152,225.2278041392496,-788.0966070486357
656,1.376679031839902,233.47125653669957,-816.8789237199164
657,1.3790764132796052,234.5735992609297,-821.308487501121
658,1.3814727924700456,242.22149053011543,-847.3901521850124
659,1.3833424067073374,253.71275550567955,-888.0394325304834
660,1.3850593718572481,244.55712498668422,-855.2885943481449
661,1.387433769507078,308.4363610385884,-1079.6567113707183
662,1.3897620281243455,168.68155614207393,-590.4877200494311
663,1.3917897627196847,258.90917381793554,-905.0812404394376
664,1.3929979117318791,180.42842894676,-631.4995013136598
