,k,Pk0,Pk2
0,0.0029665470748989845,195341.07417023677,-8236.961721002543
1,0.005026374055021859,192573.70336570038,-1080.1155813238352
2,0.007149300621522788,270082.4192716835,-11732.430636692008
3,0.009278869254964255,267683.2455565863,150169.51227646624
4,0.011450332619344701,261504.82513176234,-52811.126247725486
5,0.013492955871419151,235817.8671498853,35193.479754939624
6,0.01558905561191893,216807.97921266107,2662.8363237413632
7,0.017694083672553172,173733.9364798329,9638.906620818603
8,0.019817874803135297,151731.95081875782,23185.530580557177
9,0.02192074938196264,121890.93413023071,27862.691372001194
10,0.02398877635566245,107921.94303856448,-150.08511771043743
11,0.026092869718961156,90111.25364654625,-2604.053270153299
12,0.028234663152781798,71915.19244184883,14677.771183155342
13,0.03032284873509123,58957.53967049205,-723.9954307041868
14,0.03240263258943404,51089.09824383127,564.4611218872903
15,0.03449210129864554,40491.656780611025,-4038.7332047793516
16,0.03658588147515197,34819.97346247149,-729.3546915726018
17,0.038684769492669774,29862.10572459479,-837.2322818563582
18,0.040788988884582836,26417.158369583,-465.1186257608483
19,0.04289390876967646,22575.88737061667,-1182.0870597055193
20,0.04498336005546935,20781.390088103602,1084.272726596504
21,0.047064985294738244,20063.14371119206,-1989.0160106833862
22,0.04917111919158227,19240.36267768553,-656.0204861245468
23,0.051262169141742274,19366.85223449934,513.2433738587994
24,0.05335525146837034,19246.07124117125,-876.6820032335197
25,0.05546637228956934,19436.896986474676,892.6405165746286
26,0.057573188192548086,19556.313296434597,-629.731520524544
27,0.05965884044590281,20379.929960947666,426.2508224489594
28,0.061745123021595065,20853.411851424,-229.81529620757314
29,0.0638268929113719,20021.22090043586,207.06151967944186
30,0.06592966228838451,19936.29412193193,57.850532096112424
31,0.06803125784825748,19947.411016430844,941.9393739723847
32,0.07013131008699486,19579.55790283947,-270.33359995374207
33,0.07223032366074338,18728.911708977234,56.79733034155862
34,0.07432334270720506,17815.984648070033,-14.561805414938759
35,0.07642066756954473,17228.743487445176,-591.9619984526938
36,0.07850471694556041,15864.118357178582,1194.1710959015732
37,0.08059701946059529,14713.627811952376,-384.6494944579339
38,0.08269521798132064,13566.300116257533,1.520934962995342
39,0.08478307522909848,12628.420264872837,287.56678909588646
40,0.08687780839616016,11686.612912142866,-231.607931962404
41,0.08897524569656534,10728.196247754637,-280.0198978028191
42,0.09108077810470518,9716.937682912527,799.5392570800154
43,0.09318432266948053,9379.756420238275,13.734620457545557
44,0.0952788764104831,8663.42792471362,-131.9622666984137
45,0.09736254237981037,8233.072716952716,293.9956273389409
46,0.09944832814799408,7802.442757318859,130.80226442320884
47,0.1015460879802399,7616.030511592741,-24.504515735249846
48,0.10364263756677322,7340.854384271868,-264.3005465995319
49,0.10573893905394659,7091.562848627026,94.15495400519768
50,0.10783958559814742,6990.656659903309,100.41888172890359
51,0.10993894058501318,6790.731061474415,170.35568795749984
52,0.11203921431523854,6731.744110934559,-18.22638615040224
53,0.11412334585697578,6609.395753217643,60.12012626647212
54,0.1162159397555423,6597.081770049571,200.02309672670117
55,0.11831372048037725,6615.645928002603,89.46609328198136
56,0.12039723118070132,6533.455251344196,286.47156822394044
57,0.12249223631878574,6452.3471278457455,-106.36577586364592
58,0.12458825984258635,6427.308986687226,150.67014309852806
59,0.12668846771583772,6330.000478831153,-79.07099021947838
60,0.1287846620419941,6167.362740171626,-138.51510674351513
61,0.13087133937881498,6069.966465633671,88.50415199952712
62,0.13297548334406448,5958.9371504161445,165.44459565003922
63,0.13506910815256093,5772.450266035701,123.49414411245493
64,0.13716388258568254,5715.0199329759735,-18.092077734453063
65,0.13926047573721634,5506.095100600644,229.5015200896995
66,0.14134668829083769,5369.150781572378,26.778739468228984
67,0.1434475230090064,5131.947891255107,96.40808413940383
68,0.14554528534185418,5001.073248989601,20.92068738115855
69,0.14763320610735878,4824.617415280213,90.66821194683682
70,0.14972114728432864,4772.262112597573,17.737906957222908
71,0.15181380487515775,4601.227971389866,81.28529950321315
72,0.15392114901003526,4518.388444599917,166.30315360414832
73,0.15602147473412367,4396.596060071869,75.23692576153957
74,0.15811617475881218,4298.906391583736,64.32107591202582
75,0.16021187122717997,4163.005218912085,48.93623791798473
76,0.1623006419462899,4079.6639754246157,-34.4919464601942
77,0.1643899033199985,3969.617959010403,-43.744659791292044
78,0.16648355823815117,3938.8809299724776,-36.70690861092359
79,0.16857196837784735,3880.588357971088,2.3731371919831217
80,0.17066413320893647,3769.2587184500912,148.89707212944793
81,0.17277086992561352,3728.282611686723,214.5978922326373
82,0.17486965460096995,3701.624520574958,79.01714689202188
83,0.17695857694944453,3617.585362514776,67.2320432397851
84,0.17905245093155753,3601.2581245777383,-22.45481739699338
85,0.18115265212612636,3549.7260902007915,69.71181672627941
86,0.1832476884130739,3476.59567424696,47.14345321077426
87,0.1853312475833926,3412.833592022397,119.3840748511774
88,0.1874284892203219,3386.806042211746,69.45596782442166
89,0.1895337179075755,3310.789387528935,56.09620332316477
90,0.1916268196474026,3305.7520668730217,4.29265724226206
91,0.1937183403446853,3212.7973992475713,90.81336651520009
92,0.1958131498886989,3187.093305228199,63.75439785756082
93,0.19790587400989662,3134.912576925211,72.19172156859788
94,0.19999906515978938,3092.9753239991323,86.03768137360558
95,0.2020893038374759,3048.577197833991,26.104241746447425
96,0.2041823192148178,2982.543282125177,47.11163343579284
97,0.2062825911013838,2945.298287253428,71.26890787955575
98,0.20837701891459662,2917.8643109482173,114.47606900489367
99,0.21046758167944032,2865.862818128714,32.39461065566454
100,0.21256678542440183,2816.6208307534966,48.45355634723786
101,0.2146619261104852,2806.9202934157784,50.537437304742
102,0.21675618057220372,2752.8477385683454,106.52857243532861
103,0.2188528705899679,2718.7589784250004,-65.33654066381825
104,0.22094564274530842,2670.835462508342,32.81019245221936
105,0.2230395148320731,2649.429555744641,42.20636375062606
106,0.22513567328585352,2599.455467064473,66.51762654432214
107,0.22722785048644015,2584.019337671705,47.346961778961166
108,0.22931975112872324,2547.950516340103,80.10495519895461
109,0.23141147723465103,2515.3420981499617,24.47554331799463
110,0.23350584674782457,2498.620867046845,75.10168082718823
111,0.23560416522029054,2464.949331214258,48.73034962773419
112,0.2377006336558307,2434.664650339748,49.60166298443199
113,0.23979727503904752,2413.24333235306,7.637201603089041
114,0.2418944602532704,2376.880877504456,72.01546276117719
115,0.2439884227569783,2359.67650485212,9.870578709265938
116,0.24608359968283072,2326.7930562936854,59.67353290961294
117,0.24817552807053123,2296.0530373243987,35.7989638039612
118,0.25026237006475704,2271.8176992605977,48.06382538076183
119,0.25235861551053484,2241.9849089261775,7.624606853749486
120,0.25445470778669854,2215.4430529482534,60.160880788918455
121,0.2565487653287422,2209.399566511957,30.103809944002176
122,0.2586464955058471,2196.149602223604,49.67174393401655
123,0.2607443047329862,2153.353680302014,84.70713755941634
124,0.26284383121734134,2145.8226505956072,62.45559754849364
125,0.264929885565984,2115.985836259815,59.26807575776286
126,0.2670163698864118,2087.2250193436203,56.336912963280334
127,0.269112135390912,2075.723504623255,23.315078997945797
128,0.27120764961246213,2050.724129229397,51.895412696309215
129,0.27330509996536784,2028.9918547627735,40.3035458189498
130,0.27539842121309294,2020.626976947322,20.714115626382064
131,0.27749656900268016,1997.9585483399917,54.523820852337664
132,0.27959864364035925,1978.908192344153,35.724058808625195
133,0.2816878213234348,1959.1768390465577,22.26361221637979
134,0.28377609558542155,1938.7062115946633,20.248280813837013
135,0.2858732754634003,1917.511431381412,48.16924988046765
136,0.28796861590208045,1905.7043867845598,37.982011005429705
137,0.2900612915162532,1877.3226650751947,16.234098649327972
138,0.2921547032025089,1862.4586132533248,38.263441924347376
139,0.2942501291133245,1848.010641551092,68.10310576831016
140,0.2963444256131289,1841.563092419259,30.41566783058645
141,0.2984361415704375,1821.6326275029282,37.78458099335806
142,0.3005318840555698,1808.0394249021006,-1.7543409692537149
143,0.30262777760316095,1789.500746548062,45.45669034182899
144,0.3047248035439954,1784.472603796223,15.895488495668152
145,0.3068210272572538,1759.489781933477,43.429075654838826
146,0.3089144805088237,1748.940339744417,48.492635515111104
147,0.31101080657849756,1727.650314933603,35.44916373954785
148,0.31310885951912926,1712.5099900884477,59.37820942591703
149,0.3151991603466065,1701.166707648326,34.877203110054765
150,0.317288667284839,1688.9028832815752,49.240550607774715
151,0.31938044185106124,1682.0457310873612,38.912767835285855
152,0.3214783648369702,1664.7950928924238,41.427927159465746
153,0.3235785211189416,1650.7807076268743,43.174469009180335
154,0.32566935894833426,1642.998566799463,31.918989168329762
155,0.32776077751211374,1629.9314832492914,42.12745572243786
156,0.3298523230655558,1608.9058444956504,40.43689885164755
157,0.3319485433973702,1604.4462834440574,55.267508506809165
158,0.33404540358127904,1590.4857558340132,46.81108268725935
159,0.33613494177837844,1575.976801617332,25.50799479754235
160,0.3382313832787478,1565.3718550417639,44.57458460844478
161,0.3403308518124324,1552.8929673473717,38.59632287552794
162,0.3424246601457981,1546.2902597686073,47.31582323508384
163,0.3445197272986724,1536.4801596630834,29.061384278065944
164,0.3466158524641983,1522.501213318851,33.539659568915205
165,0.3487089916477683,1511.4823911588603,37.18674935320939
166,0.35080114560367615,1507.3896770262152,33.56602448513874
167,0.35289356821720286,1496.4718177360485,46.076064464790626
168,0.3549881110219297,1480.9375971983961,34.97932726533671
169,0.35708559248027844,1472.7679381752484,40.70930928976595
170,0.3591813496003593,1458.3408222138535,24.09106273481164
171,0.3612749400626811,1454.3799521762144,22.392606300550863
172,0.3633693413142722,1440.368542410169,43.87879060718003
173,0.3654632219855477,1431.844471165704,57.37232143425201
174,0.3675603773529471,1425.5913979166248,2.436518976416331
175,0.36965434919829326,1412.2856972702732,24.29659022228379
176,0.3717418094879197,1404.3191007617459,20.859726827362135
177,0.37383404253825586,1399.7355024220221,49.81129098661699
178,0.3759308579415973,1383.9000803081728,50.58318254894721
179,0.37802985088946095,1376.0234109516557,43.29763459264445
180,0.3801213498834686,1370.3547334532304,39.6480629580952
181,0.38221306010699313,1356.8132864039035,33.171836062887415
182,0.3843141376638833,1355.4648588168984,27.620930625164288
183,0.3864096355836929,1341.5261866036008,35.31855145244494
184,0.388502907295756,1335.5266106601662,33.35492277667964
185,0.39059769208540335,1330.5232412528487,28.53606809943884
186,0.3926958121232196,1321.8920954058126,23.550484459679044
187,0.39478921808384226,1308.8817363709102,25.569934531464273
188,0.39687821409975554,1305.788230210182,28.189376305567357
189,0.39897073627813356,1294.1108837968222,32.66872073068138
190,0.401067192451382,1288.692758036261,25.532402627784546
191,0.40316228148056854,1286.6671368533268,40.44420921601737
192,0.4052546340249366,1272.17808428065,44.54952537645092
193,0.4073499183903822,1268.0569727534062,43.58856473422255
194,0.4094468722071623,1259.7503058863686,36.75365560438194
195,0.41154432885897757,1252.4731339681337,18.84008345708645
196,0.41363408239228544,1250.0663199852968,44.57260241809838
197,0.41572494638156243,1242.2116921438533,36.67322550554293
198,0.41782181997781404,1234.074354609671,46.02749593929413
199,0.4199166506307261,1225.8861919348847,34.55214044948124
200,0.4220107143757513,1217.4096913647554,32.55504039751534
201,0.42410542949066876,1211.9084967078304,15.754747209841117
202,0.4262013850195404,1204.1351163791842,35.70171976461643
203,0.4282955296445312,1199.2566539931008,49.279292739593956
204,0.430391806688861,1194.061021648771,28.711881111693767
205,0.432488575457924,1185.8134233721114,27.24381991907575
206,0.4345806090039814,1180.0756592583807,23.572194254128238
207,0.43667244097425384,1175.2892433739528,36.78942561588331
208,0.4387671492209622,1169.3166861691577,32.01411515856201
209,0.4408622534544343,1164.4995771446193,30.663215342290062
210,0.44295516415095815,1158.582358471567,34.90014886530108
211,0.4450482683181851,1151.7039701095537,36.65356876244186
212,0.44714683875742495,1145.3260405470587,12.60188396328879
213,0.44924362280569813,1141.256797893393,36.42973826844007
214,0.4513338633316258,1135.6482402218508,21.878706248313534
215,0.45342753643259276,1132.1166359720264,24.926471427039484
216,0.45552189548586586,1126.912898970149,33.25635505910859
217,0.45761716616081083,1122.6104348529939,27.689388067791317
218,0.4597117909764672,1115.5049738723462,30.902625236257
219,0.4618031890496857,1108.543448252061,23.989359928156624
220,0.4638995470730997,1101.5739257680807,30.285087453231814
221,0.4659948171464902,1095.3702802114205,28.62757868625464
222,0.46808929446972725,1092.1691485023998,20.712792235349834
223,0.47018492649495636,1083.4148158871435,30.641624878063187
224,0.4722792778491551,1082.9841438765627,32.74511971519874
225,0.47437272572904565,1074.2533452341856,24.381293543866267
226,0.47646593372141327,1071.1909552222091,30.007413040022033
227,0.47856230727426236,1064.4055161015435,31.315726460747594
228,0.48065904058976644,1062.7179487495287,24.99355883470736
229,0.4827512226177774,1057.8325112685754,29.30731354091301
230,0.4848441163240575,1054.4860335809565,29.501766069369776
231,0.4869397730506266,1049.2771457386268,30.14513073135249
232,0.48903678813400875,1040.5113027024242,24.753369290040638
233,0.49113096964965397,1037.7232854257595,28.51723522957264
234,0.49322332174786626,1033.0795341414648,27.069416964987433
235,0.4953187148676145,1027.997515640627,27.547550228236112
236,0.49741120358770496,1026.676405452961,31.560292708454984
237,0.49950082345999325,1018.0888709943556,29.13578532939014
238,0.5015952506837275,1014.7559502818846,21.59908447380109
239,0.5036919972981919,1013.6526665191175,25.908490315446425
240,0.5057872116617207,1003.7794985316931,29.141000103918074
241,0.5078828569897101,1003.38746220956,23.120104379204108
242,0.5099793452386306,997.5590273875742,19.080980365979713
243,0.5120767256379639,993.1794043111452,16.51229729859407
244,0.5141702395931294,992.2836880099808,23.995915316773722
245,0.51626132102766,984.3203995935028,27.11920983856109
246,0.5183576899265504,981.973221116594,22.445079142233222
247,0.5204524416424112,975.4796415409422,26.12278083382524
248,0.5225430403510469,971.8734675890481,29.369089402630905
249,0.5246378991347941,969.8309629437259,24.898658724279088
250,0.5267345150769579,966.0319705665213,19.418790972100886
251,0.5288284644781793,963.125746266682,28.073129637284108
252,0.5309200047543352,956.9743857175688,17.74434033255151
253,0.5330154787982235,953.9516494007621,23.17499861921406
254,0.5351140455458262,950.8826653147129,21.886911052122045
255,0.5372066203065362,946.0223511958206,26.84967580805009
256,0.5392991990272246,942.8585290907344,22.129276079836153
257,0.5413944118270408,937.42025301783,16.081780914680714
258,0.5434881995106379,933.5693566906366,25.874354993392615
259,0.5455829952492127,931.295564106276,26.83349268740598
260,0.5476769745662954,931.4501730112719,23.03226109357385
261,0.5497697255495043,923.5038572544847,27.99564649895296
262,0.5518645446467839,919.9341905845354,15.133867404132687
263,0.5539598571350287,916.7368125653514,24.737749469959102
264,0.5560564538950566,911.314616132965,21.153540681341426
265,0.5581500505101624,909.9290930946272,19.59435000684349
266,0.5602409063261653,905.3431459242865,23.835999419059842
267,0.5623379637803174,904.2329587335482,21.767013707171998
268,0.5644363283026402,898.2275342306239,19.23474358223803
269,0.5665273824761494,895.9956995875098,21.194650062200566
270,0.568621249018378,892.1464167145268,25.22680701365372
271,0.5707181447612965,888.1603229479945,20.78635298499674
272,0.5728127938597997,885.4919283509518,15.97429263949319
273,0.5749070881546879,883.2029929847447,24.70504680562832
274,0.5769991470923068,878.9833217991692,24.235942885975305
275,0.5790956911760897,875.4915270684705,15.455500850277547
276,0.5811893306261757,874.1235714063073,18.40185306771731
277,0.5832802267374103,869.2590023257101,18.82398123522547
278,0.5853761830306536,865.3248970738927,25.299128074350474
279,0.5874711784415975,863.1686643710061,19.917135873659518
280,0.5895653958899879,858.371511270363,16.40920897044291
281,0.591659786459685,856.7874096027873,26.928675002165136
282,0.5937551851921442,854.7732437938375,18.854076176567634
283,0.5958498092767481,850.1287837009755,21.645075278261377
284,0.5979447066705442,847.3120034579657,23.419491438862785
285,0.6000383505174957,845.6015948601689,24.297999979494932
286,0.6021313016181767,842.1060574834082,21.305471671696726
287,0.6042246965556944,837.8061092931971,21.53646113225738
288,0.6063189733697846,836.9807205041323,24.17919406478291
289,0.6084147213727373,834.093059221635,20.889261311100384
290,0.6105090855473989,832.529512219404,19.65564157809359
291,0.6126037649785722,825.4893460983744,25.21579614391194
292,0.6147002391370655,824.535815948872,21.78006050327767
293,0.616794938930829,819.7072598095684,13.490615515270937
294,0.6188886865784012,817.6248052888868,19.238199655086348
295,0.6209825762252046,813.7100829663735,29.62514480472121
296,0.6230764414889526,811.4819204341196,23.648829301846245
297,0.6251725389343245,808.2668767171001,22.460333413622234
298,0.627266923011265,806.9072860171598,17.784644937612306
299,0.6293596211388142,802.7305188769469,21.435998418964697
300,0.6314513250607457,801.4305695885197,25.271893646706605
301,0.6335475720513941,797.7254384274313,17.247727123376663
302,0.6356444982495617,796.3853371444264,21.41978086470166
303,0.6377358562255245,793.6151339515312,19.11238251931943
304,0.6398302949107263,790.5650428029617,19.7258304057856
305,0.6419256185614247,788.6632921374459,22.12086624820118
306,0.6440214843206593,785.0387412060946,19.454779344291
307,0.6461142033434962,782.9888265801197,22.33030215973736
308,0.6482061138478032,780.3138051803478,14.600230054707264
309,0.6503020867345045,776.2615001967952,20.644878305484564
310,0.652398185537932,775.7402212193657,18.424194106351194
311,0.6544932048530038,772.4974823558689,20.855728455664185
312,0.6565867871776386,770.8346506465654,23.67986625437977
313,0.6586827890115348,768.6153504849017,16.106764556616678
314,0.6607793300725506,765.0928951754262,19.565488478517565
315,0.6628724964198541,762.4930160124985,20.777393739342777
316,0.6649654402217313,760.0965940874734,19.408835873579804
317,0.667059865407609,757.8741921257354,21.65573137078077
318,0.6691532523078332,755.7193126658319,21.002962775953744
319,0.6712457992597233,752.9007311065826,19.713153963945974
320,0.6733390782258323,749.535251962688,16.616342531902863
321,0.6754367503383576,747.0333939400667,22.119563230503907
322,0.6775335143160066,746.8287592039319,27.758080662233287
323,0.679624621064033,742.4569671661844,17.616360543629973
324,0.6817180292738917,740.3095597240148,17.675452199449293
325,0.6838149015047629,738.7631659826318,17.904657540871664
326,0.6859101434268815,737.4493432819581,18.54310460725853
327,0.6880046468184081,734.7182413071226,18.61744117402021
328,0.6900999637264865,732.2593968059679,19.164157160524425
329,0.6921965733216279,730.4985539324377,16.890436959455585
330,0.6942884945981568,726.5915413437547,16.46272182996901
331,0.6963781649531228,725.3085294972938,21.00504280469651
332,0.6984747371200234,722.0632145308197,20.644234660236034
333,0.7005690388882679,722.1222890242024,16.938277377247292
334,0.7026621579778546,718.2762321390812,18.531181789543986
335,0.704757268847954,715.4137327736712,18.854093651399154
336,0.7068509057629639,713.5872016330633,13.089517038152637
337,0.708945644402387,711.7235916231451,15.68310765084186
338,0.7110406815970572,709.3240725590838,20.852932301810473
339,0.7131372373036142,707.8346414164869,17.370994926730017
340,0.7152323589250973,704.7608074493185,17.60554606566061
341,0.7173245162021571,702.1568093115245,21.67075138056434
342,0.7194199711852413,699.4036241021811,13.755511922254403
343,0.7215151322330351,697.8785881683737,19.467810774352056
344,0.7236102334592447,697.5490950323414,15.135108290034603
345,0.7257047129497166,694.0198631708098,21.084608717813698
346,0.7277958825256088,692.9130031750565,15.338752388295234
347,0.7298900912292255,689.98051751877,16.99381416072591
348,0.7319867159780691,689.058379045341,19.074454454173353
349,0.7340808521059053,686.3467938275759,17.414988547184137
350,0.7361738853270124,684.1966460770519,15.14882766261445
351,0.7382682123604443,682.4548482167747,20.241319005334915
352,0.7403641944498084,680.316264364465,20.913219254860827
353,0.7424576311971561,679.3181015975366,18.392675492084454
354,0.7445523870480827,676.9070560156944,11.633436403846922
355,0.7466478284648128,674.1315907180307,15.68278263110511
356,0.7487413917548734,673.4807607635106,17.308443013313987
357,0.7508354594737505,669.8480382110495,24.038073813695036
358,0.7529278056847568,668.4450601808065,15.622520060918399
359,0.7550230257904859,666.6823352472024,12.823682838798018
360,0.7571167923480437,664.7261374895247,19.124989421095812
361,0.7592113317151179,662.8831327675047,17.564663732982336
362,0.7613074731933067,659.6353047477688,15.076332690860777
363,0.7634009581307508,659.3129181594002,18.213350328035048
364,0.7654969266569684,656.5130418044413,18.489862116206588
365,0.7675905899780763,655.2669807900289,18.198517497465392
366,0.7696837880547684,653.1378613942144,20.30327377303824
367,0.7717795008463626,652.0702761691202,16.39099528094083
368,0.7738757788346248,650.0954658222703,18.69631960160616
369,0.7759706260990727,647.4773066110106,16.10160501837547
370,0.7780620795267656,646.4581362271637,16.060570719513663
371,0.7801559906208961,645.6174432766726,12.322333315881709
372,0.7822523136569128,643.5356825674263,16.933379023230373
373,0.7843481481853999,641.2261685666174,11.275123224945467
374,0.7864425511046899,638.9637624304625,16.741616529855154
375,0.7885343495966205,635.3353693967847,16.382205911146503
376,0.7906286372458883,636.1722536483134,17.67666463673122
377,0.7927244345313397,633.0669472010408,18.727249281800734
378,0.794818005513127,632.9475228033076,14.625593312153692
379,0.7969121491149282,630.5168713896404,14.738177909729327
380,0.7990047112993173,627.4326057487414,11.711408930901959
381,0.8010984966914405,627.6228515367168,17.44099118824688
382,0.8031950165575023,624.7456336826764,18.654924214602417
383,0.8052905677217739,623.0470430956261,16.59351182244942
384,0.8073868841230295,621.3646357706353,15.085418038015867
385,0.8094800557409162,619.5446580626555,14.97329736067716
386,0.8115724907946299,619.563467528147,14.699179536136429
387,0.8136674854006812,616.9188791092944,15.164346236248921
388,0.8157633267681768,614.1735096468293,15.586343612661127
389,0.8178572815764139,612.4271206521925,18.047480794895925
390,0.8199509017046862,611.787866832638,13.016895831905888
391,0.8220464110750062,609.3679550970197,12.560910906131769
392,0.8241406544737637,608.6871995660766,15.132339444860586
393,0.8262328397247414,606.2476290903252,13.67616823838271
394,0.8283269471334518,603.598056688541,12.852224280242197
395,0.8304231064697798,603.711873088531,13.02126364619733
396,0.8325161683796762,600.2758839509727,19.215718832893845
397,0.8346105557242035,600.2403768233938,16.41485489098198
398,0.8367059794413102,598.0972665544542,16.157469160012457
399,0.8388002445604258,597.0343377173233,15.277099981092745
400,0.8408960756111226,594.8765175180259,18.74364252828163
401,0.8429905652842218,593.0462910896479,16.30137809037767
402,0.84508401313589,590.9051438542529,11.156921569532438
403,0.8471791713809247,589.9281041105467,14.075549565866748
404,0.8492743362825239,588.4582686002952,12.872868147861562
405,0.8513668888602299,585.9189556830444,15.180668016049642
406,0.8534589296280589,585.3814884152553,14.476618397104998
407,0.8555558405338324,583.6009432488792,12.91567014564349
408,0.8576516874123633,582.7001673009466,16.324787920456803
409,0.859744590599333,580.5741400375842,14.284430101177444
410,0.8618400547669827,579.7942465240446,17.26617639588456
411,0.8639350434441438,577.7488074210811,10.927152633415067
412,0.8660280248974203,576.8557394909474,19.449155667187494
413,0.8681201347325478,574.7191747032862,16.0200856444733
414,0.8702157283801463,573.0023961659024,16.31453562161883
415,0.872310621353091,571.1060509942333,14.892018177645081
416,0.8744020359703552,570.2745324040604,21.000428092527326
417,0.8764972088477568,570.1908931117838,16.283233664378848
418,0.878592835994214,567.2378747164059,17.547747760184915
419,0.8806870131084201,566.0556592370008,16.508023645269063
420,0.8827812802431019,564.8851297670642,12.776574975987158
421,0.884877279658285,563.7883009858715,16.664695424658913
422,0.8869730004154345,561.9230030672989,15.337632826880096
423,0.8890661750433553,560.1947731760696,19.143090812790938
424,0.891161435679344,558.7347640932204,15.215309981022386
425,0.8932577960179496,557.1876791383598,17.382037133909638
426,0.8953527392107627,555.4490068345325,15.752575994674677
427,0.8974462460666859,555.077751706313,19.36778852588962
428,0.899539340962409,553.9687734239646,12.214440921151983
429,0.9016318169027592,552.5519547152004,16.73469965642162
430,0.9037252249745606,551.0404824377542,15.24705581309155
431,0.9058199443223193,548.5737914911035,15.66318052540485
432,0.907915243986348,547.8398863344977,15.261236684555573
433,0.9100128049501981,547.128418937038,15.45743641664921
434,0.9121059966002629,545.0768409330046,14.951112719708384
435,0.9141972861830797,543.87028807475,14.818121936965223
436,0.9162932496702593,542.3973909319948,16.275569915383677
437,0.9183878012752863,541.1272287253336,15.530327342937138
438,0.9204823185419505,539.4240498527029,15.824194387121175
439,0.9225773629784582,538.5103489012736,16.121962136931103
440,0.9246718174739146,536.8040080496196,13.728432094934497
441,0.926766211900197,535.723535657711,18.277003327620722
442,0.9288591582540804,533.9929392001994,15.267715716889299
443,0.9309526610700547,533.5113083283372,14.586561241038748
444,0.9330479303067369,532.2102364869028,18.853586763196642
445,0.9351433527997749,529.5931672438691,17.125792654319167
446,0.9372383527365933,528.743232928705,16.75582160128675
447,0.939329757499591,528.2237296298127,17.28538549774759
448,0.9414230571985791,526.3202272740884,14.100534222273247
449,0.9435210054806012,525.0487618586235,14.750789209639008
450,0.9456162503172072,524.1497766844868,18.995999993222657
451,0.9477100092887099,522.7533432024496,13.478432769084419
452,0.9498046323041349,521.8573697489586,18.014077549828922
453,0.9518991548408083,520.2455344998292,16.06962943974175
454,0.9539929332702277,517.708564404901,14.535827791294361
455,0.9560874898052096,516.842216293248,14.0867014208227
456,0.9581824530689178,515.9834160663688,15.277242659418505
457,0.9602770371571748,515.0843011127946,16.143439147530195
458,0.9623710723241273,513.8799389542005,14.145573854592843
459,0.9644648349083941,512.8319408173056,15.316391486730074
460,0.966557887379011,511.5367499901188,15.856311433177428
461,0.9686513195291268,510.17003209422364,15.184237870685733
462,0.9707470393683869,509.1215527218526,14.592601534615834
463,0.9728419987888902,507.6251706252276,15.548917643856454
464,0.9749363451418961,506.23145096477595,17.062529962228545
465,0.9770319720978949,504.83000081263884,15.284459197299784
466,0.9791260608689247,503.87740355496555,16.25057557489891
467,0.981219993418123,503.4732418226502,15.601978788577432
468,0.9833154848012966,501.84676861558984,17.583578897987714
469,0.985409217900734,500.40761540974205,16.694944511791398
470,0.9875034929558208,499.67320945923757,17.88529579980923
471,0.989598845059814,498.0575586606786,15.15475010424786
472,0.9916925524589582,496.96319549520246,17.555390963630156
473,0.9937866222530743,495.67065270847615,17.758638994058742
474,0.9958822538585521,494.6518106505708,18.104107206794225
475,0.9979763461234663,493.16820408675534,15.92046858428792
476,1.0000687382803208,492.2151762840671,17.62677162889497
477,1.0021620574674717,490.8334688173117,16.468095037893548
478,1.0042566040705312,490.49890765702344,18.341915033204817
479,1.0063510481087232,489.95986270146386,17.368322816935997
480,1.0084458017147504,487.98976334027714,15.972700430524792
481,1.0105412449330358,487.1412575925515,16.34915337268069
482,1.0126363206852906,486.45226027394114,17.04147011046
483,1.014731689048677,485.2884608054458,20.314443519038562
484,1.0168251811607234,483.5544080403923,14.294163254116521
485,1.0189183181794257,483.0166497653559,16.190478988517004
486,1.0210135131858313,481.18282481843005,17.099695654719977
487,1.023107899818119,480.05611733276294,17.232162891091996
488,1.0252035642142994,479.0114910335269,17.48519279300125
489,1.0272979326699727,478.3676162523456,18.092882185395563
490,1.0293915165160124,477.25482243752873,16.948607990456384
491,1.0314862118776227,476.56327122405116,17.771198573432024
492,1.0335813276438528,475.02132541577174,19.508830023616653
493,1.0356760372494827,473.5672522406154,17.005052730270787
494,1.0377697665518313,472.94792365963457,18.561348248099588
495,1.0398635542890804,472.0516385641184,15.350677121061198
496,1.0419580022733907,470.8646313996698,18.628864600373575
497,1.0440530837182007,470.6168139515444,16.885505702770033
498,1.0461463909219801,468.658505162907,18.249549268662626
499,1.048241289239942,467.3242833437861,17.73902544535862
500,1.0503346504195201,467.05198855085973,16.659614486573783
501,1.0524278880438542,466.0859632082574,16.528234501063732
502,1.0545231057279465,464.8531800286098,19.10189719511572
503,1.0566172205725972,463.59270247545265,16.11744885529888
504,1.0587125681053644,462.3896673989186,16.98183170121157
505,1.060806974942881,461.87836617704124,17.804583329672482
506,1.062900937291859,461.18268304016084,14.5343459759476
507,1.0649968400029963,459.4948296982051,17.140030712829375
508,1.0670917748856612,458.35782259256786,19.452317088775278
509,1.0691837840599538,457.43041926146924,18.650925019278205
510,1.0712784055790137,456.38575772602087,19.595544446430118
511,1.0733741944109443,455.5560496966971,16.462132278287495
512,1.0754689143080451,455.0970308270396,19.617687229910217
513,1.0775625935653539,453.6435526458013,16.982827966273273
514,1.079656551776009,453.6091177771338,18.418214991863724
515,1.081751759033872,451.06298125799395,19.41810606523925
516,1.0838450038800544,450.4398185798972,19.49574358924108
517,1.0859393346043436,449.8794240625598,19.748709825376125
518,1.0880340737032612,448.63870065080175,17.898603427880722
519,1.0901280973397867,447.87079484160114,18.414757761547946
520,1.0922232205093443,447.62178528540124,18.815385202444435
521,1.0943183198095006,446.29268208325385,17.32841801111686
522,1.0964124680620808,445.6089075769487,18.305691509040457
523,1.0985066965945804,444.50864139276047,19.266657099898985
524,1.1006022506925348,443.51431767472366,21.296884478908368
525,1.1026960746069068,442.0780449409186,18.921813429448818
526,1.104789420523433,441.14236118170766,18.46818966677194
527,1.1068841457204943,439.9884364528266,20.563763006338466
528,1.1089772649904681,439.7036145735779,18.938347204148627
529,1.1110723868790173,438.62043557359567,19.832438764959715
530,1.113168427194727,437.785029679812,20.575868861825743
531,1.1152626776337078,436.9128265766322,19.494497830638846
532,1.1173574051129724,435.6360852342002,18.282303158847608
533,1.119450573697561,435.8055072582989,20.464793580918574
534,1.1215436337779248,434.4343955682863,21.890524975348207
535,1.1236390334415942,433.6829189773838,19.74113783776172
536,1.1257332200225998,432.6512010332704,21.337232155616135
537,1.1278283378211404,431.678663378837,18.801110295935892
538,1.1299238131648552,431.0117718551154,20.33769962989996
539,1.132017447124327,429.3960574893182,19.654136895464397
540,1.134110650036949,428.9521134780211,19.93771946041031
541,1.1362036259959787,428.2757467284861,20.342678331992754
542,1.1382991427598659,427.4270562788211,20.243744592829966
543,1.1403936066737896,426.45533519295503,22.029599768094123
544,1.1424878264606209,426.31625251420894,20.013982134639683
545,1.1445836717483504,424.95219957251135,20.71080383948273
546,1.1466778755714095,423.992423714041,22.127122200142086
547,1.1487715351237628,423.11431633850043,21.422060893369316
548,1.1508672245306748,422.17937329785894,21.27007076027304
549,1.152961670034179,421.59635532577994,21.02164148965364
550,1.1550551275418117,420.5714292584353,21.6569681440128
551,1.1571500620004906,420.15571249104113,21.54392411267809
552,1.1592451155989445,418.7587399357202,20.773271341122328
553,1.1613401484055899,418.15041374021376,21.351968464859365
554,1.1634328135986687,417.12248597508784,22.231468419733012
555,1.1655280225544649,416.79610456716665,21.710899039802296
556,1.1676232414157608,416.0413522350189,20.954322543357975
557,1.1697157183635434,415.51573686732434,21.25892691241906
558,1.171809765164966,414.27697690401817,23.581189207980863
559,1.1739036754657965,413.98560266550913,21.942571394577257
560,1.1759974618047027,412.80472669357937,23.1776135951431
561,1.1780927342002254,412.0843571438059,23.427235183675865
562,1.1801886215978319,411.1844285397276,22.871017967258954
563,1.1822824649467334,410.3619035574626,24.06401180289324
564,1.1843777187054296,409.9897725593019,22.448365716197827
565,1.1864731317277017,409.3212613332574,23.30327647397917
566,1.1885662199882188,407.8087377476653,22.700865980179994
567,1.1906603290984812,407.06876129771354,25.03597207328774
568,1.1927560449071208,406.5819188284419,24.469380635557723
569,1.1948501301675682,405.5438677129451,24.839265866315255
570,1.196942866326464,405.23796569126444,24.50856654093886
571,1.1990363434731066,404.1283518678841,23.689356099354768
572,1.2011315528209288,403.88655938675845,23.862385233382547
573,1.2032252726398727,402.0513997195225,24.092762607849
574,1.205319131714267,401.68106237619867,26.18241843625415
575,1.2074143429200774,401.931973830748,25.075091223129814
576,1.2095073316728018,400.1568584029441,25.703737202902445
577,1.211602159357548,400.03485350108457,25.282003432882764
578,1.2136984428310558,399.0909683616229,24.286216255640053
579,1.2157943340364452,398.97603552098053,26.42874975597792
580,1.217888268816351,397.6689257973966,26.721272804657318
581,1.2199821909033837,396.9746129786944,25.078543332103543
582,1.2220779372220854,396.61797774989725,25.356651071249257
583,1.2241720630448372,395.7896955152569,27.6070396333003
584,1.2262656486341297,395.0839894155238,28.456796918035227
585,1.2283602712023978,394.2147308354137,27.664578337661172
586,1.230453847781421,393.9704563026313,26.244383318261
587,1.2325484279288663,392.4094656952704,27.601326775231172
588,1.2346427330328844,392.76234865838524,28.198479294829134
589,1.2367368340043534,391.606103695802,28.552999759765253
590,1.2388320989568682,390.8770426172113,29.028368411567687
591,1.2409254956441091,390.1957864557656,27.399911301726863
592,1.2430201387037565,389.51600079170737,30.16700480668686
593,1.2451147141570293,389.15398460789703,29.442928845665378
594,1.2472087367784284,388.12565121492395,29.582555374645995
595,1.249302614173833,387.39291445604306,29.58106776682639
596,1.2513971052845823,386.8931288357696,29.428480978459316
597,1.2534931066319515,386.3951018536158,30.738310270147295
598,1.2555863817711985,385.3979645118794,30.98420556697863
599,1.257678969059161,384.82737700646396,30.04543150000605
600,1.2597748382104277,383.90185252045404,30.580378012920995
601,1.2618698898493887,384.2887235689298,30.895273476794358
602,1.2639640740660565,382.612452179232,31.49334034727661
603,1.266059176034634,382.5136987348743,30.677925879553115
604,1.26815329738596,381.34436302322644,30.145249767015052
605,1.2702469827768745,381.17550025514737,31.05787390395
606,1.272341439773769,380.9458826288017,31.58991445293866
607,1.2744361591580655,379.91697601105517,31.814355463754172
608,1.2765301570381213,379.2329949938506,32.6623176229294
609,1.2786243195908502,379.16917536216505,32.516510667452515
610,1.2807201779848052,378.52627519973385,32.763432227712364
611,1.2828149770647865,377.6773948058265,31.166415854654716
612,1.28490831046805,377.1123786950027,33.607749090680834
613,1.2870024746125797,376.136007568592,34.046373690502556
614,1.2890960788179595,375.4227522403527,34.07603474485945
615,1.2911903407610128,375.4662823166046,33.38932669329796
616,1.2932847299377603,374.6572711686457,35.371517973714276
617,1.295379834193548,373.74480503027837,35.08612823918396
618,1.2974743412448833,373.4247379472228,36.583905366189384
619,1.299568838606027,372.8236473261001,36.58333823267274
620,1.3016640567270552,372.2087567128071,35.54135097809494
621,1.3037578272673165,371.7186616945625,38.552594440774705
622,1.3058518980796576,371.50887032811846,37.66631329702794
623,1.3079469520711469,370.81583985182203,37.984707687179565
624,1.3100414674631762,370.01793360285006,37.253707906555846
625,1.3121343419146885,369.22554842384255,37.82514783480061
626,1.3142291157646366,369.11195799862793,38.041140321908834
627,1.3163249547628966,368.96550807978906,39.031813346397776
628,1.3184204308819243,367.80388916721614,39.339342010241836
629,1.320514045081714,367.86219558053057,38.787091738040694
630,1.322607731116918,366.9096406853843,39.9358881400478
631,1.3247030067977636,366.5938463651666,39.45065534090895
632,1.3267964975071294,366.00624483295877,41.606160715282684
633,1.3288900457896358,365.9255779076756,41.33619918452862
634,1.3309846323229146,365.5833229704966,41.22589903901211
635,1.3330795391690438,364.3288252049242,42.84331582313327
636,1.335173949560825,363.96796739643,42.24168822105103
637,1.3372672428845813,363.720629193196,41.742408703056675
638,1.3393616502777206,363.2838469365297,44.68369819807177
639,1.3414564546808454,363.06692815596443,42.671761059175594
640,1.3435497634465539,362.04250124139645,43.415562567355806
641,1.3456439095281743,361.7295210656424,43.88316234619074
642,1.3477398961804745,361.5062788774479,46.314231524481855
643,1.3498356331361778,360.57667351784113,45.623037206913786
644,1.3519291222201564,360.19483633165663,45.168610615159984
645,1.3540221824451044,359.82646862414606,44.90114520468335
646,1.3561174165883387,359.3840442161119,45.97507682797448
647,1.3582118000666776,359.63934339417494,47.28557983009546
648,1.360305548489477,358.91223226669246,48.639116056989124
649,1.3624016471705516,358.3405733970689,47.895614924974936
650,1.364496581524498,357.7318294307606,49.190771664004544
651,1.366589927521404,357.59537443288434,48.225248169799436
652,1.3686839345616666,357.5530415953212,48.92499535441299
653,1.3707785136744248,356.84215467081384,49.330628469121685
654,1.3728736781569988,355.8946971445293,50.23531446964409
655,1.3749673745335222,355.99389037418183,51.26848327630291
656,1.3770602631292597,355.68072607060503,51.43321252925795
657,1.379155717578164,355.09325120752436,52.04334301767848
658,1.3812508039107998,354.79496447202524,52.38379756638861
659,1.3833453325862841,354.34834151722447,52.6308053310104
660,1.3854396647384786,353.99591608416176,52.84062810281159
661,1.387533616953471,353.68670444378404,53.74370451166694
662,1.389628935147901,352.89586952254604,54.417090994548076
663,1.3917230672721894,352.66422638044,54.21952487462901
664,1.3938172778813163,352.54409906712266,56.09621235283393
665,1.3959128506087028,352.48617851220115,56.13396390780029
666,1.3980069894682674,352.11188131120844,57.16925313004511
667,1.400100032768225,351.50803155609583,57.90730858750932
668,1.4021942273095422,351.01013266478833,57.99448049706681
669,1.4042879724639459,350.6908732368578,57.81245851316549
670,1.4063822250727482,350.2356361311617,57.679252945256444
671,1.4084777998796327,350.5893220964437,60.08706220479238
672,1.4105725454065003,350.04703405538106,60.88374700680706
673,1.412666035757187,349.3384303394866,59.81256832442767
674,1.4147597581950535,349.2392974572652,61.11295718267346
675,1.4168552493745823,348.82224768941853,61.299566900754634
676,1.4189502707585735,348.67056529272105,61.97178683705272
677,1.4210439871962917,348.50032094674526,64.07123649913466
678,1.4231379588066748,347.998027219118,64.52661441037006
679,1.4252323843784174,347.4818250832685,64.54356166179348
680,1.4273263645812686,347.58944180336096,65.11338075401203
681,1.4294209343777806,347.31108466618775,66.42285571547434
682,1.4315160587565352,346.77993152605427,66.42337835074383
683,1.4336101809254245,346.6652722577993,67.58012240600081
684,1.4357047233292217,346.5611408432809,67.27069875430928
685,1.4377991034950037,346.07483073506813,67.94429874727538
686,1.439893269172154,345.80010378712154,68.78581720303916
687,1.4419870983325702,345.94587566858524,70.63831566469459
688,1.4440820971476513,345.23714823057554,71.64394556584912
689,1.4461780146809415,345.02800252740343,71.56919153444481
690,1.4482723645441788,344.50729593416406,71.39574134188035
691,1.4503661519067539,344.7089704718818,72.60002540931265
692,1.4524608997459605,344.81404334685675,73.50665649093011
693,1.454556191478353,344.3371030542425,74.1423965761746
694,1.4566505605195028,344.3737353967165,75.23031849729227
695,1.4587435672120013,344.2074509942549,75.90907075771175
696,1.460836376274075,343.739212872769,76.33850096893978
697,1.4629315024559504,343.66358393634823,75.70085938022035
698,1.465026115161985,343.6275290027787,78.91764541409452
699,1.4671201905708728,342.9295441051141,78.8760613422106
700,1.4692142550197365,343.339951637423,80.79615831969933
701,1.4713085109511452,342.80841643291774,81.29920465940461
702,1.4734040883627781,342.73796266618194,81.8587447207702
703,1.4754983077923518,342.50122580251656,83.25639280518294
704,1.4775927333883283,342.766656610426,83.0971022023132
705,1.479686516386449,342.7354557920192,84.56415884025475
706,1.4817805445745025,341.9679898015211,85.67714774525876
707,1.483876051193717,341.9214974232132,87.02401291589275
708,1.4859713583510508,342.16899322872735,86.66966541207809
709,1.4880662760111125,342.0418317815075,87.6927773280834
710,1.4901603423423662,341.6833779387224,90.1404251210293
711,1.4922546168830801,341.6616180702314,88.96868672510637
712,1.4943493508016918,341.4517286138394,90.86492883356631
713,1.4964436549031517,341.258148325507,91.99877989655153
714,1.4985372426394363,341.50318114616584,92.90757019776544
715,1.5006303537214591,341.35392517345304,94.03911649314172
716,1.5027246941647125,341.45911289359026,94.49225170890476
717,1.5048198674391857,341.3363044503763,95.58626787254443
718,1.5069136003861163,341.17253166251066,96.82116868239116
719,1.5090076377683221,341.65748885987847,97.77233992144029
720,1.5111026723067662,340.96492857963904,99.09400528931117
721,1.5131971028762412,341.1154099812441,100.37595402601
722,1.5152912609041667,341.06421839190307,100.94912625082101
723,1.5173854934463344,341.34904908749195,102.34746289526295
724,1.5194808793753787,340.75585862315853,102.57523221010189
725,1.5215756259285513,340.9012400781467,104.98921548863144
726,1.5236695807770564,341.4121679357337,106.05251572015487
727,1.5257641081783464,341.3127153214471,106.88565586988977
728,1.5278584873608179,340.98643052800804,107.21917181809144
729,1.5299536435991428,341.1760123646572,109.39650202046485
730,1.5320476585044298,341.1629259574932,109.90587581733053
731,1.5341414384393777,341.0622233073229,110.97990538804578
732,1.536236950937659,341.49059763771254,113.78150915853081
733,1.5383317033374695,341.6969544724793,114.27331422121296
734,1.5404255753841434,341.36549045800797,116.05182443197975
735,1.5425198393431812,341.5364936602814,116.36115616833078
736,1.5446136227526486,341.3482195259883,118.03420022424277
737,1.5467072285753283,341.5855817485489,120.94857521189111
738,1.5488013111816905,341.45253183061817,118.31481891089925
739,1.550896674249749,341.6348808636027,121.51976309610906
740,1.552991701547339,341.9910653686413,122.97846174714724
741,1.5550856629518366,342.1162087799964,124.69198976964275
742,1.5571801051512508,342.0210950687153,124.1506726862041
743,1.559274417579796,342.2711964445652,127.58090959924759
744,1.5613691533539047,342.65342549370655,128.2897706378309
745,1.5634631934261796,342.78118746545977,129.6232095967022
746,1.5655577892497892,343.1620610126212,132.2949010955507
747,1.5676527275763066,343.0580505052448,131.55115455539382
748,1.5697461748764228,343.15812126633165,134.3334342799479
749,1.5718402189801153,343.8430929661699,136.87816559863188
750,1.5739346218160084,343.5327908764381,137.2301988568826
751,1.5760295037244485,343.8425897075401,139.3539921808901
752,1.5781239238326052,344.0642829050066,140.2928102871925
753,1.5802176736109215,344.70231793249184,143.04859490786595
754,1.5823123941098438,344.7592811599603,143.96471380478695
755,1.5844068047546922,344.91980937887905,145.06077157685732
756,1.5864996832696292,344.95746184691984,147.0574321408058
757,1.5885944598128996,345.29770016909896,148.48486392589467
758,1.5906903325437156,346.0082256774562,149.6767846387683
759,1.592784689092666,346.31817455700974,152.71758165576165
760,1.5948796873290236,346.3804909254142,154.63575451266274
761,1.5969745597395735,346.36852339895637,154.89627835337222
762,1.5990689218084002,346.6184690960029,157.0193703665841
763,1.6011633213632455,347.32481514439877,159.92444074736233
764,1.6032577776043084,347.43862307818995,161.05981818862577
765,1.6053514020964894,347.76248954787246,161.46358440497417
766,1.607445093072501,348.325207758665,164.23215567285956
767,1.6095393086936036,347.730805974192,159.93164551088338
768,1.6116336711357766,347.8369300521268,151.80684413238825
769,1.6137279918528686,346.9284226889888,141.711606514681
770,1.6158221116449558,346.350171497231,134.97986008114228
771,1.6179176229648538,346.2491447874218,124.45343485454097
772,1.6200131612431772,345.6246339106897,116.29494841935978
773,1.6221069236192778,345.2859378371291,106.34769877510662
774,1.6242011307622557,344.8600936798211,99.46448257538464
775,1.6262960841945175,344.3064392441127,91.06310730121938
776,1.6283896203498047,344.06048223749366,82.44610618292519
777,1.6304834947928883,343.25813855408995,75.39762722578938
778,1.632578127710653,343.1828859585522,67.64639643219877
779,1.6346731813158608,342.9088733896161,58.88935607347664
780,1.636767172365261,341.772783982544,50.18212099346178
781,1.6388603779595408,341.4835779645924,43.41929401321945
782,1.6409563605892468,341.182104658471,34.90173502718175
783,1.643050621284035,340.5887428454288,28.015646033887887
784,1.645144102645386,340.5070178617506,19.14627006565669
785,1.6472395726584623,339.9431946787356,13.259165357448731
786,1.6493331318477138,339.3737450230993,4.96063731581434
787,1.6514277435583298,339.14867134565253,-2.1243032392478165
788,1.6535225655624404,338.9023222887171,-8.988553558763337
789,1.655616100487628,338.1756802444501,-15.04566033232635
790,1.6577106071833263,337.6703339624305,-24.228043303098126
791,1.6598050724476994,337.39405069238916,-30.84132014609229
792,1.6619001395524664,336.9609922202568,-37.4441266664354
793,1.6639948642035431,336.5080988232723,-44.88342357135462
794,1.6660882997554614,336.1203137394371,-52.33619082990249
795,1.6681827329415837,336.0906625440211,-57.163492916104445
796,1.6702780557373313,335.44752617370995,-64.54944841779984
797,1.6723710846745943,335.38483938403516,-71.19846567544215
798,1.6744651718920411,334.7437919925134,-78.39650342453653
799,1.6765602044792516,334.0978041071179,-84.49074074765433
800,1.6786535596079524,334.0517346596184,-90.84073214996874
801,1.6807491745425278,333.61145127724996,-96.37412348103457
802,1.6828445761171116,333.3162935377528,-103.50863885629182
803,1.6849386388007168,332.4717265314464,-109.38225239345608
804,1.6870339476475265,332.6820027307375,-114.421097028192
805,1.6891280758541645,332.1634604125794,-122.04619272333636
806,1.691221272327691,332.01307936774543,-127.66339364405913
807,1.6933141346742315,331.0709442120885,-133.1513784868675
808,1.6954090930463133,330.9588160708417,-138.45559863455105
809,1.6975047078021417,330.79287063816105,-145.2463424890497
810,1.6995991246970055,330.4244409449768,-150.74496234216258
811,1.7016934918813407,330.3847580113504,-156.87653153294295
812,1.703786903721137,329.78429558643165,-161.03690320898022
813,1.7058818292953146,329.4676488113291,-167.0108547989107
814,1.7079768740006063,329.0237061620211,-172.5236689752152
815,1.710070845319196,328.51301372455805,-178.58915321699308
816,1.7121645316176712,328.43799094212517,-183.75488787745164
817,1.7142597272321454,328.16192475462947,-189.6765185819272
818,1.7163549406546734,327.517006307028,-194.4111487151129
819,1.7184482195940645,327.6267751294395,-199.5853215994002
820,1.7205423072627637,326.9628481439397,-206.19333889221613
821,1.7226374847113666,327.0069380844697,-209.6144659757164
822,1.7247323233526113,326.48334625358405,-214.62095453258632
823,1.7268266901810085,326.3483938671822,-219.83970875398526
824,1.72892134476467,326.05359118250954,-224.64245422459177
825,1.7310153629662073,325.2757658018987,-229.89291682535446
826,1.7331087353021186,325.5107876508185,-235.28329366525986
827,1.7352028820270462,324.9228045799789,-239.69686028805327
828,1.737297419510233,324.5368321702894,-244.52770711723213
829,1.7393924268721555,324.4256564640278,-248.5820005134039
830,1.7414865202316776,324.2841232323319,-253.22800861151103
831,1.7435798385311778,324.0226310877811,-258.5486546587858
832,1.7456747741592018,323.71933444954027,-263.4335727804598
833,1.7477707733578058,323.3217065523598,-267.1181194834503
834,1.7498644151299778,322.94542862559973,-272.2109265194866
835,1.7519579294274097,322.8022686022077,-276.43883836007404
836,1.754052537005875,322.47507942640675,-280.44010692949416
837,1.756146014277543,322.1736170069938,-284.8250794670247
838,1.7582399685899122,322.04105471994836,-288.9928008092387
839,1.760335124398212,321.7519743719483,-294.58160841623385
840,1.7624306374180432,321.5145884150652,-298.9618739792791
841,1.764524733445493,321.1845634933115,-302.6770209148801
842,1.7666195957988082,321.0176085170395,-306.39046555555933
843,1.7687146552767006,320.48369325424346,-310.18621167963306
844,1.7708085687106505,320.0621160652064,-315.406368233836
845,1.7729026984403262,320.2572846070251,-318.8653225328207
846,1.7749968373222131,320.16016123907184,-323.7631645596618
847,1.7770919795414395,319.49614530535115,-326.06232458084025
848,1.7791866891650514,319.5702894461348,-330.9974377964389
849,1.7812805740714612,319.0434408760049,-334.8408602659006
850,1.7833749145944944,318.9383929778369,-338.13892353301776
851,1.7854698174814119,319.0066160909342,-342.7718585694837
852,1.7875649050000997,318.41057123359917,-345.7762640800861
853,1.7896586091751823,318.4012412534459,-350.8666911846729
854,1.7917528105223397,318.132706152857,-353.4862766049542
855,1.7938472619734778,317.929084493677,-356.8366026868728
856,1.7959410333998334,317.872284322053,-361.15679444712543
857,1.7980353139963554,317.7224074978384,-365.3895300108018
858,1.8001292949050451,317.16632525964616,-368.4716141560652
859,1.8022240144636215,317.05291980274825,-370.50374766352144
860,1.8043180357006787,317.17347243482885,-375.7969728185355
861,1.8064120149556366,316.7392380002482,-379.29788503887227
862,1.808507216693214,316.30329452069515,-381.5239078089949
863,1.8106012235056632,316.0762067609874,-385.65737403197954
864,1.8126961076333348,316.0713593676141,-389.59874586248935
865,1.8147906359659112,315.7938431094855,-392.6416604739108
866,1.816885013662702,316.0736078475543,-395.6430068875492
867,1.8189799788179999,315.3160036456435,-398.7040642180881
868,1.8210733357472892,315.1153256982057,-400.50259727873765
869,1.8231675363973032,315.4294463489867,-407.0582747716615
870,1.8252628639859947,315.1508312755176,-408.9398086862212
871,1.8273578690890415,315.0669750113898,-411.73456392702155
872,1.8294529153678178,314.80301610320146,-416.0701519058774
873,1.8315468366202061,314.60630421363,-418.9763769110654
874,1.8336403420201965,314.1332136353533,-421.23439581686637
875,1.8357342642631629,314.2187863004822,-424.2221128612453
876,1.837828606636473,314.25852578206656,-427.72075226254856
877,1.8399232687279,314.2667370902495,-431.414224094767
878,1.8420169361094605,314.1563554884334,-434.27094611838703
879,1.8441103454239045,314.0414167314713,-437.699325343561
880,1.8462047113551943,314.056487729421,-440.2667238125319
881,1.848300337583767,313.74845144913104,-443.59146095658247
882,1.850395118058644,313.4012354784234,-446.32154163590326
883,1.8524895015648957,313.7580907865008,-448.8790667283004
884,1.85458435317291,312.96143168235074,-452.65062107755574
885,1.8566786691854407,313.1508096452745,-454.8500965383755
886,1.8587722962005393,313.2642574977401,-457.3241465633044
887,1.8608667292143481,313.0063131330157,-460.84614609640226
888,1.8629623979972338,312.9586582730886,-462.8007458350497
889,1.8650575007618033,312.81189160665895,-466.4726866853236
890,1.8671515757398978,312.40620533576316,-469.72729492299055
891,1.86924567270883,312.17854635452994,-471.323261717689
892,1.8713402290883943,312.35676246116367,-474.4560458330447
893,1.8734333441485889,312.4319029872,-477.63765990900635
894,1.8755274569663687,312.311029218319,-479.39393367383184
895,1.8776226584010878,311.9024987748854,-482.2158382831962
896,1.8797156234954413,312.27090024594264,-484.9013209540993
897,1.8818097674713492,311.8292901556091,-487.30535933659786
898,1.8839051205157094,311.8403240338173,-490.84308208679073
899,1.886000042933448,311.9049431735386,-492.55838548435
900,1.8880949075451439,311.80036616653354,-496.0483430027245
901,1.8901881584759161,311.5891334314234,-498.06847453392174
902,1.892283217936019,311.57693410978646,-501.37868307255985
903,1.8943782680554568,311.54533940187594,-503.8476386858829
904,1.8964720473710392,311.68585041340367,-505.7225729319584
905,1.8985668668489433,311.54085573512134,-509.1801105554313
906,1.9006612809862096,311.9519848427891,-511.25300841689443
907,1.902755719587151,311.48029465792007,-512.5353976542092
908,1.904849757588545,311.8155225789451,-516.0511502141626
909,1.9069430754605277,311.2287269364751,-517.6130321304594
910,1.9090378340013505,311.2201441597907,-521.7614874244455
911,1.9111324914183263,311.45630402055815,-522.4380522209573
912,1.913226965923519,311.95503328110686,-525.9058308233839
913,1.915321381331026,311.2881434417353,-528.167129051208
914,1.9174162748437817,311.50630658245046,-530.3863609331825
915,1.91951096404297,311.6157497919331,-533.1974174020496
916,1.9216039358616672,311.2446746942386,-534.49941877866
917,1.9236986253914137,311.5367805909887,-537.2751489967145
918,1.9257933066276691,311.0429574565353,-538.4368396717365
919,1.9278873651498682,311.32012656104087,-541.1875559138414
920,1.9299807661659822,311.06810269569144,-543.5588629483589
921,1.9320760482648573,311.3359637902647,-547.1592586881168
922,1.934171767524072,311.05150580067067,-548.6984186277507
923,1.9362651059315399,311.52909400067716,-552.0197760439728
924,1.938359138419254,311.5884698108867,-553.0019030430259
925,1.9404538735984294,311.56687093362376,-556.5368997336876
926,1.9425479146608418,311.301747369999,-558.4047570066249
927,1.9446418189559174,311.8428718610431,-560.6554092606898
928,1.9467371502259871,311.4291734653031,-563.3150366082401
929,1.9488329760684335,311.68554085395164,-564.1306403315612
930,1.9509268120448882,311.508319594937,-567.117271876244
931,1.953019609354344,311.6872288583184,-568.5341960611255
932,1.9551147244404972,311.9408015309606,-571.093080895021
933,1.957209950604826,311.7783167063907,-573.9114754795562
934,1.9593041179655175,311.9299897520355,-575.3093480615025
935,1.9613980124620214,312.02706035667916,-577.8452710520727
936,1.9634920823781827,311.97255796727524,-580.1073184778821
937,1.9655870316775599,312.337876281879,-582.430427480508
938,1.9676813106463258,312.2807978832646,-584.4786971054576
939,1.9697755380711686,312.46317930959367,-586.6167345202263
940,1.9718704076888727,312.51476454180124,-589.2982417376448
941,1.9739643213778544,312.9477170503516,-591.351779041301
942,1.9760582139073395,313.16627443444094,-593.6345358936005
943,1.9781533744008393,312.9509954534664,-595.0369997360841
944,1.980249297656676,313.13876613388277,-597.2630061578726
945,1.9823436902775773,313.3795660900269,-600.4712772252889
946,1.9844363854611324,313.1919936686908,-601.9283183045869
947,1.986530057736426,313.69728476077256,-605.5784713686139
948,1.988624138262085,313.63505364931046,-606.2574209232168
949,1.9907191302641989,313.682750367045,-609.1047345400101
950,1.9928140678397719,313.8152841569001,-610.7337826133614
951,1.994908057158038,313.9761268705642,-612.1587012906306
952,1.9970037235567513,313.57446177408656,-614.5280437428792
953,1.999098539119481,314.37510880673466,-616.8609095193705
954,2.001191245179364,314.3844861551369,-619.4704302631757
955,2.003285465781134,314.3022810531721,-620.1001104965487
956,2.005380090953843,314.7038207518376,-622.9030733453546
957,2.007473757612322,314.7105367481365,-624.4707590014548
958,2.0095674385752345,315.13528580331837,-627.1932133958526
959,2.0116620669227445,314.88415750142485,-629.1544462662885
960,2.0137574654124313,315.72116224004293,-631.999422010407
961,2.015851542299029,315.8326163797498,-634.7861118061397
962,2.017945842236743,315.9379865041633,-635.2920155041179
963,2.0200414078173843,316.01853866926336,-637.1125497239143
964,2.0221364472105585,316.3058641707719,-640.4207908464066
965,2.0242304661583193,316.578353442464,-642.6549094021362
966,2.0263241213554704,316.5356373006363,-643.9309269238511
967,2.028418169537371,316.9199151590262,-645.779025232472
968,2.030512126699397,317.3387804247585,-649.4574984206133
969,2.032607257696191,317.252810724282,-650.22823013868
970,2.0347026748788237,317.35315083400496,-651.8251721207281
971,2.036797432049628,317.8285873396786,-655.3303062590472
972,2.0388917803566513,318.67458531336797,-657.5285575907247
973,2.0409854404727548,318.26914920080844,-659.3363155639668
974,2.043079158497923,318.64391788467435,-661.7488271637218
975,2.0451737042342053,318.8753225616018,-664.5983713153553
976,2.047267957686092,319.4464202642855,-666.9336501659292
977,2.0493625921646865,319.37635768501093,-667.7349424986636
978,2.051458159400133,319.55180529829687,-670.6918271186032
979,2.0535521918605197,320.1852820269774,-672.1405173680481
980,2.055645062675616,320.44805125990456,-674.6111077487712
981,2.0577393587752955,321.0211258299528,-677.4592422785666
982,2.059834437786395,320.7726260093006,-678.1022333229497
983,2.061928055170489,321.09591081896116,-681.0584857997069
984,2.0640226957402352,321.55962728390244,-683.0731230856468
985,2.066118258189404,321.8458510716812,-685.7187665078909
986,2.068213196804832,322.0512608524797,-686.5968388847143
987,2.0703072818107917,322.53360998301366,-689.7317976406828
988,2.072400931462771,323.027503991952,-692.2518555175997
989,2.074494103322103,323.1958311966028,-694.4540568010606
990,2.076588647294614,323.5372215597674,-696.3652522631928
991,2.0786837571325223,324.1653772155709,-699.9042268388077
992,2.0807786951127576,323.73988241623744,-701.4535231549545
993,2.0828733611799306,324.6946625927694,-704.3038022219971
994,2.0849676047315464,324.96325972227464,-705.7190939933145
995,2.08706191167589,325.15651989894417,-708.4978382838955
996,2.0891552570733616,325.5289234947227,-709.7904365075077
997,2.0912498961643236,326.17352738615836,-713.1958451991085
998,2.0933446561638878,326.77344569028025,-715.2956784321261
999,2.0954387435644386,326.827557180868,-715.7362092332362
1000,2.0975335870618825,327.1972686940923,-720.2854627617473
1001,2.099629070349723,327.528493930175,-721.4412967948424
1002,2.1017228492895934,327.75511627980677,-723.8080065423328
1003,2.1038170482062775,328.06767043941767,-726.3124626135588
1004,2.1059122372778973,329.16229480936977,-730.5578399589115
1005,2.10800554057148,328.7852944792376,-730.9796329969225
1006,2.110098599114947,329.6684869776189,-733.5932486817056
1007,2.1121927216235163,330.29720884542365,-737.2373665325857
1008,2.1142879182187984,330.65646276013916,-738.4876027218206
1009,2.1163820759811065,331.2564619317107,-742.6770680532366
1010,2.118476597123504,331.25933184996404,-742.051421176615
1011,2.120572077635568,332.06302197466067,-746.1046666950816
1012,2.122666143506846,332.02916772165133,-748.143047101357
1013,2.12475947440395,333.21234690167233,-752.4494883419833
1014,2.1268549228070284,333.38921245793415,-753.8199170346136
1015,2.1289503858580807,333.69934788506043,-754.6659959816942
1016,2.131043274916299,333.8218833676062,-757.8945850540698
1017,2.1331378502136085,334.6082760513055,-762.2160666812724
1018,2.135233020544507,335.13432740130446,-763.2844194372873
1019,2.137327211773404,335.3315580076772,-766.2364908243602
1020,2.1394213678417553,336.0015533037256,-768.2422731374838
1021,2.1415151935265153,336.2845018214231,-771.2410289015902
1022,2.143609686067666,337.49916885790213,-775.5555550423286
1023,2.1457039096890913,337.5903797219567,-776.3670970414045
1024,2.1477977892281794,338.5465690353782,-780.8539046466581
1025,2.149892773795189,338.9428972072014,-783.7252180350569
1026,2.151988207011953,338.718612858873,-784.1295244469908
1027,2.154083430042502,339.7629370921042,-788.0146650061157
1028,2.1561769020273363,340.49582355248134,-790.0816823210836
1029,2.158269727638565,340.02745899625404,-793.5819291801655
1030,2.1603643338266334,340.924816546805,-795.5105968778058
1031,2.1624594611960894,341.2547568068466,-798.5906450040259
1032,2.1645538445620423,342.5530867488015,-802.51805096588
1033,2.166649266160557,342.0148378686141,-802.8196503146521
1034,2.1687438965600263,343.0900504781214,-808.6522527327719
1035,2.1708363804402464,343.55371344608136,-809.1517818520191
1036,2.17292939543057,343.88493274853,-813.8923988794264
1037,2.1750246621139153,344.0929442764564,-815.566897771743
1038,2.1771189095943266,345.19674120458365,-819.4568657483962
1039,2.179212962470575,346.24106864902893,-822.9632586838501
1040,2.1813066434396426,346.1972136877255,-825.6109868364298
1041,2.183402629792164,346.4392213105184,-827.8191601412717
1042,2.185498119455816,346.6502176094227,-830.3283730405263
1043,2.1875916200185137,347.60021799483127,-835.4276277795324
1044,2.189686441120868,348.0935836561459,-836.4932743327516
1045,2.191781413276182,348.97042562700335,-841.5999240553778
1046,2.193875147711239,348.7850544992345,-841.3420513595619
1047,2.1959686613130316,349.699948544425,-846.303665544482
1048,2.198063923558019,349.6771191629095,-847.725865161293
1049,2.2001595001532226,350.6299663838723,-851.4444917554024
1050,2.202253779153767,351.2293445019328,-856.9059290740714
1051,2.2043460760907565,351.5067113639456,-859.8553373416621
1052,2.206440891990371,352.21885537685495,-861.2003224008197
1053,2.2085356491852317,352.22934030915377,-865.590012381885
1054,2.2106277016542335,353.3792981095603,-868.8005232700356
1055,2.212721958545959,352.4491990515932,-870.4847246080471
1056,2.2148185083900422,354.37744038104677,-877.639548157289
1057,2.216913061952383,354.436617794552,-879.2256106740576
1058,2.219006160150891,354.0656646628604,-881.6937105817339
1059,2.2211007684745443,354.60532659602035,-883.5214661018591
1060,2.2231966067711273,354.6161144305923,-888.6552100710642
1061,2.2252915180225106,356.1654528680427,-892.1539653308587
1062,2.2273849286831946,355.4416336319695,-895.3360858387313
1063,2.2294794057777056,355.3506169912824,-897.8507005241593
1064,2.231574082226972,356.17166371460155,-903.6723838907249
1065,2.2336675726385264,356.1425652266915,-907.4540878292604
1066,2.2357616690730993,357.38945070746405,-909.57993299841
1067,2.237857388038379,356.98308929663455,-913.1745667139787
1068,2.2399520699736297,357.6344685528804,-916.737601584683
1069,2.2420449617357057,358.03006278017887,-922.7116928984814
1070,2.2441391380853632,356.99479081403786,-924.5165039652688
1071,2.2462342793770116,356.8848420042152,-924.7934273181543
1072,2.248330004000319,358.0355139983533,-932.8150466021559
1073,2.2504234986669656,358.01213484915456,-935.4242674893704
1074,2.2525166459790467,357.43003881689134,-938.5346616658707
1075,2.254612702557845,357.732915398947,-944.2117341180273
1076,2.2567074239010356,357.1689599328753,-944.843320736544
1077,2.25879926569608,356.68219573938165,-948.1970839160447
1078,2.2608934332232278,357.65366478984345,-955.4945487439957
1079,2.2629890832862967,356.4985688304063,-957.4383176675127
1080,2.2650815906481947,357.15019583034143,-961.1526011750366
1081,2.26717631551426,355.9806386840871,-963.905382430763
1082,2.2692717091510235,355.14926026862037,-968.0508816147951
1083,2.2713660430599174,355.68851797176785,-974.0765290878364
1084,2.273460830916725,354.7768773241374,-976.2055150811985
1085,2.2755552510450507,353.5292167900431,-978.046778113178
1086,2.2776502981151867,353.8244020334545,-984.4568734695978
1087,2.2797428242388995,352.2189320472564,-984.1198012137527
1088,2.281836092329788,352.71330280994687,-989.7480349339176
1089,2.283933556285596,352.83466772895844,-993.0706510399032
1090,2.286028868050817,352.8575642549164,-997.8387869775994
1091,2.2881212248812486,352.620739232719,-1000.3193315887133
1092,2.290215014848569,351.6772018919326,-1001.2262190390172
1093,2.292310229911211,352.2862069619023,-1006.2373042724781
1094,2.2944051456334345,352.53855747569867,-1010.315951225921
1095,2.2964983471898495,351.78100498696836,-1011.2259597825139
1096,2.2985921024349003,352.044445970674,-1015.8091774765359
1097,2.3006888643809247,351.8078292347867,-1018.1319242331333
1098,2.302783634096356,351.93741009573563,-1022.3170078140723
1099,2.3048756698218886,352.39842171516705,-1027.6895149465406
1100,2.3069695720010412,352.04814182253597,-1028.139468914496
1101,2.3090651112173397,351.8993837991681,-1031.081551432194
1102,2.311158495429861,352.8037839513758,-1035.2238612671813
1103,2.3132509513768182,352.37614734305504,-1037.4100831625785
1104,2.31534766594442,352.64546484099606,-1042.693119701969
1105,2.3174438092641236,353.3673183114354,-1045.772178731603
1106,2.3195366518474128,353.6240481314228,-1049.8667758777876
1107,2.321631141204296,353.3958463705939,-1050.5237749046908
1108,2.323727832694395,354.30970001314614,-1056.8437786938505
1109,2.3258211826493147,353.7308659053116,-1058.6426563580567
1110,2.3279133966950116,353.8653880253771,-1060.8325974850475
1111,2.330008120458155,353.63093610940666,-1062.672524303003
1112,2.332103956675321,353.82517124729316,-1067.8165763829138
1113,2.334197579452735,354.6064363499436,-1071.1234722970596
1114,2.336290017181209,355.19387898495995,-1074.6061000898233
1115,2.338385505091734,355.43258021592305,-1077.6405884037226
1116,2.340480189114194,355.447638686395,-1081.0564811206539
1117,2.342573391055059,355.8533213481875,-1084.560992016048
1118,2.344667848677038,355.9832202382452,-1086.618928436262
1119,2.3467629878884537,357.53909623939757,-1094.2318095970138
1120,2.348858220839854,356.4797915886318,-1093.44240703393
1121,2.35095250082758,357.4539625036595,-1097.7463969941161
1122,2.3530449396760944,357.2810643242812,-1100.042204395337
1123,2.355141499104623,356.76578974295796,-1099.4361771511117
1124,2.3572378412451434,357.599908095297,-1105.009818986498
1125,2.3593294861259198,358.70669742006663,-1110.3285288456423
1126,2.3614224992004984,358.56794825446553,-1111.6059916365157
1127,2.363517948981548,358.8773304796073,-1114.8653323876654
1128,2.3656139136423477,359.4016943890116,-1118.5202965066005
1129,2.367706660383537,360.65239052447487,-1124.0745822716472
1130,2.3698014470222093,360.8194918813279,-1126.6586499503242
1131,2.3718977582075165,360.1864959520298,-1126.8988599142292
1132,2.3739899214574836,360.91076726083276,-1130.4226461493706
1133,2.3760825194215927,361.68055969252623,-1135.062830763221
1134,2.378179070039863,361.80959790934406,-1137.410448059451
1135,2.380273759058959,363.2574073117856,-1143.7988180159446
1136,2.382365673610318,363.3959082499897,-1145.3236653084596
1137,2.3844604460166168,364.5230860739196,-1151.555411373858
1138,2.3865571190304595,363.26872939756873,-1149.7056575514694
1139,2.3886520978255446,364.65038934829556,-1155.3836842313588
1140,2.3907442891236066,365.814205333479,-1160.4824935410754
1141,2.3928386457990913,366.3771992364499,-1164.707636270453
1142,2.394934562690242,366.2441558796497,-1165.7619561101808
1143,2.397029599690107,366.9397639025399,-1170.1476422368544
1144,2.3991222591305954,367.2810964889946,-1173.1439971349935
1145,2.401217024080888,367.1033111882387,-1174.327123303687
1146,2.403314513026698,369.3798681246989,-1182.609221437786
1147,2.4054081911284184,368.9047844613354,-1182.0280274476238
1148,2.4075011183217048,368.84233351383864,-1183.726786115874
1149,2.4095960074264258,369.2696079859619,-1188.5443258492098
1150,2.4116926326559978,370.84882788939944,-1194.10466962715
1151,2.41378425055939,372.36489274003793,-1200.0989582993993
1152,2.415877382497087,372.6719427060468,-1203.5894230775457
1153,2.4179783678062123,374.18326262804516,-1209.4015220106592
1154,2.4200733739460714,373.83250687624064,-1209.9922305667678
1155,2.422162501290004,373.4557902928065,-1209.8605528880453
1156,2.424257158180454,374.22468942574034,-1214.7462824342713
1157,2.426355368807169,375.19872106858986,-1219.0138590101994
1158,2.4284477900186845,375.644882193976,-1221.32641215595
1159,2.43053883847394,377.19092116125904,-1228.9084080458622
1160,2.4326356353293934,377.77494382231146,-1232.7053885053658
1161,2.434732612021302,378.3750645876905,-1235.2350408439418
1162,2.4368252927922227,378.37794703482194,-1236.067494425149
1163,2.43891890863681,380.3563675045514,-1243.9348465664423
1164,2.441014895314609,379.0911010828485,-1241.7438913106546
1165,2.4431105244568765,381.1093585123182,-1249.0021427388692
1166,2.4452031167440684,383.1650017580916,-1257.7343902399145
1167,2.4472938786799143,383.3331308107813,-1260.0092672967207
1168,2.4493915902413868,384.6794010278582,-1265.1999960733033
1169,2.4514877943094935,385.42500644326174,-1269.2750893591187
1170,2.4535774837073663,386.0781396816378,-1272.8990224777967
1171,2.4556717453467782,386.6853130059186,-1275.9048990155957
1172,2.457770725968573,388.1718727998005,-1281.3767089961898
1173,2.459865450868259,387.85391078488675,-1282.1485156998167
1174,2.461954843714291,389.70034259074407,-1289.3373502601921
1175,2.464051305962942,391.3357367883415,-1295.8916084878927
1176,2.4661493201186655,391.8820523809833,-1299.499607406503
1177,2.468239991051035,393.3515549905231,-1305.3276725262529
1178,2.4703335941159144,392.9135245957743,-1304.618264330692
1179,2.472432426226094,395.83105569659955,-1316.0732707519176
1180,2.47452690434623,393.8792817572536,-1310.9545923318656
1181,2.476615373809059,397.3850730221524,-1322.8613249319744
1182,2.478710457672189,398.36358042700806,-1327.5607844845413
1183,2.48080966574444,399.06247316572114,-1332.0906315947452
1184,2.48290090100287,399.44958697544166,-1333.775948456905
1185,2.4849923340191187,401.2050383067393,-1340.139845295126
1186,2.4870897130294636,402.42517086265093,-1345.9412738029118
1187,2.4891862386660164,403.04539521975005,-1349.1876031059162
1188,2.491278235985619,404.7278135273,-1355.3415292677328
1189,2.4933690456944357,406.2244875336475,-1361.628656571536
1190,2.495466543397291,405.74336171520855,-1362.2920709901719
1191,2.497563830960505,408.14452019837495,-1371.3394814121853
1192,2.499654519205421,409.6281805454029,-1376.1674849141014
1193,2.5017479497353943,409.40759695548655,-1377.7744320088661
1194,2.5038480054516667,413.5335568914583,-1392.315303901097
1195,2.505943433921919,413.11352863936804,-1391.3504586005554
1196,2.5080284861327207,414.8689738800796,-1397.969321358296
1197,2.510123955773609,415.19907697979926,-1400.0999998357581
1198,2.5122261646694253,417.4012003834498,-1408.178570502226
1199,2.5143177674343575,418.0018355625179,-1411.1576255765394
1200,2.516405803072155,420.43305694674365,-1421.7108496787446
1201,2.5185026929964116,419.90609885993706,-1420.2501794042016
1202,2.5206041831245063,422.6681664010035,-1430.9795733684543
1203,2.5226964757648327,424.1696654579407,-1435.9189790545365
1204,2.5247869961159406,425.3148136914395,-1441.2566645512093
1205,2.5268843920051487,426.86513412740777,-1448.2072161046901
1206,2.528980483597168,428.9734284130016,-1455.6931782385466
1207,2.5310684597394695,430.5510442714222,-1460.7738211675562
1208,2.533161718042206,433.7937324706634,-1473.9074041828333
1209,2.53526488574662,432.36656572459435,-1469.9292776459022
1210,2.5373603920777454,436.6796536277861,-1485.0585598472621
1211,2.539445749963502,437.2246330320884,-1487.6883575316676
1212,2.5415417180131348,437.61895114891973,-1489.948690845175
1213,2.5436457679371425,440.17727221628,-1499.6233004121466
1214,2.545736808475733,441.3824948185715,-1504.1316544166693
1215,2.5478233832874237,444.91896415025957,-1517.6438886192732
1216,2.54992085584226,444.13010366379785,-1516.6979739856145
1217,2.5520207655356866,447.1467683512339,-1526.0821749526738
1218,2.5541098448110064,447.98750258091235,-1531.2689844772142
1219,2.5562002600365847,452.05209837550905,-1545.4571348969953
1220,2.558305455724291,453.54442795164994,-1551.5440567963894
1221,2.5604026511470312,451.6932805637792,-1546.0778148600632
1222,2.5624826414852553,455.80028847383596,-1559.7792516632505
1223,2.564574391949512,457.5265455048708,-1566.5785467641279
1224,2.5666808497683498,459.7918504982415,-1575.8715255265856
1225,2.5687773451615423,462.8167691487874,-1587.0358788402277
1226,2.5708608935170316,460.8489673195167,-1580.2442595695434
1227,2.5729575952355885,465.72939381161405,-1599.244143477376
1228,2.575060651513359,470.2718528572331,-1614.866690709667
1229,2.577148431575012,470.41532605517307,-1615.7861794136559
1230,2.5792346077561192,473.9474679110575,-1628.1094639495568
1231,2.5813352493894732,471.6554597975044,-1621.801857408684
1232,2.5834369526956515,475.5675646010073,-1635.817478449035
1233,2.5855218346006232,478.91878616551514,-1647.3777460262515
1234,2.587610713900489,479.1955664657184,-1649.2553170574606
1235,2.5897186990593415,481.6700531954779,-1658.9881277125976
1236,2.5918181690667126,483.48682990507695,-1665.894912334271
1237,2.5938985009385314,489.4185181121781,-1686.031903804632
1238,2.5959901966325076,488.6686071757194,-1684.9599092796855
1239,2.5980970827886534,495.0530722610112,-1707.9474361078621
1240,2.6001911974764487,495.53048901283944,-1709.493670548605
1241,2.6022734575046016,498.77913491415785,-1721.3498793046274
1242,2.604374761438423,497.4166394891014,-1717.6909296432632
1243,2.606480077670044,499.7273196566825,-1726.7974160049546
1244,2.6085618800169397,504.9977422823939,-1744.3322568691003
1245,2.610646200048581,505.22942711553407,-1746.0575177525898
1246,2.6127580952497533,508.49438390128137,-1758.865427153518
1247,2.6148609257992828,511.8717073429305,-1770.2367640261125
1248,2.616933454172155,514.4716903748357,-1779.8493478570254
1249,2.619020659870304,515.7305036637592,-1784.9097692654848
1250,2.6211346279669097,522.0006754152397,-1806.7125088840953
1251,2.623236503452788,521.3905588133088,-1805.4137233178967
1252,2.6253090562225565,527.6274382350484,-1827.9358793554582
1253,2.6274000701334055,529.9858654802125,-1836.6079904237565
1254,2.629513118467727,529.8214149088013,-1836.9296007255664
1255,2.631604301330356,533.1631075122747,-1848.2235207076685
1256,2.633685254021577,538.0197032475821,-1865.5422157566447
1257,2.6357889797673804,537.6310832890779,-1864.6964680411313
1258,2.637895874321367,540.3290210919553,-1875.2517775564456
1259,2.6399747081141895,547.5297574462446,-1899.609341800998
1260,2.6420591747927733,548.5541950789705,-1904.3587603059732
1261,2.6441764666284318,551.8872225530731,-1916.036208592534
1262,2.6462775406423154,554.1078484341248,-1924.1653130579325
1263,2.6483402943393326,560.527015857728,-1947.3048477315817
1264,2.650428729148096,560.7795611746378,-1948.9953759769282
1265,2.652562718674548,562.1019405757802,-1953.4934718674745
1266,2.654664088292312,573.9693404354958,-1996.5958956155423
1267,2.656712651557163,575.4242075535096,-2000.889581816097
1268,2.6588106765908748,569.4617577603517,-1981.466893199586
1269,2.6609452450324915,580.0852275205629,-2018.4192387379908
1270,2.663032290426174,578.3836069797501,-2012.549375459769
1271,2.6650914877184944,586.5513206084668,-2041.4781723267506
1272,2.6671986225603375,592.7590130332773,-2063.9268126085594
1273,2.6693218160411916,597.029234487225,-2079.7063196096165
1274,2.6714003686163363,598.6924407886962,-2085.0144116589513
1275,2.673473653710363,602.0036355026199,-2097.730086516007
1276,2.675588689124729,608.4200745631096,-2120.1358873843474
1277,2.6776964003773744,614.4454378014894,-2141.4546180394864
1278,2.6797534796790945,622.8481471610153,-2170.983728542505
1279,2.681845016836506,617.8018372612329,-2154.4413433241302
1280,2.6839785543392702,620.7829507549827,-2164.5897928436816
1281,2.6860638705482365,633.8974972111943,-2210.181584610013
1282,2.688115580192901,629.9301666710052,-2196.168620458111
1283,2.6902421071216107,637.8842321939177,-2224.99658327893
1284,2.6923784453538007,633.6783571422651,-2211.770773911292
1285,2.6944235266222867,646.4527587653641,-2255.2825073265426
1286,2.6964818302236213,651.7023602574847,-2273.139711868515
1287,2.698646249049189,649.3116379358765,-2265.9111791010178
1288,2.7007725953070936,648.2172955926827,-2263.8354839162666
1289,2.7027692368507834,667.1958537693413,-2329.1911014071625
1290,2.7048443440936585,664.5769217379757,-2320.245528259716
1291,2.7070515904059915,669.4425776530495,-2338.4234069280615
1292,2.7091632832728005,663.6177970705734,-2317.681112025397
1293,2.7110832098570423,677.1726146274704,-2365.157203507547
1294,2.713194248534394,683.6328098929266,-2388.113903183566
1295,2.7154564422347596,679.3410032816957,-2374.496938145684
1296,2.7175455830902693,698.2021405087794,-2439.76691226567
1297,2.7194409477796717,690.3078013964957,-2411.0297070200922
1298,2.72159410281056,708.9849279766078,-2478.66784655064
1299,2.723868494276683,711.4717889066774,-2486.5552230598623
1300,2.725905473691433,724.7991993780365,-2532.8131131363934
1301,2.7277938720843573,718.9123057942555,-2513.8812219535907
1302,2.730005424734083,744.0975602295588,-2601.231522337314
1303,2.7322910595910366,725.0306412419604,-2535.7955940938114
1304,2.7342323934891035,746.846946207246,-2612.3027861375895
1305,2.7361123669415965,738.5872771911148,-2582.8341023241596
1306,2.73841292247591,737.2722475144338,-2578.3275954871547
1307,2.7407262152838343,759.862758673589,-2658.5342197041327
1308,2.7424923562337074,745.2252889891289,-2607.30954241742
1309,2.7444202272828333,768.3424813668613,-2687.632196387888
1310,2.7468188489948773,773.4312512098211,-2705.6424090749015
1311,2.7491571251284848,771.262267402105,-2699.1712458033785
1312,2.7509012180135843,773.0134133623911,-2704.9293897612015
1313,2.7528220566885997,775.44782372635,-2713.394088290349
1314,2.7552245852341666,824.6070520663638,-2884.5832876424697
1315,2.7575799064734774,796.1265170601419,-2785.71360733796
1316,2.7593246433872425,817.9255752561506,-2861.8049926672074
1317,2.761234187120032,806.5935512447578,-2823.0778723031767
1318,2.7636390504715083,856.6516985788688,-2997.5437095815673
1319,2.765948826576436,842.5558489867403,-2948.6506667476483
1320,2.7676191435751902,826.1304288435828,-2889.835194845283
1321,2.769651838220211,890.5180765102562,-3117.1355129141425
1322,2.772055945845228,805.2532037725949,-2816.7893118007173
1323,2.7739175955497957,837.544112861777,-2932.4098733311125
1324,2.775657495525559,789.6501833654175,-2763.839920185528
1325,2.7780509401576134,822.5030968775643,-2879.338317507792
1326,2.7804282678176238,680.2226436571249,-2382.218344295076
1327,2.7823699672164355,842.8403290136732,-2949.3473287450743
1328,2.7838806433920418,1067.0423483833406,-3736.7780035428964
1329,2.7859958234637583,50.72414186625452,-177.5344965318908
