,k,Pk0,Pk2
0,0.0029665470748989845,40902.06580151451,-66469.4042287697
1,0.005026374055021859,67506.38901492169,29923.05639705269
2,0.007149300621522788,88453.46330693508,6411.610099756318
3,0.009278869254964255,74118.53283191842,-16525.070585552465
4,0.011450332619344701,76672.30545501056,35220.494930777466
5,0.013492955871419151,82264.89158479958,-1361.8261284244759
6,0.01558905561191893,76950.98973290918,1227.5904280964578
7,0.017694083672553172,77034.31586605923,2616.224720106235
8,0.019817874803135297,72169.63910443922,8111.692555786818
9,0.02192074938196264,60976.53358737354,7362.2929630237095
10,0.02398877635566245,59057.295917082316,-4402.481503946847
11,0.026092869718961156,52200.53594297495,1428.2435224679693
12,0.028234663152781798,47372.50962259114,5264.588504018798
13,0.03032284873509123,40895.862680847764,-679.3593883270917
14,0.03240263258943404,38924.556706483796,-1618.9024788619201
15,0.03449210129864554,36049.467864423816,-755.3628938636252
16,0.03658588147515197,33089.42658088705,-1526.2189502318986
17,0.038684769492669774,28496.648976929046,3770.272893243331
18,0.040788988884582836,26873.252509600923,-245.6781479650256
19,0.04289390876967646,26570.241705158656,-908.6635563167588
20,0.04498336005546935,23945.0180686453,2577.957279677041
21,0.047064985294738244,23013.268838504995,-158.83933648931293
22,0.04917111919158227,22679.841159065454,431.02661039997713
23,0.051262169141742274,21619.66641657515,-1650.7844825931543
24,0.05335525146837034,21031.558839481222,1563.979688487778
25,0.05546637228956934,20995.815592257037,3297.7687496787894
26,0.057573188192548086,20134.187377812643,514.0062880209092
27,0.05965884044590281,18988.166090654224,477.26602434927685
28,0.061745123021595065,19046.976956950468,183.08600588830697
29,0.0638268929113719,18619.844659564536,1234.780974621981
30,0.06592966228838451,17652.61672123908,-866.0334887443628
31,0.06803125784825748,16788.63002179693,-7.288900168483713
32,0.07013131008699486,16368.16965662145,1299.5537051077265
33,0.07223032366074338,15409.368693943836,1131.408574423439
34,0.07432334270720506,14432.520380583954,556.0141354673907
35,0.07642066756954473,13800.629032510264,550.4630169506191
36,0.07850471694556041,13012.024633350202,722.6543179625435
37,0.08059701946059529,12233.553206597142,245.83830372948893
38,0.08269521798132064,11616.694960892895,251.819341386123
39,0.08478307522909848,10894.395848135659,373.9086996023338
40,0.08687780839616016,10575.793810661331,620.4398751056742
41,0.08897524569656534,9774.014561824615,560.3590140611282
42,0.09108077810470518,9463.739481051143,488.5646464863633
43,0.09318432266948053,9013.928230775222,542.6070856362725
44,0.0952788764104831,8820.584383944632,165.19910439138584
45,0.09736254237981037,8540.127635871846,670.5146991883051
46,0.09944832814799408,8304.809900306785,338.6710663272849
47,0.1015460879802399,8119.522003798236,264.4117188048885
48,0.10364263756677322,7938.332022372723,440.50414894214873
49,0.10573893905394659,7793.302257379073,373.1779576426901
50,0.10783958559814742,7485.24530649722,169.21445946469618
51,0.10993894058501318,7356.469743872549,384.75176323623396
52,0.11203921431523854,7302.136225556577,132.55452752254192
53,0.11412334585697578,7153.3023882631,255.53939767111677
54,0.1162159397555423,6992.55717272298,273.29367756665766
55,0.11831372048037725,6837.093036074166,462.6094322483184
56,0.12039723118070132,6664.908998689362,713.0621531279404
57,0.12249223631878574,6495.457939651209,230.07532664258144
58,0.12458825984258635,6284.612503665611,350.7487762855494
59,0.12668846771583772,6090.537186076504,124.308788316754
60,0.1287846620419941,5956.174781407956,267.31706201481194
61,0.13087133937881498,5739.792971001459,219.08353626255135
62,0.13297548334406448,5586.321656133827,169.97265974601163
63,0.13506910815256093,5462.892782795047,283.14734442606283
64,0.13716388258568254,5276.294576823374,270.61758283375264
65,0.13926047573721634,5188.022855205813,423.8941924179332
66,0.14134668829083769,4982.7189483376005,101.36847780711321
67,0.1434475230090064,4815.327328748041,299.5215338271593
68,0.14554528534185418,4689.973389907006,252.32176929634687
69,0.14763320610735878,4644.7201829201695,253.5949610845519
70,0.14972114728432864,4477.33656553316,175.23470618627152
71,0.15181380487515775,4383.580031514492,433.5962822098821
72,0.15392114901003526,4292.847715549667,410.4176132328142
73,0.15602147473412367,4201.485310711296,342.41791552854625
74,0.15811617475881218,4087.947322889037,227.63231904320835
75,0.16021187122717997,4000.945929362042,222.0047108881797
76,0.1623006419462899,3949.6691722910473,359.9768922677716
77,0.1643899033199985,3870.5331481460844,283.56071848725725
78,0.16648355823815117,3818.070782625569,230.593304382617
79,0.16857196837784735,3727.7880499799858,242.67541814968422
80,0.17066413320893647,3649.202440735068,205.17950811965412
81,0.17277086992561352,3594.33907999686,222.27943572593887
82,0.17486965460096995,3498.358162250357,234.0494744442162
83,0.17695857694944453,3445.079924073203,364.51745543042733
84,0.17905245093155753,3408.510054812824,369.01009526057305
85,0.18115265212612636,3307.283864923617,214.72539653748143
86,0.1832476884130739,3232.951478313265,293.77266570747804
87,0.1853312475833926,3187.2604985843877,272.4710452805524
88,0.1874284892203219,3115.485451998017,296.3940298255467
89,0.1895337179075755,3064.263241670997,215.01782336056294
90,0.1916268196474026,2996.5669088051627,310.3156281910625
91,0.1937183403446853,2940.9777883529737,255.05886601748443
92,0.1958131498886989,2892.074779403704,332.5168181744755
93,0.19790587400989662,2856.853910132742,185.57652086428172
94,0.19999906515978938,2804.704594849868,271.72957222103736
95,0.2020893038374759,2735.10089659355,259.3886173035359
96,0.2041823192148178,2683.609475805793,196.12110817196663
97,0.2062825911013838,2637.1056438112864,209.05430999385254
98,0.20837701891459662,2590.746514866402,295.76410180247336
99,0.21046758167944032,2544.8663124864165,318.15006041090186
100,0.21256678542440183,2501.0157018156438,189.68315361982587
101,0.2146619261104852,2468.3702720901542,237.15158856748155
102,0.21675618057220372,2426.8490314174555,345.9073226368007
103,0.2188528705899679,2406.173841603594,225.9155379999929
104,0.22094564274530842,2344.647030111342,278.2182547689632
105,0.2230395148320731,2306.1480556692627,267.3427282234538
106,0.22513567328585352,2275.6396044515836,235.23950369275695
107,0.22722785048644015,2244.5852527629054,261.10349331483553
108,0.22931975112872324,2205.0534854928746,249.00155208666527
109,0.23141147723465103,2180.747276758341,260.88906915805325
110,0.23350584674782457,2122.605738858849,313.146776553231
111,0.23560416522029054,2099.8141925374894,256.3223709465407
112,0.2377006336558307,2071.3415669116325,237.09106246947965
113,0.23979727503904752,2025.619371795984,283.3708248822905
114,0.2418944602532704,2004.4892045269962,270.9031313437331
115,0.2439884227569783,1960.1117898482512,234.36854548653054
116,0.24608359968283072,1950.0332142600444,253.0706364609423
117,0.24817552807053123,1920.1392333344327,263.9151001961564
118,0.25026237006475704,1888.9451161224188,317.90705882498514
119,0.25235861551053484,1868.255575869067,233.77684199863663
120,0.25445470778669854,1822.025023728084,278.92478543251764
121,0.2565487653287422,1801.0319209802403,261.4384763475456
122,0.2586464955058471,1778.024730194673,300.15742775566883
123,0.2607443047329862,1747.319554243311,302.099724164121
124,0.26284383121734134,1731.6629641826878,240.7792759078699
125,0.264929885565984,1695.9947333810353,297.6472100201539
126,0.2670163698864118,1678.1093000743012,278.97340735303936
127,0.269112135390912,1660.3978975815903,275.3419618180881
128,0.27120764961246213,1631.9926741243116,280.3763857108789
129,0.27330509996536784,1616.7720452338558,294.927814178745
130,0.27539842121309294,1595.7162596480366,261.5359510288401
131,0.27749656900268016,1561.5261916182205,277.7244558191064
132,0.27959864364035925,1550.0736935358855,301.06159372906166
133,0.2816878213234348,1530.4895354342766,282.3497352215213
134,0.28377609558542155,1498.1192713771525,268.1628082095694
135,0.2858732754634003,1487.1975113066705,273.1302566671965
136,0.28796861590208045,1458.770780085376,281.73021019813984
137,0.2900612915162532,1446.4722096523212,282.58852855775314
138,0.2921547032025089,1422.1619015371004,269.7420438356326
139,0.2942501291133245,1404.0498420917072,277.60637317384095
140,0.2963444256131289,1392.4636185785973,285.0451625191778
141,0.2984361415704375,1375.910208649543,268.7111630581772
142,0.3005318840555698,1357.6621399018873,269.12731379719605
143,0.30262777760316095,1336.1801245514266,286.91970886132873
144,0.3047248035439954,1327.0022923002552,277.25583404109796
145,0.3068210272572538,1317.4669506335565,280.80774446248967
146,0.3089144805088237,1286.6631466136241,269.64805845789044
147,0.31101080657849756,1271.4012780974736,294.68628449809376
148,0.31310885951912926,1264.4151078812245,291.8055889489321
149,0.3151991603466065,1246.141848435409,286.21850536283875
150,0.317288667284839,1229.4808640546628,274.2192865982342
151,0.31938044185106124,1223.411425715576,289.44986351826896
152,0.3214783648369702,1200.755593429904,282.2309881187923
153,0.3235785211189416,1186.8059030570153,289.31868583975415
154,0.32566935894833426,1173.0113062945857,287.2592680992046
155,0.32776077751211374,1157.2350212461713,280.90060043923086
156,0.3298523230655558,1143.9762350016613,284.5027838830179
157,0.3319485433973702,1132.5651263695656,281.3037702309705
158,0.33404540358127904,1117.7567710944043,282.73343765323443
159,0.33613494177837844,1102.908037225703,279.5026642931351
160,0.3382313832787478,1094.0487004128609,293.2546532259696
161,0.3403308518124324,1080.2894849293982,282.6840873569267
162,0.3424246601457981,1065.3180626760252,285.42137563
163,0.3445197272986724,1057.7666432319736,291.4212234172692
164,0.3466158524641983,1045.9210814809112,280.1084260198527
165,0.3487089916477683,1030.3641599428333,289.1536134323775
166,0.35080114560367615,1023.2122557797849,291.9066123241514
167,0.35289356821720286,1007.5435519233404,283.7954123129056
168,0.3549881110219297,994.4312647790698,285.6265703209638
169,0.35708559248027844,990.2449452401879,306.0118127019953
170,0.3591813496003593,978.5171019300843,289.2726001276127
171,0.3612749400626811,969.2719313345594,287.48758952204946
172,0.3633693413142722,958.1772941447147,296.2998756400707
173,0.3654632219855477,948.7329454089843,284.57023895986765
174,0.3675603773529471,934.7060811609971,290.49857148289675
175,0.36965434919829326,925.974927123493,287.1219684405851
176,0.3717418094879197,913.881114620732,288.54084003084466
177,0.37383404253825586,906.1527896553614,282.9673201266781
178,0.3759308579415973,898.6493628511857,292.9479266043233
179,0.37802985088946095,888.9969972694525,280.921008554358
180,0.3801213498834686,876.7685628296276,280.2130383494661
181,0.38221306010699313,867.3182269174129,293.0189893340094
182,0.3843141376638833,858.6024998261398,286.4231774424938
183,0.3864096355836929,852.0521286471959,290.4064737180295
184,0.388502907295756,845.0327451195833,290.4987042630453
185,0.39059769208540335,835.7466067145888,290.38041064195
186,0.3926958121232196,827.3232919933688,274.63005936845036
187,0.39478921808384226,818.5106109078457,294.11300955734805
188,0.39687821409975554,813.4341722005599,297.5719100775277
189,0.39897073627813356,803.9877997274397,288.0856268609331
190,0.401067192451382,796.1503189682732,283.8782242392417
191,0.40316228148056854,786.0990175223291,288.1189563009684
192,0.4052546340249366,779.8508960503417,286.5143137281375
193,0.4073499183903822,770.148895233026,282.5563309325561
194,0.4094468722071623,764.1221479507255,289.31686498986846
195,0.41154432885897757,759.4618715326975,285.06873939910986
196,0.41363408239228544,749.3481742963921,290.9594525322487
197,0.41572494638156243,743.487158351577,281.8875252843649
198,0.41782181997781404,737.3665928609581,282.0939952641586
199,0.4199166506307261,727.5897013905276,283.3294757486892
200,0.4220107143757513,722.6574954271657,285.7623584881796
201,0.42410542949066876,714.6586328419716,282.87848168931015
202,0.4262013850195404,711.0339392231008,284.4958269453156
203,0.4282955296445312,699.9833723087211,279.22102053830866
204,0.430391806688861,695.6936378146028,278.5110851434737
205,0.432488575457924,690.5508357124316,289.51523487730356
206,0.4345806090039814,683.1285620493089,283.66280595291136
207,0.43667244097425384,677.7818146604884,285.79819596915814
208,0.4387671492209622,672.3729247689905,282.8232589611972
209,0.4408622534544343,665.619633722364,279.6385440759923
210,0.44295516415095815,657.2179551193074,282.7814387878614
211,0.4450482683181851,652.3197631884685,279.15992614957156
212,0.44714683875742495,647.9559586218265,282.5288939006955
213,0.44924362280569813,642.8260479097307,286.01448407130744
214,0.4513338633316258,636.9255621647303,285.97593634686166
215,0.45342753643259276,633.7491984518265,283.95861617558614
216,0.45552189548586586,625.0813490372672,284.23391740902997
217,0.45761716616081083,619.8339084352328,281.653818875752
218,0.4597117909764672,614.137499636286,287.87884725022604
219,0.4618031890496857,609.3004504099548,274.6385095909355
220,0.4638995470730997,603.7733622720605,283.9119835946322
221,0.4659948171464902,598.7844975520334,280.96816314559175
222,0.46808929446972725,595.0493425629281,278.8726736820143
223,0.47018492649495636,589.8922935416572,280.8797621531479
224,0.4722792778491551,583.5013402585055,280.19539391670554
225,0.47437272572904565,579.2697374244531,277.35510607155965
226,0.47646593372141327,573.333707774141,270.07123357093457
227,0.47856230727426236,572.3858774931225,276.55576109016806
228,0.48065904058976644,566.4634324393664,281.2602589574378
229,0.4827512226177774,559.1452937651848,282.0820895156714
230,0.4848441163240575,557.0961947577102,282.4544090691422
231,0.4869397730506266,551.6143391071154,275.1550545887462
232,0.48903678813400875,545.9913462471087,278.79079817888135
233,0.49113096964965397,541.3150944736309,281.89537290465057
234,0.49322332174786626,537.0589025005203,279.22240100815606
235,0.4953187148676145,534.4608434832924,275.4123226052944
236,0.49741120358770496,531.1247228490615,281.2705050434888
237,0.49950082345999325,524.9218162649222,276.18158177041045
238,0.5015952506837275,520.7710053488197,273.55470737647096
239,0.5036919972981919,518.1797329835854,274.90438383412334
240,0.5057872116617207,514.428592375636,279.9317356180382
241,0.5078828569897101,509.63558793400205,277.2935596398931
242,0.5099793452386306,506.625110218446,273.4406053395931
243,0.5120767256379639,500.4451915659216,270.19756140410914
244,0.5141702395931294,498.55652197006367,273.13863147443624
245,0.51626132102766,493.5454338771144,273.6527008343426
246,0.5183576899265504,490.6898764871278,272.28639947350854
247,0.5204524416424112,486.2483340444647,270.27714936109936
248,0.5225430403510469,481.80922668465354,267.92354451621367
249,0.5246378991347941,478.5130363216137,269.38383366152203
250,0.5267345150769579,475.98470324934664,271.27515701944685
251,0.5288284644781793,471.9860170519551,273.82182312909197
252,0.5309200047543352,468.10172314344373,272.90478350853925
253,0.5330154787982235,464.73994297069686,268.93636661997596
254,0.5351140455458262,461.3611326554029,267.80820325185914
255,0.5372066203065362,459.6211059481466,268.189094697149
256,0.5392991990272246,454.662718570828,265.02995635787937
257,0.5413944118270408,451.60423919929985,267.357388546871
258,0.5434881995106379,446.31286551510163,263.51661671876985
259,0.5455829952492127,444.01646170912966,266.39737906333664
260,0.5476769745662954,441.44265001050405,265.5732583184784
261,0.5497697255495043,438.60426835222944,265.7101841643382
262,0.5518645446467839,435.7285260227473,265.0545915847352
263,0.5539598571350287,432.4452431551186,265.3724618075065
264,0.5560564538950566,427.5468130538331,258.83590623768924
265,0.5581500505101624,425.8033033372593,264.39352775320623
266,0.5602409063261653,423.36303976602056,262.1953946436469
267,0.5623379637803174,420.8455321316884,261.20595186618823
268,0.5644363283026402,416.39635467019036,259.58432839820773
269,0.5665273824761494,413.1071404977332,259.0691363949095
270,0.568621249018378,410.87761471207295,260.4807298568266
271,0.5707181447612965,408.588918028227,259.26485845279865
272,0.5728127938597997,406.5218481644889,260.1459540448148
273,0.5749070881546879,401.8328834148077,258.0846748051807
274,0.5769991470923068,401.0828475192218,261.3252299713395
275,0.5790956911760897,398.3869058470809,261.70404342480134
276,0.5811893306261757,394.6029732437185,259.3611018454992
277,0.5832802267374103,391.4363650562783,257.8684892546425
278,0.5853761830306536,389.3818953404765,257.94673848716076
279,0.5874711784415975,387.2694177661956,256.77317668307643
280,0.5895653958899879,382.7403659317686,252.88544281038952
281,0.591659786459685,380.88930353195127,254.5325432214865
282,0.5937551851921442,378.72635392391334,255.32875820964188
283,0.5958498092767481,376.54529084778477,256.45916386796983
284,0.5979447066705442,373.943511089579,253.70095666119283
285,0.6000383505174957,372.1975734778466,256.1370822757068
286,0.6021313016181767,368.69873759823105,251.01803481757892
287,0.6042246965556944,366.4928949258524,252.99607134746844
288,0.6063189733697846,364.15219032426614,250.94527923913395
289,0.6084147213727373,362.47738856909683,253.4559233660652
290,0.6105090855473989,359.3400086962282,247.93952734559264
291,0.6126037649785722,357.8167628131316,250.4725168162748
292,0.6147002391370655,356.0440355806704,250.5392252013098
293,0.616794938930829,351.9886966557887,246.2288636788668
294,0.6188886865784012,348.78219708616535,245.59777528461726
295,0.6209825762252046,348.3969585674862,248.4673384872475
296,0.6230764414889526,346.4760717114354,253.56122963589954
297,0.6251725389343245,343.9960615824071,248.2830997912379
298,0.627266923011265,341.7709346881155,245.6213027968294
299,0.6293596211388142,339.67462929466177,247.74931144274439
300,0.6314513250607457,336.64921366272733,245.62704735782083
301,0.6335475720513941,334.83721148485444,245.92984943182512
302,0.6356444982495617,334.0646595951756,247.4913204047001
303,0.6377358562255245,331.24210859319464,243.47609526462207
304,0.6398302949107263,329.1289635186011,243.10697366928505
305,0.6419256185614247,326.3758308766364,239.65758635536756
306,0.6440214843206593,325.1947727605474,242.35619883469712
307,0.6461142033434962,323.1749634192356,241.9579302232072
308,0.6482061138478032,321.65582850942167,242.01741979614016
309,0.6503020867345045,318.7413603757204,241.32212309359014
310,0.652398185537932,317.1707085988614,240.09796099797916
311,0.6544932048530038,315.4660563389034,241.19457555738333
312,0.6565867871776386,312.5706273032393,238.15756272872287
313,0.6586827890115348,312.1809662958947,238.18360575393558
314,0.6607793300725506,309.48599305427894,238.89064084991355
315,0.6628724964198541,308.1580215255692,238.25855268858317
316,0.6649654402217313,306.3721896058222,238.5346170621544
317,0.667059865407609,305.4174703519206,237.38048540625286
318,0.6691532523078332,302.7625490947601,235.72123718309714
319,0.6712457992597233,300.17048078100953,235.21531668118445
320,0.6733390782258323,299.8768401407419,236.56150984052488
321,0.6754367503383576,297.08195019289275,237.0326774291963
322,0.6775335143160066,295.82407427084763,234.51952519199514
323,0.679624621064033,293.8493898984933,234.37238064948622
324,0.6817180292738917,292.51107852542907,235.13597673183193
325,0.6838149015047629,291.3398089871981,235.58403193591278
326,0.6859101434268815,287.9130492739852,230.29741472492313
327,0.6880046468184081,287.16511888644243,231.38341867564395
328,0.6900999637264865,285.55237772169215,231.0862514075553
329,0.6921965733216279,284.3607754914521,231.91985109357904
330,0.6942884945981568,282.68953408391144,230.22422299204015
331,0.6963781649531228,281.1245473794987,229.1609720713267
332,0.6984747371200234,279.26438503128253,228.13823436993658
333,0.7005690388882679,277.52404757163197,230.69313590899176
334,0.7026621579778546,276.28517189191837,228.22801080918114
335,0.704757268847954,274.33942519048634,227.51999211114946
336,0.7068509057629639,273.49895711368134,228.02466212082473
337,0.708945644402387,270.54732868543806,226.2694638035418
338,0.7110406815970572,270.6302421162338,229.27708801480807
339,0.7131372373036142,268.40327893129125,225.35033825456134
340,0.7152323589250973,267.0201996713103,226.2880275898424
341,0.7173245162021571,265.5127111932461,224.8327483490289
342,0.7194199711852413,264.35214556782176,225.41722126186198
343,0.7215151322330351,262.44502407220546,224.5585237078877
344,0.7236102334592447,261.18073760411687,223.8897280270134
345,0.7257047129497166,259.31155191617034,221.85621280839578
346,0.7277958825256088,258.6474626689432,222.81107133193962
347,0.7298900912292255,257.4630987249662,224.40392279587584
348,0.7319867159780691,255.55173770155127,220.14209845910895
349,0.7340808521059053,254.4596009774744,221.4009349976444
350,0.7361738853270124,252.792592987802,220.72793995532768
351,0.7382682123604443,251.69811211615922,220.65419942779425
352,0.7403641944498084,250.41956140752632,220.0550884463999
353,0.7424576311971561,248.83536668314736,218.89698071472935
354,0.7445523870480827,247.53880996855108,217.60842146819348
355,0.7466478284648128,246.59586951811275,220.20004968228415
356,0.7487413917548734,245.5738554199542,218.67648956737614
357,0.7508354594737505,244.21691162850695,218.00531428743443
358,0.7529278056847568,242.7569167237865,217.68910100958726
359,0.7550230257904859,240.98643430903485,216.71948612126175
360,0.7571167923480437,240.49427093021015,216.50120034924512
361,0.7592113317151179,239.18484706829452,215.79886508474837
362,0.7613074731933067,237.789674653863,215.7947323424458
363,0.7634009581307508,236.85920535622643,215.18512473762664
364,0.7654969266569684,235.48085948396886,213.7504158919599
365,0.7675905899780763,234.5951447471049,214.30817711781347
366,0.7696837880547684,232.61608232154327,212.6794799482652
367,0.7717795008463626,231.51034221782479,211.26647544460218
368,0.7738757788346248,230.32702935264837,211.55732049188506
369,0.7759706260990727,229.31343919857673,211.68672396547586
370,0.7780620795267656,229.02021084107045,212.17110424427864
371,0.7801559906208961,226.94688712086878,209.81550782094814
372,0.7822523136569128,226.01378866384383,209.14856269952227
373,0.7843481481853999,224.91083929822352,209.4092291126518
374,0.7864425511046899,224.04149961273637,209.9399262473433
375,0.7885343495966205,222.39066223916151,208.235538502021
376,0.7906286372458883,222.02069530066925,209.5126570311748
377,0.7927244345313397,220.3740950143796,207.34636571129363
378,0.794818005513127,219.25704401769949,207.24200274930618
379,0.7969121491149282,218.5816369900522,207.89687996849023
380,0.7990047112993173,217.76619152107594,207.04453439223707
381,0.8010984966914405,215.94202787188675,206.28804447374375
382,0.8031950165575023,214.94565068879612,204.7785973720969
383,0.8052905677217739,214.06028797660866,203.81266490788147
384,0.8073868841230295,213.3631526427696,204.60198756925004
385,0.8094800557409162,212.52182508068617,206.41895354180136
386,0.8115724907946299,211.14307887732207,202.3421009989126
387,0.8136674854006812,210.13354305243448,203.10645348668638
388,0.8157633267681768,209.02072170389502,202.8791573536908
389,0.8178572815764139,208.33470016667854,202.88243896451365
390,0.8199509017046862,207.80064429269547,201.9834214780881
391,0.8220464110750062,205.94658487795547,199.77469505690044
392,0.8241406544737637,205.1744910681046,200.8929921652589
393,0.8262328397247414,204.2649355172695,200.8970836930887
394,0.8283269471334518,202.9288053752619,199.41234977867393
395,0.8304231064697798,202.0663466655137,198.62829172182546
396,0.8325161683796762,201.38720398047388,199.49283365317922
397,0.8346105557242035,200.6092491246055,197.96708576744805
398,0.8367059794413102,200.1269722696625,199.43499422579154
399,0.8388002445604258,198.6155091664325,197.74275192416545
400,0.8408960756111226,197.7883389116521,196.45321637587375
401,0.8429905652842218,197.04770912076842,197.40898884242495
402,0.84508401313589,196.0421374094466,196.7578005684407
403,0.8471791713809247,195.10262593796392,195.96622229334446
404,0.8492743362825239,194.43162052947804,196.42859844386234
405,0.8513668888602299,193.50520622238167,195.57997839054227
406,0.8534589296280589,192.3462332676502,194.0522445856505
407,0.8555558405338324,191.42654474267832,193.91906085898813
408,0.8576516874123633,190.6458690417089,193.95892513569856
409,0.859744590599333,189.7860425081595,193.43887537866908
410,0.8618400547669827,188.74908558804756,192.66237682381768
411,0.8639350434441438,188.22146283626955,193.06881121180885
412,0.8660280248974203,187.85178090677948,194.25287641562147
413,0.8681201347325478,186.6210276669314,191.66685703598029
414,0.8702157283801463,185.35092943742987,191.01748157730333
415,0.872310621353091,185.2611096576366,191.5036026311383
416,0.8744020359703552,184.587824740173,191.42375189816423
417,0.8764972088477568,183.49882038967118,189.81402043969265
418,0.878592835994214,182.6460430629165,189.99807648994522
419,0.8806870131084201,181.84542771833645,189.37739635621773
420,0.8827812802431019,181.41602346238042,189.26065090157417
421,0.884877279658285,180.2185013820065,188.05730897604357
422,0.8869730004154345,179.74661744689058,187.71703106355645
423,0.8890661750433553,178.86471301432084,188.93910065602043
424,0.891161435679344,178.20275372615058,188.2634167256143
425,0.8932577960179496,177.0969232702787,186.93628601531958
426,0.8953527392107627,176.17072833811457,185.54842906165518
427,0.8974462460666859,175.79948902429484,186.93651647753182
428,0.899539340962409,175.05536144780024,185.33125309905023
429,0.9016318169027592,174.1790994878076,185.37486585377437
430,0.9037252249745606,173.6111976685804,184.97478795630758
431,0.9058199443223193,172.85718895056786,184.93722297719285
432,0.907915243986348,172.15226726812227,184.58144781780146
433,0.9100128049501981,171.17442950465392,183.31003979028947
434,0.9121059966002629,170.68628658512048,183.67670822496467
435,0.9141972861830797,170.06714665056134,182.4986699157486
436,0.9162932496702593,169.5982998083571,182.86194520869128
437,0.9183878012752863,168.2198590980548,180.66662912987468
438,0.9204823185419505,167.97356430954284,181.85313795914212
439,0.9225773629784582,166.9080821793333,180.03629368440366
440,0.9246718174739146,166.51172084591815,180.69143568779643
441,0.926766211900197,165.71137400323028,180.5131426682264
442,0.9288591582540804,164.66269574951787,178.5188331606798
443,0.9309526610700547,164.6310783429782,180.13911278211577
444,0.9330479303067369,163.74023124340155,178.54784325626846
445,0.9351433527997749,163.32441826521065,179.80383101956986
446,0.9372383527365933,162.55957989939984,178.23962612957007
447,0.939329757499591,161.56247965657087,177.03906858226605
448,0.9414230571985791,161.35967258866205,177.54806946856016
449,0.9435210054806012,160.62328665867318,177.62264928849476
450,0.9456162503172072,160.15963570603685,177.5177516990708
451,0.9477100092887099,159.08161670308718,175.52944338408832
452,0.9498046323041349,158.80694404672215,176.2666687833993
453,0.9518991548408083,158.40151555682863,176.6199420385526
454,0.9539929332702277,157.31107075346094,174.9413427603175
455,0.9560874898052096,156.6096819326207,173.88636994800297
456,0.9581824530689178,156.45068586122818,175.59412160901562
457,0.9602770371571748,155.32232131141896,173.87056529387465
458,0.9623710723241273,154.74500794001327,172.46014452071663
459,0.9644648349083941,154.48875863785946,173.39890685503676
460,0.966557887379011,153.49563554409852,172.2619808883277
461,0.9686513195291268,152.90389200056768,171.88722795441873
462,0.9707470393683869,152.80675350775746,172.35429952951276
463,0.9728419987888902,152.18271736838884,172.0577885497771
464,0.9749363451418961,151.28983432857666,170.93017037487596
465,0.9770319720978949,151.00942406154797,170.98163061475242
466,0.9791260608689247,149.9101632466552,170.01255362745763
467,0.981219993418123,149.59547790558776,169.9006860174067
468,0.9833154848012966,149.0897462365138,169.69621452210282
469,0.985409217900734,148.48761994453113,168.9374076268263
470,0.9875034929558208,148.09900643444016,169.85286617891177
471,0.989598845059814,147.60952553984828,168.92847226658608
472,0.9916925524589582,147.2308473091923,169.74398257054358
473,0.9937866222530743,146.24075993819963,167.2892925331707
474,0.9958822538585521,145.61895304596842,167.52049995865084
475,0.9979763461234663,145.16183916519543,167.50551785534125
476,1.0000687382803208,144.52399561213366,167.03481544798052
477,1.0021620574674717,143.88049517656995,165.44729781660092
478,1.0042566040705312,143.71506075327872,166.35070351451367
479,1.0063510481087232,143.4660309420253,166.74860783807117
480,1.0084458017147504,142.51838348677737,165.20230776554
481,1.0105412449330358,141.97088228580031,164.67376273296142
482,1.0126363206852906,141.76691810655362,165.00216801224744
483,1.014731689048677,141.19953319328096,165.10262609114116
484,1.0168251811607234,140.36136034883376,163.87715702192065
485,1.0189183181794257,140.18066144660878,164.09172496203092
486,1.0210135131858313,139.43534583619348,162.83103628540843
487,1.023107899818119,139.0403752600596,163.19861770892555
488,1.0252035642142994,138.55554647637476,162.57269303060653
489,1.0272979326699727,138.01780454068984,162.29623183872258
490,1.0293915165160124,137.6069678091327,162.0084616526846
491,1.0314862118776227,137.19808813831185,162.157878421354
492,1.0335813276438528,136.64058809944015,161.34150451638865
493,1.0356760372494827,136.19583840770065,160.98475317799137
494,1.0377697665518313,135.6953580001641,161.0858593299167
495,1.0398635542890804,135.13025828375305,160.09612321531222
496,1.0419580022733907,134.69403990031597,160.24930144285344
497,1.0440530837182007,134.13457058419502,159.71488297003768
498,1.0461463909219801,133.79094672416807,159.02817363140193
499,1.048241289239942,133.70527284325706,160.52204475016285
500,1.0503346504195201,132.7604851970734,158.69368439992985
501,1.0524278880438542,132.60535330264696,158.68979290353363
502,1.0545231057279465,132.06682336678597,158.2354617565978
503,1.0566172205725972,131.49644224231588,157.53546232640753
504,1.0587125681053644,131.25287907385996,158.2488812507636
505,1.060806974942881,130.97361976359443,157.88276861785678
506,1.062900937291859,130.29761001575187,157.15340538633427
507,1.0649968400029963,129.67608766659532,156.74889071195648
508,1.0670917748856612,129.31783191002586,156.3800175439313
509,1.0691837840599538,128.81428596775606,156.02816544022662
510,1.0712784055790137,128.37199807963822,155.22887489335315
511,1.0733741944109443,128.36892244193652,156.65103101115756
512,1.0754689143080451,127.81059118495396,155.81910826797457
513,1.0775625935653539,127.07891690395675,154.0015088260206
514,1.079656551776009,126.78133161877119,154.3519885730985
515,1.081751759033872,126.38356180539995,154.09375691466772
516,1.0838450038800544,125.9565579715949,153.97595407903168
517,1.0859393346043436,125.49110726307828,153.45826710491917
518,1.0880340737032612,125.11772071123738,153.5491816441832
519,1.0901280973397867,124.57817980321101,152.44714629338492
520,1.0922232205093443,124.30419336429122,152.77813187235336
521,1.0943183198095006,123.96503876229023,152.3455060359859
522,1.0964124680620808,123.54119082017864,151.85231858370167
523,1.0985066965945804,123.21413276242707,152.17016448897255
524,1.1006022506925348,122.68295645325905,151.2949660656979
525,1.1026960746069068,122.35423636653776,150.9962012211828
526,1.104789420523433,122.15601377587957,150.93707598126238
527,1.1068841457204943,121.64324702275714,150.58592415971418
528,1.1089772649904681,121.44428544276242,150.81285953183797
529,1.1110723868790173,120.92236661899813,150.2496985483444
530,1.113168427194727,120.44352263779129,149.7246310056563
531,1.1152626776337078,120.23595177231721,149.6142502055942
532,1.1173574051129724,119.77552641863771,149.42508718016808
533,1.119450573697561,119.33089626290375,149.16720997044754
534,1.1215436337779248,118.91244679247444,148.363923297922
535,1.1236390334415942,118.89785493005377,149.333050719689
536,1.1257332200225998,118.37159772789741,147.91810058217717
537,1.1278283378211404,118.02532268146867,147.98846700551903
538,1.1299238131648552,117.56870368179607,147.67760259637106
539,1.132017447124327,117.10592810163286,147.09580755944654
540,1.134110650036949,117.02742361919498,147.8127156966472
541,1.1362036259959787,116.50363820725386,146.86341891612042
542,1.1382991427598659,116.25933058870746,146.61984564125962
543,1.1403936066737896,115.91057351189006,146.87117154801075
544,1.1424878264606209,115.51749149004043,145.98406728535934
545,1.1445836717483504,115.26732261002024,146.22807142405006
546,1.1466778755714095,114.81124939558343,145.2893517673969
547,1.1487715351237628,114.66425360729774,145.71955413388906
548,1.1508672245306748,114.20076602760275,145.211367660643
549,1.152961670034179,114.0316269587288,145.24396583348346
550,1.1550551275418117,113.6805194671895,144.97807319768705
551,1.1571500620004906,113.12985735486662,144.24640407854324
552,1.1592451155989445,113.11516863738483,144.6540576793604
553,1.1613401484055899,112.47344266006223,143.70105678673616
554,1.1634328135986687,112.41259426089816,144.5709382608015
555,1.1655280225544649,111.92906374599791,143.32157997607305
556,1.1676232414157608,111.59626535757961,143.08107011024882
557,1.1697157183635434,111.29467555813112,143.0050127215339
558,1.171809765164966,110.97694046827387,142.78406554924132
559,1.1739036754657965,110.62201858038316,142.01240027897592
560,1.1759974618047027,110.44276963897768,142.29248629202834
561,1.1780927342002254,110.03025738393384,141.71651977910597
562,1.1801886215978319,109.6576162977121,141.40138947106155
563,1.1822824649467334,109.44933933748212,141.77350285369417
564,1.1843777187054296,109.13041178176455,140.95576246635244
565,1.1864731317277017,108.83041925783199,141.0709081100563
566,1.1885662199882188,108.52583820240186,140.607860633114
567,1.1906603290984812,108.4115941826373,141.07251077478745
568,1.1927560449071208,108.06454565773015,140.37211603724384
569,1.1948501301675682,107.88148878637179,140.50926435191144
570,1.196942866326464,107.32088808781245,139.64590489553248
571,1.1990363434731066,107.17299098793464,139.69429879491682
572,1.2011315528209288,107.05691229522614,139.97260239556203
573,1.2032252726398727,106.63488057950067,139.40035755606257
574,1.205319131714267,106.35792372683011,139.14331701299665
575,1.2074143429200774,105.99939854164717,138.79998761680935
576,1.2095073316728018,105.84849757110086,138.62899073756262
577,1.211602159357548,105.37849925300026,138.20061777881443
578,1.2136984428310558,105.37715129239572,138.60960606368855
579,1.2157943340364452,105.15266086079836,138.4055371641782
580,1.217888268816351,104.7921578111433,138.22229843367666
581,1.2199821909033837,104.39831714407524,137.20065289020835
582,1.2220779372220854,104.071597954926,137.27201783305404
583,1.2241720630448372,103.87582401475899,137.100211168581
584,1.2262656486341297,103.81124285949602,137.5065942242705
585,1.2283602712023978,103.47860507308376,136.9448060966879
586,1.230453847781421,103.10808209293305,136.77544445089086
587,1.2325484279288663,102.81266052442605,136.46193308187384
588,1.2346427330328844,102.55279689783924,136.19264212581697
589,1.2367368340043534,102.30206704614844,135.89926539713818
590,1.2388320989568682,102.16523740235452,135.75179137388045
591,1.2409254956441091,101.87426877370996,135.71365771100596
592,1.2430201387037565,101.68012129650373,135.8087315046858
593,1.2451147141570293,101.42429355930743,135.64998378922175
594,1.2472087367784284,101.02318737810484,134.9163713857275
595,1.249302614173833,101.00936285879963,134.97540443619167
596,1.2513971052845823,100.58875037149443,134.62072499310477
597,1.2534931066319515,100.5953877014846,135.0325467200577
598,1.2555863817711985,100.20551350136519,134.4356355698278
599,1.257678969059161,99.85338860570286,134.03832407750895
600,1.2597748382104277,99.81954642332197,134.1350941778944
601,1.2618698898493887,99.57273828660544,134.18874010908138
602,1.2639640740660565,99.31191727270841,133.62006269451882
603,1.266059176034634,99.1952804721748,133.98676112650526
604,1.26815329738596,98.89211108914293,133.26247968807417
605,1.2702469827768745,98.7560777064326,133.59928601109036
606,1.272341439773769,98.47197184028012,133.29559553341346
607,1.2744361591580655,98.11545080844624,132.67607560663947
608,1.2765301570381213,98.02925905574382,132.7675230460326
609,1.2786243195908502,97.70102110285497,132.47257606148364
610,1.2807201779848052,97.58083001247303,132.5134779979855
611,1.2828149770647865,97.33973844969034,132.2882640265443
612,1.28490831046805,97.3115752951326,132.65717438338885
613,1.2870024746125797,97.2068169793769,132.62960623078246
614,1.2890960788179595,96.6806527041511,131.93590263253589
615,1.2911903407610128,96.69128683329131,131.9577059498173
616,1.2932847299377603,96.30122473551239,131.54959865354047
617,1.295379834193548,96.22591326660098,131.79350112689258
618,1.2974743412448833,96.0497597226823,131.9179580026294
619,1.299568838606027,95.77797224727985,131.19607638390158
620,1.3016640567270552,95.57459816344225,131.04031219757886
621,1.3037578272673165,95.49461498284258,131.35453724111338
622,1.3058518980796576,95.11305680277455,130.37833866218392
623,1.3079469520711469,95.10769565028937,130.6895607864448
624,1.3100414674631762,94.90407906886658,130.91166105430395
625,1.3121343419146885,94.68825505512548,130.79152567647213
626,1.3142291157646366,94.56107066870194,130.67585631181535
627,1.3163249547628966,94.34985934756918,130.34040877276223
628,1.3184204308819243,94.16390500169943,130.08929178001745
629,1.320514045081714,93.97496708364585,130.17193626897918
630,1.322607731116918,93.81174079821989,129.90644958163924
631,1.3247030067977636,93.61508620873178,129.8682834958078
632,1.3267964975071294,93.45597827646175,129.85717327920074
633,1.3288900457896358,93.17548813470069,129.13995486939174
634,1.3309846323229146,93.11478488974986,129.72028057732703
635,1.3330795391690438,93.05185738208388,129.91066021858205
636,1.335173949560825,92.72924946435994,129.27795085283694
637,1.3372672428845813,92.65212060579816,129.56139308362947
638,1.3393616502777206,92.37914680627516,128.9280586476387
639,1.3414564546808454,92.37931072802817,129.37524638305587
640,1.3435497634465539,92.25962134611322,129.4403728568247
641,1.3456439095281743,92.1215685725223,129.40183431670752
642,1.3477398961804745,91.94291046687046,129.1698545640892
643,1.3498356331361778,91.72251107723902,128.9340656060679
644,1.3519291222201564,91.69066742146138,129.0692883059099
645,1.3540221824451044,91.25903026362704,128.23093121221612
646,1.3561174165883387,91.37127975601322,129.00467987025146
647,1.3582118000666776,91.20569621779427,128.73219663587346
648,1.360305548489477,91.02015523619995,128.6286825052246
649,1.3624016471705516,90.80490028609245,128.67604114888059
650,1.364496581524498,90.70095456448416,128.46223929412398
651,1.366589927521404,90.51924915623593,128.4533666083259
652,1.3686839345616666,90.61076933386516,128.75897568580606
653,1.3707785136744248,90.34978895428749,128.32338414033322
654,1.3728736781569988,90.38701517614597,128.86483013163223
655,1.3749673745335222,89.98556819490358,128.044906427064
656,1.3770602631292597,89.86739490832124,128.09204650652794
657,1.379155717578164,89.72765157026325,127.79586096038274
658,1.3812508039107998,89.6321090032106,127.98439862749203
659,1.3833453325862841,89.52192977325161,128.32825210398053
660,1.3854396647384786,89.38784858479467,127.96066147694032
661,1.387533616953471,89.34522668380141,128.24404513877
662,1.389628935147901,89.19959919927531,127.89806086149355
663,1.3917230672721894,89.15508054661495,128.13582161941966
664,1.3938172778813163,89.03271555170681,128.00680150824198
665,1.3959128506087028,88.87872059539332,127.85823200257012
666,1.3980069894682674,88.83558260445571,128.1605879101642
667,1.400100032768225,88.72889181719933,128.10100834962904
668,1.4021942273095422,88.65806698653229,128.40442190614476
669,1.4042879724639459,88.46354837501109,128.0700472236332
670,1.4063822250727482,88.49673897354957,128.58942553871182
671,1.4084777998796327,88.23889476757286,127.76048618463561
672,1.4105725454065003,88.21259409141237,128.10010292173737
673,1.412666035757187,88.06299128657577,127.9943666736971
674,1.4147597581950535,87.88904350544365,127.65119106657707
675,1.4168552493745823,88.04141711647374,128.4648763636302
676,1.4189502707585735,87.83713590006438,128.1102217266977
677,1.4210439871962917,87.73917269197447,128.28426939755374
678,1.4231379588066748,87.66361349055035,128.11684148264493
679,1.4252323843784174,87.40756089793219,127.91296630977585
680,1.4273263645812686,87.34752892038306,127.93974392095586
681,1.4294209343777806,87.45601624445523,128.5043090309431
682,1.4315160587565352,87.33452269385887,128.47278295564223
683,1.4336101809254245,87.31901300560298,128.63846334588013
684,1.4357047233292217,86.96676745893879,127.84127383906139
685,1.4377991034950037,87.00425637360622,128.21854787309894
686,1.439893269172154,87.00243483304754,128.58735878463358
687,1.4419870983325702,87.01756819277715,128.70046073346793
688,1.4440820971476513,86.83590543265822,128.48413573795878
689,1.4461780146809415,86.57303204392566,127.98575878776147
690,1.4482723645441788,86.75147091384414,128.85351902719856
691,1.4503661519067539,86.70523377232715,128.98355789027002
692,1.4524608997459605,86.51770537052457,128.61455693848893
693,1.454556191478353,86.52162598055405,128.69330745672147
694,1.4566505605195028,86.45481546736596,129.18108277069257
695,1.4587435672120013,86.3956876622919,128.98716818937442
696,1.460836376274075,86.34511454844595,129.0192332087515
697,1.4629315024559504,86.29048206518296,128.9474226384816
698,1.465026115161985,86.23369289814244,129.09598094716839
699,1.4671201905708728,86.3209537821343,129.88116484785203
700,1.4692142550197365,86.1526300021585,129.4870227085628
701,1.4713085109511452,86.27748043261214,130.0780310010027
702,1.4734040883627781,86.25033951042522,130.17688825554043
703,1.4754983077923518,86.16572320099424,130.09477724641235
704,1.4775927333883283,85.96324995900945,129.8751205659646
705,1.479686516386449,86.04644317501304,130.17334347171592
706,1.4817805445745025,86.05905386880922,130.52740381239897
707,1.483876051193717,86.10313034883329,130.92521233245802
708,1.4859713583510508,85.97320390037763,130.70268543858353
709,1.4880662760111125,86.02287824902301,131.14181125106293
710,1.4901603423423662,85.96243364651946,131.19621045016316
711,1.4922546168830801,85.80919274860136,130.84605749928744
712,1.4943493508016918,85.89891523147118,131.35419625923382
713,1.4964436549031517,85.81154199282642,131.23425020934204
714,1.4985372426394363,85.83194095808163,131.70047721733388
715,1.5006303537214591,85.80590307399773,131.53820438488236
716,1.5027246941647125,85.8341737686269,132.0074339851636
717,1.5048198674391857,85.72918852885232,131.7864093990294
718,1.5069136003861163,85.70525188760234,131.948183810348
719,1.5090076377683221,85.82733531454487,132.51347784505919
720,1.5111026723067662,85.80621416062527,132.5646864806304
721,1.5131971028762412,85.7958534029667,132.93589400641963
722,1.5152912609041667,85.713250759611,132.66002753793256
723,1.5173854934463344,85.7108645882473,133.06087948850907
724,1.5194808793753787,85.76100121964609,133.2210833144856
725,1.5215756259285513,85.7604241557234,133.51507059691505
726,1.5236695807770564,85.92812354545472,134.11753412938754
727,1.5257641081783464,85.74153115744575,133.7396022618584
728,1.5278584873608179,85.7335145199573,134.02057185473203
729,1.5299536435991428,85.85681612864968,134.48791923123758
730,1.5320476585044298,85.83915745725534,134.7102092020282
731,1.5341414384393777,85.93186338039362,134.90659052615212
732,1.536236950937659,85.85044053271307,135.10725362049902
733,1.5383317033374695,85.89202004695596,135.3196182177118
734,1.5404255753841434,85.939451423061,135.600443697049
735,1.5425198393431812,85.98551165056111,135.72749042408734
736,1.5446136227526486,86.01204281358194,136.29217053569678
737,1.5467072285753283,86.10563864930438,136.5234088659915
738,1.5488013111816905,86.16356473601367,136.9520643271504
739,1.550896674249749,86.22234126444548,137.25819436219743
740,1.552991701547339,86.21903761048063,137.33960333155665
741,1.5550856629518366,86.31393589340772,137.75441825765853
742,1.5571801051512508,86.3625319480429,137.99801189620183
743,1.559274417579796,86.42743074119208,138.39306661498227
744,1.5613691533539047,86.4330921743835,138.5234496577065
745,1.5634631934261796,86.62650536375301,139.4751904011914
746,1.5655577892497892,86.62019537661895,139.41212173251714
747,1.5676527275763066,86.61758155938881,139.69542056756865
748,1.5697461748764228,86.67561228397955,139.93244749810972
749,1.5718402189801153,86.96462351374645,140.7340078226237
750,1.5739346218160084,86.79407340897805,140.6192158204009
751,1.5760295037244485,86.88775041227619,140.86987792436895
752,1.5781239238326052,87.0044923342102,141.43432434996902
753,1.5802176736109215,87.00996840666329,141.5800833905564
754,1.5823123941098438,87.07084925173383,141.9105913061728
755,1.5844068047546922,87.18614352466354,142.2868498251755
756,1.5864996832696292,87.20206244499548,142.5948006073104
757,1.5885944598128996,87.46665593969703,143.45669716652915
758,1.5906903325437156,87.44836539035246,143.34610683402394
759,1.592784689092666,87.75555279497279,144.3484234317098
760,1.5948796873290236,87.73539819105649,144.70181700648175
761,1.5969745597395735,87.87066987751498,145.04579417400566
762,1.5990689218084002,87.85936464104569,145.18170726148944
763,1.6011633213632455,87.93977539285432,145.52327637184123
764,1.6032577776043084,88.24000315274972,146.57419323679488
765,1.6053514020964894,88.20662872964543,146.64290652844616
766,1.607445093072501,88.45848308094386,147.5408971380846
767,1.6095393086936036,87.91080884772303,145.28205512522118
768,1.6116336711357766,86.95841446637787,140.99280773273404
769,1.6137279918528686,86.27629452032662,138.1063248595871
770,1.6158221116449558,85.54183234225816,134.88110397728323
771,1.6179176229648538,84.73902187328137,131.23535614973238
772,1.6200131612431772,84.11210364390654,128.4858746347905
773,1.6221069236192778,83.52268191862268,125.49745628628075
774,1.6242011307622557,83.04410397695341,123.39218687460975
775,1.6262960841945175,82.44250682057464,120.48401649022851
776,1.6283896203498047,81.72456435388071,117.85084760365949
777,1.6304834947928883,81.25732255307234,115.46334258117109
778,1.632578127710653,80.79814322352274,113.02124271500348
779,1.6346731813158608,80.41323995948304,111.34907541918638
780,1.636767172365261,79.64142725898289,108.30839149251243
781,1.6388603779595408,79.38804161026827,106.7281464818356
782,1.6409563605892468,78.98224636317813,104.85427923010946
783,1.643050621284035,78.60005694538799,103.01007791611583
784,1.645144102645386,78.13608927429257,101.0538665560233
785,1.6472395726584623,77.59552665100523,98.74386616438244
786,1.6493331318477138,77.27881294736689,97.07425530531978
787,1.6514277435583298,76.9472970709374,95.53575149021098
788,1.6535225655624404,76.56644284014321,93.63621880198745
789,1.655616100487628,76.25715174139084,92.13556489602318
790,1.6577106071833263,75.90994713355222,90.5410561069804
791,1.6598050724476994,75.53443529129468,88.94658728522423
792,1.6619001395524664,75.15668591795661,87.43141510558695
793,1.6639948642035431,74.84309665023841,85.79449312515666
794,1.6660882997554614,74.44397806511631,84.02350155207371
795,1.6681827329415837,74.24361551583043,82.93185388480788
796,1.6702780557373313,73.89816800904617,81.41338127975648
797,1.6723710846745943,73.51653321877376,79.53952654633994
798,1.6744651718920411,73.33080620284574,78.57997254705916
799,1.6765602044792516,73.04792618719647,77.03678078343155
800,1.6786535596079524,72.78068874421797,75.93060176202894
801,1.6807491745425278,72.3569223157357,74.22212540799576
802,1.6828445761171116,72.147033717868,73.10005666272292
803,1.6849386388007168,71.90397136527558,71.98281217630569
804,1.6870339476475265,71.66136921770989,70.6528213282604
805,1.6891280758541645,71.37263586445266,69.44531517872494
806,1.691221272327691,71.12575510606133,68.29512717368283
807,1.6933141346742315,70.83939394765943,67.01364572994616
808,1.6954090930463133,70.67009361911882,66.07957133050569
809,1.6975047078021417,70.36809277587376,64.76820169013371
810,1.6995991246970055,70.1346947646085,63.937110007285824
811,1.7016934918813407,69.95834157992978,62.64302020363079
812,1.703786903721137,69.62520474474698,61.31165623720637
813,1.7058818292953146,69.41473821170965,60.37491849596262
814,1.7079768740006063,69.24106893614068,59.29668497825923
815,1.710070845319196,68.9810449801831,58.32327848557325
816,1.7121645316176712,68.80823705537621,57.21177989939476
817,1.7142597272321454,68.67798972250041,56.54148837102616
818,1.7163549406546734,68.32435552080331,55.31218031963541
819,1.7184482195940645,68.11022010216281,54.13941428662628
820,1.7205423072627637,67.92725283863618,53.314755605931175
821,1.7226374847113666,67.72554222496431,52.44352525250598
822,1.7247323233526113,67.483564506049,51.364549980523776
823,1.7268266901810085,67.41188600143438,50.66270686946917
824,1.72892134476467,67.12383755632062,49.51883626324398
825,1.7310153629662073,67.0659151144022,49.056674606881266
826,1.7331087353021186,66.8038434978483,47.82004344726891
827,1.7352028820270462,66.63034256441566,47.122137141497014
828,1.737297419510233,66.41823246788591,46.192225415030634
829,1.7393924268721555,66.27913395338051,45.47607812582979
830,1.7414865202316776,66.11169207336513,44.836618352906925
831,1.7435798385311778,65.96212428162053,43.62335855920214
832,1.7456747741592018,65.69114509095049,42.680800340436726
833,1.7477707733578058,65.51188079994205,41.95323695771747
834,1.7498644151299778,65.3735246111354,41.12796713796649
835,1.7519579294274097,65.33833804423219,40.6305785813325
836,1.754052537005875,65.10028212003495,39.55599067206518
837,1.756146014277543,64.92560806456952,39.01566108815935
838,1.7582399685899122,64.75015924837297,38.157445574696546
839,1.760335124398212,64.6399320755767,37.51626016937408
840,1.7624306374180432,64.4201582813186,36.5338855502513
841,1.764524733445493,64.2825400951508,35.784507419598214
842,1.7666195957988082,64.21425803907515,35.182820300651386
843,1.7687146552767006,64.01038450651488,34.486550526044745
844,1.7708085687106505,63.84291753941667,33.84941515413298
845,1.7729026984403262,63.69010840277772,33.01441940818481
846,1.7749968373222131,63.55384329146508,32.46384026207358
847,1.7770919795414395,63.50946834016061,31.950540580661563
848,1.7791866891650514,63.262142917367754,31.10172935806341
849,1.7812805740714612,63.150421753737746,30.32985933913737
850,1.7833749145944944,63.01438473873378,29.84053105167327
851,1.7854698174814119,62.93389277431955,29.335504372726426
852,1.7875649050000997,62.832648546488564,28.778133766555836
853,1.7896586091751823,62.68052264526382,27.843524427825667
854,1.7917528105223397,62.53685929770763,27.49163229728879
855,1.7938472619734778,62.41091956533683,26.65323667324319
856,1.7959410333998334,62.29985167052677,26.210779864004568
857,1.7980353139963554,62.13704346502771,25.386229410865155
858,1.8001292949050451,62.029857144167906,24.757563551530517
859,1.8022240144636215,61.9370418006522,24.461918323798734
860,1.8043180357006787,61.742966836338155,23.497870400414985
861,1.8064120149556366,61.71675682196259,23.159470358097952
862,1.808507216693214,61.577870251346546,22.30086134117847
863,1.8106012235056632,61.43363661957693,21.89408628018531
864,1.8126961076333348,61.37146959719522,21.420494485226737
865,1.8147906359659112,61.2646678466484,20.976481394247525
866,1.816885013662702,61.20523482847696,20.564029110148336
867,1.8189799788179999,61.04948745633529,19.702415576529933
868,1.8210733357472892,61.03781865406441,19.35831353565904
869,1.8231675363973032,60.83751422744873,18.610503069254086
870,1.8252628639859947,60.74224244060211,18.14962906947495
871,1.8273578690890415,60.71564563468674,17.72724517026604
872,1.8294529153678178,60.53034968433792,16.928691970161452
873,1.8315468366202061,60.491892243554986,16.664614057282463
874,1.8336403420201965,60.43625867352133,16.0258475506023
875,1.8357342642631629,60.26639429996827,15.461510473518453
876,1.837828606636473,60.17647214895344,15.136762814494194
877,1.8399232687279,60.08042866043069,14.593909625723192
878,1.8420169361094605,59.975045882463846,13.99480305807166
879,1.8441103454239045,59.92564408749402,13.482108141956198
880,1.8462047113551943,59.820118769074604,13.036796459880348
881,1.848300337583767,59.782371095021,12.70773457502559
882,1.850395118058644,59.68081343221145,12.114385412678839
883,1.8524895015648957,59.521286189536994,11.613449200998204
884,1.85458435317291,59.3928628021728,10.924294613863447
885,1.8566786691854407,59.38994765191116,10.735491641234775
886,1.8587722962005393,59.35572235923213,10.158452280425712
887,1.8608667292143481,59.31085360844686,9.901280432977002
888,1.8629623979972338,59.125513761363614,9.187691304603279
889,1.8650575007618033,59.060117770948324,8.851167743277196
890,1.8671515757398978,59.11118185803123,8.663556647668678
891,1.86924567270883,58.9687047706308,7.865806362803735
892,1.8713402290883943,58.93230027731031,7.699969044087463
893,1.8734333441485889,58.763781097918205,7.140175739959993
894,1.8755274569663687,58.81960360765235,6.753104043014548
895,1.8776226584010878,58.73739068890056,6.40603410336421
896,1.8797156234954413,58.593609815092265,5.8539498282723486
897,1.8818097674713492,58.654819001324014,5.62755486494532
898,1.8839051205157094,58.516683264231986,4.854228663625335
899,1.886000042933448,58.412896408797735,4.444156520605616
900,1.8880949075451439,58.37494548034163,4.194074692572716
901,1.8901881584759161,58.28673941117229,3.6067025432103237
902,1.892283217936019,58.27758229292745,3.3439115861407567
903,1.8943782680554568,58.23898923494291,2.932947572953305
904,1.8964720473710392,58.16376205121089,2.79353598509091
905,1.8985668668489433,58.08130227416155,2.0957288676649948
906,1.9006612809862096,57.99531453096645,1.4817836840885363
907,1.902755719587151,58.07384240937959,1.552634032084482
908,1.904849757588545,57.94722940345397,0.9233792230799989
909,1.9069430754605277,57.92016693065176,0.659037172243169
910,1.9090378340013505,57.894618397232996,0.20393265138310607
911,1.9111324914183263,57.77308601787814,-0.20446474741904772
912,1.913226965923519,57.737595266492534,-0.4872108378732031
913,1.915321381331026,57.57463486863726,-1.4333172296455945
914,1.9174162748437817,57.74769789380787,-1.075200356015625
915,1.91951096404297,57.65237716595839,-1.6571415372500689
916,1.9216039358616672,57.463479754807146,-2.4398803696996465
917,1.9236986253914137,57.621061855129916,-2.2014689887997925
918,1.9257933066276691,57.408903009921985,-3.120371534109249
919,1.9278873651498682,57.56550877184675,-2.85611737720526
920,1.9299807661659822,57.41650284850072,-3.6903918717146973
921,1.9320760482648573,57.35110803215831,-3.9601025276049744
922,1.934171767524072,57.358277537573244,-4.317578441866216
923,1.9362651059315399,57.41281537176866,-4.4153846526068365
924,1.938359138419254,57.24753464958566,-5.016886664773164
925,1.9404538735984294,57.22607672643108,-5.380910410170465
926,1.9425479146608418,57.22247430605119,-5.394162223802977
927,1.9446418189559174,57.16153975864745,-6.143391788769802
928,1.9467371502259871,57.19940090297574,-6.271912505700623
929,1.9488329760684335,57.10018249760073,-6.718966801035308
930,1.9509268120448882,57.03927064022764,-7.298690833231664
931,1.953019609354344,57.18022059220771,-7.170100958315055
932,1.9551147244404972,57.119615578321486,-7.69002198224882
933,1.957209950604826,57.14329662162225,-7.936840293737962
934,1.9593041179655175,56.97498725070639,-8.668519207894084
935,1.9613980124620214,56.93511436031155,-9.068044283259608
936,1.9634920823781827,57.07901779704279,-8.92886686757691
937,1.9655870316775599,56.943358566547204,-9.733943634510387
938,1.9676813106463258,56.88715088359041,-9.838753543375956
939,1.9697755380711686,56.91736395288547,-10.200725578117156
940,1.9718704076888727,56.81360793602682,-10.678550756405519
941,1.9739643213778544,56.885342089939506,-10.961537888280052
942,1.9760582139073395,56.773510759087635,-11.523058067490297
943,1.9781533744008393,56.88535105772834,-11.542097093486808
944,1.980249297656676,56.826683316566225,-11.791565678933475
945,1.9823436902775773,56.85798057597691,-12.351962094009831
946,1.9844363854611324,56.84752874732765,-12.486788806349946
947,1.986530057736426,56.77571719076604,-12.92052665016997
948,1.988624138262085,56.7857560207287,-13.277221784044112
949,1.9907191302641989,56.67594388842047,-13.71714674503265
950,1.9928140678397719,56.818490808448885,-13.676650687442695
951,1.994908057158038,56.764177514926914,-14.234739107324403
952,1.9970037235567513,56.79020546673317,-14.709305570536472
953,1.999098539119481,56.706845126721085,-15.039742835691257
954,2.001191245179364,56.641231082520676,-15.610702364063016
955,2.003285465781134,56.74070528753347,-15.678336368399325
956,2.005380090953843,56.78046412360005,-15.966686694455845
957,2.007473757612322,56.81613855652861,-16.06387257080337
958,2.0095674385752345,56.863909370835245,-16.16942417702863
959,2.0116620669227445,56.68436391918539,-17.21572893518595
960,2.0137574654124313,56.85993766779089,-16.93500501488465
961,2.015851542299029,56.77282990282792,-17.4196615204925
962,2.017945842236743,56.69577713588623,-17.78409868250888
963,2.0200414078173843,56.687266790126586,-18.55166411307662
964,2.0221364472105585,56.70392131429501,-18.543057316804546
965,2.0242304661583193,56.80199013597492,-18.921851748845192
966,2.0263241213554704,56.6477515675298,-19.584724323323623
967,2.028418169537371,56.796077374222094,-19.315869050831942
968,2.030512126699397,56.70571308651623,-20.487140923021386
969,2.032607257696191,56.82710241998588,-20.261847197088183
970,2.0347026748788237,56.758176244866874,-20.668208673925466
971,2.036797432049628,56.78036391387584,-21.15070317631627
972,2.0388917803566513,56.949447864526434,-20.865542261575985
973,2.0409854404727548,56.835861009961235,-21.843394789649217
974,2.043079158497923,56.836102147232744,-22.061747289001065
975,2.0451737042342053,56.86641877554164,-22.513276764108838
976,2.047267957686092,56.844765246183826,-22.82754239059432
977,2.0493625921646865,56.87343645371251,-23.004992658030027
978,2.051458159400133,56.8178871239639,-23.582304790321
979,2.0535521918605197,56.95883875432169,-23.528544868310366
980,2.055645062675616,56.98179491598844,-23.86965101711532
981,2.0577393587752955,56.90796221619629,-24.582808118698463
982,2.059834437786395,56.97539415439089,-24.661132580978663
983,2.061928055170489,56.842382490297084,-25.67740126497807
984,2.0640226957402352,57.02119064090681,-25.229009395589785
985,2.066118258189404,57.0347288173432,-25.590701732449958
986,2.068213196804832,57.07672152753438,-26.27179188348488
987,2.0703072818107917,57.05497323672782,-26.574237917372688
988,2.072400931462771,56.96450585834155,-27.31096344967762
989,2.074494103322103,57.163478996049044,-27.115649966118948
990,2.076588647294614,57.046739987707426,-27.94775253968698
991,2.0786837571325223,57.27891446692193,-27.882863373980975
992,2.0807786951127576,57.20125940318351,-28.376265150046567
993,2.0828733611799306,57.12559254860342,-29.347745886776295
994,2.0849676047315464,57.29425338868385,-28.978320586017613
995,2.08706191167589,57.103745734388006,-29.954450202536638
996,2.0891552570733616,57.36457070186718,-29.624282977262087
997,2.0912498961643236,57.2732917402977,-30.32096564835065
998,2.0933446561638878,57.310699598986915,-30.640594691172666
999,2.0954387435644386,57.35845933007666,-31.403087074987862
1000,2.0975335870618825,57.19102372045504,-32.015051990609116
1001,2.099629070349723,57.45514905909839,-31.453041859456718
1002,2.1017228492895934,57.33409599616802,-32.58136641574737
1003,2.1038170482062775,57.5493429838165,-32.60336562981981
1004,2.1059122372778973,57.45665751929662,-33.270286903518596
1005,2.10800554057148,57.45952408898038,-33.97855195506023
1006,2.110098599114947,57.63201954249911,-33.821327079116756
1007,2.1121927216235163,57.474523821638975,-34.96256251697966
1008,2.1142879182187984,57.835505034539125,-34.26209686448308
1009,2.1163820759811065,57.59725159763299,-35.344860865616894
1010,2.118476597123504,57.519704559034096,-36.02730402977841
1011,2.120572077635568,57.65341453493335,-36.3729212244521
1012,2.122666143506846,57.54749854784382,-37.21658746092243
1013,2.12475947440395,57.862340622567416,-36.78628696780206
1014,2.1268549228070284,57.63995252529658,-37.71606838184701
1015,2.1289503858580807,57.766223438763916,-38.110698619685394
1016,2.131043274916299,57.7646191511589,-38.73926547015952
1017,2.1331378502136085,57.782204837929285,-39.5082684723237
1018,2.135233020544507,58.02028844432263,-39.21530119831291
1019,2.137327211773404,57.63124976631331,-41.04266823638269
1020,2.1394213678417553,57.90849547540068,-40.57637834361146
1021,2.1415151935265153,57.99520544255108,-40.72837603654504
1022,2.143609686067666,57.7834650307348,-42.218665615320425
1023,2.1457039096890913,58.044439522991205,-41.794746252683154
1024,2.1477977892281794,57.72388077510353,-43.43928254472031
1025,2.149892773795189,57.97216455237685,-43.081136085988916
1026,2.151988207011953,57.940545224850354,-43.84460831799822
1027,2.154083430042502,58.03431247598558,-44.15271294668923
1028,2.1561769020273363,58.04903388427351,-44.912218446415075
1029,2.158269727638565,57.90968370267926,-45.90790617538254
1030,2.1603643338266334,58.09322404100905,-46.158230338330526
1031,2.1624594611960894,58.01971941719286,-46.986142174790324
1032,2.1645538445620423,58.145719379978395,-46.83250166735451
1033,2.166649266160557,58.04488626865601,-47.6521746876198
1034,2.1687438965600263,58.06207688468791,-48.749590087432296
1035,2.1708363804402464,58.26654020638643,-48.733732198264555
1036,2.17292939543057,57.96938170614984,-50.27110723229521
1037,2.1750246621139153,58.335039302065006,-49.81333811408172
1038,2.1771189095943266,58.13481890499158,-51.13760384663806
1039,2.179212962470575,58.0931597493316,-51.65580572573799
1040,2.1813066434396426,58.13176118545572,-52.09503906128194
1041,2.183402629792164,57.74564787104137,-53.98705691040023
1042,2.185498119455816,58.22196138585826,-53.03249324202844
1043,2.1875916200185137,57.9604465201246,-54.929008512885794
1044,2.189686441120868,58.121149947178964,-55.176431497794354
1045,2.191781413276182,57.87911015119679,-56.73146885057582
1046,2.193875147711239,57.67142242175222,-57.566108702292254
1047,2.1959686613130316,58.079463035564686,-57.47198355738863
1048,2.198063923558019,57.7046414802775,-58.73973476205907
1049,2.2001595001532226,57.82408251833157,-59.02881553455181
1050,2.202253779153767,57.728247761427866,-60.31182789369182
1051,2.2043460760907565,57.63581761705552,-61.54941525693563
1052,2.206440891990371,57.75899712893973,-61.595496421558956
1053,2.2085356491852317,57.34520055501431,-63.721131094553925
1054,2.2106277016542335,57.65976049414843,-63.2760479012447
1055,2.212721958545959,57.3177376708659,-65.14194397488357
1056,2.2148185083900422,57.38181284242291,-65.6334964431615
1057,2.216913061952383,57.41925490361942,-66.70252525506055
1058,2.219006160150891,56.89659610432501,-68.31718637890343
1059,2.2211007684745443,57.28839871785421,-67.7269843682285
1060,2.2231966067711273,56.51749607910143,-70.99230803463432
1061,2.2252915180225106,56.84820812494397,-70.58873805195277
1062,2.2273849286831946,56.54507135872826,-72.83037423085426
1063,2.2294794057777056,56.414001533003685,-73.92449383634086
1064,2.231574082226972,56.59844275921206,-73.99601694604482
1065,2.2336675726385264,55.86537830867557,-76.66243293716327
1066,2.2357616690730993,56.41601269142776,-75.97195376995502
1067,2.237857388038379,55.6641172976233,-79.2785878003353
1068,2.2399520699736297,55.78652124811212,-79.18280466173442
1069,2.2420449617357057,55.555777705457494,-80.54704463376932
1070,2.2441391380853632,55.00423397141999,-82.89661152712065
1071,2.2462342793770116,55.34286722561317,-82.25799039878467
1072,2.248330004000319,54.41188710876553,-86.0666524907932
1073,2.2504234986669656,54.67174332025033,-86.2008535819731
1074,2.2525166459790467,54.100867219462124,-88.56425033736724
1075,2.254612702557845,53.89831369162558,-89.94733432904272
1076,2.2567074239010356,53.55382429482336,-91.20139312015705
1077,2.25879926569608,52.94942683297606,-93.69940496612446
1078,2.2608934332232278,52.94645341829452,-94.52899767353803
1079,2.2629890832862967,52.304115522260965,-97.37864419816982
1080,2.2650815906481947,52.14543525553262,-98.74085701543548
1081,2.26717631551426,51.52292226276229,-100.61018340708054
1082,2.2692717091510235,51.11975254030008,-103.08010163477459
1083,2.2713660430599174,50.739460145909625,-104.6099346377297
1084,2.273460830916725,50.180404535698315,-107.10601895117809
1085,2.2755552510450507,49.71956148462744,-108.99320274745898
1086,2.2776502981151867,49.37792938729947,-110.55668521698284
1087,2.2797428242388995,49.121630300157335,-111.79374440800628
1088,2.281836092329788,48.83194823510926,-113.13151932876735
1089,2.283933556285596,48.65573840298956,-114.18225356497935
1090,2.286028868050817,48.516732934968836,-115.65304314921585
1091,2.2881212248812486,48.364050649590176,-116.26538771689067
1092,2.290215014848569,48.119002609682745,-117.01089718297324
1093,2.292310229911211,48.06680800377858,-118.0486257812722
1094,2.2944051456334345,48.028355234783554,-118.95631714824418
1095,2.2964983471898495,47.842574088683016,-119.72500684884376
1096,2.2985921024349003,47.799789144199366,-120.55858043412337
1097,2.3006888643809247,47.679955690842576,-121.28515653694093
1098,2.302783634096356,47.626738028224906,-121.89370975181984
1099,2.3048756698218886,47.675193640498506,-122.85645900366119
1100,2.3069695720010412,47.57458526774213,-123.57714301056544
1101,2.3090651112173397,47.410431887846144,-124.26053143567854
1102,2.311158495429861,47.565165204442714,-125.18788574103355
1103,2.3132509513768182,47.33840274758305,-125.46562424804193
1104,2.31534766594442,47.38755101962768,-126.46690111000738
1105,2.3174438092641236,47.288302791932445,-126.79360594714899
1106,2.3195366518474128,47.346855274465256,-127.6928913170959
1107,2.321631141204296,47.22729741317591,-128.1668034270807
1108,2.323727832694395,47.28444291560617,-128.65155710065358
1109,2.3258211826493147,47.2073579782437,-129.25815758501986
1110,2.3279133966950116,47.28279264730924,-130.166790641597
1111,2.330008120458155,47.22327384867738,-130.4913997749282
1112,2.332103956675321,47.24992802431096,-131.53893102609717
1113,2.334197579452735,47.27558538814511,-131.93955448490257
1114,2.336290017181209,47.35785559190827,-132.83271270451118
1115,2.338385505091734,47.2720517605824,-133.1888112013939
1116,2.340480189114194,47.352001771717084,-133.85634201921852
1117,2.342573391055059,47.330436405682015,-134.38194560244963
1118,2.344667848677038,47.34927879282791,-135.00359244374366
1119,2.3467629878884537,47.344042865814984,-135.44664283668249
1120,2.348858220839854,47.36383189085309,-136.18423885955153
1121,2.35095250082758,47.394686997311595,-136.742604310891
1122,2.3530449396760944,47.46767448722373,-137.26148490738456
1123,2.355141499104623,47.46451476162577,-137.9185551658137
1124,2.3572378412451434,47.41593089473959,-138.16878439606296
1125,2.3593294861259198,47.55110566669826,-139.00308480856327
1126,2.3614224992004984,47.673160532590984,-139.9564462743243
1127,2.363517948981548,47.56239018276604,-140.0432994533623
1128,2.3656139136423477,47.687488375309506,-140.742572561897
1129,2.367706660383537,47.648187526761056,-141.05431309626863
1130,2.3698014470222093,47.66319050832949,-141.7741917019328
1131,2.3718977582075165,47.85111575808864,-142.65732074078278
1132,2.3739899214574836,47.84715899891195,-142.88479577654968
1133,2.3760825194215927,47.81988812703768,-143.50176537154314
1134,2.378179070039863,47.82305924892222,-143.8704364871525
1135,2.380273759058959,47.99378166740016,-144.75969541494098
1136,2.382365673610318,48.11949155496775,-145.36754418844174
1137,2.3844604460166168,48.177934322015666,-146.04622191442868
1138,2.3865571190304595,48.0351540899468,-145.9098866950067
1139,2.3886520978255446,48.24227858223069,-146.89402372866994
1140,2.3907442891236066,48.295230326578974,-147.50964120462467
1141,2.3928386457990913,48.44342758858057,-148.25763327008121
1142,2.394934562690242,48.43938703037153,-148.6271973603489
1143,2.397029599690107,48.64553319828139,-149.68054772755897
1144,2.3991222591305954,48.60528379185994,-149.86822021265232
1145,2.401217024080888,48.5898358028904,-150.14723670640495
1146,2.403314513026698,48.80278691905897,-151.2362308020142
1147,2.4054081911284184,48.828786322466065,-151.4524934553797
1148,2.4075011183217048,48.89988605456921,-152.15651069753605
1149,2.4095960074264258,49.05598543812298,-152.84578697854272
1150,2.4116926326559978,49.2844115186882,-153.9487847038731
1151,2.41378425055939,49.14175635143649,-153.85102364608682
1152,2.415877382497087,49.11218895257181,-154.13494973913632
1153,2.4179783678062123,49.41034134428789,-155.2082696113954
1154,2.4200733739460714,49.60424641954681,-156.04378941497586
1155,2.422162501290004,49.583223730105,-156.4696106870465
1156,2.424257158180454,49.67521718834779,-156.98640277802883
1157,2.426355368807169,49.75110773177054,-157.55118388279507
1158,2.4284477900186845,49.64520017517915,-157.46278454721832
1159,2.43053883847394,50.15868429414346,-159.4318348128459
1160,2.4326356353293934,50.23270316265556,-159.8176712273548
1161,2.434732612021302,50.300673283485764,-160.40098434327362
1162,2.4368252927922227,50.32863130988718,-160.7710359182626
1163,2.43891890863681,50.461743241934116,-161.50257230655995
1164,2.441014895314609,50.43415576938267,-161.75755014519515
1165,2.4431105244568765,50.565714960684595,-162.32136341924058
1166,2.4452031167440684,50.732825440181024,-163.05369466595238
1167,2.4472938786799143,50.917784197794674,-164.0399097084529
1168,2.4493915902413868,50.903856283300996,-164.2685130319265
1169,2.4514877943094935,51.171058121455395,-165.22532473632228
1170,2.4535774837073663,51.30277808840461,-166.049406638176
1171,2.4556717453467782,51.311664904369444,-166.34681538571024
1172,2.457770725968573,51.48308131827662,-167.07145817795188
1173,2.459865450868259,51.64596494145684,-167.79091776813254
1174,2.461954843714291,51.83121843298801,-168.7081102352968
1175,2.464051305962942,51.90466888758064,-168.99100906259983
1176,2.4661493201186655,52.0495469020293,-169.86791918977875
1177,2.468239991051035,52.35079938091194,-171.1230537839113
1178,2.4703335941159144,52.52932766720825,-171.73345479924913
1179,2.472432426226094,52.576808756666935,-172.26404409985918
1180,2.47452690434623,52.647053981524486,-172.56211290000243
1181,2.476615373809059,52.923390001360836,-173.74942994811215
1182,2.478710457672189,53.087085713092904,-174.40293322796455
1183,2.48080966574444,53.27815969310916,-175.49605437099106
1184,2.48290090100287,53.291169260143846,-175.65932592507554
1185,2.4849923340191187,53.55334946015369,-176.66126039438706
1186,2.4870897130294636,53.72949186448658,-177.46740106748626
1187,2.4891862386660164,53.70505446075234,-177.5803949063306
1188,2.491278235985619,53.97310380634701,-178.58407771740232
1189,2.4933690456944357,54.20552246600361,-179.63060147526912
1190,2.495466543397291,54.35087174988003,-180.45081520016925
1191,2.497563830960505,54.569414435609325,-181.2218916768945
1192,2.499654519205421,54.83094244565921,-182.23058446367392
1193,2.5017479497353943,54.80444118975159,-182.45918605489717
1194,2.5038480054516667,55.1120788768872,-183.5331015305767
1195,2.505943433921919,55.22580303147247,-184.14278939707222
1196,2.5080284861327207,55.37212171574325,-184.84183852518936
1197,2.510123955773609,55.66420381998523,-186.10372276619046
1198,2.5122261646694253,56.03190586632819,-187.37922906677133
1199,2.5143177674343575,56.01838789878095,-187.59646052173824
1200,2.516405803072155,56.27974887463439,-188.612781683055
1201,2.5185026929964116,56.32277675107648,-189.02351042363915
1202,2.5206041831245063,56.60984142420337,-190.06991669103172
1203,2.5226964757648327,56.90725254985616,-191.1813226048228
1204,2.5247869961159406,56.988661203548226,-191.51856884458627
1205,2.5268843920051487,57.34275169696112,-193.12297983313604
1206,2.528980483597168,57.508399313956886,-193.73513793352652
1207,2.5310684597394695,58.05132902956098,-195.6837419122885
1208,2.533161718042206,57.912092552459505,-195.3173403669145
1209,2.53526488574662,58.27723258552286,-196.72909573362782
1210,2.5373603920777454,58.69416664234808,-198.3382844965962
1211,2.539445749963502,58.41985585233531,-197.59709746891008
1212,2.5415417180131348,58.89104428984006,-199.33501263121346
1213,2.5436457679371425,59.00792451180821,-199.9401484409406
1214,2.545736808475733,59.523250514551414,-201.72121336111107
1215,2.5478233832874237,59.84339697296624,-202.97583715200247
1216,2.54992085584226,59.66986779146045,-202.62229371673314
1217,2.5520207655356866,60.15212023334691,-204.2505878515561
1218,2.5541098448110064,60.42095304471455,-205.36111479588484
1219,2.5562002600365847,60.584862206083415,-206.09622290914834
1220,2.558305455724291,61.07781050967534,-207.93385041081387
1221,2.5604026511470312,61.37022858636675,-208.96257725090823
1222,2.5624826414852553,61.36917356103643,-209.16342454144717
1223,2.564574391949512,61.74806860064208,-210.71335919350474
1224,2.5666808497683498,61.6832859546297,-210.4166375354043
1225,2.5687773451615423,62.23392810394019,-212.46771789545332
1226,2.5708608935170316,62.20143178348365,-212.47649596986176
1227,2.5729575952355885,62.59095613734977,-214.09202805298742
1228,2.575060651513359,63.31002869703502,-216.4877896838241
1229,2.577148431575012,63.464289379177806,-217.13991189126307
1230,2.5792346077561192,63.224983133004734,-216.60418986170293
1231,2.5813352493894732,64.38702903592848,-220.71259787462031
1232,2.5834369526956515,64.41528877308,-220.74895701292138
1233,2.5855218346006232,64.78463561657843,-222.23229282908045
1234,2.587610713900489,64.70778881917431,-222.11087631530853
1235,2.5897186990593415,65.31434350118458,-224.24842366617975
1236,2.5918181690667126,65.81094669884452,-226.15604938457028
1237,2.5938985009385314,66.21650693343548,-227.52581764771716
1238,2.5959901966325076,65.82964031450344,-226.4533855909621
1239,2.5980970827886534,66.67322155632314,-229.29912008467895
1240,2.6001911974764487,66.79937746715065,-230.01502704803363
1241,2.6022734575046016,67.56454105460143,-232.51063907646162
1242,2.604374761438423,67.7529614535648,-233.47746762270918
1243,2.606480077670044,67.71852539364818,-233.4951662488163
1244,2.6085618800169397,68.66384506785015,-236.71225507172898
1245,2.610646200048581,68.69144302661343,-236.89208828905012
1246,2.6127580952497533,69.18785581287067,-238.8693386050147
1247,2.6148609257992828,69.56860276214532,-240.32281004250046
1248,2.616933454172155,69.56507347626096,-240.2166287062659
1249,2.619020659870304,70.12484029299661,-242.26083102076356
1250,2.6211346279669097,70.21046666863177,-242.82057701371218
1251,2.623236503452788,71.56059992296447,-247.44816285941485
1252,2.6253090562225565,71.49102294128949,-247.35952210337956
1253,2.6274000701334055,71.73886710891374,-248.23195698076262
1254,2.629513118467727,72.89602753988517,-252.46789664923435
1255,2.631604301330356,72.84732318369885,-252.09865889103602
1256,2.633685254021577,72.87436890488823,-252.3998019055582
1257,2.6357889797673804,73.68724811708697,-255.41568091347483
1258,2.637895874321367,74.26058339209037,-257.4343312354418
1259,2.6399747081141895,74.7214322714187,-259.0174248967756
1260,2.6420591747927733,75.2190310647942,-260.9239342514793
1261,2.6441764666284318,76.31856842380427,-264.75358793916575
1262,2.6462775406423154,75.56096687706805,-262.23619835935756
1263,2.6483402943393326,75.97987290948089,-263.7122250398602
1264,2.650428729148096,76.34777006936638,-265.1802405402963
1265,2.652562718674548,77.40769948595013,-268.938904138932
1266,2.654664088292312,78.01646533487853,-271.1035859357029
1267,2.656712651557163,78.68607505848553,-273.37162663617227
1268,2.6588106765908748,78.87285522811827,-274.28562444809353
1269,2.6609452450324915,79.11438751159346,-274.87460336605176
1270,2.663032290426174,79.86438763883375,-277.78530076335494
1271,2.6650914877184944,79.76019167760201,-277.42158773789396
1272,2.6671986225603375,81.29166352289825,-282.8918986707957
1273,2.6693218160411916,81.05106735322614,-282.04093014404697
1274,2.6714003686163363,82.45715090550725,-286.9865472572849
1275,2.673473653710363,82.32675368269798,-286.6906766722183
1276,2.675588689124729,82.70436807217737,-288.1517961297712
1277,2.6776964003773744,82.9786170598552,-289.13575937443625
1278,2.6797534796790945,83.84789340066895,-292.20874987190496
1279,2.681845016836506,84.95806778117762,-296.15731041291406
1280,2.6839785543392702,85.72278388950667,-298.6771548496231
1281,2.6860638705482365,86.23595954260907,-300.6679467908084
1282,2.688115580192901,86.59509781090625,-301.7867581019578
1283,2.6902421071216107,86.65857858402944,-302.41655290932323
1284,2.6923784453538007,87.46954089551949,-305.06289753276883
1285,2.6944235266222867,87.9316648026095,-306.7131668077828
1286,2.6964818302236213,88.22336128305975,-307.82380395620015
1287,2.698646249049189,88.19507920141388,-307.8498307946785
1288,2.7007725953070936,90.57486065407238,-316.12028907718656
1289,2.7027692368507834,91.76192726860384,-320.2465690915016
1290,2.7048443440936585,91.70791807315244,-320.1184215339751
1291,2.7070515904059915,91.84710624647526,-320.7864222486678
1292,2.7091632832728005,93.33019663714366,-325.9491682239869
1293,2.7110832098570423,94.67532328219922,-330.605050765582
1294,2.713194248534394,94.87555693159416,-331.5097685617956
1295,2.7154564422347596,95.9846894235802,-335.2967959733604
1296,2.7175455830902693,95.75284716586005,-334.4337145408509
1297,2.7194409477796717,96.64342637493125,-337.59147545466635
1298,2.72159410281056,97.60585849830392,-340.9889205013338
1299,2.723868494276683,97.10344809860648,-339.45619957123415
1300,2.725905473691433,99.7525097628778,-348.51685671652035
1301,2.7277938720843573,98.44220278144684,-344.1020223705831
1302,2.730005424734083,100.19919654917442,-350.26011256289286
1303,2.7322910595910366,101.1075779847923,-353.4098790091365
1304,2.7342323934891035,101.98838500782522,-356.83462350430045
1305,2.7361123669415965,105.28884667163904,-368.19654772161755
1306,2.73841292247591,103.72832502848351,-362.7753426366936
1307,2.7407262152838343,103.37347138601986,-361.59129908300747
1308,2.7424923562337074,108.61138341311171,-379.9403432910402
1309,2.7444202272828333,105.68500445685157,-369.75191721469275
1310,2.7468188489948773,109.79991651053477,-384.17411762670605
1311,2.7491571251284848,107.04746963535977,-374.51993694161456
1312,2.7509012180135843,110.28880122581671,-385.75309660577625
1313,2.7528220566885997,108.45361844500674,-379.6723681299994
1314,2.7552245852341666,111.03054712317504,-388.4774711146626
1315,2.7575799064734774,112.64176873186862,-394.08290008739857
1316,2.7593246433872425,115.96640736582269,-405.8217055771367
1317,2.761234187120032,113.38059236212037,-396.6994927899364
1318,2.7636390504715083,109.29322630090584,-382.3109474742013
1319,2.765948826576436,118.65769270733496,-414.9871921233321
1320,2.7676191435751902,114.05156567074714,-399.10242263209994
1321,2.769651838220211,126.49593857509582,-442.7441915206564
1322,2.772055945845228,116.08193184050936,-406.21121675125465
1323,2.7739175955497957,111.92939093278375,-391.7051114935296
1324,2.775657495525559,112.00689074417447,-391.87371230947787
1325,2.7780509401576134,121.43736393498259,-424.9809832157771
1326,2.7804282678176238,128.10474539349454,-448.28737051362947
1327,2.7823699672164355,107.0057555812882,-374.44880970949947
1328,2.7838806433920418,91.22093309673836,-319.3252289396664
1329,2.7859958234637583,178.08363724531154,-623.2927303585903
