,k,Pk0,Pk2
0,0.0029665470748989845,51946.352627073786,1961.8794370198225
1,0.005026374055021859,55067.113618238545,4076.930563280815
2,0.007149300621522788,73892.59067913964,-18133.567800001074
3,0.009278869254964255,91028.07446869393,19943.34641828999
4,0.011450332619344701,97944.72053221942,-34840.8548185149
5,0.013492955871419151,97631.35383732792,14051.811848439402
6,0.01558905561191893,84902.43351680275,-5063.944586232708
7,0.017694083672553172,85361.19999558601,-8259.079520788033
8,0.019817874803135297,76995.08525828159,-4632.476616109132
9,0.02192074938196264,72766.59792763337,1747.1471069369884
10,0.02398877635566245,65570.53184102,1819.2494291157568
11,0.026092869718961156,57099.56218793284,-8325.856541426525
12,0.028234663152781798,56096.277614764185,6992.9061439957695
13,0.03032284873509123,44324.92096278952,4373.7054165407935
14,0.03240263258943404,41667.542024003684,-2966.36726381619
15,0.03449210129864554,38352.427465384564,-570.9248834944747
16,0.03658588147515197,34618.916677508474,-1279.1124015688256
17,0.038684769492669774,32111.998361703972,52.471248241328325
18,0.040788988884582836,28521.49728848282,185.72700640705781
19,0.04289390876967646,26863.589632386705,-2485.119868142122
20,0.04498336005546935,25444.873170839583,1581.4084099091854
21,0.047064985294738244,23644.78798354241,-48.34620044860068
22,0.04917111919158227,22995.048933804355,-1142.0358537529287
23,0.051262169141742274,21859.773671196293,-932.4964897040504
24,0.05335525146837034,21618.525622936995,357.4520069807742
25,0.05546637228956934,20474.578368040573,1619.169360023847
26,0.057573188192548086,20742.283922417086,-705.6279390236572
27,0.05965884044590281,19657.184743355014,2077.2067972133736
28,0.061745123021595065,19444.580625375344,25.40872203936517
29,0.0638268929113719,19313.047912155016,-586.6933177318808
30,0.06592966228838451,18640.37358375027,-1719.3466249332225
31,0.06803125784825748,17947.621009172148,-1101.733648753574
32,0.07013131008699486,17364.987668816768,-542.4605346794975
33,0.07223032366074338,16643.836170656883,-731.1960196389664
34,0.07432334270720506,16089.632781927932,-243.88079136806482
35,0.07642066756954473,14994.628219978313,-1110.5116471896263
36,0.07850471694556041,14584.33295650072,863.5082313426707
37,0.08059701946059529,13639.385001418319,103.9086821836223
38,0.08269521798132064,12879.95947178778,-442.4020058246793
39,0.08478307522909848,12251.861226304973,400.1487821718172
40,0.08687780839616016,11442.01799127271,-170.39287732085012
41,0.08897524569656534,10722.238376106136,-235.90844923111263
42,0.09108077810470518,10256.631955278315,406.79188417424723
43,0.09318432266948053,9699.555120066758,420.5024707246882
44,0.0952788764104831,9295.254986797036,58.64277768400537
45,0.09736254237981037,9082.961246383664,178.20654392843434
46,0.09944832814799408,8657.07091824089,389.26617333295434
47,0.1015460879802399,8362.526528925466,159.58630615045348
48,0.10364263756677322,8285.888971538434,-35.03942701909713
49,0.10573893905394659,7945.098698356868,86.8276436247103
50,0.10783958559814742,7874.4441687208555,184.88299051494673
51,0.10993894058501318,7790.47490241794,152.9895324552094
52,0.11203921431523854,7634.762961002514,-102.15254066233994
53,0.11412334585697578,7538.11170233927,187.54442384303064
54,0.1162159397555423,7421.714361937923,325.98544588696393
55,0.11831372048037725,7312.119321445162,119.40869926461552
56,0.12039723118070132,7213.920537937314,402.3471698538867
57,0.12249223631878574,7053.384629551207,-224.57988816320974
58,0.12458825984258635,6912.330226772286,5.144117923225275
59,0.12668846771583772,6878.8278900904625,95.18302707430765
60,0.1287846620419941,6641.7023456837505,108.04101276370054
61,0.13087133937881498,6502.692124380812,313.12470406882767
62,0.13297548334406448,6350.358583850573,-12.802940325522943
63,0.13506910815256093,6200.767045904309,-71.3988252791492
64,0.13716388258568254,6024.448603475225,-6.521886892503143
65,0.13926047573721634,5901.476191892271,141.34222374396225
66,0.14134668829083769,5772.817784144561,-29.657711998998586
67,0.1434475230090064,5591.7152493270405,68.20047971793096
68,0.14554528534185418,5394.804908979745,83.5564622879543
69,0.14763320610735878,5285.781006849732,181.4342395781019
70,0.14972114728432864,5135.731593998785,50.69218452678728
71,0.15181380487515775,5097.605622405491,80.26689917682586
72,0.15392114901003526,4890.613325386912,78.54117952197025
73,0.15602147473412367,4823.262322517742,45.14440636451933
74,0.15811617475881218,4722.1808603397085,61.397583094463236
75,0.16021187122717997,4698.748514641106,185.23329664112057
76,0.1623006419462899,4577.293641932628,190.23584335091883
77,0.1643899033199985,4496.530469700802,94.28916104595162
78,0.16648355823815117,4435.770314980429,80.20188074813971
79,0.16857196837784735,4414.945169094434,144.00051434629606
80,0.17066413320893647,4354.0759709476915,176.28280031977667
81,0.17277086992561352,4293.322878423911,114.14358826904781
82,0.17486965460096995,4162.396863288315,81.2426090167243
83,0.17695857694944453,4146.4384274857985,-25.69669863580677
84,0.17905245093155753,4066.1370874264676,63.39234774765621
85,0.18115265212612636,4028.999320775887,77.98635697971885
86,0.1832476884130739,3977.8915160311117,48.17969247299998
87,0.1853312475833926,3924.185232342964,160.51581667046395
88,0.1874284892203219,3850.9783830977217,44.094037909027584
89,0.1895337179075755,3778.4472175862948,116.60655141633184
90,0.1916268196474026,3737.6140931509317,16.338505547550668
91,0.1937183403446853,3699.4060218576637,85.82579320527991
92,0.1958131498886989,3653.1228855291197,27.07920199857508
93,0.19790587400989662,3569.6763976821076,64.67416733348055
94,0.19999906515978938,3515.3243149922814,52.062694914567956
95,0.2020893038374759,3443.583858399511,18.11295201696956
96,0.2041823192148178,3424.045761539877,-6.238541200205834
97,0.2062825911013838,3402.304351170043,41.903514517872836
98,0.20837701891459662,3333.8457070827544,75.74700840979303
99,0.21046758167944032,3284.1583842847804,-0.8736597183806053
100,0.21256678542440183,3252.7186918517696,10.721467586034287
101,0.2146619261104852,3216.9914630892995,81.8550548573931
102,0.21675618057220372,3169.6639355154057,155.58000199611678
103,0.2188528705899679,3114.2556475638253,-0.14256560050442055
104,0.22094564274530842,3097.5841573026823,13.271463100788683
105,0.2230395148320731,3038.8425916262563,20.47011803345338
106,0.22513567328585352,3010.626147127121,83.70755574418615
107,0.22722785048644015,2985.205467437182,38.59675763505336
108,0.22931975112872324,2962.4998313292067,67.14786765239086
109,0.23141147723465103,2911.62307966504,76.73231649981496
110,0.23350584674782457,2877.286464652122,95.31115340721551
111,0.23560416522029054,2859.739430898951,45.440826650289004
112,0.2377006336558307,2814.8312350177935,62.97232215059114
113,0.23979727503904752,2791.800769667018,70.19308636582626
114,0.2418944602532704,2792.317698702289,58.76603674705248
115,0.2439884227569783,2725.2308234781362,36.269655546837306
116,0.24608359968283072,2705.4729761154977,82.65100840375288
117,0.24817552807053123,2688.7187576306555,33.43004259893258
118,0.25026237006475704,2659.839534779342,68.56316913028714
119,0.25235861551053484,2621.8699106772447,50.39147959964035
120,0.25445470778669854,2592.63291810773,65.38089796858509
121,0.2565487653287422,2582.3817198112915,63.02543227106491
122,0.2586464955058471,2568.50547670937,17.943754071561457
123,0.2607443047329862,2526.0833916307247,64.06137081371362
124,0.26284383121734134,2490.311050353955,33.77506273104624
125,0.264929885565984,2464.750614275009,69.38005280073905
126,0.2670163698864118,2447.1736728675714,93.8154204767156
127,0.269112135390912,2441.5549420834222,34.30235507160396
128,0.27120764961246213,2402.3158754768383,30.919844719723358
129,0.27330509996536784,2380.1022284475216,71.52286298193853
130,0.27539842121309294,2378.451980112056,40.065389324779446
131,0.27749656900268016,2359.015535777106,55.220161085877784
132,0.27959864364035925,2323.1442422066407,86.11152130615353
133,0.2816878213234348,2314.107978989085,31.954980544434818
134,0.28377609558542155,2290.256985397663,96.01142286273608
135,0.2858732754634003,2267.208356618938,58.16240134033702
136,0.28796861590208045,2257.5969014155853,54.346364124305744
137,0.2900612915162532,2222.302403168018,62.900710655276384
138,0.2921547032025089,2211.817773687768,54.31826369782423
139,0.2942501291133245,2192.3026025415343,10.542515351709357
140,0.2963444256131289,2183.770200520587,42.7597787497015
141,0.2984361415704375,2157.4978099819277,57.07392415574444
142,0.3005318840555698,2152.134150493294,72.77130716523094
143,0.30262777760316095,2123.8113915265517,49.583520314214105
144,0.3047248035439954,2105.9187881877892,67.71136371804593
145,0.3068210272572538,2102.7030435159936,34.938166870374864
146,0.3089144805088237,2064.5507370536925,58.61633289467718
147,0.31101080657849756,2061.449049856925,36.44137125030923
148,0.31310885951912926,2049.642071644754,46.095032782998096
149,0.3151991603466065,2030.3283657195632,59.35877039836448
150,0.317288667284839,2022.2238637325765,36.66207838993279
151,0.31938044185106124,1998.0348824256455,64.68375649229321
152,0.3214783648369702,1984.1090961709924,50.89128877818302
153,0.3235785211189416,1980.209770805838,67.23222366840045
154,0.32566935894833426,1958.6934640820323,72.2921408493869
155,0.32776077751211374,1943.4213244814443,37.37028280581659
156,0.3298523230655558,1938.7860132826397,42.545727441603134
157,0.3319485433973702,1921.806628873572,34.40942051287466
158,0.33404540358127904,1903.4896481545993,27.191901157270056
159,0.33613494177837844,1900.059811121734,43.6543702984229
160,0.3382313832787478,1881.554815815387,36.08121323408404
161,0.3403308518124324,1868.0278707531825,49.53676810177354
162,0.3424246601457981,1856.8750783993983,64.28216611910041
163,0.3445197272986724,1846.526406218945,34.50067593544267
164,0.3466158524641983,1830.8278723354606,40.49418099452694
165,0.3487089916477683,1812.7706663653394,41.87640971995124
166,0.35080114560367615,1812.698152887989,38.84671777746637
167,0.35289356821720286,1797.6684635021543,34.00540134184425
168,0.3549881110219297,1785.2594882742465,59.07207175528652
169,0.35708559248027844,1771.6157732290187,27.032128828343566
170,0.3591813496003593,1762.279524963802,34.51258465436766
171,0.3612749400626811,1758.7902408367038,53.11288931555598
172,0.3633693413142722,1751.586347864385,67.53025211775756
173,0.3654632219855477,1733.5488212820235,59.459822126439434
174,0.3675603773529471,1715.6448426676138,43.783626392801416
175,0.36965434919829326,1710.5915049589312,50.202295938057865
176,0.3717418094879197,1696.2360231070443,49.63693354925797
177,0.37383404253825586,1690.4871072086723,42.89093189666747
178,0.3759308579415973,1684.9713209391855,55.27604001728251
179,0.37802985088946095,1672.8814574214484,58.72332009506424
180,0.3801213498834686,1663.033291594295,40.407392765307826
181,0.38221306010699313,1657.9260151825752,45.88810201165694
182,0.3843141376638833,1643.1798670153005,58.588757258947176
183,0.3864096355836929,1634.7390826423834,51.138203747909046
184,0.388502907295756,1625.8829671202377,34.314891018533054
185,0.39059769208540335,1613.2114439510815,35.042306566397066
186,0.3926958121232196,1605.4141658905442,33.36886057882424
187,0.39478921808384226,1602.2405408636798,23.41120621028708
188,0.39687821409975554,1586.1504098934256,44.77730421720173
189,0.39897073627813356,1582.588747198245,37.091593228142735
190,0.401067192451382,1573.4066931696418,46.07127572301864
191,0.40316228148056854,1567.4128641467103,51.93404281109466
192,0.4052546340249366,1552.3566462605067,53.667370835768864
193,0.4073499183903822,1544.2486805362385,48.939878621138114
194,0.4094468722071623,1540.9836434375723,31.105240156813043
195,0.41154432885897757,1532.2452757014391,36.58452811138274
196,0.41363408239228544,1525.7702283614733,60.238553025505844
197,0.41572494638156243,1513.6845311281893,33.07785070064519
198,0.41782181997781404,1510.4212581212805,71.1751045298767
199,0.4199166506307261,1501.2173576491089,52.51959725031328
200,0.4220107143757513,1494.742291201652,38.954116662330875
201,0.42410542949066876,1486.4194925406944,47.48156303632136
202,0.4262013850195404,1478.8454453613458,39.928654795964505
203,0.4282955296445312,1470.0755461970864,35.58681030388195
204,0.430391806688861,1463.3733105290812,27.152133506849978
205,0.432488575457924,1457.8208211243218,32.175586938042656
206,0.4345806090039814,1450.449972815081,44.86635212346353
207,0.43667244097425384,1447.738646756629,51.10514744499393
208,0.4387671492209622,1437.4266770998177,46.989216088490686
209,0.4408622534544343,1430.0602269111835,37.227826229040865
210,0.44295516415095815,1424.52232072311,46.98647549814221
211,0.4450482683181851,1422.6584671434157,38.64516737902745
212,0.44714683875742495,1413.4917374910074,36.884923644015366
213,0.44924362280569813,1404.6675799754198,43.18188497160932
214,0.4513338633316258,1396.9711628146995,37.054190929782195
215,0.45342753643259276,1395.1531839219924,57.57110440054194
216,0.45552189548586586,1386.6054397486043,40.55293723040659
217,0.45761716616081083,1384.3392829778709,32.96237296859497
218,0.4597117909764672,1376.4187526382761,51.729162978969306
219,0.4618031890496857,1368.7656343725153,22.135931632190182
220,0.4638995470730997,1361.0409144889943,31.601608829479254
221,0.4659948171464902,1357.5232498939367,42.27996953554516
222,0.46808929446972725,1349.6120812849376,40.299754502697944
223,0.47018492649495636,1343.2168233777877,34.177799890007044
224,0.4722792778491551,1340.3403489858358,33.04124354869552
225,0.47437272572904565,1331.566911414166,45.46900261778733
226,0.47646593372141327,1324.4349862208294,36.98874240314781
227,0.47856230727426236,1321.1805766542616,40.20788626738919
228,0.48065904058976644,1317.9099911295789,23.509217388625927
229,0.4827512226177774,1313.801937066113,57.86877462313106
230,0.4848441163240575,1306.5584931549213,46.03879044981527
231,0.4869397730506266,1299.6323777431662,34.494670007167436
232,0.48903678813400875,1297.6733149190957,45.32681553749633
233,0.49113096964965397,1291.3403176940392,41.28827856745117
234,0.49322332174786626,1285.692685447614,49.2086864608614
235,0.4953187148676145,1277.934119034221,39.668713331802365
236,0.49741120358770496,1275.9738741116646,49.062331785223066
237,0.49950082345999325,1272.6636710635619,39.39808173605746
238,0.5015952506837275,1267.8833666553187,36.34764216046833
239,0.5036919972981919,1264.3342650506424,45.077392438643464
240,0.5057872116617207,1256.6653856779005,54.77170350471078
241,0.5078828569897101,1248.3548085336179,42.00517808988885
242,0.5099793452386306,1247.777162802099,31.53934208636686
243,0.5120767256379639,1242.7654373761109,41.2580963412526
244,0.5141702395931294,1235.5566275980825,47.914068974681385
245,0.51626132102766,1231.4600478015054,44.18203090914092
246,0.5183576899265504,1227.8524866860953,51.87680003684219
247,0.5204524416424112,1221.1045088936983,48.402812341363855
248,0.5225430403510469,1222.4925927579377,47.25260129932055
249,0.5246378991347941,1215.0500053346893,51.45520329239133
250,0.5267345150769579,1208.4298796768544,45.98706714920569
251,0.5288284644781793,1207.7369412451867,42.623677842343405
252,0.5309200047543352,1200.3864432531464,51.95351792245155
253,0.5330154787982235,1197.4917739386578,32.072017620756576
254,0.5351140455458262,1190.5067333662605,49.42071067257729
255,0.5372066203065362,1193.764123078765,53.524944233866876
256,0.5392991990272246,1187.072028383291,47.26256906482726
257,0.5413944118270408,1178.6690297011585,49.57003416714952
258,0.5434881995106379,1178.4366340281292,49.523424126714765
259,0.5455829952492127,1174.5928258050778,57.388250046523034
260,0.5476769745662954,1172.7864594472644,50.63578981250759
261,0.5497697255495043,1165.3002143585795,47.16086432227262
262,0.5518645446467839,1164.8177934661064,40.72692022285514
263,0.5539598571350287,1158.5758612578916,58.83440423166199
264,0.5560564538950566,1154.653164505976,56.967107782084724
265,0.5581500505101624,1153.076113194612,54.15151371771441
266,0.5602409063261653,1147.4689991428136,55.931648684769925
267,0.5623379637803174,1143.6692822134125,59.566121258900395
268,0.5644363283026402,1138.7424416411036,51.380060652609565
269,0.5665273824761494,1137.5250193794386,51.88231600320381
270,0.568621249018378,1132.552666186392,58.94455244755067
271,0.5707181447612965,1131.4885728166746,69.92798314353206
272,0.5728127938597997,1126.3048951443752,53.47808531743982
273,0.5749070881546879,1122.4807139535403,51.44794408997759
274,0.5769991470923068,1120.0458249412732,54.785011125236316
275,0.5790956911760897,1116.8563927584214,57.85865703193412
276,0.5811893306261757,1113.6592677683911,62.34969908686072
277,0.5832802267374103,1111.354719166078,64.18654242394668
278,0.5853761830306536,1110.5455483204287,67.2614147479081
279,0.5874711784415975,1104.711854516252,61.302368838506716
280,0.5895653958899879,1100.5391329648892,56.926465378862325
281,0.591659786459685,1097.775974283893,63.622144027108
282,0.5937551851921442,1093.769762589579,66.72973066984937
283,0.5958498092767481,1091.2069875007248,73.18347032798437
284,0.5979447066705442,1087.353783928828,66.90249200737662
285,0.6000383505174957,1085.0702632978998,75.00095623996924
286,0.6021313016181767,1084.3218794931354,64.82764693643887
287,0.6042246965556944,1076.0986677200885,68.84104030113753
288,0.6063189733697846,1076.3191441313752,70.04422927391063
289,0.6084147213727373,1074.7430402396012,75.99484978526361
290,0.6105090855473989,1071.2018279114175,74.23959256316373
291,0.6126037649785722,1069.1216257258225,88.7534315652385
292,0.6147002391370655,1066.012477314378,71.54961164173189
293,0.616794938930829,1064.6353671873942,78.80930540512838
294,0.6188886865784012,1059.1939007725134,77.35624140659381
295,0.6209825762252046,1058.6513990502056,83.14392038216694
296,0.6230764414889526,1057.3371099232854,77.42141621508596
297,0.6251725389343245,1056.0483907192702,84.25859585408739
298,0.627266923011265,1052.0307005808093,80.84294270034914
299,0.6293596211388142,1051.837586291713,86.91146206787943
300,0.6314513250607457,1048.4882901235378,88.42540685570542
301,0.6335475720513941,1044.54431630784,81.0338641741957
302,0.6356444982495617,1040.6461995545558,91.69307202795633
303,0.6377358562255245,1042.6793729146405,94.25073904624121
304,0.6398302949107263,1039.1437758634938,93.07417538439836
305,0.6419256185614247,1035.0660364504076,97.90151042807166
306,0.6440214843206593,1034.5281905584416,94.4691249087015
307,0.6461142033434962,1030.3108044903065,99.84441839375583
308,0.6482061138478032,1028.8697866463672,96.28343482489556
309,0.6503020867345045,1027.9580115002514,98.85169664405144
310,0.652398185537932,1025.1402579764683,105.91654007486211
311,0.6544932048530038,1024.0355468127348,103.72381866214862
312,0.6565867871776386,1022.0562317581697,108.7583722413474
313,0.6586827890115348,1022.0597210810794,112.04716122600318
314,0.6607793300725506,1019.412174506855,115.22600040068376
315,0.6628724964198541,1017.4862201749739,117.49068163366243
316,0.6649654402217313,1017.2823429747455,119.95631169410787
317,0.667059865407609,1013.2670276700447,113.21794691938508
318,0.6691532523078332,1012.1926980912807,121.71599949035812
319,0.6712457992597233,1010.8687012235903,122.00201255080293
320,0.6733390782258323,1011.2952808167428,121.74014583965247
321,0.6754367503383576,1011.2552743886222,132.22866969270163
322,0.6775335143160066,1006.7965751169833,129.16214877448013
323,0.679624621064033,1007.7414454240538,131.93780775921397
324,0.6817180292738917,1005.0177460909141,130.2095633255931
325,0.6838149015047629,1001.5825958114805,132.44636982392376
326,0.6859101434268815,1000.8289281400281,148.7289666607148
327,0.6880046468184081,1000.559935279022,147.5979571910666
328,0.6900999637264865,997.342855439118,147.1731829194395
329,0.6921965733216279,998.4750709952684,153.57084071034848
330,0.6942884945981568,996.6585826292131,148.6698289357116
331,0.6963781649531228,994.4301550367023,155.1424740788661
332,0.6984747371200234,995.7222948132356,154.28235624931858
333,0.7005690388882679,996.14170936691,161.82106430161497
334,0.7026621579778546,995.831706611699,166.538667598886
335,0.704757268847954,993.9149172049308,171.29503577204167
336,0.7068509057629639,994.6630125976162,175.64005409151932
337,0.708945644402387,992.7571867602554,172.42585745702553
338,0.7110406815970572,992.2814242677747,177.1963975718923
339,0.7131372373036142,992.2799814341197,188.48181652003905
340,0.7152323589250973,991.7705587653568,181.2190512060505
341,0.7173245162021571,989.5212843138215,193.19563196189677
342,0.7194199711852413,988.3056787553651,196.54558281310878
343,0.7215151322330351,987.9285551114336,201.84919922827046
344,0.7236102334592447,990.9015401682636,204.38952065382992
345,0.7257047129497166,990.075217531968,206.23523184879178
346,0.7277958825256088,988.5661164272468,213.67886818959312
347,0.7298900912292255,989.0469029279567,210.43044046162362
348,0.7319867159780691,990.2996015740716,226.90822607462331
349,0.7340808521059053,989.5974041479699,224.64259064469564
350,0.7361738853270124,990.2911658278656,233.80499266580549
351,0.7382682123604443,990.3507415243649,238.16444466419503
352,0.7403641944498084,988.5728505849244,232.25480931553707
353,0.7424576311971561,989.0337570288864,239.93998228340214
354,0.7445523870480827,989.4980781913008,247.36341103125412
355,0.7466478284648128,992.5014900904547,251.3645741803059
356,0.7487413917548734,990.3177081110633,262.82858454809065
357,0.7508354594737505,991.9296033676833,267.06388741853476
358,0.7529278056847568,992.8437368473669,269.67529092848525
359,0.7550230257904859,992.2505549863533,274.86304977486157
360,0.7571167923480437,993.4220208334383,284.87780693936173
361,0.7592113317151179,994.6893468365957,285.0229031852956
362,0.7613074731933067,994.5372605542891,306.7374629207055
363,0.7634009581307508,996.6235764511675,306.40025624388574
364,0.7654969266569684,999.1545287513076,303.6423912265247
365,0.7675905899780763,1000.3004028348237,315.8463297543495
366,0.7696837880547684,1000.8374298964347,318.91072751771685
367,0.7717795008463626,1002.5347247577058,327.76031695392584
368,0.7738757788346248,1004.3599122896435,333.73783190235724
369,0.7759706260990727,1004.7515732821772,342.64963545667064
370,0.7780620795267656,1008.2130126032356,359.3794572299442
371,0.7801559906208961,1008.866534951818,357.1570432103266
372,0.7822523136569128,1012.4143350763984,370.6680484968539
373,0.7843481481853999,1011.8111006306872,373.9540216137563
374,0.7864425511046899,1014.9828689799403,382.4261235999864
375,0.7885343495966205,1019.4719365594306,400.62496015577096
376,0.7906286372458883,1018.5958934950329,403.9919119934223
377,0.7927244345313397,1023.9396227847545,407.5649340403556
378,0.794818005513127,1025.4860826779181,420.10024689827856
379,0.7969121491149282,1027.6873729988235,431.61462163354594
380,0.7990047112993173,1027.3290968075935,435.06472146106336
381,0.8010984966914405,1030.4103158260657,447.39313485963044
382,0.8031950165575023,1037.2636085730846,470.39132855556176
383,0.80529055904954,1034.4468366255862,434.16040404483437
384,0.8073868607794276,1035.3173083380511,387.1076401075435
385,0.8094799923089985,1032.4580355155376,339.6175511473343
386,0.8115723232550889,1029.7561235758396,280.52993413265114
387,0.8136672975922271,1030.5158785674478,242.87487301035137
388,0.8157631100610689,1028.6976860754592,182.64273290007964
389,0.8178569790142735,1026.945998550562,146.56676767557127
390,0.8199506303068442,1025.4225077925657,97.30327358281896
391,0.8220462665916841,1025.7424334196426,52.62402455357991
392,0.8241405937791958,1023.4332133217068,10.514386109669253
393,0.8262325853224312,1020.6730745531457,-35.88366440345304
394,0.8283265675885274,1022.2685222325201,-73.69850860490654
395,0.8304231027322762,1019.2965497787221,-119.40376825386089
396,0.832516312308734,1021.5365261693729,-160.46668811914333
397,0.8346104967180491,1017.6848134295959,-200.7803523662631
398,0.8367055646585567,1015.0219351726046,-244.0298752107431
399,0.8387997810841866,1014.9101386240404,-276.6927930618245
400,0.8408959249120883,1014.7322945750059,-312.1898370245917
401,0.8429902851163829,1011.8769281017247,-349.3729606162542
402,0.8450834013034724,1009.7559741992948,-396.44941376922725
403,0.8471787052036875,1010.1355816693929,-421.4956240662109
404,0.8492741754489669,1010.9191352422904,-462.5464719905917
405,0.8513666186650054,1007.7886034242348,-495.1137542506225
406,0.8534586558453424,1009.1868837595449,-532.5161858550247
407,0.8555555147205227,1006.5971148204635,-562.9053779572293
408,0.8576510528712873,1005.8505812172472,-597.4219870250358
409,0.8597438531231701,1004.7124602153785,-628.895048641729
410,0.8618396600787528,1003.5961443654722,-658.4938867368166
411,0.8639352641137702,1004.8198465304968,-695.5816877184391
412,0.8660278348127696,1002.4627421234817,-723.9228739992136
413,0.8681190723532742,1001.1093873274382,-761.1527439959076
414,0.8702145301226206,1002.0760946919183,-779.4288577999525
415,0.8723097299260473,1001.4087879421925,-813.4782041505816
416,0.8744009465527449,1000.5221848440602,-838.9419552572798
417,0.8764962014565297,996.6353400708467,-870.4218793854463
418,0.8785921785819074,998.8143850174132,-895.9348478933545
419,0.8806862529738079,997.1567702471226,-927.8884679629158
420,0.8827803474942315,996.3651333557491,-949.694268223025
421,0.884876552415157,996.2861020648957,-978.1864046017023
422,0.8869727619955021,996.9106295322821,-1010.7907523243217
423,0.8890661549276524,995.9981067377923,-1027.5363167040937
424,0.8911606435626759,997.111790741566,-1061.8588143308546
425,0.8932564177642083,996.8094189884921,-1082.634969191684
426,0.8953515942364704,996.1666374552344,-1104.296144795565
427,0.8974449590572777,995.0033061890093,-1130.8154764033707
428,0.8995380126042275,995.0841465882622,-1154.0948651885365
429,0.9016308480731973,994.090937074135,-1177.4970003454623
430,0.9037248205752632,994.9175778437093,-1205.4117392664566
431,0.9058194398636225,993.7934588266424,-1219.2484878310102
432,0.9079139093175219,993.3744093764324,-1241.4454289886846
433,0.910011764746055,991.4466310692925,-1263.3784284174067
434,0.9121056647167038,993.0649969974517,-1289.2765510836416
435,0.9141967683902507,991.5545088395153,-1310.010273500656
436,0.9162922424058753,991.4967253716769,-1327.9719898329279
437,0.9183868595164038,994.4886126417917,-1356.0841454940746
438,0.9204815946523948,993.8128712987279,-1371.6104973958795
439,0.9225765682279964,992.1639408629413,-1389.3806396321077
440,0.9246708776548578,993.4790472868756,-1415.2177005319616
441,0.9267650233208798,993.8414330507834,-1437.5203659352399
442,0.9288581102404102,995.4667614879555,-1457.0596820883518
443,0.9309518934142385,992.8036128948448,-1474.5734432923375
444,0.9330469160925099,994.4979248975174,-1489.0627202991673
445,0.9351415764644654,996.8763222826677,-1513.2974044472314
446,0.9372369506587555,994.785977455111,-1527.428669034473
447,0.9393287530448476,992.7673430964992,-1545.869928070396
448,0.9414229216419412,998.1959696165086,-1567.4454164681504
449,0.9435209341962445,995.2662854206714,-1581.3467060363212
450,0.9456148252799238,997.892070471513,-1601.6903941024034
451,0.9477091255207061,998.7965594231802,-1622.5287844268605
452,0.9498037238864095,999.9016335508461,-1642.033488119454
453,0.9518981043411001,999.7854549460501,-1658.4133742405465
454,0.9539914706287521,998.8145705851895,-1674.54046212313
455,0.9560859977890608,1000.4751637814899,-1688.9176984153398
456,0.9581821096695351,1002.2019090413285,-1705.7024709231653
457,0.9602755737793266,1003.8323330763412,-1720.8489497020378
458,0.9623691838562978,1003.092069538105,-1743.5287084203599
459,0.9644636726355348,1004.1590753484339,-1762.336411810493
460,0.9665572681340019,1006.4999101135195,-1774.1352577198477
461,0.9686506726657692,1007.0114036573111,-1789.9293781747751
462,0.9707453651438224,1007.7162008392082,-1806.695181410942
463,0.9728397447984573,1007.1764214764189,-1815.5981540228493
464,0.9749341599912872,1010.6119389070582,-1837.531826162082
465,0.9770309382258842,1012.0268141419047,-1854.322142440775
466,0.9791243621626365,1014.2599733359548,-1875.3087593261455
467,0.9812186011668534,1014.9333166519109,-1885.0289050067443
468,0.9833152549762485,1014.0172990690862,-1901.7940336314925
469,0.9854083366977224,1016.8736059028925,-1916.1405020516615
470,0.9875013366256304,1020.4438418665627,-1937.3098816673537
471,0.9895964031766183,1020.7032717487759,-1948.6064705327228
472,0.9916911272506032,1023.8068938976812,-1974.421487595524
473,0.9937856031740195,1023.3016875120333,-1983.556960238913
474,0.9958807301039379,1024.8691813695348,-1997.1237191249593
475,0.9979746323874407,1029.0732286178618,-2012.4867068189164
476,1.0000664008054638,1027.8534919843626,-2030.8668824320575
477,1.0021595314674534,1031.6803853578872,-2038.795421420408
478,1.0042547648495364,1032.3521247083245,-2058.350299546258
479,1.006349085630113,1032.7873816448869,-2070.580198090147
480,1.0084443367657523,1037.5017439142828,-2091.260939837018
481,1.0105398481990022,1041.5857672708096,-2115.291770985808
482,1.0126348213072522,1042.8636317496623,-2120.6464323291957
483,1.0147293432188107,1046.6969948291517,-2141.930024792963
484,1.0168223222913106,1044.5242866204264,-2153.961942360867
485,1.0189181991118834,1052.7564412156507,-2170.7248793500053
486,1.0210135889667047,1052.6838075561304,-2193.685027647483
487,1.023105517395174,1055.4398960957287,-2203.2820019860746
488,1.0251997072975425,1057.6609540560464,-2222.7387416874867
489,1.0272950549324347,1061.5276164611691,-2235.2304975615248
490,1.0293904044607038,1066.8654021249397,-2256.0584073784507
491,1.0314847550764672,1067.0373704598082,-2268.054195080485
492,1.0335791521913305,1067.7888580637598,-2286.5542931998225
493,1.035674282724225,1072.123785205083,-2308.952251545731
494,1.0377683744197583,1077.4494723988887,-2316.978133668786
495,1.0398611358062981,1075.03965186296,-2329.77495566868
496,1.0419559810580585,1083.0288765710884,-2359.19465388242
497,1.0440519355231435,1084.5109112245618,-2377.52324218507
498,1.0461442665368221,1087.7581746329633,-2384.147841573988
499,1.048238151325366,1094.550293745668,-2409.791891855405
500,1.0503312794335307,1094.9179715756713,-2419.6573570570504
501,1.0524262698953144,1098.9001044342742,-2434.015046831099
502,1.0545208315883745,1102.8158339847303,-2458.0623065132504
503,1.0566150350094698,1107.1020338732772,-2476.6472360750163
504,1.058711440318921,1110.9139392650839,-2487.7769045048535
505,1.060803734980524,1110.1557997854227,-2509.2573635771178
506,1.0628970711462522,1121.743752431977,-2541.756784641338
507,1.0649945592352892,1122.4542295505958,-2552.429456137234
508,1.0670895920886003,1127.770822273501,-2572.8995035804896
509,1.0691815189460832,1131.0554662507918,-2595.080871724143
510,1.0712752972137536,1135.2497996199443,-2610.8266652923307
511,1.073371173619778,1138.513089609785,-2625.576265537043
512,1.0754657024825272,1141.4160983192842,-2647.8888000318716
513,1.077559391113827,1145.5100736055572,-2662.62398838673
514,1.079654167044188,1150.7075462326625,-2693.175575700416
515,1.081749685406742,1155.1496348986711,-2718.20535644463
516,1.0838429051818583,1160.1509050345196,-2742.9084520817814
517,1.0859346611894292,1161.2590660399667,-2749.0256144361906
518,1.0880274765489322,1172.974710332119,-2781.578247617501
519,1.0901226378244568,1173.4978596643798,-2797.417906203583
520,1.092218906510469,1178.6109437129405,-2830.393840548816
521,1.0943142405516277,1181.2626206845262,-2844.308740526826
522,1.0964083656069452,1184.1434420382288,-2871.355495224539
523,1.098504575117021,1188.9127478903306,-2887.2559895924164
524,1.100598880587325,1194.4350937982356,-2926.5379111912466
525,1.1026907648634887,1193.7323179999291,-2929.6891177899033
526,1.1047864761829782,1197.5962078851155,-2960.9451507083377
527,1.1068805633882368,1207.131092790568,-2990.8869252377367
528,1.1089715885079452,1210.2404265383977,-3007.678740768901
529,1.1110674731376504,1207.3835226650353,-3039.9773036340043
530,1.1131638031712348,1216.9048170954832,-3066.5873889658023
531,1.1152567400703868,1216.422376248788,-3088.3835252037243
532,1.1173518797395834,1217.0574313187635,-3097.021088266039
533,1.1194466841667583,1227.903803225491,-3144.7562629270274
534,1.1215386388653605,1223.0326899671065,-3168.3170408036913
535,1.1236321502294464,1228.477487430324,-3182.9836349753496
536,1.1257265608788465,1226.4826141462631,-3220.7417002645493
537,1.127823511019811,1230.6710354972417,-3246.6700323251725
538,1.1299186917312898,1220.1983676420787,-3261.3936686867796
539,1.1320102853860914,1230.9798965558127,-3313.388610519599
540,1.1341022265777971,1225.717268003279,-3333.7766593411566
541,1.136196488705377,1219.786784251983,-3363.5724628745793
542,1.1382919496812383,1222.7766093885866,-3393.3038783628162
543,1.1403848113573067,1222.0887647959603,-3426.8160178505163
544,1.1424801205078854,1213.4783089932755,-3429.517933697553
545,1.144579099546908,1222.1916547128933,-3478.079463157041
546,1.1466743733674984,1216.5790258053955,-3490.6065199422437
547,1.1487627957344069,1225.146898679413,-3533.578543094618
548,1.1508586543248278,1221.8660978296136,-3539.966822981472
549,1.1529561980713183,1225.230308904531,-3580.9509410417445
550,1.1550454984226184,1221.6685370768425,-3578.941082935728
551,1.1571409429142046,1227.3461878460705,-3623.9812701004607
552,1.159240859340017,1228.872600232076,-3648.841521154621
553,1.1613355832020602,1227.329233711519,-3657.8205061418985
554,1.163423871831942,1237.9584137939162,-3711.3127796167073
555,1.1655188736812345,1230.7564454783392,-3707.2075865749603
556,1.1676174368768866,1241.000308104226,-3754.795957476208
557,1.1697080797153998,1239.7631599039737,-3757.3246169776926
558,1.171800206369591,1248.0225516577284,-3801.215808172035
559,1.17389591489135,1240.8458368762913,-3801.57847766263
560,1.1759888523797297,1249.0589964482967,-3838.614771481753
561,1.1780809947202961,1252.434320642693,-3864.810132358158
562,1.1801761196344618,1257.6468579653765,-3899.723541018927
563,1.1822736635654147,1252.3453232721133,-3905.5312456888373
564,1.1843710306693693,1264.8226650459949,-3946.538686513875
565,1.1864625384002512,1272.0252859416462,-3982.3900023663564
566,1.1885545198904406,1268.4409020565045,-3986.175110794252
567,1.1906522613678343,1271.479190381874,-4009.98076777167
568,1.192750069492095,1280.964063591746,-4047.6374497869483
569,1.1948381381583106,1280.4863467251787,-4061.914235102165
570,1.1969297222624806,1292.8100207963546,-4110.091641373593
571,1.1990290164311135,1293.379779679775,-4133.2447858494525
572,1.2011243924560484,1298.5768096256406,-4149.743319822145
573,1.2032149592826593,1311.2334261074752,-4206.656559968566
574,1.2053132365828256,1300.8917906175948,-4182.082374710023
575,1.20741576508926,1310.0332344493513,-4230.318413760208
576,1.2095030565711475,1318.9266057406933,-4259.495643587626
577,1.2115949657999687,1326.194172846798,-4303.57763399956
578,1.2136960046145377,1337.336597885657,-4354.985628961623
579,1.2157928316049589,1334.0426104535138,-4341.029677451908
580,1.21787984102748,1348.4797207876331,-4405.450906444895
581,1.2199725120701903,1349.151535137014,-4415.4740786439825
582,1.2220773486348555,1361.6134469450913,-4465.648621278707
583,1.2241717280648772,1357.3434099912247,-4459.4309895602255
584,1.2262574809145717,1381.086111636527,-4547.597989560216
585,1.22835205989159,1383.2189249440103,-4569.094177365161
586,1.2304511070315651,1378.6885082772185,-4553.826774630504
587,1.2325439941641703,1390.0562369877962,-4595.392503514799
588,1.2346327282165248,1406.5619918486998,-4666.3505943929995
589,1.2367296121231413,1403.8288761217063,-4664.988211237875
590,1.238832433751825,1417.4878944401294,-4722.731860915459
591,1.2409238541102623,1421.4443741190667,-4740.204986770142
592,1.243012379245932,1427.9049818154015,-4768.041745536334
593,1.2451094606314712,1440.2571184020983,-4819.86366492158
594,1.2472066170026377,1451.5108700191715,-4865.088834214727
595,1.2492929515805862,1458.4467992452476,-4898.179614026074
596,1.2513843202334647,1472.2238656945678,-4955.844059403461
597,1.2534920777891505,1480.328167603442,-4984.673417895276
598,1.2555889180496558,1494.7940185150392,-5039.905100933105
599,1.257667580798784,1507.771796276053,-5096.897919096268
600,1.2597632986068967,1503.2968610925852,-5083.519092572495
601,1.2618709074503869,1524.6614861858711,-5168.794103960183
602,1.2639618917954016,1555.8965223888374,-5271.747063461295
603,1.2660463256389345,1540.5401901632351,-5237.308527096536
604,1.268151380164154,1561.614322110485,-5313.44171104171
605,1.2702573897615381,1576.2748253283278,-5365.995851607786
606,1.2723329096911193,1597.9553168045118,-5444.058471587186
607,1.2744197010315288,1614.531821816202,-5514.175389613862
608,1.2765327006010119,1606.9886624975327,-5488.860899957446
609,1.2786342467193723,1633.3718063083613,-5585.228891500539
610,1.280707182799757,1636.9839096508035,-5606.745227727212
611,1.2827931530633179,1649.3529794333047,-5646.693380455762
612,1.2849085387747612,1663.5485581964954,-5707.657027557516
613,1.287000364654089,1680.6330979889021,-5768.16894466487
614,1.2890781709908103,1705.3852232868503,-5855.720199274588
615,1.2911842108955598,1718.5106144894671,-5913.4161435523
616,1.2932965864662813,1745.7522174597452,-6007.878362887352
617,1.2953774115066516,1759.5735289938148,-6058.679541402013
618,1.2974494068131983,1762.9552444570324,-6072.062937213232
619,1.2995653278098822,1782.1851977355657,-6151.217828551779
620,1.3016791376111048,1810.732627171238,-6247.475230463251
621,1.3037423234004764,1834.4954912011488,-6337.9098972945585
622,1.3058199114096363,1832.195488590489,-6340.90956839648
623,1.3079467955462118,1875.104289805458,-6491.762477553565
624,1.3100601882305882,1891.0117794185296,-6549.316530818155
625,1.312113308135768,1893.900487541802,-6551.925796117056
626,1.3141962752176515,1908.6521495698366,-6618.612414509721
627,1.3163277077674513,1945.5085765826304,-6744.400208451669
628,1.3184175493918626,1994.7125622309245,-6920.497514933242
629,1.3204856618221223,1974.9539068964293,-6860.310416255824
630,1.3225968812824558,1998.4085332880134,-6944.17974477309
631,1.324712528812616,2040.44174438506,-7091.471053760816
632,1.3267701241226586,2052.1724376991856,-7130.373314734623
633,1.3288455369869492,2065.5559544158386,-7183.78922074561
634,1.331007859279665,2094.124978981623,-7293.114453981876
635,1.3331193077637633,2132.7591494724757,-7424.120065370475
636,1.335111114646517,2142.777126342433,-7459.03631652841
637,1.3372000138113185,2217.7937515398576,-7721.597778686767
638,1.3394207042773567,2216.1349342100484,-7723.29547195637
639,1.3415191831855293,2259.615728993556,-7870.297298212615
640,1.343419658472025,2281.9845472279426,-7951.667132591885
641,1.3455475267642247,2295.5364929398065,-8009.146144011164
642,1.3478257671998863,2310.3341472471566,-8064.363460102588
643,1.349910545699746,2388.719310892389,-8331.994347724405
644,1.3517701887420612,2413.0245248385763,-8423.843343507004
645,1.3539417100377606,2482.673524968323,-8674.62593524504
646,1.3562514521124112,2466.2259401714996,-8613.70517211451
647,1.3583044750242828,2521.4013762538857,-8810.096268777323
648,1.3600937081391848,2438.850427415712,-8512.436192498344
649,1.362315666351114,2582.98260417978,-9039.425048776171
650,1.3646739887244697,2591.4532196518658,-9058.938934557487
651,1.3666040349314283,2777.0354439137363,-9713.962282521848
652,1.3683585203137423,2736.7659380587565,-9577.280257912327
653,1.3706879171444677,2643.0359082327504,-9246.520156471925
654,1.3730812726720756,2750.5701548548345,-9623.632293329394
655,1.3749143385354152,2893.8684945127,-10121.706999670218
656,1.376679031839902,2848.1162890799274,-9970.160734723715
657,1.3790764132796052,2980.670612355801,-10430.599014649591
658,1.3814727924700456,2862.632518983125,-10015.99214348889
659,1.3833424067073374,3000.1016134792067,-10503.987295410505
660,1.3850593718572481,3085.2383227582573,-10796.446661978038
661,1.387433769507078,3679.6199667046235,-12877.26281773799
662,1.3897620281243455,2612.0543400005813,-9145.073142649157
663,1.3917897627196847,2879.745135037447,-10079.353169577424
664,1.3929979117318791,5790.421509555031,-20266.475283442607
