,k,Pk0,Pk2
0,0.0029665470748989845,64053.9730251609,-13444.285601483525
1,0.005026374055021859,77246.91789229523,8016.650888225847
2,0.007149300621522788,95382.29796901565,-23190.48903360323
3,0.009278869254964255,126499.98457247531,51084.90862225766
4,0.011450332619344701,129765.8800531641,-61944.21363007975
5,0.013492955871419151,132802.7373801211,35920.444655186875
6,0.01558905561191893,111809.71372065421,-7054.577590566179
7,0.017694083672553172,112390.78539412159,-13344.4614136851
8,0.019817874803135297,101855.89203541908,-3034.210553329225
9,0.02192074938196264,95411.79742430357,1448.8580650679087
10,0.02398877635566245,86197.32394110989,6108.654930861929
11,0.026092869718961156,75180.02670994007,-11814.068642467808
12,0.028234663152781798,74142.9711862173,13298.835878494447
13,0.03032284873509123,57750.921766087704,6274.828771054681
14,0.03240263258943404,54237.65918768059,-4215.829453507926
15,0.03449210129864554,50932.86878612129,1997.3800530287651
16,0.03658588147515197,45238.77282961905,-1584.939646832783
17,0.038684769492669774,42121.716089398986,1138.9657830757772
18,0.040788988884582836,37189.60905633444,921.3253164556016
19,0.04289390876967646,35053.455330198645,-2472.169139932265
20,0.04498336005546935,33238.9354591891,3180.000361670136
21,0.047064985294738244,30752.879135465344,418.97721903722487
22,0.04917111919158227,30022.200827853394,-98.28456934886854
23,0.051262169141742274,28501.161331934218,-377.0810276129917
24,0.05335525146837034,28088.0166801325,1107.9261736086378
25,0.05546637228956934,26366.835641782694,2879.4121371464175
26,0.057573188192548086,26599.980357970468,232.01089554806342
27,0.05965884044590281,25239.78801991526,3756.1784798272465
28,0.061745123021595065,24863.458380491717,690.5058649305472
29,0.0638268929113719,24575.124235164458,435.50781413176264
30,0.06592966228838451,23647.82079953883,-1398.3046076193511
31,0.06803125784825748,22557.631225856472,-1340.1186581863265
32,0.07013131008699486,21884.05903545075,-553.6958550412676
33,0.07223032366074338,20982.9765414582,-245.124073527808
34,0.07432334270720506,20127.97340075864,126.03695649589174
35,0.07642066756954473,18698.15798108722,-1214.1955763051049
36,0.07850471694556041,18274.323538934994,1779.1732973624066
37,0.08059701946059529,17028.206425653203,497.7245483396582
38,0.08269521798132064,16119.07634862177,-149.61278187695905
39,0.08478307522909848,15355.72921900204,1234.291646805022
40,0.08687780839616016,14311.445517981952,195.11981210938475
41,0.08897524569656534,13406.533022858224,303.04325309744485
42,0.09108077810470518,12820.150652102111,925.4240635313142
43,0.09318432266948053,12148.345212304088,1161.3946285907707
44,0.0952788764104831,11616.440308315572,665.40715845351
45,0.09736254237981037,11298.791871767518,594.9327495797368
46,0.09944832814799408,10808.80946332279,927.8234735842656
47,0.1015460879802399,10412.801913536849,560.8088324326245
48,0.10364263756677322,10234.816038713761,463.0290189157782
49,0.10573893905394659,9800.462859927255,697.5176068914393
50,0.10783958559814742,9666.520803591777,766.7163886580905
51,0.10993894058501318,9516.666689936343,703.9419739590209
52,0.11203921431523854,9254.319572177446,211.12979454054326
53,0.11412334585697578,9092.791042556073,669.1029361794543
54,0.1162159397555423,8891.701412181825,724.539366817958
55,0.11831372048037725,8683.301395330762,696.677949964283
56,0.12039723118070132,8535.625058746484,1041.425441021621
57,0.12249223631878574,8265.183062712464,115.64888623182487
58,0.12458825984258635,8075.24315262098,514.2072511178699
59,0.12668846771583772,8000.388436449833,504.2533592181865
60,0.1287846620419941,7680.721519392571,473.0796611432589
61,0.13087133937881498,7474.772042854603,713.0512753900399
62,0.13297548334406448,7311.985470723693,464.3452463190976
63,0.13506910815256093,7087.9573147735655,382.3289874387621
64,0.13716388258568254,6857.880337186904,321.43564338453905
65,0.13926047573721634,6725.587994520348,618.2075979892267
66,0.14134668829083769,6520.357420442418,395.82316065285454
67,0.1434475230090064,6327.834314603652,548.9496457352052
68,0.14554528534185418,6085.349282697813,511.24126414640284
69,0.14763320610735878,5945.7789346357,438.5588239382222
70,0.14972114728432864,5787.038505324533,398.80614236705173
71,0.15181380487515775,5702.127448454605,542.489844942556
72,0.15392114901003526,5462.7787645585595,397.83336916450946
73,0.15602147473412367,5364.6670259265475,426.3908222862674
74,0.15811617475881218,5237.934780423463,499.3250755643894
75,0.16021187122717997,5174.794206751432,624.723921150306
76,0.1623006419462899,4995.044235070732,593.5415689114773
77,0.1643899033199985,4886.232351871389,585.3385150374921
78,0.16648355823815117,4803.507516093743,505.68936198902435
79,0.16857196837784735,4748.359454910258,538.9545872223717
80,0.17066413320893647,4694.811266106997,699.2164406581176
81,0.17277086992561352,4569.555697110754,511.6230569771192
82,0.17486965460096995,4415.961172461099,491.1854494776945
83,0.17695857694944453,4357.327141306213,401.2261205177578
84,0.17905245093155753,4243.978569518477,515.7697635887907
85,0.18115265212612636,4195.72139178681,449.0766612944674
86,0.1832476884130739,4106.724226280415,468.5374037372894
87,0.1853312475833926,4030.3002440092077,537.0096684446024
88,0.1874284892203219,3943.7473287201824,424.09032068816794
89,0.1895337179075755,3849.0614083606783,532.4978795363664
90,0.1916268196474026,3773.4343664372827,458.03165035682014
91,0.1937183403446853,3718.567446504863,549.3355911209318
92,0.1958131498886989,3661.2873174277397,460.78872717987747
93,0.19790587400989662,3568.635261850521,483.3983420077707
94,0.19999906515978938,3488.6497428102766,492.3098378989294
95,0.2020893038374759,3403.1741187914045,461.1541750531955
96,0.2041823192148178,3351.5811624006724,386.18426849033517
97,0.2062825911013838,3321.664534309113,459.15962097544565
98,0.20837701891459662,3254.7659234732305,461.1340791885317
99,0.21046758167944032,3173.8051380045404,456.12390448726916
100,0.21256678542440183,3127.5603367652325,404.1829307829532
101,0.2146619261104852,3081.941935377482,468.64876050246846
102,0.21675618057220372,3011.91555973569,588.5759940855239
103,0.2188528705899679,2944.8381838400437,455.51084804473044
104,0.22094564274530842,2921.127750644125,441.7365686687701
105,0.2230395148320731,2845.404367628935,452.87116414832275
106,0.22513567328585352,2808.9689896949085,517.7300200201744
107,0.22722785048644015,2768.825112065032,491.9250888214802
108,0.22931975112872324,2731.7739254567264,479.4165488553085
109,0.23141147723465103,2661.7973378669276,529.2625919780183
110,0.23350584674782457,2630.334830447289,512.3611929070702
111,0.23560416522029054,2586.0141156677505,482.07497058482573
112,0.2377006336558307,2535.4655900335333,534.6477943401185
113,0.23979727503904752,2494.8675298683097,505.5331357976651
114,0.2418944602532704,2478.104275548308,525.9857549124799
115,0.2439884227569783,2417.437837647073,492.69364328800464
116,0.24608359968283072,2378.5501692397584,526.2138292868715
117,0.24817552807053123,2349.737194751358,529.9761647283867
118,0.25026237006475704,2312.97820112489,514.5365236935639
119,0.25235861551053484,2277.3951550955703,527.2836614805238
120,0.25445470778669854,2237.7635844509055,517.8353426610528
121,0.2565487653287422,2209.479613203651,512.9149639095069
122,0.2586464955058471,2183.980862670648,525.5841638229277
123,0.2607443047329862,2133.720769429292,540.7730802287156
124,0.26284383121734134,2094.5720012924126,520.97627336711
125,0.264929885565984,2067.6758246077748,546.9456653833788
126,0.2670163698864118,2041.2226665920605,525.9136817928273
127,0.269112135390912,2016.4785086825198,520.9633152561737
128,0.27120764961246213,1980.5203935449351,505.54972342547455
129,0.27330509996536784,1949.4915174843045,544.853346739093
130,0.27539842121309294,1938.4037005762011,514.3077794146216
131,0.27749656900268016,1913.8742498580536,505.92359735826005
132,0.27959864364035925,1868.7782689087417,537.9652763167879
133,0.2816878213234348,1850.9467984546568,514.5592829571862
134,0.28377609558542155,1823.8674263063538,544.9549472568235
135,0.2858732754634003,1797.1652039289113,534.1940191303682
136,0.28796861590208045,1779.987414922427,547.614713513091
137,0.2900612915162532,1734.7479010988447,538.579063766971
138,0.2921547032025089,1726.6403253845003,543.1908434059684
139,0.2942501291133245,1696.1489767538399,509.15703160676725
140,0.2963444256131289,1676.5652429101747,532.1972391530853
141,0.2984361415704375,1654.2783866176362,529.040368479018
142,0.3005318840555698,1638.3860969265354,552.8126989628345
143,0.30262777760316095,1606.6801706503215,559.8556156705279
144,0.3047248035439954,1588.7330408651887,545.2704858870474
145,0.3068210272572538,1571.8078917655182,544.9491661132887
146,0.3089144805088237,1544.1825421753394,513.5082118577915
147,0.31101080657849756,1528.7208462597855,527.2320721715587
148,0.31310885951912926,1508.285629058401,536.4418323610905
149,0.3151991603466065,1488.0654956946348,539.339743090177
150,0.317288667284839,1470.654610171298,521.5842821863514
151,0.31938044185106124,1445.9075970047484,524.3872763871459
152,0.3214783648369702,1431.9439602109128,525.4328320420751
153,0.3235785211189416,1419.556871088902,534.9862842810635
154,0.32566935894833426,1395.8436339377388,546.6247404076188
155,0.32776077751211374,1376.4098939429557,522.5922837664949
156,0.3298523230655558,1373.546244701431,548.907056610247
157,0.3319485433973702,1347.5291244779403,533.8155171977872
158,0.33404540358127904,1330.2214101076654,527.1287156581941
159,0.33613494177837844,1319.5418117382496,535.0144261049371
160,0.3382313832787478,1295.7961867450854,537.6873671423353
161,0.3403308518124324,1284.1444457333155,531.2559532292079
162,0.3424246601457981,1272.6876776106042,533.9554017148928
163,0.3445197272986724,1257.8869122919675,540.4639594958919
164,0.3466158524641983,1236.9164639440103,528.3562873949198
165,0.3487089916477683,1224.052691418886,526.1605971960569
166,0.35080114560367615,1214.1702864005135,541.6118402112644
167,0.35289356821720286,1199.760543767798,509.93675727555217
168,0.3549881110219297,1185.4981331586553,540.7345608283322
169,0.35708559248027844,1169.271932837347,520.7468569286143
170,0.3591813496003593,1160.2982615762464,525.7292841498637
171,0.3612749400626811,1150.5773067513976,525.2757921835588
172,0.3633693413142722,1137.5915237865083,543.534807833284
173,0.3654632219855477,1117.8091801575376,526.3470958106167
174,0.3675603773529471,1107.49027109828,523.3457839170372
175,0.36965434919829326,1097.6656612110505,525.8406465040268
176,0.3717418094879197,1083.9061871134993,521.9872921959555
177,0.37383404253825586,1073.4200522516408,527.2091094674445
178,0.3759308579415973,1062.1761993316309,526.0567190307257
179,0.37802985088946095,1051.7791187695564,529.9121972029076
180,0.3801213498834686,1040.6970449649812,526.2373506790108
181,0.38221306010699313,1028.6995393161578,523.4131262186179
182,0.3843141376638833,1018.994481088476,532.7382895160437
183,0.3864096355836929,1007.7103162379891,523.7817228231082
184,0.388502907295756,998.5151697581409,523.0953917958325
185,0.39059769208540335,983.3441333401772,516.7293806214755
186,0.3926958121232196,976.2751919277882,510.5968831627769
187,0.39478921808384226,964.6591960869864,522.540480912715
188,0.39687821409975554,953.0764175107058,510.72968074976353
189,0.39897073627813356,944.9759153800475,513.7354874195202
190,0.401067192451382,936.3242179552227,517.4772993778544
191,0.40316228148056854,928.3264014414632,525.8708652428385
192,0.4052546340249366,914.8900013009858,511.2159872582614
193,0.4073499183903822,908.2288014282092,510.81771526638784
194,0.4094468722071623,899.1839801172217,514.5355191529554
195,0.41154432885897757,892.6430052511339,515.5737442382334
196,0.41363408239228544,882.328723787301,522.4390555800169
197,0.41572494638156243,873.0174471993765,506.0238757442921
198,0.41782181997781404,866.0895012165001,517.8967272940635
199,0.4199166506307261,857.2326137329588,516.3239951453442
200,0.4220107143757513,849.2391179228489,515.1552253547875
201,0.42410542949066876,840.6579497730016,512.2746999831556
202,0.4262013850195404,834.448352297448,506.9053228045183
203,0.4282955296445312,826.7652750998998,498.56904861325944
204,0.430391806688861,815.4822712669942,496.511472949611
205,0.432488575457924,811.121054739001,506.3039434048142
206,0.4345806090039814,799.551557784195,498.8887182787641
207,0.43667244097425384,795.4131144958997,508.03984624879575
208,0.4387671492209622,787.1580692488374,494.74069594057
209,0.4408622534544343,780.6716214688915,499.1243618733741
210,0.44295516415095815,771.3818270998808,503.98814454146503
211,0.4450482683181851,764.5047216494315,495.5546842464846
212,0.44714683875742495,760.4206210205944,491.2253381679647
213,0.44924362280569813,752.7521400064267,495.0763164291231
214,0.4513338633316258,745.5476805026638,496.18861774452364
215,0.45342753643259276,741.1354394996159,500.14543016979593
216,0.45552189548586586,733.9919564211962,492.9784082821303
217,0.45761716616081083,726.6823952924101,494.25598689023883
218,0.4597117909764672,721.2753215934905,496.4887231953628
219,0.4618031890496857,714.3619445188664,485.28120366857814
220,0.4638995470730997,706.1395202759643,486.2027979230126
221,0.4659948171464902,701.6504131160623,495.32930387035896
222,0.46808929446972725,694.2639587910697,484.6931014473326
223,0.47018492649495636,688.4345160016331,480.6041107529586
224,0.4722792778491551,683.8333050862509,481.50293693152446
225,0.47437272572904565,679.0107439973865,485.9014040317642
226,0.47646593372141327,670.316604308588,480.3898830625891
227,0.47856230727426236,665.0392618163853,475.8012435162312
228,0.48065904058976644,660.5472279338006,472.35658550381265
229,0.4827512226177774,656.638976170431,487.8656608769684
230,0.4848441163240575,650.7181171048902,476.2278827441572
231,0.4869397730506266,645.1161931210094,476.50991342422844
232,0.48903678813400875,640.7749558453672,470.51003577735884
233,0.49113096964965397,634.2333188007175,478.37657648794726
234,0.49322332174786626,628.9176205296864,476.05444662504357
235,0.4953187148676145,625.3330280643634,471.9782382172653
236,0.49741120358770496,621.5920850243764,478.0667904034979
237,0.49950082345999325,615.6895124554107,468.55000446190206
238,0.5015952506837275,610.1599500779204,470.189258612652
239,0.5036919972981919,606.3357912718533,467.4202052216592
240,0.5057872116617207,602.5272023627631,477.5332950997406
241,0.5078828569897101,595.7133951683506,470.3500476952454
242,0.5099793452386306,590.1268779830932,463.8257670613353
243,0.5120767256379639,586.1633547059364,461.8893526777643
244,0.5141702395931294,582.3674615422575,466.6711625398116
245,0.51626132102766,577.7824521119732,463.88173294568406
246,0.5183576899265504,573.875375725083,465.18653715387
247,0.5204524416424112,567.5216800264651,462.606286503659
248,0.5225430403510469,565.59948965699,460.3621048713242
249,0.5246378991347941,560.3310332945329,457.10370534738166
250,0.5267345150769579,555.3759945292556,455.23144111310137
251,0.5288284644781793,552.2879691664908,460.8392483925278
252,0.5309200047543352,548.1598039041562,458.12925419660104
253,0.5330154787982235,543.6909591224099,451.4952447052178
254,0.5351140455458262,540.4253390143331,451.77679051686584
255,0.5372066203065362,537.0951888703389,458.20485182470156
256,0.5392991990272246,532.9706888026692,453.94278109804367
257,0.5413944118270408,527.2759680163,444.2423304116618
258,0.5434881995106379,525.3730129241375,453.2210991195668
259,0.5455829952492127,522.1880391542426,451.9625967737608
260,0.5476769745662954,518.9813416029241,453.1280706075975
261,0.5497697255495043,513.5731940042596,445.9305796494278
262,0.5518645446467839,510.7373520384229,446.946989904765
263,0.5539598571350287,507.69387611207065,447.3205063697493
264,0.5560564538950566,503.0722840088498,444.5958070100176
265,0.5581500505101624,500.1253385137825,447.25428544357834
266,0.5602409063261653,497.6628017355033,446.5565204111262
267,0.5623379637803174,492.8342752830287,442.1666027913784
268,0.5644363283026402,490.4110005251065,443.60755146796606
269,0.5665273824761494,485.9970377424991,440.112325932484
270,0.568621249018378,483.93128705437545,438.89138387928494
271,0.5707181447612965,481.19996779902334,441.8833865388124
272,0.5728127938597997,477.3496261836585,438.2097827273147
273,0.5749070881546879,474.06963802582175,439.73685456119847
274,0.5769991470923068,470.6372842252171,436.95606986725653
275,0.5790956911760897,468.4779266561318,438.7641210553021
276,0.5811893306261757,464.84851454147264,437.6487429871972
277,0.5832802267374103,462.49960405438895,435.06967792439593
278,0.5853761830306536,460.609744858113,439.7519510563162
279,0.5874711784415975,456.8471679095582,433.90430981436174
280,0.5895653958899879,453.16990850629776,430.2006177403273
281,0.591659786459685,451.0657704364074,434.80460352795023
282,0.5937551851921442,448.63642327821157,429.7790954759805
283,0.5958498092767481,446.39774465330225,433.97634721958326
284,0.5979447066705442,442.4607692004597,429.9300190002264
285,0.6000383505174957,440.22481661006526,430.830496598048
286,0.6021313016181767,438.04461694880655,428.25107220613745
287,0.6042246965556944,435.36896463108803,428.15781254627274
288,0.6063189733697846,433.48891803050697,431.98658305180453
289,0.6084147213727373,430.59868990511,430.57064532872056
290,0.6105090855473989,427.26480078576594,424.78085206602793
291,0.6126037649785722,426.2101197474003,430.97489431370803
292,0.6147002391370655,423.10196804129646,425.04997273071785
293,0.616794938930829,421.02391878373487,425.39194454230636
294,0.6188886865784012,417.50873476669256,424.3418753999835
295,0.6209825762252046,416.3489572047739,427.40851867051185
296,0.6230764414889526,413.9029443825981,427.63474364143053
297,0.6251725389343245,413.17891811151054,428.16627286864684
298,0.627266923011265,410.3815772612147,424.90128755815124
299,0.6293596211388142,408.50313074458893,427.3312773805312
300,0.6314513250607457,405.1006980416642,424.025074481236
301,0.6335475720513941,401.78257531793736,420.48649604860964
302,0.6356444982495617,400.81980117892283,421.38182831358466
303,0.6377358562255245,398.8806661333622,423.689513744177
304,0.6398302949107263,397.5512587316765,423.96727228927637
305,0.6419256185614247,395.3480531450209,422.47980492277907
306,0.6440214843206593,393.4277840751909,422.7344203781092
307,0.6461142033434962,391.1338000026828,422.69486206791225
308,0.6482061138478032,389.8699330325519,424.2295284876676
309,0.6503020867345045,387.44712540052603,421.3005313011722
310,0.652398185537932,385.16810997643097,419.40383754280265
311,0.6544932048530038,384.22154166127586,420.68778398701625
312,0.6565867871776386,380.7697268336437,420.40723642816937
313,0.6586827890115348,380.9478817415766,422.6640100825896
314,0.6607793300725506,378.9501290537002,421.82844288057095
315,0.6628724964198541,377.3434178686634,421.85338739734266
316,0.6649654402217313,375.38956100294376,421.2032121091577
317,0.667059865407609,374.63258024650645,423.6538142226842
318,0.6691532523078332,372.66640346736284,421.79435185523874
319,0.6712457992597233,371.35110645059166,423.5393544524515
320,0.6733390782258323,369.86215774503063,424.6162245429611
321,0.6754367503383576,368.08407585888045,424.49727839488844
322,0.6775335143160066,366.68426289761044,419.3941150787117
323,0.679624621064033,365.76435891483135,424.3948536350864
324,0.6817180292738917,363.5786294589396,420.6899674362568
325,0.6838149015047629,361.59847443674965,422.08423449274454
326,0.6859101434268815,362.0141744804527,425.71223247500376
327,0.6880046468184081,359.9886048652139,425.3181504562086
328,0.6900999637264865,357.0487741362793,422.05149996219996
329,0.6921965733216279,357.4121118583217,427.6624699170237
330,0.6942884945981568,355.9116898702208,425.85690238492197
331,0.6963781649531228,354.9009478858989,426.6058277008349
332,0.6984747371200234,353.7585009904502,428.13215279475844
333,0.7005690388882679,353.02590271127025,428.41315147140267
334,0.7026621579778546,350.8747560225714,429.0110738622257
335,0.704757268847954,350.581621882044,430.5106951252684
336,0.7068509057629639,349.77910660495064,430.3972540252655
337,0.708945644402387,347.9575972172623,427.68351592020565
338,0.7110406815970572,347.2363682790464,431.7525884364382
339,0.7131372373036142,347.15194844175005,435.5963194484736
340,0.7152323589250973,345.3686056634441,433.21081210827833
341,0.7173245162021571,344.21757922401406,433.7719920578891
342,0.7194199711852413,344.02592630117203,434.1219956251361
343,0.7215151322330351,342.6577887947257,436.3645177843615
344,0.7236102334592447,342.1458303614629,437.30548177819935
345,0.7257047129497166,341.7217879252503,438.1743817003338
346,0.7277958825256088,340.2427458881686,438.29812360649686
347,0.7298900912292255,339.6469938882977,440.0114191129523
348,0.7319867159780691,339.72109970142793,441.8757477063178
349,0.7340808521059053,338.2555689307887,441.5345594828366
350,0.7361738853270124,337.91247778502236,444.5461815377701
351,0.7382682123604443,336.9327968588496,445.0234790412002
352,0.7403641944498084,336.4090274117064,444.51299443800144
353,0.7424576311971561,335.7026468165764,446.16872322451104
354,0.7445523870480827,335.62511075121614,448.45681912376625
355,0.7466478284648128,335.43001011470574,451.23879525520834
356,0.7487413917548734,334.0859255805947,451.6513666103848
357,0.7508354594737505,334.1845391851029,454.2029704609317
358,0.7529278056847568,333.85711831900915,456.73806702629423
359,0.7550230257904859,333.7950710294365,456.7592999591281
360,0.7571167923480437,333.1537378067032,459.19925811282786
361,0.7592113317151179,333.1723745820795,460.4217300433253
362,0.7613074731933067,333.1992869548477,464.27322205898804
363,0.7634009581307508,332.94914018833305,465.75491813992966
364,0.7654969266569684,332.869889802943,468.27905645851484
365,0.7675905899780763,332.69951253790293,470.2863088158804
366,0.7696837880547684,332.00303980338094,470.5792857113122
367,0.7717795008463626,332.6517568071181,474.65713388619037
368,0.7738757788346248,331.929667389297,476.5996116262829
369,0.7759706260990727,332.31721655630315,479.29116434621415
370,0.7780620795267656,333.579801944349,485.3643217772761
371,0.7801559906208961,333.1840643873852,485.1239249392528
372,0.7822523136569128,333.9187142527657,491.49433585646227
373,0.7843481481853999,332.70276202198016,487.8779493716847
374,0.7864425511046899,333.3721821734872,493.47597576450767
375,0.7885343495966205,334.3565167160859,499.765952483397
376,0.7906286372458883,334.57387789633407,501.2637242209801
377,0.7927244345313397,335.70185093303144,506.9278625128987
378,0.794818005513127,336.0532269132903,509.92231721305205
379,0.7969121491149282,335.5251843509415,510.237771444412
380,0.7990047112993173,335.59427541569147,512.0143560318136
381,0.8010984966914405,336.0612357054164,517.1743412945647
382,0.8031950165575023,337.4749420342506,522.5133519412354
383,0.80529055904954,334.4111736579498,508.8979538483927
384,0.8073868607794276,329.5419948605487,488.06051832988885
385,0.8094799923089985,325.33100848691936,468.4272104084808
386,0.8115723232550889,320.48301632188463,446.8100650958601
387,0.8136672975922271,316.944391118338,432.48769237490524
388,0.8157631100610689,312.71356147820336,413.61104258902924
389,0.8178569790142735,309.64854544294155,399.2946650041863
390,0.8199506303068442,305.8199706931474,382.26984344093046
391,0.8220462665916841,302.6645629474782,369.13488727783727
392,0.8241405937791958,299.7359846614017,357.73207815060147
393,0.8262325853224312,295.8970133414426,343.2268311572658
394,0.8283265675885274,294.22390461876864,332.6423474975104
395,0.8304231027322762,291.29904237130586,320.8630856694138
396,0.832516312308734,288.2790283365868,309.7581129081159
397,0.8346104967180491,286.2461240086101,300.8040911301893
398,0.8367055646585567,283.3296013042364,289.51452576163797
399,0.8387997810841866,281.0215675413111,278.4634486487073
400,0.8408959249120883,279.2718545278304,273.037850324442
401,0.8429902851163829,277.0501630595816,262.94581190526657
402,0.8450834013034724,274.09895068436816,252.57930228940057
403,0.8471787052036875,273.1096327910287,246.44471253890293
404,0.8492741754489669,270.39220191530694,236.2170643492047
405,0.8513666186650054,268.650279392425,230.32362516487075
406,0.8534586558453424,266.63898772398346,221.85787185420983
407,0.8555555147205227,265.34917086388197,217.5844415999289
408,0.8576510528712873,263.1666204761141,208.22291727071573
409,0.8597438531231701,261.60624348624384,202.6994199608757
410,0.8618396600787528,259.7418318249155,195.50854023942236
411,0.8639352641137702,257.9042934174172,187.5988103725996
412,0.8660278348127696,256.44514756260145,184.04366250689992
413,0.8681190723532742,254.02519325565143,174.94430128846167
414,0.8702145301226206,253.69764687177337,173.34272088279513
415,0.8723097299260473,251.90614237049024,167.20769738401225
416,0.8744009465527449,250.09845004390846,161.04872712884844
417,0.8764962014565297,248.25531911693614,153.52059387357883
418,0.8785921785819074,247.9393543035192,150.551702036106
419,0.8806862529738079,245.45887541539815,145.45468622008084
420,0.8827803474942315,244.22156036058655,140.8107557757597
421,0.884876552415157,242.56569385563634,134.09525738949426
422,0.8869727619955021,241.41543496644434,130.76519269448582
423,0.8890661549276524,240.6542486288999,127.63045686375627
424,0.8911606435626759,239.03555706090538,120.3015930933071
425,0.8932564177642083,238.27237662210314,119.26690200734677
426,0.8953515942364704,236.9252936617572,114.39212103644333
427,0.8974449590572777,235.21439559590536,110.65883908371727
428,0.8995380126042275,233.81060316829414,104.67229491095783
429,0.9016308480731973,233.74725580173833,104.74160361767343
430,0.9037248205752632,232.0223311311006,97.62653705668372
431,0.9058194398636225,231.4578683054201,96.76779242545433
432,0.9079139093175219,230.00623467196795,93.49078255146736
433,0.910011764746055,228.4646872038811,86.89217190393562
434,0.9121056647167038,227.35005387433887,85.9715468544945
435,0.9141967683902507,226.50968082950854,81.06046564671699
436,0.9162922424058753,225.46004711785181,78.75762394844824
437,0.9183868595164038,224.5002300426249,74.16857017174544
438,0.9204815946523948,224.02466387363643,72.93633018839394
439,0.9225765682279964,222.3523790533299,69.27640441273972
440,0.9246708776548578,222.5151291922532,66.81678057897949
441,0.9267650233208798,220.65553541220842,62.979706053314054
442,0.9288581102404102,220.16079060028338,59.65639296156813
443,0.9309518934142385,219.4528772289148,58.55741568902429
444,0.9330469160925099,218.87151339864147,56.61798870239382
445,0.9351415764644654,217.9490405102329,54.44831267613896
446,0.9372369506587555,217.46588742517932,52.72287686916399
447,0.9393287530448476,215.79053784789227,46.148566704605685
448,0.9414229216419412,216.38547383946275,48.28824368557361
449,0.9435209341962445,214.40782009820373,41.906360807793426
450,0.9456148252799238,214.92559593688293,43.63952619780944
451,0.9477091255207061,213.69012492302096,40.13313881344953
452,0.9498037238864095,212.16041751996758,36.213350064799
453,0.9518981043411001,212.1785487317496,34.82869095190421
454,0.9539914706287521,210.86560298426653,30.326503515653116
455,0.9560859977890608,211.29988686094887,31.055708321758335
456,0.9581821096695351,210.4231909378009,28.466927577559147
457,0.9602755737793266,210.07259091721141,26.44255014450014
458,0.9623691838562978,209.2436601601125,25.210905615138536
459,0.9644636726355348,208.13960612975328,20.736606558417627
460,0.9665572681340019,208.335358730864,22.505026052859886
461,0.9686506726657692,207.43379107560312,18.507152505032376
462,0.9707453651438224,206.85793664732012,16.807498745575913
463,0.9728397447984573,206.70579870003832,15.863112923064005
464,0.9749341599912872,205.30719093832127,11.261065097346444
465,0.9770309382258842,205.4366026535066,12.96651083700913
466,0.9791243621626365,204.76302938297073,7.190024445109377
467,0.9812186011668534,204.70054491452694,8.744872490062425
468,0.9833152549762485,203.8814915023792,4.954711143562236
469,0.9854083366977224,203.33114764903436,3.09975011706165
470,0.9875013366256304,203.7450622281117,4.709702050082376
471,0.9895964031766183,202.48782999513676,-1.783896074456805
472,0.9916911272506032,202.4378599432696,-0.7941702957783251
473,0.9937856031740195,201.6522389153931,-3.8653115916067398
474,0.9958807301039379,201.3556154782929,-6.338936996509932
475,0.9979746323874407,201.52522401809603,-5.1114548396121355
476,1.0000664008054638,199.48264603636406,-10.570049839131478
477,1.0021595314674534,201.10510811327364,-6.161353750819348
478,1.0042547648495364,200.084530603829,-10.428897634019012
479,1.006349085630113,199.66368719884176,-13.73961509033793
480,1.0084443367657523,200.03177024614632,-12.42939934660106
481,1.0105398481990022,198.96903922296514,-17.796894087283743
482,1.0126348213072522,199.2304277548906,-16.222833154504272
483,1.0147293432188107,198.36250780065532,-21.729946044778618
484,1.0168223222913106,198.37414617737176,-20.660848485340587
485,1.0189181991118834,199.3125918640721,-20.76319154508652
486,1.0210135889667047,197.5606806534521,-26.12344143458764
487,1.023105517395174,198.66076708636564,-24.695379372325515
488,1.0251997072975425,197.05765187721806,-30.008794184930544
489,1.0272950549324347,198.27221427167262,-24.1085918958818
490,1.0293904044607038,196.83681529253582,-29.7295309002879
491,1.0314847550764672,197.792440902211,-32.99691154329857
492,1.0335791521913305,197.02240097422788,-34.67969297954806
493,1.035674282724225,196.09629666964165,-40.41747159167769
494,1.0377683744197583,198.0631344513805,-34.360838273613105
495,1.0398611358062981,195.75693471082542,-42.47872713472262
496,1.0419559810580585,195.3097973709314,-43.38905912057104
497,1.0440519355231435,194.4573735783894,-47.48813489833767
498,1.0461442665368221,195.85219565466943,-47.94244400141741
499,1.048238151325366,196.35871249317893,-44.10143034398496
500,1.0503312794335307,195.4310554311559,-51.57339023094596
501,1.0524262698953144,195.81480174183042,-50.97441082955869
502,1.0545208315883745,195.7572023355118,-53.8436800664805
503,1.0566150350094698,195.66986544340185,-55.40729316662462
504,1.058711440318921,196.04878422680304,-55.65230811904167
505,1.060803734980524,193.66461960600463,-65.41335475999455
506,1.0628970711462522,194.96479145268626,-60.577309787271645
507,1.0649945592352892,194.93645896245954,-66.1571863893148
508,1.0670895920886003,194.69923058855878,-67.63837017591433
509,1.0691815189460832,194.79142746521163,-70.77307454649826
510,1.0712752972137536,193.16506283653777,-75.51813662161842
511,1.073371173619778,194.65432887392808,-74.02234016229545
512,1.0754657024825272,193.20769613445725,-82.71742195682732
513,1.077559391113827,194.37539258958395,-78.21667687790021
514,1.079654167044188,192.3116285604295,-88.54130737991461
515,1.081749685406742,192.49579044734242,-92.08609844876862
516,1.0838429051818583,192.1583554650353,-93.2920171515465
517,1.0859346611894292,191.21277330568265,-101.44729262944243
518,1.0880274765489322,192.80550489143744,-97.58717902276412
519,1.0901226378244568,191.64825141549983,-104.35396447348248
520,1.092218906510469,190.62434298998957,-108.89072278519221
521,1.0943142405516277,190.73082275419392,-111.90010044282779
522,1.0964083656069452,188.06002253441392,-125.30032980556325
523,1.098504575117021,190.15372854045592,-119.89577451320105
524,1.100598880587325,185.59694094875834,-134.89060579252845
525,1.1026907648634887,187.75560933958803,-131.78651760928278
526,1.1047864761829782,185.16132455362327,-142.60720351031244
527,1.1068805633882368,184.7070795101547,-148.52521353394997
528,1.1089715885079452,185.40473731260246,-147.15912906752806
529,1.1110674731376504,180.34251918171165,-168.10527507941788
530,1.1131638031712348,183.08479718270715,-160.58739252699377
531,1.1152567400703868,179.33747011944868,-177.40789591114526
532,1.1173518797395834,179.70755758901817,-177.4469437467678
533,1.1194466841667583,175.86918266318594,-189.25142200183282
534,1.1215386388653605,173.0601850398221,-203.2141674430021
535,1.1236321502294464,173.87805672889652,-203.69954771775159
536,1.1257265608788465,169.47254305985211,-220.23789159776078
537,1.127823511019811,168.25756641487862,-228.5075810478514
538,1.1299186917312898,163.0125015689242,-246.62737285840478
539,1.1320102853860914,161.3519894188509,-254.56795243254766
540,1.1341022265777971,157.47675662723634,-269.4586492192596
541,1.136196488705377,152.9498305860901,-284.5217834420127
542,1.1382919496812383,149.38295572209546,-295.36223817919415
543,1.1403848113573067,147.34454594551954,-306.02371696150936
544,1.1424801205078854,145.1571650689469,-313.4025391045219
545,1.144579099546908,143.04253238874566,-319.62620901479363
546,1.1466743733674984,141.91631194463594,-327.2175074888631
547,1.1487627957344069,139.84253604251322,-330.495345319531
548,1.1508586543248278,139.38892140518416,-334.2213232152646
549,1.1529561980713183,138.60555258930776,-341.0338123532336
550,1.1550454984226184,137.35710207791263,-343.38373659305915
551,1.1571409429142046,136.3876157019862,-346.21135804805715
552,1.159240859340017,136.12275892694134,-352.19274599115624
553,1.1613355832020602,135.39538567029692,-353.61572512480416
554,1.163423871831942,134.96899634094356,-358.9242055084147
555,1.1655188736812345,134.74344709181756,-361.3684178534676
556,1.1676174368768866,134.45641314159207,-363.35847219624304
557,1.1697080797153998,134.37699063689027,-367.2686574850418
558,1.171800206369591,133.84930747711817,-370.08248437282083
559,1.17389591489135,132.6458786930002,-370.74594800870983
560,1.1759888523797297,132.81212069912613,-374.27172946746447
561,1.1780809947202961,132.81137052534575,-376.4582063803875
562,1.1801761196344618,132.2969623589543,-379.53735772338507
563,1.1822736635654147,132.4354526092475,-382.7546843674637
564,1.1843710306693693,132.17342900390088,-384.8359143788755
565,1.1864625384002512,132.77465082017818,-389.47252186500975
566,1.1885545198904406,131.74697220513158,-388.17361159505094
567,1.1906522613678343,132.19743102613774,-392.21477386804764
568,1.192750069492095,131.78245815014049,-393.15674396304917
569,1.1948381381583106,132.32076939027186,-397.76991772581715
570,1.1969297222624806,132.2321165957403,-398.5824362842905
571,1.1990290164311135,132.15428470636652,-401.4959129000905
572,1.2011243924560484,132.3741395208699,-404.68372778176223
573,1.2032149592826593,131.99556768424867,-405.3209292468556
574,1.2053132365828256,131.53073923767363,-405.9313166417221
575,1.20741576508926,132.75151623387615,-411.5285332289823
576,1.2095030565711475,133.1540195742349,-413.53230237968734
577,1.2115949657999687,132.0840763893309,-412.8158551239798
578,1.2136960046145377,132.4972519850038,-415.4941601257639
579,1.2157928316049589,133.75126871051498,-420.8132665234237
580,1.21787984102748,134.14124450785124,-424.8300342044228
581,1.2199725120701903,133.24719047103773,-422.6440508293555
582,1.2220773486348555,134.67473494997307,-429.26347253821257
583,1.2241717280648772,133.83864375885395,-428.3010782216476
584,1.2262574809145717,134.96834385380248,-431.77998600993953
585,1.22835205989159,135.46374966647284,-436.7706274469842
586,1.2304511070315651,136.2688889175901,-439.6763932595967
587,1.2325439941641703,136.24937817911749,-441.47912994569253
588,1.2346327282165248,136.9676012839375,-444.9219868866344
589,1.2367296121231413,136.80251233508747,-446.4772889292424
590,1.238832433751825,138.42956010977608,-452.6138878382207
591,1.2409238541102623,137.71302514032237,-450.7981184104526
592,1.243012379245932,138.3761739383932,-455.09641433367324
593,1.2451094606314712,139.1241068811716,-458.82810394134924
594,1.2472066170026377,140.24184995489085,-462.6691056919578
595,1.2492929515805862,140.86880077527843,-465.65631354890115
596,1.2513843202334647,141.83130718725224,-470.97359680382976
597,1.2534920777891505,141.7142356294075,-471.788426346448
598,1.2555889180496558,142.23550720683306,-473.9150286899792
599,1.257667580798784,143.86362489148212,-479.4375856018853
600,1.2597632986068967,144.1439105250881,-482.0891002450081
601,1.2618709074503869,144.23829888633892,-482.8634375798333
602,1.2639618917954016,145.96418410872366,-490.09796283975714
603,1.2660463256389345,146.24538144421888,-492.45690528961524
604,1.268151380164154,146.43775821772144,-494.185589558561
605,1.2702573897615381,149.20685090182087,-503.4513495969847
606,1.2723329096911193,148.7431864622785,-502.5589330042472
607,1.2744197010315288,149.42013923861154,-505.92386569740455
608,1.2765327006010119,152.63470045511374,-517.7110541373053
609,1.2786342467193723,151.65273274891766,-515.10016282312
610,1.280707182799757,153.16569998835752,-521.1300089132776
611,1.2827931530633179,153.91317265406727,-524.4646857635859
612,1.2849085387747612,155.1606583033869,-529.2314638492325
613,1.287000364654089,157.3617237650868,-537.2977726038314
614,1.2890781709908103,158.01264611883906,-540.4485364900371
615,1.2911842108955598,158.50740576984902,-543.6514092414191
616,1.2932965864662813,160.373465481795,-549.4991354984746
617,1.2953774115066516,160.38752170001993,-550.1634043786394
618,1.2974494068131983,162.82611041743067,-559.2052454509032
619,1.2995653278098822,163.24872261515114,-561.3931505072569
620,1.3016791376111048,166.77467253574397,-573.8070893644026
621,1.3037423234004764,167.94356912885587,-578.0679200576
622,1.3058199114096363,169.09605215594453,-582.5217458604476
623,1.3079467955462118,172.90072182765266,-596.7135933502547
624,1.3100601882305882,172.80566594134433,-596.411826767954
625,1.312113308135768,173.7371932181194,-600.6924160890884
626,1.3141962752176515,178.4150836520843,-616.4690670277166
627,1.3163277077674513,177.708229494706,-615.4665797671028
628,1.3184175493918626,182.02634477804432,-629.9701139835156
629,1.3204856618221223,184.38222199775876,-639.0633353682292
630,1.3225968812824558,187.05139509210352,-649.5639053938633
631,1.324712528812616,184.1446090904887,-639.7124007218572
632,1.3267701241226586,188.3895885173907,-653.9649430009331
633,1.3288455369869492,188.83979880462596,-657.0541430348262
634,1.331007859279665,190.04176552061062,-661.3593068322875
635,1.3331193077637633,196.91356485184463,-684.8274701182654
636,1.335111114646517,196.9757884012932,-684.8468072826669
637,1.3372000138113185,198.78570360033567,-692.7560071697573
638,1.3394207042773567,199.71147253788368,-695.422736706628
639,1.3415191831855293,208.85136936836813,-727.8470209290515
640,1.343419658472025,209.3829303935044,-729.930969958919
641,1.3455475267642247,215.84465407786772,-752.6268366263344
642,1.3478257671998863,211.45425864563137,-737.7431969561588
643,1.349910545699746,217.19775106641714,-758.1978058532051
644,1.3517701887420612,213.8227732709328,-746.5026590573352
645,1.3539417100377606,223.36623597751054,-780.2396402366749
646,1.3562514521124112,229.4804946561075,-801.9640861754281
647,1.3583044750242828,224.16299930633446,-783.3814338686078
648,1.3600937081391848,231.52348674991478,-809.0276740832802
649,1.362315666351114,238.99232272369537,-835.2343772298025
650,1.3646739887244697,239.2280496634021,-835.9930686281785
651,1.3666040349314283,244.3803093743933,-854.37048056636
652,1.3683585203137423,250.94613826162492,-877.3130647081234
653,1.3706879171444677,257.375976357141,-900.3343669958106
654,1.3730812726720756,252.96590551607684,-884.7002521860243
655,1.3749143385354152,270.330413659397,-945.3053891606919
656,1.376679031839902,273.1487582101382,-956.4666080859976
657,1.3790764132796052,250.70138932040732,-876.8338118029698
658,1.3814727924700456,283.9564132448367,-993.722980005017
659,1.3833424067073374,308.7812747034205,-1080.2118143133662
660,1.3850593718572481,264.5509524631952,-925.620778694111
661,1.387433769507078,312.2010114703357,-1092.0682166236986
662,1.3897620281243455,293.3897318850494,-1026.2539632910343
663,1.3917897627196847,542.8396382294914,-1900.6182627681264
664,1.3929979117318791,149.6015718732907,-523.6055015565174
