,k,Pk0,Pk2
0,0.0029665470748989845,73828.0976958224,-4489.071047454072
1,0.005026374055021859,93958.10165739237,72252.79951181466
2,0.007149300621522788,97964.15495596465,-60446.77032569344
3,0.009278869254964255,114651.73581522072,14543.92553658235
4,0.011450332619344701,115445.31105976639,-61766.67272541075
5,0.013492955871419151,154098.01064884668,-10938.748749913693
6,0.01558905561191893,132866.38269059165,8844.12472703652
7,0.017694083672553172,136897.40397671837,-35507.484852963884
8,0.019817874803135297,142375.4119869359,14396.508396745476
9,0.02192074938196264,138954.7578487804,-1545.8701193172274
10,0.02398877635566245,149080.84302255328,-6373.071503282958
11,0.026092869718961156,137287.0648179804,-35270.63956042397
12,0.028234663152781798,138559.5657380688,-8288.6275351078
13,0.03032284873509123,133469.67105597985,-13424.640409023059
14,0.03240263258943404,127599.766257601,-8367.685360363876
15,0.03449210129864554,120177.7600645361,-10013.602102123416
16,0.03658588147515197,120274.03199425346,20986.239128964593
17,0.038684769492669774,121751.59646667105,698.0397223156615
18,0.040788988884582836,112331.10954796463,-4585.548080924814
19,0.04289390876967646,111515.70008669274,-2658.6476050526453
20,0.04498336005546935,110278.09623636071,14359.004631983915
21,0.047064985294738244,105795.75220421818,-4312.503873504621
22,0.04917111919158227,100486.00797075659,-517.5974999249589
23,0.051262169141742274,100816.26715789248,-2752.533004132071
24,0.05335525146837034,98822.79668330314,4201.311608694315
25,0.05546637228956934,95921.88988087162,-7532.015861923389
26,0.057573188192548086,95580.25763499258,-1408.0723339127283
27,0.05965884044590281,92972.57183524028,3375.7715494730755
28,0.061745123021595065,93847.2586634281,-2846.9869071475764
29,0.0638268929113719,91119.14855049252,1966.0330235605104
30,0.06592966228838451,90073.4339098417,-1366.046084011874
31,0.06803125784825748,88525.50110046464,-4213.209454804999
32,0.07013131008699486,86141.86953228223,-4358.761343489079
33,0.07223032366074338,85462.32423020362,-4060.8253692035564
34,0.07432334270720506,83496.61394418041,2597.048410696601
35,0.07642066756954473,84080.48946145982,-1820.7639589986143
36,0.07850471694556041,81611.62095798593,-391.0663534742424
37,0.08059701946059529,77984.98084162579,-3512.5822028376197
38,0.08269521798132064,77867.57000183097,-3330.0530912202867
39,0.08478307522909848,76146.80715666889,3034.128948097378
40,0.08687780839616016,75469.61231680342,-3030.2444557427207
41,0.08897524569656534,73110.47520795996,-297.5037827204869
42,0.09108077810470518,72423.81704102216,971.0624399262539
43,0.09318432266948053,70184.33865041425,1123.1130320941588
44,0.0952788764104831,69233.14699885594,1439.1830311755762
45,0.09736254237981037,69585.40242010071,1525.6846488895785
46,0.09944832814799408,66636.34331182635,363.06215047994675
47,0.1015460879802399,66772.97170379404,577.7179953374323
48,0.10364263756677322,65159.968988984525,261.45688876108676
49,0.10573893905394659,65145.54141658698,1925.2015764929695
50,0.10783958559814742,64531.11581433646,569.7736525287127
51,0.10993894058501318,63515.3472727005,970.8420451094354
52,0.11203921431523854,62326.03424230444,180.39475718571848
53,0.11412334585697578,62620.36586737846,2903.9785062865967
54,0.1162159397555423,61580.44269122723,4733.12566503228
55,0.11831372048037725,61874.26996205493,-748.549931958095
56,0.12039723118070132,60514.778933585796,2363.764373867544
57,0.12249223631878574,59884.51845693939,-472.8334416307678
58,0.12458825984258635,59343.62706003901,1611.0770679898505
59,0.12668846771583772,58902.8392382797,-409.6044526984943
60,0.1287846620419941,59176.155739814465,1203.6684542289345
61,0.13087133937881498,58380.4035745713,2474.0178657819224
62,0.13297548334406448,57780.65615928732,-892.4364743076079
63,0.13506910815256093,57162.39512054795,1239.2121302016196
64,0.13716388258568254,56872.451402413615,805.1537511693036
65,0.13926047573721634,55982.53053634607,1040.8649996728402
66,0.14134668829083769,55678.403677303635,-1228.0852959266513
67,0.1434475230090064,55084.3340321529,1569.8548685741443
68,0.14554528534185418,54647.995578975926,1356.183684926322
69,0.14763320610735878,54594.543298722936,224.3619584897182
70,0.14972114728432864,54426.198072639454,-327.64855352747844
71,0.15181380487515775,52753.91106396661,335.6647578523457
72,0.15392114901003526,53117.65018286632,-68.39620245506813
73,0.15602147473412367,52460.496300333485,1302.8116570944244
74,0.15811617475881218,52469.053340824146,15.234021549921987
75,0.16021187122717997,51659.25457026708,69.75579861679974
76,0.1623006419462899,51111.06906802928,-411.9433636580883
77,0.1643899033199985,51054.61325937019,624.3143513721808
78,0.16648355823815117,51473.9219848781,94.62905574901303
79,0.16857196837784735,50085.35835297867,592.2108766396651
80,0.17066413320893647,50144.49153214748,1090.6965241227908
81,0.17277086992561352,50431.60565764784,6.591552996349341
82,0.17486965460096995,49924.62528406119,1162.01136270895
83,0.17695857694944453,49313.7148572113,303.1361198756569
84,0.17905245093155753,49489.129839476474,1129.4336833940597
85,0.18115265212612636,49237.29815511822,1772.8800664491891
86,0.1832476884130739,48917.33672423684,443.1991607949407
87,0.1853312475833926,48713.58609356407,1178.650604439731
88,0.1874284892203219,48439.16818587762,919.9518963926579
89,0.1895337179075755,48381.61465243344,167.4798884970088
90,0.1916268196474026,48145.454405717384,640.1098582918858
91,0.1937183403446853,47375.8157487881,1287.0888064229655
92,0.1958131498886989,47521.44391076449,398.0866201386153
93,0.19790587400989662,47447.905727455945,916.1594576987104
94,0.19999906515978938,47358.72659191374,1618.7448062649394
95,0.2020893038374759,46967.68533814862,999.1561519712615
96,0.2041823192148178,46858.57777542479,-625.409772448304
97,0.2062825911013838,46717.13168374806,429.9833855899803
98,0.20837701891459662,46467.2120851452,1071.350432594846
99,0.21046758167944032,46268.94423014432,-67.21586847504409
100,0.21256678542440183,46029.40423328757,-31.573274486784122
101,0.2146619261104852,45791.180408570974,-148.46918190212384
102,0.21675618057220372,46150.059096511846,417.82736183767605
103,0.2188528705899679,45804.40288425619,910.596826211802
104,0.22094564274530842,45504.18520877248,-562.0736099991834
105,0.2230395148320731,45576.60401831013,984.4371219726888
106,0.22513567328585352,45224.99389803311,1286.5715778310437
107,0.22722785048644015,45069.66651608329,112.91354420151725
108,0.22931975112872324,44721.60296395611,-616.8243098191132
109,0.23141147723465103,44908.044453066206,1627.3205984449498
110,0.23350584674782457,44504.322888931776,1372.3884040440494
111,0.23560416522029054,44604.53405873299,870.8941973059401
112,0.2377006336558307,44540.131508457416,793.7548685402269
113,0.23979727503904752,44367.235385422246,-92.53958789049086
114,0.2418944602532704,44293.619958803276,962.8188186718229
115,0.2439884227569783,44290.1419756921,273.8340860250405
116,0.24608359968283072,43905.8954165587,1039.1251634598102
117,0.24817552807053123,43636.561741628575,111.48670687435387
118,0.25026237006475704,43746.61282193964,1105.5298862073587
119,0.25235861551053484,43650.53555308056,422.87356471199695
120,0.25445470778669854,43802.125581517634,1248.2845073114618
121,0.2565487653287422,43465.23325408265,1133.5574263965982
122,0.2586464955058471,43413.544636123755,1551.1525193531804
123,0.2607443047329862,43289.49495028045,1566.0798280281656
124,0.26284383121734134,43292.02152342656,333.125358686977
125,0.264929885565984,43262.651340898345,555.8007721265013
126,0.2670163698864118,43178.585326084554,993.0038024681431
127,0.269112135390912,43127.167662651955,753.6375029225519
128,0.27120764961246213,43060.00014592198,212.4190275172105
129,0.27330509996536784,42674.59111784664,753.2091917904183
130,0.27539842121309294,42717.84719110282,-92.71729201601887
131,0.27749656900268016,42927.658588932085,948.9675075502979
132,0.27959864364035925,42662.316384285994,567.8491587827777
133,0.2816878213234348,42779.078208994724,1068.2024070877549
134,0.28377609558542155,42555.95992700696,506.22081010299075
135,0.2858732754634003,42446.67690397264,312.8853910901389
136,0.28796861590208045,42335.83872054058,1621.5909403684495
137,0.2900612915162532,42288.65327665864,670.0038365546607
138,0.2921547032025089,42236.68500341587,892.0843786890885
139,0.2942501291133245,42186.413059108185,901.7594605875905
140,0.2963444256131289,42244.42244648201,1264.1051754440925
141,0.2984361415704375,42011.45384274264,56.113374114742015
142,0.3005318840555698,42177.95864895528,591.9274985386526
143,0.30262777760316095,42081.51060254409,799.467803317691
144,0.3047248035439954,42101.901759768094,329.1295282399233
145,0.3068210272572538,41737.521554790874,279.203335824096
146,0.3089144805088237,41917.71437599656,371.77256150047106
147,0.31101080657849756,41929.69910188419,739.4028747900502
148,0.31310885951912926,41598.93425269664,1132.822372085412
149,0.3151991603466065,41831.570519749475,249.23607329595723
150,0.317288667284839,41692.888101741366,195.90057238367064
151,0.31938044185106124,41609.37820651176,457.4483506856446
152,0.3214783648369702,41774.57112228799,967.8410008250302
153,0.3235785211189416,41537.09882635183,694.5472923932526
154,0.32566935894833426,41543.336612395244,864.1649719240842
155,0.32776077751211374,41461.48775817881,-38.63994038375929
156,0.3298523230655558,41578.79638115191,460.7036324553456
157,0.3319485433973702,41449.19566260112,1067.771159355074
158,0.33404540358127904,41466.552500013415,795.8850803392687
159,0.33613494177837844,41500.33333193207,442.001536591172
160,0.3382313832787478,41367.05423859037,670.5019469427306
161,0.3403308518124324,41379.37430957084,514.2279710876918
162,0.3424246601457981,41400.83699153999,1321.7176070172957
163,0.3445197272986724,41381.61435346475,346.25637186301634
164,0.3466158524641983,41454.54482670326,720.3611301948226
165,0.3487089916477683,41344.37519506142,168.67130215645818
166,0.35080114560367615,41267.72014496566,732.1573616871692
167,0.35289356821720286,41322.94186555877,453.7489691598267
168,0.3549881110219297,41206.202056994975,518.8623203525932
169,0.35708559248027844,41371.32711487344,462.243436047889
170,0.3591813496003593,41074.04214053987,440.1833013163672
171,0.3612749400626811,41144.84516089865,524.0116564351966
172,0.3633693413142722,41181.358988724714,300.8805810932915
173,0.3654632219855477,41086.17578831031,377.45378446568736
174,0.3675603773529471,41023.67389059689,268.40978954444853
175,0.36965434919829326,41040.821079531364,451.7389144921145
176,0.3717418094879197,41096.868285105054,160.6127899831347
177,0.37383404253825586,41052.17056095812,469.1827372358763
178,0.3759308579415973,41137.7299287726,542.2589919032339
179,0.37802985088946095,41162.0485152134,296.1163206154477
180,0.3801213498834686,41081.38051707876,516.6271094200616
181,0.38221306010699313,41354.87812790763,886.1153559677085
182,0.3843141376638833,41082.920134040854,452.434028024181
183,0.3864096355836929,41172.82241543066,346.85263825619325
184,0.388502907295756,41120.83240871097,701.9844358424956
185,0.39059769208540335,41072.97956057847,821.0224707160834
186,0.3926958121232196,40992.48906344636,504.16707808887463
187,0.39478921808384226,41149.615817798665,413.5254737121302
188,0.39687821409975554,40993.95813623633,436.31717345252065
189,0.39897073627813356,41268.755502686545,298.59292953531815
190,0.401067192451382,41145.799933378556,287.4921619137218
191,0.40316228148056854,40979.476888644815,680.1185238392086
192,0.4052546340249366,41089.46557851676,319.25751098448654
193,0.4073499183903822,41089.61926205016,715.6539947745337
194,0.4094468722071623,41011.088468260525,361.2656071286329
195,0.41154432885897757,41193.42693648395,203.45903775664127
196,0.41363408239228544,41047.135492506306,525.2012030139667
197,0.41572494638156243,41030.913423056816,378.1045805071663
198,0.41782181997781404,41039.85876139022,857.4618797918058
199,0.4199166506307261,41021.69726488653,101.18158939810134
200,0.4220107143757513,41167.69264459941,503.53303992875567
201,0.42410542949066876,41106.056464562855,329.54743400945966
202,0.4262013850195404,41167.131519825525,478.7143997649597
203,0.4282955296445312,41162.963931174425,713.9798253150464
204,0.430391806688861,41114.51187668878,541.4804572848035
205,0.432488575457924,41113.56866230049,540.2792305612263
206,0.4345806090039814,41155.13624537862,315.64695163984123
207,0.43667244097425384,41143.12224938183,924.1937387115723
208,0.4387671492209622,41290.18610407212,319.0807002327883
209,0.4408622534544343,41313.12937231271,423.3571006918677
210,0.44295516415095815,41360.085821901754,514.2576140137181
211,0.4450482683181851,41318.236833769384,1021.9102834851674
212,0.44714683875742495,41324.37125484135,712.3644168790507
213,0.44924362280569813,41364.51853180139,253.04853876763877
214,0.4513338633316258,41251.995837203096,590.4106164012638
215,0.45342753643259276,41377.9474226842,553.1248663334308
216,0.45552189548586586,41275.84342818584,667.9211211161348
217,0.45761716616081083,41385.93431040659,373.4826968597456
218,0.4597117909764672,41241.346369434716,665.5444119725933
219,0.4618031890496857,41144.40289051621,211.01905924458356
220,0.4638995470730997,41486.22795429122,427.8072965882394
221,0.4659948171464902,41458.78810437499,449.52024737801383
222,0.46808929446972725,41321.139940168716,450.3721709703806
223,0.47018492649495636,41478.681700129215,610.6797907736857
224,0.4722792778491551,41462.37288420049,527.6744334732984
225,0.47437272572904565,41573.59601953437,741.6243256796037
226,0.47646593372141327,41528.21271112237,241.56694532134532
227,0.47856230727426236,41378.9901422679,186.90614182056774
228,0.48065904058976644,41559.81140941663,205.95820561938825
229,0.4827512226177774,41494.27139538898,556.435652414086
230,0.4848441163240575,41534.93186734294,552.9999871011131
231,0.4869397730506266,41583.73943241744,477.422644834708
232,0.48903678813400875,41730.43627865029,47.75860507233077
233,0.49113096964965397,41644.4602238423,295.34334266275596
234,0.49322332174786626,41747.222471242094,625.6349155073962
235,0.4953187148676145,41817.706768889766,54.39018274752275
236,0.49741120358770496,41767.08163421889,841.5697561894548
237,0.49950082345999325,41721.988393521424,486.9861140545648
238,0.5015952506837275,41742.01568280204,187.91409948244203
239,0.5036919972981919,41960.16481210661,597.185973731971
240,0.5057872116617207,41878.99600269517,204.6046493557835
241,0.5078828569897101,41978.42634655851,353.60162003538056
242,0.5099793452386306,41904.781102369256,136.14137406096762
243,0.5120767256379639,41955.41488999503,701.8443179331829
244,0.5141702395931294,42012.713103808186,124.92484517629623
245,0.51626132102766,42064.17889038818,396.01030555036976
246,0.5183576899265504,42108.18485389381,579.3186302713142
247,0.5204524416424112,42226.024294140734,433.7205476746941
248,0.5225430403510469,42229.79915506421,517.1824269776447
249,0.5246378991347941,42107.64613269011,205.23722890972215
250,0.5267345150769579,42187.25293275536,405.3506341564203
251,0.5288284644781793,42320.600739626796,578.5000046272731
252,0.5309200047543352,42161.28140794531,471.93978990117375
253,0.5330154787982235,42383.09447961449,459.6309907205959
254,0.5351140455458262,42440.67877450968,715.1480165976501
255,0.5372066203065362,42402.592945282624,482.2781908203921
256,0.5392991990272246,42404.59684866275,83.55787561777888
257,0.5413944118270408,42526.73882666874,267.27526923063846
258,0.5434881995106379,42453.55463085983,345.85656239985633
259,0.5455829952492127,42672.05769426198,214.90862255410605
260,0.5476769745662954,42670.0717687672,658.142229204232
261,0.5497697255495043,42761.595287926095,745.1105914272133
262,0.5518645446467839,42780.51341190988,515.7800837100863
263,0.5539598571350287,42922.785672413265,259.406201293609
264,0.5560564538950566,42725.34860660545,270.75496292825784
265,0.5581500505101624,42767.66585587626,660.9516491583122
266,0.5602409063261653,42781.88448505237,765.6424679241253
267,0.5623379637803174,43035.35352075694,254.86673895772233
268,0.5644363283026402,43076.482589478204,338.295485551549
269,0.5665273824761494,43016.177426886556,378.80284341191685
270,0.568621249018378,43019.874299800045,196.213529901854
271,0.5707181447612965,43096.328251206556,521.6864998649031
272,0.5728127938597997,43198.638841414424,510.3608157547637
273,0.5749070881546879,43365.998525460855,374.36834393345833
274,0.5769991470923068,43288.630775971855,296.878077069798
275,0.5790956911760897,43240.77619723841,338.01861380420803
276,0.5811893306261757,43462.689014196854,757.8194432162485
277,0.5832802267374103,43402.52607837462,142.1603362685977
278,0.5853761830306536,43637.15273425437,227.05226694874975
279,0.5874711784415975,43401.63782301041,487.51730661229305
280,0.5895653958899879,43617.702329605665,423.01948570906967
281,0.591659786459685,43599.40961728019,257.84889498220116
282,0.5937551851921442,43666.340646974815,379.5129174983753
283,0.5958498092767481,43786.99862589585,362.1031598745752
284,0.5979447066705442,43686.75916276553,77.59456456617693
285,0.6000383505174957,43862.6071443712,215.50207228606575
286,0.6021313016181767,43870.803510503836,97.41374186860999
287,0.6042246965556944,43971.78632792453,161.53149654075995
288,0.6063189733697846,43975.86322023445,298.66651370767505
289,0.6084147213727373,44127.73653528997,505.93339558617555
290,0.6105090855473989,44096.7447381873,234.70810969021628
291,0.6126037649785722,44111.98657117048,112.74685813510109
292,0.6147002391370655,44155.28624556,595.0569906238507
293,0.616794938930829,44324.49863770941,272.4264527921472
294,0.6188886865784012,44364.03340584906,453.5042627616948
295,0.6209825762252046,44485.99091507175,790.8979920421118
296,0.6230764414889526,44475.79159181546,712.1018071390788
297,0.6251725389343245,44447.38941716331,430.2619128133492
298,0.627266923011265,44668.169482920246,300.62849786004824
299,0.6293596211388142,44681.168186718554,413.8274357752206
300,0.6314513250607457,44536.52447776632,371.8988663991611
301,0.6335475720513941,44667.35486685724,180.87474748698358
302,0.6356444982495617,44768.86821132029,607.7512603825849
303,0.6377358562255245,44815.70055791663,350.54161121457844
304,0.6398302949107263,44846.2235071761,498.6547376230858
305,0.6419256185614247,45034.206872536866,-100.78941893300068
306,0.6440214843206593,45009.38042053091,295.0937805160315
307,0.6461142033434962,45058.00634271942,601.2096021627652
308,0.6482061138478032,45101.37863079765,460.62999459783265
309,0.6503020867345045,45251.295648731764,504.57008867240467
310,0.652398185537932,45275.478500373756,192.9108807038257
311,0.6544932048530038,45274.16022214047,207.30707547088093
312,0.6565867871776386,45458.08239386685,630.8724308934169
313,0.6586827890115348,45525.384582788465,39.0300049981182
314,0.6607793300725506,45578.578994619005,660.1367820924709
315,0.6628724964198541,45518.13620682732,660.6345836065742
316,0.6649654402217313,45760.14052742439,693.3752451784295
317,0.667059865407609,45711.18336960972,339.35790856549613
318,0.6691532523078332,45807.39316168227,452.7462284805819
319,0.6712457992597233,45846.59237116887,224.75761807342658
320,0.6733390782258323,45992.70251033386,288.6118346634583
321,0.6754367503383576,46144.54744683829,137.6932993180653
322,0.6775335143160066,46146.94531258166,774.3234857323788
323,0.679624621064033,46217.172579331454,353.1561277879565
324,0.6817180292738917,46233.49752125315,524.6771408479716
325,0.6838149015047629,46366.04879736217,323.7810826222898
326,0.6859101434268815,46436.40308668222,390.7779813819382
327,0.6880046468184081,46439.21552701766,511.12962576225397
328,0.6900999637264865,46469.882624738835,240.98316503665637
329,0.6921965733216279,46666.91771064803,253.71779682037487
330,0.6942884945981568,46701.48403112869,326.1327657215067
331,0.6963781649531228,46742.625233962324,489.94254866633224
332,0.6984747371200234,46878.05839070514,494.64165978976854
333,0.7005690388882679,46831.69632316191,450.0148261818218
334,0.7026621579778546,46965.37019615304,469.82994699341873
335,0.704757268847954,46984.38078705826,463.94247388366716
336,0.7068509057629639,47157.059498355404,440.1707485001332
337,0.708945644402387,47165.916157948806,526.3687099668831
338,0.7110406815970572,47253.667653628196,812.4204561799519
339,0.7131372373036142,47302.487632838995,207.06196306282726
340,0.7152323589250973,47470.458632722766,652.3176823372596
341,0.7173245162021571,47478.547106457794,502.27737630605594
342,0.7194199711852413,47660.21848578045,-35.33512355046276
343,0.7215151322330351,47707.556357599286,492.69712866708903
344,0.7236102334592447,47789.10153440371,402.02801944535275
345,0.7257047129497166,47886.313362199864,426.45113965419176
346,0.7277958825256088,48028.980560118966,369.5693253381387
347,0.7298900912292255,47876.031183400664,521.0422090687658
348,0.7319867159780691,48069.34736735679,709.8356960830682
349,0.7340808521059053,48051.02790001326,546.6287078007445
350,0.7361738853270124,48325.506894549166,557.8735869747585
351,0.7382682123604443,48378.051402594036,395.41129113684957
352,0.7403641944498084,48366.75874191593,209.29197667793423
353,0.7424576311971561,48422.035850412045,378.795199131376
354,0.7445523870480827,48536.80213139773,537.5138424770536
355,0.7466478284648128,48679.44611272308,367.6999492612284
356,0.7487413917548734,48841.39014845627,518.5588589470353
357,0.7508354594737505,48931.202280091034,-9.919814699975
358,0.7529278056847568,48992.20840829748,492.38182982741995
359,0.7550230257904859,48961.652190955196,168.20627007729396
360,0.7571167923480437,49111.69379269617,368.898777368687
361,0.7592113317151179,49233.40232798595,310.73070640832975
362,0.7613074731933067,49320.27269414184,209.35456688131362
363,0.7634009581307508,49387.326145567815,269.24718413909994
364,0.7654969266569684,49461.28158068094,360.477317421077
365,0.7675905899780763,49612.07916472373,480.2724398580101
366,0.7696837880547684,49661.699965311906,125.9690914777426
367,0.7717795008463626,49740.82236155532,532.0226443710444
368,0.7738757788346248,49877.25037094513,288.7302140081406
369,0.7759706260990727,49964.36754201518,471.04369814427923
370,0.7780620795267656,50035.568827767114,597.8478403266166
371,0.7801559906208961,50115.71997119523,45.43728268544037
372,0.7822523136569128,50293.307500767994,413.0500753596772
373,0.7843481481853999,50418.196491865056,329.87059617251253
374,0.7864425511046899,50475.20796419026,623.5416865534052
375,0.7885343495966205,50536.91951417064,299.4093879460509
376,0.7906286372458883,50533.68487190574,93.82627700524746
377,0.7927244345313397,50667.60492521373,175.01605203453036
378,0.794818005513127,50845.71763109836,532.6008792361635
379,0.7969121491149282,50858.08304969244,373.52396569740625
380,0.7990047112993173,51068.28073176869,85.54413307364999
381,0.8010984966914405,51096.695497999644,619.1127590283647
382,0.8031950165575023,51191.7787835502,779.7947426953273
383,0.8052905677217739,51327.06803167701,316.0635655390769
384,0.8073868841230295,51473.52431360181,436.8082706229371
385,0.8094800557409162,51558.758040833636,749.1934826874534
386,0.8115724907946299,51595.622579751274,-22.327454930686955
387,0.8136674854006812,51737.62430220853,887.6082023214035
388,0.8157633267681768,51824.621334041774,351.59626334022636
389,0.8178572815764139,51902.4599661997,840.4190443426346
390,0.8199509017046862,52025.59139182026,284.3929364369807
391,0.8220464110750062,52163.263423207885,784.4254970421981
392,0.8241406544737637,52304.371281823165,472.6542876511719
393,0.8262328397247414,52409.1398614264,146.0335864599236
394,0.8283269471334518,52551.08189761216,249.37454926562555
395,0.8304231064697798,52602.06014498266,253.92960911917996
396,0.8325161683796762,52571.966819069945,515.0873390767547
397,0.8346105557242035,52851.78086663825,630.2915816419045
398,0.8367059794413102,52856.57558337233,213.11108785291617
399,0.8388002445604258,52968.99138408705,664.3443621574044
400,0.8408960756111226,53071.121372644215,238.12339388308422
401,0.8429905652842218,53200.94714753742,617.8633455085654
402,0.84508401313589,53330.32958905261,381.22998369665714
403,0.8471791713809247,53485.359696522486,584.2305155478196
404,0.8492743362825239,53575.980003133714,334.8296638912218
405,0.8513668888602299,53676.60140939928,669.271498181661
406,0.8534589296280589,53766.365895399,468.03966469451274
407,0.8555558405338324,53871.73481007798,949.5436373915949
408,0.8576516874123633,53998.75894890061,632.985157118681
409,0.859744590599333,54147.46285049058,685.5063371558437
410,0.8618400547669827,54261.031018128604,500.20702534433013
411,0.8639350434441438,54478.73209307485,293.6786352410296
412,0.8660280248974203,54503.06292086252,793.872824479613
413,0.8681201347325478,54581.2764508531,623.1524387426654
414,0.8702157283801463,54684.50018792948,650.3765234689117
415,0.872310621353091,54900.642908122034,575.2845927796254
416,0.8744020359703552,55023.13834751341,771.7681063307465
417,0.8764972088477568,55090.54540768338,241.4539938301162
418,0.878592835994214,55285.99925548518,697.1049792491098
419,0.8806870131084201,55413.68315854039,596.4001298234658
420,0.8827812802431019,55545.86226800036,952.0707554118904
421,0.884877279658285,55706.36980240625,203.84539068856628
422,0.8869730004154345,55758.49469853294,413.8899260491194
423,0.8890661750433553,55919.14011526346,590.5703098905086
424,0.891161435679344,55983.22764675785,647.1655988703347
425,0.8932577960179496,56149.53540948878,628.3342314848295
426,0.8953527392107627,56318.706029707835,448.10787974351337
427,0.8974462460666859,56414.21683638374,774.2227080524234
428,0.899539340962409,56498.581238755425,743.7577503887843
429,0.9016318169027592,56637.93058166341,178.8797837597588
430,0.9037252249745606,56818.04584617731,552.1585383363802
431,0.9058199443223193,56881.117744133255,380.9312184254311
432,0.907915243986348,57133.68725776139,444.8149055409752
433,0.9100128049501981,57150.15425157128,762.8852876735073
434,0.9121059966002629,57412.48148729004,559.3671563091812
435,0.9141972861830797,57434.0674290573,656.5867876075955
436,0.9162932496702593,57560.65349746659,568.4796131485189
437,0.9183878012752863,57654.2091825234,386.1079153984832
438,0.9204823185419505,57796.52721965813,424.3085473598739
439,0.9225773629784582,58013.06162984757,532.0045724968929
440,0.9246718174739146,58171.10472553609,517.5070976023784
441,0.926766211900197,58294.5118574003,697.1008185182105
442,0.9288591582540804,58390.06838989497,555.4864079770879
443,0.9309526610700547,58599.56193771931,497.51660105744304
444,0.9330479303067369,58728.24738711116,595.7508572649788
445,0.9351433527997749,58834.70865724719,667.0439830649192
446,0.9372383527365933,59024.0499595463,368.80451842044704
447,0.939329757499591,59202.181387041746,481.41738083312003
448,0.9414230571985791,59234.70059617856,651.3794647167985
449,0.9435210054806012,59481.36957938787,642.5189070399464
450,0.9456162503172072,59577.06982073768,732.4486814959017
451,0.9477100092887099,59697.02838800253,574.9278955707631
452,0.9498046323041349,59839.25729686741,773.9154519383537
453,0.9518991548408083,60029.26425375507,752.0134486555062
454,0.9539929332702277,60233.42440067178,758.8269387928289
455,0.9560874898052096,60380.19677720376,660.4033704889148
456,0.9581824530689178,60441.15242449315,917.0876190436924
457,0.9602770371571748,60678.624712470766,1082.2447252608697
458,0.9623710723241273,60765.127824386436,624.5278294693064
459,0.9644648349083941,60964.89693839008,580.9607048875995
460,0.966557887379011,61187.52066573141,587.0912232802643
461,0.9686513195291268,61289.52704546338,698.5019334541525
462,0.9707470393683869,61351.37368066561,808.1105547503895
463,0.9728419987888902,61594.82045511338,909.1029915519043
464,0.9749363451418961,61632.04789032167,712.8197434266224
465,0.9770319720978949,61897.27992880431,621.0217884856576
466,0.9791260608689247,61969.18880204897,782.8563698607286
467,0.981219993418123,62198.67461213787,482.227501369351
468,0.9833154848012966,62284.54101584508,662.320787586131
469,0.985409217900734,62500.14044568822,677.0300747380852
470,0.9875034929558208,62568.617405637066,719.1609350240349
471,0.989598845059814,62823.49131776389,620.480738602675
472,0.9916925524589582,63000.34238536611,801.8558107820004
473,0.9937866222530743,63122.910343585325,792.9150678240759
474,0.9958822538585521,63317.54955840637,920.4861427184609
475,0.9979763461234663,63527.19968256073,811.9814281786115
476,1.0000687382803208,63610.167661660635,781.0342215244718
477,1.0021620574674717,63851.995349491954,794.4177476342245
478,1.0042566040705312,63943.27797120921,977.9367402484671
479,1.0063510481087232,64063.65831949717,493.7102579434447
480,1.0084458017147504,64395.936164126826,760.3156071064508
481,1.0105412449330358,64593.82185392664,1110.1267838210958
482,1.0126363206852906,64671.54373835573,443.5897208427889
483,1.014731689048677,64831.89944690039,1088.3207141952917
484,1.0168251811607234,65052.390014994475,524.6528408008624
485,1.0189183181794257,65136.324023332636,678.3748506884853
486,1.0210135131858313,65366.76990979523,1148.2098588897227
487,1.023107899818119,65497.08069969411,762.8408393350157
488,1.0252035642142994,65728.21471343892,894.0852461324338
489,1.0272979326699727,65926.83189042185,832.6766448209504
490,1.0293915165160124,66053.37115553673,983.2921442427036
491,1.0314862118776227,66301.09879609567,791.4714732519672
492,1.0335813276438528,66439.2498391419,581.4146408223999
493,1.0356760372494827,66763.98004220308,826.5707426625708
494,1.0377697665518313,66803.16147435788,1175.104093936037
495,1.0398635542890804,67049.46806005194,813.3217806368809
496,1.0419580022733907,67206.05000568199,1047.1263550282197
497,1.0440530837182007,67388.52743025639,841.1378588314014
498,1.0461463909219801,67590.88094053007,1149.8442886332155
499,1.048241289239942,67782.18957569497,910.66609213746
500,1.0503346504195201,67979.26846846646,865.0935123284348
501,1.0524278880438542,68074.80027968081,907.9326166555556
502,1.0545231057279465,68361.97944840419,1134.4035692751766
503,1.0566172205725972,68512.56209444586,824.1432000698926
504,1.0587125681053644,68800.04036683666,1011.0425629525264
505,1.060806974942881,68876.45300161559,1168.3189869513549
506,1.062900937291859,69024.41702792737,1162.0318085286324
507,1.0649968400029963,69309.72692194687,1269.6968248949286
508,1.0670917748856612,69496.88472343309,1034.6091719101505
509,1.0691837840599538,69624.5985830251,1228.9334609651262
510,1.0712784055790137,69846.98487671724,1340.0697836824475
511,1.0733741944109443,70026.83128527949,1286.408459017311
512,1.0754689143080451,70231.60946186121,1354.0170294464303
513,1.0775625935653539,70475.03986043818,880.867004065624
514,1.079656551776009,70697.27649483319,1309.9132293090745
515,1.081751759033872,70901.43652790459,1298.5925284645568
516,1.0838450038800544,71151.03301531382,983.8247540342127
517,1.0859393346043436,71261.14296006762,880.8773740535661
518,1.0880340737032612,71555.32000299654,1106.7897704946135
519,1.0901280973397867,71723.90717611686,1279.6144622213628
520,1.0922232205093443,71883.83234369889,1010.2840655185818
521,1.0943183198095006,72208.23166383097,1470.586914819955
522,1.0964124680620808,72353.02819351098,961.1886700262149
523,1.0985066965945804,72664.78568318754,1019.4513019031825
524,1.1006022506925348,72795.16322533213,1376.1798293451766
525,1.1026960746069068,73050.76523911262,1100.8596914535278
526,1.104789420523433,73191.57202690386,838.6079452447527
527,1.1068841457204943,73550.14131586345,1273.5002399274563
528,1.1089772649904681,73708.5574829592,1459.5504615794773
529,1.1110723868790173,73960.73058551428,1296.5106979699237
530,1.113168427194727,74218.47400783577,1364.9771067710697
531,1.1152626776337078,74398.6989521293,1221.3725645043016
532,1.1173574051129724,74593.09102994116,1313.1979346434068
533,1.119450573697561,74802.3747235689,1173.940484368459
534,1.1215436337779248,75016.72053575248,1287.251969974387
535,1.1236390334415942,75427.58628358979,1353.4069296666983
536,1.1257332200225998,75517.9819946637,1320.1218437054122
537,1.1278283378211404,75763.13013080935,1372.0579215048456
538,1.1299238131648552,75923.64308261353,1299.6647037089992
539,1.132017447124327,76236.05331247057,1778.4300304300298
540,1.134110650036949,76541.7238908099,1190.6857594688313
541,1.1362036259959787,76737.07178744879,1534.4203745065224
542,1.1382991427598659,76936.83939061573,1176.2237725407792
543,1.1403936066737896,77043.44111379338,1526.7294520403198
544,1.1424878264606209,77402.87044725846,1456.0036414054862
545,1.1445836717483504,77556.01673057732,1387.3432067643241
546,1.1466778755714095,77827.47024107352,1380.550012720115
547,1.1487715351237628,78035.27732354072,1493.9922117003543
548,1.1508672245306748,78323.54041562382,1504.1420516340213
549,1.152961670034179,78532.18212810796,1718.809954921101
550,1.1550551275418117,78819.64377287781,1807.511938392301
551,1.1571500620004906,79008.11461634112,1371.2584987776038
552,1.1592451155989445,79459.92672806117,1378.800222528824
553,1.1613401484055899,79723.7492108457,1981.6866354799092
554,1.1634328135986687,79838.72086726954,1675.0257309097744
555,1.1655280225544649,80054.76362432977,1844.7770405317754
556,1.1676232414157608,80343.69479403437,1648.3119183435615
557,1.1697157183635434,80554.54511860118,1795.0076924897394
558,1.171809765164966,80878.06839713453,1700.1290713715366
559,1.1739036754657965,81045.70569427182,1860.476064536116
560,1.1759974618047027,81591.15539643716,1877.0243567480697
561,1.1780927342002254,81647.56125649333,1452.30377366352
562,1.1801886215978319,81880.27633583767,1675.7383996332167
563,1.1822824649467334,82210.0646863122,1802.951469580319
564,1.1843777187054296,82381.49942428943,1686.3706904617095
565,1.1864731317277017,82675.04834494821,1775.6262533543704
566,1.1885662199882188,83108.48583856785,1773.8887931324527
567,1.1906603290984812,83215.94083915981,1991.0289335726336
568,1.1927560449071208,83498.64142825575,1684.3260762757698
569,1.1948501301675682,83765.34078337936,2042.6484281926762
570,1.196942866326464,84057.69105751753,2154.15260957245
571,1.1990363434731066,84366.44501227612,1571.302280602728
572,1.2011315528209288,84697.74537928986,2087.134980367214
573,1.2032252726398727,84757.54834042372,2132.582438600465
574,1.205319131714267,85289.8229325725,2305.3782965994196
575,1.2074143429200774,85607.27529115161,2076.23649567137
576,1.2095073316728018,85769.69082288211,1955.1617884498216
577,1.211602159357548,86002.9835955871,2042.4746813328873
578,1.2136984428310558,86317.43440650252,2015.4983347533296
579,1.2157943340364452,86579.36437787033,2011.4661152085457
580,1.217888268816351,86837.22590877008,2604.32929672955
581,1.2199821909033837,87178.15399614746,1984.2205415799237
582,1.2220779372220854,87514.94781983577,2523.6444777314982
583,1.2241720630448372,87751.08153629766,2119.624341546645
584,1.2262656486341297,88008.8154845563,2116.011172555631
585,1.2283602712023978,88332.537232489,2147.7777308126224
586,1.230453847781421,88730.11398685818,2293.650416650611
587,1.2325484279288663,89034.26119471845,2054.5709518424833
588,1.2346427330328844,89251.90521938514,2347.614164114396
589,1.2367368340043534,89515.93784945953,2225.490150796759
590,1.2388320989568682,89944.13762879776,2740.8984172955643
591,1.2409254956441091,90211.75152724588,2459.4051760875136
592,1.2430201387037565,90565.7667515842,2509.8252123790317
593,1.2451147141570293,90821.54511224432,2349.2275987422263
594,1.2472087367784284,91109.88155231788,2647.681627360094
595,1.249302614173833,91399.91965755868,2411.613342735232
596,1.2513971052845823,91783.22211093988,2723.7938027815217
597,1.2534931066319515,92082.06942738191,2530.3251369734235
598,1.2555863817711985,92371.21220329739,2310.3442648508153
599,1.257678969059161,92652.3442643664,2810.6554318602653
600,1.2597748382104277,92999.65290062355,2644.6120148790346
601,1.2618698898493887,93367.65943352746,2614.637405870986
602,1.2639640740660565,93655.40269993254,3021.105959787787
603,1.266059176034634,93959.78061425276,2438.917187133035
604,1.26815329738596,94454.99162785278,2664.371937646646
605,1.2702469827768745,94705.6281878345,2599.5738545134573
606,1.272341439773769,95062.97793603815,2871.109025316679
607,1.2744361591580655,95392.19971228467,2545.2637652440935
608,1.2765301570381213,95682.48465423602,2665.331806289455
609,1.2786243195908502,96123.46837592545,3179.163727188005
610,1.2807201779848052,96400.39440400626,2549.5504505050903
611,1.2828149770647865,96739.97087738484,2605.493903393924
612,1.28490831046805,96986.6424761134,3006.254112879722
613,1.2870024746125797,97431.9912843872,3036.243172164333
614,1.2890960788179595,97802.84115731932,2865.627368872248
615,1.2911903407610128,98162.1079582806,2635.903705582715
616,1.2932847299377603,98486.46272153418,2953.3989252273277
617,1.295379834193548,98809.65788770889,3011.6971317326493
618,1.2974743412448833,99285.48304973167,3320.8322771371445
619,1.299568838606027,99598.77601319033,3380.7673365518635
620,1.3016640567270552,99847.06373591864,2547.621998424459
621,1.3037578272673165,100200.43051695176,3073.1415401080317
622,1.3058518980796576,100665.51596273741,3167.309419250638
623,1.3079469520711469,101176.16253654718,3521.327891091956
624,1.3100414674631762,101417.84454337176,3189.0996359386745
625,1.3121343419146885,101780.92090620803,3088.414891984402
626,1.3142291157646366,102096.34291028335,3139.0651234630955
627,1.3163249547628966,102469.82806485888,3508.779598407146
628,1.3184204308819243,102907.54032964075,3426.438209710695
629,1.320514045081714,103244.53149575944,3102.6273855907593
630,1.322607731116918,103743.60129394628,3441.4065136443887
631,1.3247030067977636,104046.81511147479,3545.644974567106
632,1.3267964975071294,104509.62017196663,3930.4256035099756
633,1.3288900457896358,104828.37125139107,3374.8856526690006
634,1.3309846323229146,105189.52177389953,3302.4533032534814
635,1.3330795391690438,105728.64260314337,3598.0379162387085
636,1.335173949560825,105986.13393679512,3895.7619657447076
637,1.3372672428845813,106543.49018078945,3689.6892871275795
638,1.3393616502777206,106852.1398801507,3719.2497960454853
639,1.3414564546808454,107269.30263194768,4084.536215173754
640,1.3435497634465539,107732.2827344039,4023.949897228751
641,1.3456439095281743,107955.92946042055,4000.3952880605057
642,1.3477398961804745,108425.41808591732,3986.857114353666
643,1.3498356331361778,108985.98850524733,4026.078767000835
644,1.3519291222201564,109262.29323762587,3711.4427531043266
645,1.3540221824451044,109693.25859773958,4197.903858176713
646,1.3561174165883387,110146.89638248947,4114.578954734762
647,1.3582118000666776,110485.98507888084,4285.000874893537
648,1.360305548489477,110959.86093740194,4473.226899578912
649,1.3624016471705516,111515.07201655873,3798.071514616688
650,1.364496581524498,111891.64436139764,4253.976410448468
651,1.366589927521404,112361.45326690249,4350.606950418878
652,1.3686839345616666,112699.07754161512,4450.58850422799
653,1.3707785136744248,113147.75515980418,4381.639388788365
654,1.3728736781569988,113543.70716208463,4383.008840845774
655,1.3749673745335222,114019.16250109038,4461.015983286295
656,1.3770602631292597,114552.11031337247,4590.127896838026
657,1.379155717578164,114946.41286326805,4560.38515153159
658,1.3812508039107998,115351.74840243778,4143.458644355933
659,1.3833453325862841,115754.02781526043,4777.463410870533
660,1.3854396647384786,116148.42164433534,5138.872037002196
661,1.387533616953471,116705.67829517728,4493.198148073033
662,1.389628935147901,117281.18556705191,4469.042157239306
663,1.3917230672721894,117736.42022225054,5089.55157415193
664,1.3938172778813163,117999.3963007689,4679.877353136607
665,1.3959128506087028,118682.50219996856,5176.562447800348
666,1.3980069894682674,119070.08429814308,5037.456879365146
667,1.400100032768225,119483.166872741,5004.269655614838
668,1.4021942273095422,120051.37182927964,5621.295159879464
669,1.4042879724639459,120542.37975159429,4973.3340978721035
670,1.4063822250727482,120992.48488081385,5382.767007012867
671,1.4084777998796327,121474.27275736771,5263.2375106742575
672,1.4105725454065003,122030.26993384513,5261.561657601312
673,1.412666035757187,122529.34444152226,5384.008064731767
674,1.4147597581950535,123025.23059105751,5325.655789605383
675,1.4168552493745823,123375.58137554718,5252.671162495523
676,1.4189502707585735,123928.7124908008,5616.356863018628
677,1.4210439871962917,124427.11253861645,5582.385655185276
678,1.4231379588066748,125059.48028931837,5532.67634680149
679,1.4252323843784174,125434.68614099223,6187.660264121094
680,1.4273263645812686,125968.05784967978,5607.4668274096375
681,1.4294209343777806,126466.71099138449,6044.026771527752
682,1.4315160587565352,127083.63872380767,5380.57864053527
683,1.4336101809254245,127574.65235498293,5914.541396005077
684,1.4357047233292217,128107.82674870308,5639.576134209283
685,1.4377991034950037,128678.46226946387,5946.1161452345705
686,1.439893269172154,129054.18397185455,6230.602143967518
687,1.4419870983325702,129560.50933104675,5738.617145539406
688,1.4440820971476513,130367.47285170991,6298.574374644604
689,1.4461780146809415,130826.67278981397,6220.291634451166
690,1.4482723645441788,131345.1397170479,5920.367077657244
691,1.4503661519067539,131781.2251098579,6420.974524057966
692,1.4524608997459605,132432.27371858625,6657.15094719406
693,1.454556191478353,132984.71293969455,6494.673314513694
694,1.4566505605195028,133499.9693329575,6518.166799024069
695,1.4587435672120013,134000.3287822116,6770.156760486827
696,1.460836376274075,134551.8761911497,7132.247454944684
697,1.4629315024559504,135355.8869452075,6964.684293211194
698,1.465026115161985,135798.09337923906,6775.38293883779
699,1.4671201905708728,136330.94501959198,7017.749899764187
700,1.4692142550197365,136962.2327043348,6790.456066302436
701,1.4713085109511452,137431.2467984005,7228.418229132807
702,1.4734040883627781,137933.38324866485,7309.18050405271
703,1.4754983077923518,138627.83239374327,7760.299328159364
704,1.4775927333883283,139405.18723535753,7026.972089057867
705,1.479686516386449,139909.40917483007,7466.049607679679
706,1.4817805445745025,140506.15724167932,7403.946890457158
707,1.483876051193717,141035.52440232795,8047.951819429772
708,1.4859713583510508,141606.44484426963,8044.208190818092
709,1.4880662760111125,142315.17026603932,7897.093454556967
710,1.4901603423423662,142828.32304613412,8158.089153233874
711,1.4922546168830801,143455.75567777353,7585.196225116214
712,1.4943493508016918,144070.3515264995,8227.204767368748
713,1.4964436549031517,144763.72364830048,8197.807631567677
714,1.4985372426394363,145248.79907498654,8388.798808062213
715,1.5006303537214591,145939.48353374712,8412.267879993473
716,1.5027246941647125,146748.29404925538,8683.261831909993
717,1.5048198674391857,147343.06917560723,8419.761051035342
718,1.5069136003861163,147864.2426388564,8728.688089977899
719,1.5090076377683221,148602.45424295551,8632.140087251064
720,1.5111026723067662,149394.8069220002,8101.7286512699775
721,1.5131971028762412,149940.83260963904,9062.398953207485
722,1.5152912609041667,150471.05690820422,9203.931275697856
723,1.5173854934463344,151266.5564344588,9062.786353608542
724,1.5194808793753787,151847.62851737178,8770.255017905036
725,1.5215756259285513,152558.9294097753,9116.354550894754
726,1.5236695807770564,153243.24413620433,9038.239558631194
727,1.5257641081783464,154069.97819516787,9012.172700897096
728,1.5278584873608179,154620.6064448684,9645.06019800352
729,1.5299536435991428,155261.7601905296,9625.375604324165
730,1.5320476585044298,155984.84506791556,9640.582678968094
731,1.5341414384393777,156871.6582987585,9435.118241860926
732,1.536236950937659,157365.03150186595,10098.162316872449
733,1.5383317033374695,158043.6452441086,10159.64330508585
734,1.5404255753841434,158798.35201768213,9962.264067619843
735,1.5425198393431812,159580.23100850068,10087.835003885091
736,1.5446136227526486,160257.4464647331,9977.86134870682
737,1.5467072285753283,161108.4998540667,10340.885196826235
738,1.5488013111816905,161578.71754794914,10632.466547805108
739,1.550896674249749,162585.68400225524,10846.992169446801
740,1.552991701547339,163145.19233154616,10539.325608890555
741,1.5550856629518366,163902.87535038288,11131.674002935542
742,1.5571801051512508,164825.45205627766,10914.819126989425
743,1.559274417579796,165454.79524053025,10537.593070221545
744,1.5613691533539047,166158.9323769788,10654.795559307073
745,1.5634631934261796,166910.14550430776,11426.274753919477
746,1.5655577892497892,167823.75221231038,11338.481497681232
747,1.5676527275763066,168326.98679564983,11213.32020327509
748,1.5697461748764228,169306.26819528936,11630.501824765923
749,1.5718402189801153,170153.28399682458,12317.917347274517
750,1.5739346218160084,170865.73752123446,11867.757369248106
751,1.5760295037244485,171584.20532077007,12176.662098829036
752,1.5781239238326052,172533.17574108788,12222.644462467502
753,1.5802176736109215,173532.8243538972,12130.519191811201
754,1.5823123941098438,173903.9581964202,12388.143428164098
755,1.5844068047546922,174941.26111977675,12503.265850208292
756,1.5864996832696292,175813.4731445402,13040.409311217902
757,1.5885944598128996,176463.7742425337,13164.134710666502
758,1.5906903325437156,177308.70377659381,12890.48753529113
759,1.592784689092666,178074.00264919928,13754.27325164965
760,1.5948796873290236,178989.40196065887,13649.164701456428
761,1.5969745597395735,179919.17538267103,13711.972499860529
762,1.5990689218084002,180715.43500411138,13196.859269784612
763,1.6011633213632455,181615.95860233682,14139.22247649691
764,1.6032577776043084,182658.19858371784,13935.634841040997
765,1.6053514020964894,183380.17301399895,14217.31075613657
766,1.607445093072501,184300.31115261643,14437.165674081858
767,1.6095393086936036,185117.1812803711,12264.52005595634
768,1.6116336711357766,185804.77668340103,8360.370997401313
769,1.6137279918528686,186738.03986196368,4122.222957899946
770,1.6158221116449558,187549.3199709824,1015.2618947391306
771,1.6179176229648538,188373.40794081983,-3814.0464385457612
772,1.6200131612431772,189076.89002109613,-7098.084709335067
773,1.6221069236192778,190145.8250956956,-11155.542427070994
774,1.6242011307622557,190970.84775016014,-14971.853963332473
775,1.6262960841945175,191611.99241717363,-18941.11206372115
776,1.6283896203498047,192750.65017962674,-22986.123207132914
777,1.6304834947928883,193603.00435070213,-26536.977038960173
778,1.632578127710653,194526.80125931426,-30812.415796107955
779,1.6346731813158608,195409.81653728214,-34533.02658177592
780,1.636767172365261,196320.13389860804,-38273.80782748234
781,1.6388603779595408,197214.87295217227,-42412.18939861141
782,1.6409563605892468,198056.99720098227,-46992.89315867877
783,1.643050621284035,198780.18721024678,-50212.397190246964
784,1.645144102645386,199886.20065884828,-54968.69767723767
785,1.6472395726584623,200772.43923003873,-57937.81131634066
786,1.6493331318477138,201678.38381112655,-62612.05961194923
787,1.6514277435583298,202389.63340635676,-66713.37920281
788,1.6535225655624404,203742.06869363165,-70415.15289698027
789,1.655616100487628,204612.31961327512,-74219.27386362437
790,1.6577106071833263,205347.22730117518,-78607.79757052106
791,1.6598050724476994,206236.96179993977,-82337.13275112445
792,1.6619001395524664,207335.56735004613,-86105.3285188191
793,1.6639948642035431,208165.9259969262,-90269.41842640596
794,1.6660882997554614,209304.48185797659,-94769.14423584894
795,1.6681827329415837,210355.39457303562,-98309.28653399019
796,1.6702780557373313,211333.1686251392,-103163.02902983778
797,1.6723710846745943,212185.55059985365,-106101.38000090256
798,1.6744651718920411,213092.71770917406,-111082.66590285736
799,1.6765602044792516,214004.13596212567,-114589.7993976191
800,1.6786535596079524,215368.9622793527,-118977.57154205517
801,1.6807491745425278,216212.7936111611,-122894.29723191442
802,1.6828445761171116,217241.34100746512,-127171.86660698711
803,1.6849386388007168,218375.54505825904,-130865.70710014197
804,1.6870339476475265,219131.74951299306,-135120.83067913703
805,1.6891280758541645,220219.28527949017,-139805.8643982497
806,1.691221272327691,221207.63741647996,-143647.07539678362
807,1.6933141346742315,222400.9560188885,-148074.14822810274
808,1.6954090930463133,223420.5922509762,-150858.5522813212
809,1.6975047078021417,224601.92757090862,-155865.9206551556
810,1.6995991246970055,225674.05700554766,-160461.98220187376
811,1.7016934918813407,226621.64609324466,-164109.2284777155
812,1.703786903721137,227788.21571325132,-168161.8384901748
813,1.7058818292953146,228764.6174092881,-172679.23609861362
814,1.7079768740006063,230131.04811845772,-176621.6276088747
815,1.710070845319196,231020.00693055146,-181003.77449420007
816,1.7121645316176712,231931.0686610092,-185403.2573256969
817,1.7142597272321454,233254.27208671893,-190030.00400445325
818,1.7163549406546734,234427.97124257486,-194209.40899407485
819,1.7184482195940645,235468.65472232533,-198858.19345759175
820,1.7205423072627637,236469.89630081638,-202991.9732018298
821,1.7226374847113666,237618.68371880858,-206627.51831922593
822,1.7247323233526113,239001.46799884876,-211685.77526983814
823,1.7268266901810085,239896.60031086384,-215121.0372791273
824,1.72892134476467,241207.27049002112,-219843.09524509448
825,1.7310153629662073,242400.49349148024,-224900.24244571506
826,1.7331087353021186,243728.7054964123,-228159.46838577665
827,1.7352028820270462,244731.12586818708,-232553.40409464543
828,1.737297419510233,245872.8007129177,-237646.35625628527
829,1.7393924268721555,247039.8307156282,-241752.5095196771
830,1.7414865202316776,248314.55274528387,-245997.82801615997
831,1.7435798385311778,249608.9531667936,-250960.20016114722
832,1.7456747741592018,250935.8507447181,-256064.14549604862
833,1.7477707733578058,251901.45711934305,-258988.6032521208
834,1.7498644151299778,253370.11711296573,-264506.45107013645
835,1.7519579294274097,254420.88759317182,-268377.7813048904
836,1.754052537005875,256118.5333112094,-273633.73739493213
837,1.756146014277543,257073.3015524832,-277847.2939142706
838,1.7582399685899122,258376.0162805366,-282113.4894478847
839,1.760335124398212,259685.40822657666,-287700.48501002445
840,1.7624306374180432,260805.53600971267,-291317.81332749076
841,1.764524733445493,262248.287129658,-296217.97988213063
842,1.7666195957988082,263698.14324301446,-299996.20869451173
843,1.7687146552767006,265025.2625725391,-305758.07931815996
844,1.7708085687106505,266458.290434211,-310028.85712753213
845,1.7729026984403262,267899.66496590833,-314905.04002504825
846,1.7749968373222131,268889.75877758255,-318872.76622867637
847,1.7770919795414395,270123.421157095,-323384.64950100495
848,1.7791866891650514,271531.11798755196,-328715.86905763077
849,1.7812805740714612,273147.56357925455,-333326.2135777701
850,1.7833749145944944,274297.1764995122,-337947.6899808219
851,1.7854698174814119,275918.10719102446,-343096.5786804228
852,1.7875649050000997,277107.7567299548,-348034.6118015075
853,1.7896586091751823,278388.4375198417,-352722.0969744393
854,1.7917528105223397,279755.44929290423,-357238.7717566833
855,1.7938472619734778,281509.80949700845,-362244.759990458
856,1.7959410333998334,282938.7606120765,-367628.1467575179
857,1.7980353139963554,284672.60480936687,-372282.06698346295
858,1.8001292949050451,285622.66379748203,-377206.0883576116
859,1.8022240144636215,287043.915018324,-382057.9692799103
860,1.8043180357006787,288704.5400568646,-386831.66958133347
861,1.8064120149556366,290445.00775776076,-392695.68416411197
862,1.808507216693214,291840.5745786632,-397278.66213148134
863,1.8106012235056632,293375.67001139955,-402174.60010452283
864,1.8126961076333348,294648.7870414924,-406986.50248290965
865,1.8147906359659112,296154.149889716,-412295.7984314224
866,1.816885013662702,298066.76243766386,-417794.4643388325
867,1.8189799788179999,299505.79138577846,-423274.8648220878
868,1.8210733357472892,301155.7822825958,-427833.6919125925
869,1.8231675363973032,302438.6950268857,-432658.6861370586
870,1.8252628639859947,304176.0151543733,-438760.3375324118
871,1.8273578690890415,305347.2337972899,-442234.8670438265
872,1.8294529153678178,307453.68344055157,-449463.20908975485
873,1.8315468366202061,308692.1203927408,-453203.52122928004
874,1.8336403420201965,310349.0949447848,-458206.4638271259
875,1.8357342642631629,312291.4901133715,-464350.01170350314
876,1.837828606636473,313901.3932563979,-470161.10644621926
877,1.8399232687279,315111.77062364365,-474252.5950837224
878,1.8420169361094605,316854.5682141183,-481141.53944082756
879,1.8441103454239045,318676.26869073114,-485695.52529853146
880,1.8462047113551943,320477.7993787833,-492131.21557060187
881,1.848300337583767,322127.2465497227,-496741.11078147765
882,1.850395118058644,323729.71423547814,-502597.2227503061
883,1.8524895015648957,325723.3880152977,-508679.437619526
884,1.85458435317291,327053.05790843535,-514366.33889970265
885,1.8566786691854407,328751.9461166541,-518437.6709848494
886,1.8587722962005393,330694.1487397499,-524291.3328980571
887,1.8608667292143481,332413.75031786866,-530582.699871892
888,1.8629623979972338,334056.25265762996,-535516.1351058048
889,1.8650575007618033,336068.75382515666,-541494.9745371722
890,1.8671515757398978,338000.55284357595,-547681.5948800656
891,1.86924567270883,339435.6041853917,-553326.9127105649
892,1.8713402290883943,341469.0818878754,-559743.6471214743
893,1.8734333441485889,343244.9507367289,-564538.8062420243
894,1.8755274569663687,345293.11140253785,-570801.3897842113
895,1.8776226584010878,346806.898773016,-576072.8288028697
896,1.8797156234954413,348812.3727754009,-582363.5478252141
897,1.8818097674713492,350945.4899048717,-588582.6549808218
898,1.8839051205157094,352679.10923232563,-594786.718644084
899,1.886000042933448,354776.08211834414,-600849.493886401
900,1.8880949075451439,356544.8006379884,-606946.5660064628
901,1.8901881584759161,358537.47559120954,-612388.2293033496
902,1.892283217936019,360186.7079898227,-618022.8752306594
903,1.8943782680554568,362463.7774818159,-625369.0839495304
904,1.8964720473710392,364262.92939988716,-630852.6285823053
905,1.8985668668489433,366409.12962426327,-637832.6358274742
906,1.9006612809862096,368062.72363702545,-642756.7561138355
907,1.902755719587151,370396.3618343492,-649112.9404884716
908,1.904849757588545,372183.48176194663,-655091.8288016168
909,1.9069430754605277,374297.9170803722,-661509.1593955815
910,1.9090378340013505,376314.1545497066,-669605.9552348378
911,1.9111324914183263,378211.95738700236,-674943.1617263919
912,1.913226965923519,380820.9495044708,-681600.9256428949
913,1.915321381331026,382785.02471616655,-687650.962623961
914,1.9174162748437817,384512.50668350025,-693946.8156774208
915,1.91951096404297,387248.90305682627,-700867.7541788054
916,1.9216039358616672,389578.94261871115,-709034.2386977744
917,1.9236986253914137,391396.57724690525,-715168.0858743567
918,1.9257933066276691,393357.6095082158,-720975.4978222727
919,1.9278873651498682,395844.4393035869,-727546.5787975352
920,1.9299807661659822,398128.2109187968,-734139.005336032
921,1.9320760482648573,400136.5385703075,-741374.2003083111
922,1.934171767524072,402480.2226747797,-748556.4392818494
923,1.9362651059315399,404372.76770914125,-754165.6836982542
924,1.938359138419254,407260.08774144,-762876.6412026059
925,1.9404538735984294,409286.9917042288,-769453.4067985256
926,1.9425479146608418,411345.636370388,-774792.4891076353
927,1.9446418189559174,414312.7335844438,-784855.1492487415
928,1.9467371502259871,415945.94912483334,-790082.8171071229
929,1.9488329760684335,418711.4751923834,-798496.4396420034
930,1.9509268120448882,420854.67539036955,-805011.862134372
931,1.953019609354344,423293.69590763643,-812344.3273828825
932,1.9551147244404972,426163.5757710901,-820455.8715225839
933,1.957209950604826,428316.47473978036,-827637.0645065166
934,1.9593041179655175,430806.552561703,-834984.2947327365
935,1.9613980124620214,433286.0349231126,-841794.9128341239
936,1.9634920823781827,435596.314448733,-849362.9359060241
937,1.9655870316775599,437782.30248077825,-856506.9788914842
938,1.9676813106463258,440623.8710811863,-863632.9505975962
939,1.9697755380711686,442803.6186083962,-871633.5025806811
940,1.9718704076888727,445481.654010934,-879485.9603375656
941,1.9739643213778544,448459.8903567718,-888847.7138484168
942,1.9760582139073395,450244.6110773929,-893991.3278114984
943,1.9781533744008393,453617.44504841405,-903312.25139578
944,1.980249297656676,455920.8713036389,-911680.4845533364
945,1.9823436902775773,458591.9743581748,-919108.6035128513
946,1.9844363854611324,460548.3919349823,-924421.1601280421
947,1.986530057736426,464073.32947206957,-935645.3366678304
948,1.988624138262085,466700.12129134143,-942894.9781851174
949,1.9907191302641989,469906.1270105826,-951738.4116697852
950,1.9928140678397719,471968.3661702191,-959668.8449593363
951,1.994908057158038,474932.6856551468,-968707.9704205501
952,1.9970037235567513,477927.49790179764,-976592.1766121269
953,1.999098539119481,480336.3383553106,-984349.6284652638
954,2.001191245179364,483039.4031372623,-992481.2193601251
955,2.003285465781134,486152.8310289377,-1000438.9643921242
956,2.005380090953843,488450.9768836435,-1008968.2393819018
957,2.007473757612322,491593.009793405,-1019721.4816308069
958,2.0095674385752345,494781.1363395873,-1028014.4094931369
959,2.0116620669227445,497584.324417506,-1037293.0480451869
960,2.0137574654124313,500493.73683394335,-1044676.1060272647
961,2.015851542299029,503395.11559705966,-1053327.6941777968
962,2.017945842236743,506709.54007168143,-1063798.183985712
963,2.0200414078173843,509389.10961742897,-1071841.1222616627
964,2.0221364472105585,512456.87874803256,-1081248.1779347674
965,2.0242304661583193,515355.70253858715,-1089074.6047571632
966,2.0263241213554704,519199.7289411642,-1101941.4416026522
967,2.028418169537371,522011.0886559728,-1109917.8507318967
968,2.030512126699397,525363.5791305681,-1118369.4226290393
969,2.032607257696191,527919.1974190339,-1128216.4849108334
970,2.0347026748788237,530921.6541322354,-1136719.872058906
971,2.036797432049628,534168.7116918406,-1147782.3054174967
972,2.0388917803566513,538054.2068990208,-1156530.4751073006
973,2.0409854404727548,540183.3775903389,-1163336.3498764022
974,2.043079158497923,544208.2986403987,-1177207.9987763853
975,2.0451737042342053,547197.2448417039,-1186289.8574723627
976,2.047267957686092,550214.910693557,-1195054.5165830955
977,2.0493625921646865,554156.7083670994,-1204540.3232189708
978,2.051458159400133,556878.072546073,-1214621.5256859988
979,2.0535521918605197,560412.9298766355,-1225107.8098907457
980,2.055645062675616,563575.792453489,-1235151.1053114412
981,2.0577393587752955,567865.6493380053,-1247710.0928615397
982,2.059834437786395,570565.5415221497,-1256496.7104671001
983,2.061928055170489,573509.7308551141,-1266436.6873604986
984,2.0640226957402352,577431.9482161218,-1277505.062292072
985,2.066118258189404,581166.9019442134,-1289634.8792525567
986,2.068213196804832,584608.8095252459,-1299487.7398026804
987,2.0703072818107917,588104.9496105508,-1309257.8171970232
988,2.072400931462771,591612.943265273,-1322163.1741955576
989,2.074494103322103,595761.29103312,-1332697.9813435636
990,2.076588647294614,599129.1070170647,-1342899.3615304965
991,2.0786837571325223,602487.4002505394,-1352807.086317168
992,2.0807786951127576,605953.8592046065,-1364437.4535767564
993,2.0828733611799306,610369.3392692426,-1378518.4044233682
994,2.0849676047315464,613512.9643724224,-1386790.8282960628
995,2.08706191167589,617964.9297641236,-1400576.3043003825
996,2.0891552570733616,621342.8932939378,-1410431.453191483
997,2.0912498961643236,625589.3810347687,-1423342.9067560977
998,2.0933446561638878,628637.096083353,-1433830.3629411673
999,2.0954387435644386,633667.2506211813,-1448379.0719611004
1000,2.0975335870618825,636656.7159572388,-1459725.7213704826
1001,2.099629070349723,640866.922172242,-1471159.5132358314
1002,2.1017228492895934,645657.5674586325,-1487594.557781595
1003,2.1038170482062775,648881.2327961603,-1495492.945393581
1004,2.1059122372778973,652420.5061159601,-1506315.5186206652
1005,2.10800554057148,657331.398856555,-1523443.2449485925
1006,2.110098599114947,660288.7444327556,-1531222.95388095
1007,2.1121927216235163,664751.9619336829,-1546409.8348441876
1008,2.1142879182187984,668780.1987142104,-1558767.9395131867
1009,2.1163820759811065,674823.7970324669,-1577090.7954843324
1010,2.118476597123504,677989.7097492536,-1585479.774443452
1011,2.120572077635568,682714.8385427303,-1600881.5266331804
1012,2.122666143506846,686465.664861885,-1614653.0023345528
1013,2.12475947440395,690469.2989579957,-1625149.7225687485
1014,2.1268549228070284,695092.6309982084,-1641575.9561230007
1015,2.1289503858580807,699113.5376820273,-1655337.5448595155
1016,2.131043274916299,704531.6480286892,-1670426.824948167
1017,2.1331378502136085,708083.136085392,-1681316.4726025301
1018,2.135233020544507,712010.1138031543,-1693339.299568952
1019,2.137327211773404,718665.4778920347,-1716290.7189665544
1020,2.1394213678417553,721596.0998445908,-1723967.4160279403
1021,2.1415151935265153,726373.3157975422,-1738805.573704685
1022,2.143609686067666,730596.0382355268,-1754542.0362490295
1023,2.1457039096890913,734606.7695259729,-1766347.5098547817
1024,2.1477977892281794,739902.405703349,-1783481.1629395655
1025,2.149892773795189,745533.6591532668,-1798150.1958783802
1026,2.151988207011953,749979.0672076882,-1817163.7983391436
1027,2.154083430042502,755310.4703648717,-1830001.443726991
1028,2.1561769020273363,759247.4942510122,-1843867.2506025245
1029,2.158269727638565,763367.496857149,-1859530.8493193819
1030,2.1603643338266334,768897.2822542068,-1875841.5777691691
1031,2.1624594611960894,774172.7615035783,-1896985.3331790576
1032,2.1645538445620423,779457.9933275592,-1911350.2067121193
1033,2.166649266160557,782842.0910458269,-1926014.5549422835
1034,2.1687438965600263,788659.991390118,-1943299.7713861153
1035,2.1708363804402464,793957.4013306396,-1959681.635083023
1036,2.17292939543057,798432.9435141752,-1976134.2311294805
1037,2.1750246621139153,803772.6294247446,-1990413.0576907012
1038,2.1771189095943266,809464.9033768646,-2009403.355066965
1039,2.179212962470575,814340.6879239897,-2025212.5640191939
1040,2.1813066434396426,820133.2143547423,-2044241.4464414301
1041,2.183402629792164,823642.9511611192,-2062419.617236131
1042,2.185498119455816,830714.6626957969,-2080007.5660224492
1043,2.1875916200185137,835704.678669793,-2103287.066321267
1044,2.189686441120868,840654.2611559442,-2117516.264040903
1045,2.191781413276182,846587.0076622976,-2138702.3004330117
1046,2.193875147711239,852723.9490440248,-2160515.6262802505
1047,2.1959686613130316,857395.4682287832,-2175578.571171576
1048,2.198063923558019,861354.6850170853,-2192698.64961374
1049,2.2001595001532226,867980.2030831687,-2212395.2714495785
1050,2.202253779153767,872475.7465665916,-2227791.717225265
1051,2.2043460760907565,878518.2720003254,-2252343.540875452
1052,2.206440891990371,884701.7764624541,-2270848.566004528
1053,2.2085356491852317,891096.8711268167,-2298152.9330291613
1054,2.2106277016542335,898008.1999463551,-2318170.2864435883
1055,2.212721958545959,902052.5393688633,-2338130.547715424
1056,2.2148185083900422,908074.5358211942,-2356840.7067415547
1057,2.216913061952383,914478.6586746089,-2379860.8710596105
1058,2.219006160150891,920807.2254222402,-2403727.0691826446
1059,2.2211007684745443,926239.1068093533,-2418853.104185025
1060,2.2231966067711273,931240.6059950402,-2443668.9065719247
1061,2.2252915180225106,937152.5967031406,-2462295.298314808
1062,2.2273849286831946,944192.5449199952,-2492127.6879883874
1063,2.2294794057777056,949602.004765162,-2514748.860280871
1064,2.231574082226972,955711.8396259015,-2532862.9252156164
1065,2.2336675726385264,961478.366335624,-2562660.4296238134
1066,2.2357616690730993,967823.772056792,-2580814.771883162
1067,2.237857388038379,974558.5914139507,-2609512.7194926143
1068,2.2399520699736297,982087.7132138957,-2635293.669080695
1069,2.2420449617357057,987210.4226073395,-2662160.9949717605
1070,2.2441391380853632,994743.4374092495,-2693494.134662716
1071,2.2462342793770116,998944.5394054778,-2705502.9417066057
1072,2.248330004000319,1005999.4698913188,-2739069.1718866304
1073,2.2504234986669656,1014203.4847546254,-2770079.3114194847
1074,2.2525166459790467,1018311.0276773635,-2793776.105043812
1075,2.254612702557845,1025637.6234055343,-2819575.014169265
1076,2.2567074239010356,1030571.7980066414,-2842875.6426497707
1077,2.25879926569608,1040568.8174335067,-2885134.694913577
1078,2.2608934332232278,1045726.9509951646,-2905174.7646984626
1079,2.2629890832862967,1051924.3998102187,-2936837.268410399
1080,2.2650815906481947,1059394.5031455245,-2962767.9586632373
1081,2.26717631551426,1066171.4073903265,-2998899.573045733
1082,2.2692717091510235,1072332.5939862274,-3029401.6164426915
1083,2.2713660430599174,1080470.6384409533,-3061681.9999177204
1084,2.273460830916725,1086457.9376704895,-3095324.1035951762
1085,2.2755552510450507,1092764.2525382196,-3123835.643315594
1086,2.2776502981151867,1099970.8241254736,-3156195.1874357527
1087,2.2797428242388995,1107062.0261533826,-3187463.8792503667
1088,2.281836092329788,1114565.602271703,-3220922.5067330236
1089,2.283933556285596,1118557.1731226544,-3242158.21513807
1090,2.286028868050817,1127290.487984467,-3280973.2731146268
1091,2.2881212248812486,1135092.2369356288,-3305301.7891810243
1092,2.290215014848569,1141417.3851169713,-3338983.1824880377
1093,2.292310229911211,1151448.805652145,-3380110.520003313
1094,2.2944051456334345,1157854.4708444132,-3408321.096344688
1095,2.2964983471898495,1165519.1266926192,-3433694.1764626983
1096,2.2985921024349003,1174582.3505570437,-3472322.145279494
1097,2.3006888643809247,1181583.8507525541,-3503305.3913682853
1098,2.302783634096356,1190416.334133182,-3537531.954045899
1099,2.3048756698218886,1197650.3430162559,-3563509.1251346427
1100,2.3069695720010412,1207837.7803888926,-3609076.0804946763
1101,2.3090651112173397,1213882.797161504,-3633850.017144144
1102,2.311158495429861,1223007.2891118021,-3668172.5660891444
1103,2.3132509513768182,1226734.9125158982,-3688000.3721477124
1104,2.31534766594442,1239394.264544621,-3736304.1094344542
1105,2.3174438092641236,1246531.8291545494,-3762409.1841718955
1106,2.3195366518474128,1255892.362421286,-3800599.035260991
1107,2.321631141204296,1265063.1411575372,-3835442.8241096227
1108,2.323727832694395,1274593.6794227175,-3875252.7460186584
1109,2.3258211826493147,1279222.5300313546,-3895205.966589274
1110,2.3279133966950116,1286215.7454264965,-3924334.1350795217
1111,2.330008120458155,1299705.2516332096,-3973075.3277079174
1112,2.332103956675321,1307083.1821637084,-4008971.8413717425
1113,2.334197579452735,1319733.3216846758,-4051516.3377982583
1114,2.336290017181209,1325367.1515391278,-4074704.21871398
1115,2.338385505091734,1337604.758027592,-4123241.7266385257
1116,2.340480189114194,1347043.5998116469,-4157263.7292029597
1117,2.342573391055059,1349964.0010491947,-4176046.568205111
1118,2.344667848677038,1362812.4142562805,-4218826.1963606095
1119,2.3467629878884537,1372004.100049071,-4257514.093094671
1120,2.348858220839854,1378731.8290322584,-4287933.569044412
1121,2.35095250082758,1385934.4665555586,-4317025.480938821
1122,2.3530449396760944,1399609.1458757636,-4363137.260047116
1123,2.355141499104623,1409030.5657489554,-4401153.709480467
1124,2.3572378412451434,1422362.6054212686,-4452049.28454542
1125,2.3593294861259198,1429705.9528892962,-4483232.123142043
1126,2.3614224992004984,1436944.743116006,-4512119.732097535
1127,2.363517948981548,1449570.6616747053,-4557268.090298922
1128,2.3656139136423477,1459185.2174632612,-4595879.308519728
1129,2.367706660383537,1468810.9711192432,-4631642.935634813
1130,2.3698014470222093,1477505.7204098925,-4667426.584751295
1131,2.3718977582075165,1489445.5250614572,-4712975.030091336
1132,2.3739899214574836,1501338.5493214207,-4751436.386591544
1133,2.3760825194215927,1510571.5633882473,-4791555.239768186
1134,2.378179070039863,1516577.850580024,-4820187.389949044
1135,2.380273759058959,1530377.9713293982,-4869132.8522537965
1136,2.382365673610318,1543642.5394991958,-4919096.867147874
1137,2.3844604460166168,1553846.9541316885,-4957172.802298513
1138,2.3865571190304595,1570545.8527898923,-5018246.964764732
1139,2.3886520978255446,1576486.9801464486,-5044933.425882012
1140,2.3907442891236066,1584123.8264784832,-5073317.620394464
1141,2.3928386457990913,1597622.0180742461,-5123492.639695633
1142,2.394934562690242,1606717.3698010256,-5159495.78886255
1143,2.397029599690107,1619623.3575275836,-5207945.741997651
1144,2.3991222591305954,1627741.8562002382,-5239661.355637466
1145,2.401217024080888,1642141.907357812,-5297287.257091892
1146,2.403314513026698,1656325.2301186793,-5348123.312038167
1147,2.4054081911284184,1667514.6449200183,-5387187.701141096
1148,2.4075011183217048,1685044.1039156362,-5454025.634278788
1149,2.4095960074264258,1695084.3451466048,-5491556.706928591
1150,2.4116926326559978,1706738.6927314517,-5535933.560331712
1151,2.41378425055939,1713078.347977986,-5559930.824510753
1152,2.415877382497087,1727517.2230655116,-5617389.545082649
1153,2.4179783678062123,1741010.3720856642,-5662536.886185187
1154,2.4200733739460714,1747805.1600023077,-5691858.118606959
1155,2.422162501290004,1762423.7876158562,-5749994.436308933
1156,2.424257158180454,1780110.7250818394,-5815047.939108277
1157,2.426355368807169,1788326.4430742967,-5846301.739964299
1158,2.4284477900186845,1809416.9691932274,-5922950.572009443
1159,2.43053883847394,1814678.4411194024,-5946656.636372398
1160,2.4326356353293934,1828318.9620470235,-5999188.072066693
1161,2.434732612021302,1842893.6834020165,-6050976.535239302
1162,2.4368252927922227,1859517.8176428478,-6110029.041688922
1163,2.43891890863681,1873989.9275644757,-6163851.707823306
1164,2.441014895314609,1885719.6328313923,-6209195.846522402
1165,2.4431105244568765,1900624.8994952508,-6264060.843306697
1166,2.4452031167440684,1910015.0498192166,-6298417.828903378
1167,2.4472938786799143,1918869.0599965295,-6335531.663092699
1168,2.4493915902413868,1940982.549430736,-6414274.709566962
1169,2.4514877943094935,1951912.8586656814,-6455251.408620105
1170,2.4535774837073663,1970579.6855767353,-6520710.143826531
1171,2.4556717453467782,1985288.5472256194,-6576862.062960517
1172,2.457770725968573,2002624.6619651597,-6639913.6558072185
1173,2.459865450868259,2018331.518578235,-6697963.990234944
1174,2.461954843714291,2021709.8657178662,-6719536.960858656
1175,2.464051305962942,2042690.5379673478,-6790080.978497057
1176,2.4661493201186655,2054645.1028801508,-6834670.301410147
1177,2.468239991051035,2077144.776014275,-6920164.014927183
1178,2.4703335941159144,2094679.3963635184,-6981534.1339838505
1179,2.472432426226094,2109274.681664233,-7040018.245101541
1180,2.47452690434623,2110744.2724223733,-7046742.512216485
1181,2.476615373809059,2134641.2647223426,-7130626.043502536
1182,2.478710457672189,2147201.33353328,-7175783.587265245
1183,2.48080966574444,2173965.762003008,-7277228.857778047
1184,2.48290090100287,2188687.2692648047,-7326218.077974526
1185,2.4849923340191187,2198854.632682471,-7363744.67826371
1186,2.4870897130294636,2229306.8220749325,-7478059.5236341
1187,2.4891862386660164,2231914.554850919,-7491539.93878015
1188,2.491278235985619,2243687.2497013947,-7535753.922426571
1189,2.4933690456944357,2259041.1465823953,-7592589.466722175
1190,2.495466543397291,2288461.4962483128,-7701897.040337386
1191,2.497563830960505,2304538.600932636,-7754140.354964708
1192,2.499654519205421,2315174.9306540247,-7795026.760194793
1193,2.5017479497353943,2334229.9086307664,-7867647.832473935
1194,2.5038480054516667,2348277.8398083583,-7919558.8325922955
1195,2.505943433921919,2373156.07387108,-8011676.004197039
1196,2.5080284861327207,2390761.38689738,-8074395.282474685
1197,2.510123955773609,2419062.325149335,-8176122.641307634
1198,2.5122261646694253,2426304.1783832456,-8200464.249220033
1199,2.5143177674343575,2446407.5166914407,-8276517.573710698
1200,2.516405803072155,2461224.5403194674,-8335452.607464724
1201,2.5185026929964116,2480090.7987429877,-8398761.166862236
1202,2.5206041831245063,2495930.947453913,-8459899.792398697
1203,2.5226964757648327,2515514.0726356907,-8534582.750755837
1204,2.5247869961159406,2550133.580101416,-8659519.958448935
1205,2.5268843920051487,2562662.4555557747,-8703588.42918654
1206,2.528980483597168,2575434.4485215168,-8752332.643793343
1207,2.5310684597394695,2599677.8634592937,-8838163.518183017
1208,2.533161718042206,2628602.761468094,-8941697.506060204
1209,2.53526488574662,2653334.295678386,-9035943.405820396
1210,2.5373603920777454,2652528.010942728,-9033435.574457861
1211,2.539445749963502,2675822.0773030124,-9121762.954654975
1212,2.5415417180131348,2708871.665175255,-9233276.788678577
1213,2.5436457679371425,2731946.672609093,-9325284.29709997
1214,2.545736808475733,2748236.117330044,-9380479.624782506
1215,2.5478233832874237,2778167.655484721,-9490116.345299328
1216,2.54992085584226,2791916.9970637225,-9540175.748862
1217,2.5520207655356866,2814193.74282229,-9617910.808274703
1218,2.5541098448110064,2822278.8615835113,-9654159.951198988
1219,2.5562002600365847,2851133.5898167104,-9756020.118952382
1220,2.558305455724291,2875129.1291195354,-9844065.317956679
1221,2.5604026511470312,2912710.1116987043,-9976333.701764746
1222,2.5624826414852553,2930802.2471115775,-10044046.254263677
1223,2.564574391949512,2946271.4411208597,-10103571.195981761
1224,2.5666808497683498,2966847.640930398,-10178504.883289818
1225,2.5687773451615423,2980176.331131069,-10223569.655439392
1226,2.5708608935170316,3025516.5872871582,-10387143.56256489
1227,2.5729575952355885,3035685.7104355115,-10427692.25018434
1228,2.575060651513359,3054927.482165779,-10497891.589830177
1229,2.577148431575012,3088947.732641763,-10618240.500311952
1230,2.5792346077561192,3102630.270806342,-10660248.930376563
1231,2.5813352493894732,3131760.699775154,-10777964.537294526
1232,2.5834369526956515,3153760.1589519056,-10853059.466352098
1233,2.5855218346006232,3178637.3769642347,-10941846.12195065
1234,2.587610713900489,3200252.2844764995,-11023660.274296237
1235,2.5897186990593415,3245389.4209294086,-11182851.685000392
1236,2.5918181690667126,3259773.990297024,-11237301.67466088
1237,2.5938985009385314,3265063.910376865,-11256066.85612121
1238,2.5959901966325076,3316815.299250446,-11445079.95970736
1239,2.5980970827886534,3343447.8190352195,-11535086.751492778
1240,2.6001911974764487,3361153.7072592643,-11601850.906103052
1241,2.6022734575046016,3394118.95940518,-11714133.50398415
1242,2.604374761438423,3434206.2654922665,-11862360.468065698
1243,2.606480077670044,3438440.5627930183,-11878004.295273507
1244,2.6085618800169397,3488922.37496753,-12061615.398805495
1245,2.610646200048581,3496152.2012730204,-12083789.892122319
1246,2.6127580952497533,3528589.6999158724,-12207178.672359494
1247,2.6148609257992828,3577168.9713928094,-12373687.33035727
1248,2.616933454172155,3591485.629374261,-12422456.768395575
1249,2.619020659870304,3609668.830211118,-12495455.270881604
1250,2.6211346279669097,3669282.4676376157,-12712691.992894832
1251,2.623236503452788,3700442.5356393415,-12820101.31694526
1252,2.6253090562225565,3716539.116393555,-12881521.178842872
1253,2.6274000701334055,3731258.0575735015,-12940455.079741748
1254,2.629513118467727,3787116.329779539,-13131556.445008628
1255,2.631604301330356,3802692.045763247,-13191305.631177327
1256,2.633685254021577,3848362.8756222804,-13351214.168400908
1257,2.6357889797673804,3874812.71028919,-13446306.551411726
1258,2.637895874321367,3913454.472094103,-13576258.217916809
1259,2.6399747081141895,3877824.573367988,-13464799.851126306
1260,2.6420591747927733,3935913.3341607647,-13665774.694081176
1261,2.6441764666284318,3993152.9737777,-13871458.469983958
1262,2.6462775406423154,4037769.8578246357,-14028521.813348906
1263,2.6483402943393326,4066067.067109725,-14125032.2988906
1264,2.650428729148096,4091168.298420714,-14222770.265354622
1265,2.652562718674548,4144358.671217913,-14409974.986325437
1266,2.654664088292312,4189301.3785972362,-14561475.080529673
1267,2.656712651557163,4220918.906520934,-14683323.64249716
1268,2.6588106765908748,4224959.5126376655,-14696418.533027148
1269,2.6609452450324915,4296533.499345097,-14949779.859064322
1270,2.663032290426174,4313531.569777441,-15010828.238584619
1271,2.6650914877184944,4341530.0274221385,-15107354.810522018
1272,2.6671986225603375,4368848.223949382,-15210439.804078324
1273,2.6693218160411916,4443407.677522342,-15471253.59811112
1274,2.6714003686163363,4505944.881387308,-15700571.917010581
1275,2.673473653710363,4471550.640556807,-15574010.400995247
1276,2.675588689124729,4517898.133353971,-15743961.537171654
1277,2.6776964003773744,4588689.950080261,-15985223.45781943
1278,2.6797534796790945,4659517.5581327565,-16239623.484417168
1279,2.681845016836506,4642964.379978245,-16184269.285575166
1280,2.6839785543392702,4667681.788192374,-16276783.028170248
1281,2.6860638705482365,4735672.1283258,-16513409.678064637
1282,2.688115580192901,4759634.521267065,-16606694.323126547
1283,2.6902421071216107,4826527.739714666,-16838032.853124082
1284,2.6923784453538007,4858639.90033941,-16950351.090632536
1285,2.6944235266222867,4930652.536096315,-17199628.76469601
1286,2.6964818302236213,4880307.334823506,-17030669.318907883
1287,2.698646249049189,4881670.864685,-17038895.76168668
1288,2.7007725953070936,5047885.337046265,-17628147.023191318
1289,2.7027692368507834,5094554.151028413,-17789376.712723214
1290,2.7048443440936585,5045679.159013007,-17624640.313800715
1291,2.7070515904059915,5124556.700950009,-17894150.69104123
1292,2.7091632832728005,5175617.002892352,-18078849.45990195
1293,2.7110832098570423,5248994.419628609,-18333530.650646493
1294,2.713194248534394,5343038.8334663175,-18664607.90277548
1295,2.7154564422347596,5289290.376267844,-18486173.988234553
1296,2.7175455830902693,5429521.236924974,-18965069.98191208
1297,2.7194409477796717,5437397.555097125,-19000455.455574594
1298,2.72159410281056,5433055.074026187,-18986150.42384666
1299,2.723868494276683,5407575.013824356,-18896851.953219358
1300,2.725905473691433,5500754.193558871,-19223427.159393247
1301,2.7277938720843573,5511242.959034624,-19265207.241633423
1302,2.730005424734083,5570215.967630376,-19479515.374542303
1303,2.7322910595910366,5589242.040668557,-19548860.524969008
1304,2.7342323934891035,5661291.974278773,-19796598.216328263
1305,2.7361123669415965,5959573.891426665,-20845855.90578531
1306,2.73841292247591,5744441.991838542,-20099081.24200475
1307,2.7407262152838343,5974617.12463094,-20896189.32700907
1308,2.7424923562337074,6126908.73653699,-21429474.45655182
1309,2.7444202272828333,5958998.580831218,-20845375.810969487
1310,2.7468188489948773,5984255.970998162,-20937046.09613344
1311,2.7491571251284848,5971355.279792848,-20892078.133400634
1312,2.7509012180135843,5926889.59263694,-20738975.90897972
1313,2.7528220566885997,6108174.083757375,-21364175.556256946
1314,2.7552245852341666,6355259.000901417,-22238380.59756346
1315,2.7575799064734774,6365538.195681168,-22273378.051623043
1316,2.7593246433872425,6333728.600846913,-22161713.139841367
1317,2.761234187120032,6664865.576346829,-23325909.754337728
1318,2.7636390504715083,6401058.08384876,-22411064.45205579
1319,2.765948826576436,6627349.128642086,-23192636.604710028
1320,2.7676191435751902,6544153.758812971,-22896193.656091318
1321,2.769651838220211,6658011.017960189,-23295129.849311788
1322,2.772055945845228,6777577.030326147,-23727243.53940429
1323,2.7739175955497957,5906381.612263965,-20670430.000085562
1324,2.775657495525559,6660759.618508627,-23310378.59212357
1325,2.7780509401576134,6869268.027157668,-24036278.171415206
1326,2.7804282678176238,8274589.414662908,-28960618.684897438
1327,2.7823699672164355,6582560.507834783,-23043951.592073597
1328,2.7838806433920418,6895514.951335485,-24137288.641380593
1329,2.7859958234637583,6079182.319196236,-21277138.117186822
