,k,Pk0,Pk2
0,0.0029665470748989845,2299.459123802068,-3216.2127915845067
1,0.005026374055021859,3011.7262873443156,807.6069109043563
2,0.007149300621522788,3181.8611865092234,386.5827773547818
3,0.009278869254964255,4141.112429251132,-1909.3688732769383
4,0.011450332619344701,4747.975438820171,734.3504828075035
5,0.013492955871419151,5379.107312719064,1299.9618431871504
6,0.01558905561191893,5859.893887772317,-373.71363693997483
7,0.017694083672553172,6168.409065535563,592.6247720522365
8,0.019817874803135297,5926.6206476483985,-1562.9157859371005
9,0.02192074938196264,6301.133078098624,512.4360762673979
10,0.02398877635566245,6353.331013605611,-975.9161175467641
11,0.026092869718961156,6201.176939096518,-672.4342969086279
12,0.028234663152781798,6291.069351455834,848.4165062194556
13,0.03032284873509123,6166.89484943215,-306.19741389290596
14,0.03240263258943404,6486.006634684959,-88.55148090278311
15,0.03449210129864554,6208.511984091185,-319.5012496422055
16,0.03658588147515197,6255.869145983219,-547.4059276068821
17,0.038684769492669774,5735.297459702117,-316.0491681433029
18,0.040788988884582836,5677.135839346607,477.32939976553155
19,0.04289390876967646,5469.741046921269,-256.15925977449706
20,0.04498336005546935,5454.178025963746,-271.29285926998585
21,0.047064985294738244,5481.817293385625,-605.540040818889
22,0.04917111919158227,5287.009956080513,-208.14223868476608
23,0.051262169141742274,5058.395041843351,-355.2400848266269
24,0.05335525146837034,5134.444397934416,343.44965049725437
25,0.05546637228956934,5030.580399194585,388.9079379967793
26,0.057573188192548086,4909.522673179796,-44.324509945987195
27,0.05965884044590281,4798.643652644287,232.95222363444262
28,0.061745123021595065,4760.232997541475,-101.29971972036543
29,0.0638268929113719,4714.489162690624,176.0136918779707
30,0.06592966228838451,4566.4576706865655,-261.79359341845037
31,0.06803125784825748,4452.441794869843,158.83027159253504
32,0.07013131008699486,4462.941755790165,-11.037922664292193
33,0.07223032366074338,4318.896467782799,39.94993460198258
34,0.07432334270720506,4296.393185011162,-144.6947667722428
35,0.07642066756954473,4219.246132144505,122.06906439005921
36,0.07850471694556041,4080.6131403381487,-9.412339495722767
37,0.08059701946059529,3951.8609424320543,0.3158421999593219
38,0.08269521798132064,3877.284755015428,-103.00072173715485
39,0.08478307522909848,3790.7929427385493,169.91560371088022
40,0.08687780839616016,3758.394342720912,-176.08761945431704
41,0.08897524569656534,3588.7778093271118,-32.73352477894416
42,0.09108077810470518,3466.1359575906267,154.43884882394957
43,0.09318432266948053,3409.088205261242,-35.941851503262605
44,0.0952788764104831,3341.9947883613936,-111.77556508743166
45,0.09736254237981037,3224.425193265167,125.61307712156241
46,0.09944832814799408,3154.8790603215134,-60.061480547587806
47,0.1015460879802399,3129.9380904763,40.17694809205441
48,0.10364263756677322,3069.9848660962493,-59.691003177434176
49,0.10573893905394659,2984.1386660556254,12.073959469320648
50,0.10783958559814742,2890.420487268335,95.78439547868086
51,0.10993894058501318,2857.3619140655414,117.83314985605357
52,0.11203921431523854,2770.1951265974867,-59.98151824105367
53,0.11412334585697578,2800.6907749097204,65.56561954006875
54,0.1162159397555423,2717.4111495541547,99.6217787052112
55,0.11831372048037725,2651.9426037578596,2.0853003849355543
56,0.12039723118070132,2621.2752376814647,93.35487454536324
57,0.12249223631878574,2602.5788773146783,-96.39193586134037
58,0.12458825984258635,2557.6658759428788,32.80164797725042
59,0.12668846771583772,2511.770352069305,-9.914700108235735
60,0.1287846620419941,2472.8730713768423,52.99318390422828
61,0.13087133937881498,2458.939155150074,30.08982280629934
62,0.13297548334406448,2376.9084683074384,69.75799848254327
63,0.13506910815256093,2370.6202383545633,25.213598406644316
64,0.13716388258568254,2316.8782180143126,44.364889204469996
65,0.13926047573721634,2285.310823100931,-7.865618109466947
66,0.14134668829083769,2251.279533882732,38.22355539386977
67,0.1434475230090064,2204.2154775973486,-5.149243930829464
68,0.14554528534185418,2161.307960917904,89.82809676744968
69,0.14763320610735878,2110.714196852753,49.822426269351894
70,0.14972114728432864,2057.992834909238,9.41571699274456
71,0.15181380487515775,2035.9038157816094,57.61477556163408
72,0.15392114901003526,1995.9321385663736,58.598136631236635
73,0.15602147473412367,1969.5140138620657,67.2145834047994
74,0.15811617475881218,1932.642861662136,12.450383656594093
75,0.16021187122717997,1901.9415032272564,43.34610632655821
76,0.1623006419462899,1848.0458836396867,108.99546956870657
77,0.1643899033199985,1825.3529038109975,-41.11694930515524
78,0.16648355823815117,1795.1486329959232,60.985820501915725
79,0.16857196837784735,1776.7260890298655,82.2256652908807
80,0.17066413320893647,1752.2700699118816,70.81719706012811
81,0.17277086992561352,1710.388146954541,-25.452236936562365
82,0.17486965460096995,1689.5712806834406,56.06727095917676
83,0.17695857694944453,1667.5999827465237,63.12789487860468
84,0.17905245093155753,1650.2971385609633,43.320709238384005
85,0.18115265212612636,1629.8884813014254,26.19279228865634
86,0.1832476884130739,1616.876696098951,9.938015564083443
87,0.1853312475833926,1574.8953012958548,73.90260052483697
88,0.1874284892203219,1562.5392425184657,0.5827663623721482
89,0.1895337179075755,1548.5313489720759,14.145789911566949
90,0.1916268196474026,1531.5076488317147,57.55327161327056
91,0.1937183403446853,1509.6673889900894,68.55789887445641
92,0.1958131498886989,1494.0174690235544,68.367563930299
93,0.19790587400989662,1478.4523240881895,7.210412580010485
94,0.19999906515978938,1455.0957660497052,54.555778014264476
95,0.2020893038374759,1442.2904178132267,49.981183185750155
96,0.2041823192148178,1417.0000750999511,21.093475996563676
97,0.2062825911013838,1400.8466091614525,41.705549935926214
98,0.20837701891459662,1380.0450173879788,50.402031616377386
99,0.21046758167944032,1359.7075935753585,32.8347703513212
100,0.21256678542440183,1350.8536802542249,39.98580101271718
101,0.2146619261104852,1330.5232289977544,55.71657625180115
102,0.21675618057220372,1321.3511567938197,50.29587894375112
103,0.2188528705899679,1300.0755320770133,8.057739127737419
104,0.22094564274530842,1271.7632549341176,49.74640243078422
105,0.2230395148320731,1256.4743360890413,51.184971923609275
106,0.22513567328585352,1250.0486137544683,50.669809744253605
107,0.22722785048644015,1227.2880058622932,37.13380106429049
108,0.22931975112872324,1219.6269386621764,53.179956791585234
109,0.23141147723465103,1203.191078777246,48.94389994020372
110,0.23350584674782457,1187.420147177908,55.01081592456058
111,0.23560416522029054,1171.7958276988602,51.80899700855423
112,0.2377006336558307,1160.6441128921565,46.89698490482736
113,0.23979727503904752,1143.383341994047,39.12710231371076
114,0.2418944602532704,1131.7997415261086,66.88091002174457
115,0.2439884227569783,1123.1548261685161,37.450360665217055
116,0.24608359968283072,1108.485957493615,48.120456780536315
117,0.24817552807053123,1095.917278073544,67.05658952204146
118,0.25026237006475704,1091.1604162866984,62.77712616646028
119,0.25235861551053484,1080.247457609781,40.81989383054248
120,0.25445470778669854,1068.9211090853305,61.78550663621336
121,0.2565487653287422,1061.3150363157592,68.12798155554147
122,0.2586464955058471,1054.2756298175739,35.42430358960111
123,0.2607443047329862,1040.9782149883756,38.20107906190325
124,0.26284383121734134,1027.196678744785,29.121839122795883
125,0.264929885565984,1013.634521545937,54.67484434830681
126,0.2670163698864118,1009.452010235393,18.348212114467767
127,0.269112135390912,996.3887358724816,36.4876708655246
128,0.27120764961246213,988.6183022139475,47.84060501108784
129,0.27330509996536784,983.7671316396045,72.37678791936915
130,0.27539842121309294,968.6170186384455,45.45589589414041
131,0.27749656900268016,964.6577890574276,49.46913440979523
132,0.27959864364035925,948.6715022722664,56.67745494744949
133,0.2816878213234348,946.8699840566308,41.16443054821225
134,0.28377609558542155,937.2105805709341,46.06156992516703
135,0.2858732754634003,930.0036869813758,62.53559327596513
136,0.28796861590208045,920.1872160446927,66.5019417823368
137,0.2900612915162532,907.2121580935203,55.20355472891626
138,0.2921547032025089,900.846484090614,58.32992219958423
139,0.2942501291133245,894.5156577480966,49.696623989016224
140,0.2963444256131289,892.6294185413547,57.13261061236562
141,0.2984361415704375,877.3860998812081,43.741434522020086
142,0.3005318840555698,871.9643361278718,54.97873213896567
143,0.30262777760316095,859.0849481834091,57.55824830348108
144,0.3047248035439954,857.1687472821591,44.411228152154656
145,0.3068210272572538,847.3513133189675,44.938516935180154
146,0.3089144805088237,843.0716795669805,54.48857361149193
147,0.31101080657849756,831.5494280785126,60.1934672378805
148,0.31310885951912926,826.5159279383822,54.442891415296984
149,0.3151991603466065,826.1384370365836,53.769829804734314
150,0.317288667284839,815.4608506206439,49.78025463820218
151,0.31938044185106124,809.451053151885,61.67219430256279
152,0.3214783648369702,805.3227548311947,57.226707217012844
153,0.3235785211189416,794.8798674606161,49.64939218152242
154,0.32566935894833426,791.4381707513321,51.904121658476356
155,0.32776077751211374,781.1566936992228,45.08903039492676
156,0.3298523230655558,776.4115333028635,55.986159319927815
157,0.3319485433973702,770.5315205952313,38.54277550245794
158,0.33404540358127904,770.5787112158223,55.05970379666866
159,0.33613494177837844,759.4097186747128,47.80305545798128
160,0.3382313832787478,754.5862161082578,48.71257446983179
161,0.3403308518124324,752.1104720045821,42.53805800407716
162,0.3424246601457981,746.8261433735195,53.53728906226411
163,0.3445197272986724,738.6194537661735,35.72391594328939
164,0.3466158524641983,732.3804015810574,41.6808442711455
165,0.3487089916477683,727.0953027427528,50.261833235251196
166,0.35080114560367615,723.1392406656379,48.17811095044485
167,0.35289356821720286,722.379223113796,45.98536220724926
168,0.3549881110219297,715.2723488441011,52.643587468914646
169,0.35708559248027844,708.8005134214634,51.09365138915772
170,0.3591813496003593,705.7824478208294,51.603719314454956
171,0.3612749400626811,698.6955586648608,47.14758813791304
172,0.3633693413142722,693.1068960981934,50.136705578147755
173,0.3654632219855477,692.3666863462523,64.02099936222852
174,0.3675603773529471,685.6450878056688,45.109520905323905
175,0.36965434919829326,679.2585070844194,49.58577889567127
176,0.3717418094879197,675.6421684013604,46.45896930811256
177,0.37383404253825586,672.4974289431874,50.96726566865906
178,0.3759308579415973,667.8680362079534,43.98396041013925
179,0.37802985088946095,663.4611397688429,49.30330480117316
180,0.3801213498834686,659.7266626115788,43.96628768004837
181,0.38221306010699313,653.9804198780873,47.69480304293518
182,0.3843141376638833,648.2469250009359,50.800539864347684
183,0.3864096355836929,646.4759154274502,48.290908843928904
184,0.388502907295756,640.315848753299,44.86889973101776
185,0.39059769208540335,639.2963347084076,53.700656280978066
186,0.3926958121232196,636.880780234818,48.11417948815637
187,0.39478921808384226,631.2136275086489,45.38264158058678
188,0.39687821409975554,629.1169802050927,49.372962000217065
189,0.39897073627813356,625.3674318859004,43.50535745716346
190,0.401067192451382,619.5017241939619,44.05513596554166
191,0.40316228148056854,618.1035034123337,48.46979257281757
192,0.4052546340249366,614.757657196457,45.00209083599262
193,0.4073499183903822,610.3073570390386,49.1481142769716
194,0.4094468722071623,606.5303037170966,46.69088416986992
195,0.41154432885897757,604.1425775688713,49.529639023579186
196,0.41363408239228544,597.6992163996422,54.44375006488759
197,0.41572494638156243,595.2866138236969,42.456658007608354
198,0.41782181997781404,591.8885632845445,47.35816814785043
199,0.4199166506307261,589.9844749275793,48.51736929995078
200,0.4220107143757513,586.4021614780876,44.65510836537711
201,0.42410542949066876,582.25138887573,49.09238724201701
202,0.4262013850195404,580.4356005440604,48.758124304509785
203,0.4282955296445312,576.2078910818157,57.33654731848005
204,0.430391806688861,573.9544495941341,41.82927051410557
205,0.432488575457924,570.0665705371197,44.09044293443863
206,0.4345806090039814,567.3608774927058,42.53591433616898
207,0.43667244097425384,565.0803882113098,49.83395103533093
208,0.4387671492209622,561.8619105418245,42.29839909006931
209,0.4408622534544343,560.501922391477,39.79923507245948
210,0.44295516415095815,556.7149172352023,45.32144082841362
211,0.4450482683181851,552.6109923650048,41.75439386560335
212,0.44714683875742495,551.5600732282012,51.57986248031178
213,0.44924362280569813,547.7739219284974,46.93311961877893
214,0.4513338633316258,547.0398680176396,46.754545212337334
215,0.45342753643259276,542.116166054832,47.67235288407881
216,0.45552189548586586,538.9550938576365,49.149669385048654
217,0.45761716616081083,537.2206099489653,46.52131529733714
218,0.4597117909764672,535.548640643407,49.80917926444097
219,0.4618031890496857,532.0250167294794,45.998221436928404
220,0.4638995470730997,530.9123687841078,47.886994305040815
221,0.4659948171464902,527.3539338584292,47.31276376989653
222,0.46808929446972725,524.3381257881823,46.653096721067826
223,0.47018492649495636,523.4990062315643,47.146145647213054
224,0.4722792778491551,519.8787122844626,52.181796607107074
225,0.47437272572904565,516.4359621844455,45.929463108006146
226,0.47646593372141327,514.6357602778488,41.31677316900915
227,0.47856230727426236,512.9704339263583,50.08316232417603
228,0.48065904058976644,512.1052162044689,40.37312978659859
229,0.4827512226177774,506.8870046203554,48.758623440912075
230,0.4848441163240575,506.78937213074084,42.02415291318743
231,0.4869397730506266,503.4018245151509,40.55403372503401
232,0.48903678813400875,501.10360675198314,44.17215767097203
233,0.49113096964965397,498.83471864461154,44.772293740049676
234,0.49322332174786626,498.112365775185,48.13375583045078
235,0.4953187148676145,495.10236806628654,46.519064049244754
236,0.49741120358770496,494.6682591564405,44.84769394928955
237,0.49950082345999325,490.1129287811042,43.72642235047002
238,0.5015952506837275,488.80266867355505,45.65765612845681
239,0.5036919972981919,487.12991086007196,43.176278556271065
240,0.5057872116617207,483.5759258493635,46.69519371376411
241,0.5078828569897101,483.6649586022299,40.12048326186969
242,0.5099793452386306,481.9211665497343,40.91114647881817
243,0.5120767256379639,478.6363663818781,45.63502766468679
244,0.5141702395931294,477.2438235477687,47.17280084763766
245,0.51626132102766,476.22675234456955,45.69599733814174
246,0.5183576899265504,473.38410724722416,45.84712226361889
247,0.5204524416424112,471.68288505619597,47.35985127410306
248,0.5225430403510469,469.37275503678154,45.31350126593345
249,0.5246378991347941,467.6956140808169,52.191203568458945
250,0.5267345150769579,466.0779786008413,44.974979558053064
251,0.5288284644781793,465.2108089703363,46.41625514590335
252,0.5309200047543352,462.79928620312114,46.289809427592736
253,0.5330154787982235,462.0005529879807,46.41802242661901
254,0.5351140455458262,459.48210288401907,49.48093093923747
255,0.5372066203065362,458.3884555257999,49.05762626597465
256,0.5392991990272246,456.47914433644286,48.813170533150604
257,0.5413944118270408,454.7589341649846,44.5521276977659
258,0.5434881995106379,454.10453425503596,47.461922285780865
259,0.5455829952492127,450.6182832907372,47.81326363490552
260,0.5476769745662954,449.47464466029777,45.46804443861218
261,0.5497697255495043,447.8820791402347,49.44675933464999
262,0.5518645446467839,446.4862909215572,43.54315430385824
263,0.5539598571350287,445.2297064969067,50.710350790687784
264,0.5560564538950566,444.58826423784836,44.266805771454415
265,0.5581500505101624,443.17000534543405,48.760419546857136
266,0.5602409063261653,440.6395063146565,49.730312262431646
267,0.5623379637803174,439.83677832448717,47.51101092493984
268,0.5644363283026402,438.58548112742255,48.21810744312184
269,0.5665273824761494,435.2988387677199,50.872380539646805
270,0.568621249018378,435.839673619841,48.307637239299105
271,0.5707181447612965,433.948867285713,48.87509732373581
272,0.5728127938597997,431.9397387107743,49.22774350483337
273,0.5749070881546879,431.25690589892247,51.651320202355954
274,0.5769991470923068,428.80618491756985,50.489590917453704
275,0.5790956911760897,427.3263459254433,48.19912241972314
276,0.5811893306261757,427.0593976940693,52.745851771295264
277,0.5832802267374103,426.802875395636,52.78337011742131
278,0.5853761830306536,424.26567234861415,52.9920403905826
279,0.5874711784415975,423.789264827523,50.57639270593972
280,0.5895653958899879,422.37495624509364,50.166574097455005
281,0.591659786459685,420.6364891300524,48.55104740488726
282,0.5937551851921442,420.0527318241653,52.18771371984168
283,0.5958498092767481,419.5698337173012,54.91254970047584
284,0.5979447066705442,418.13152293930557,48.51835913585261
285,0.6000383505174957,415.9672569706498,53.22137791372153
286,0.6021313016181767,414.94793153121816,51.016825874381716
287,0.6042246965556944,414.18382795008705,51.9725098136137
288,0.6063189733697846,412.9127998265257,55.31641697990617
289,0.6084147213727373,411.94901311475155,55.82203335447502
290,0.6105090855473989,410.7614630139875,56.92597424446918
291,0.6126037649785722,410.4434438075159,55.40543619133835
292,0.6147002391370655,408.85309357831403,55.68152767789919
293,0.616794938930829,408.3533721588856,54.99698864723063
294,0.6188886865784012,406.890379316267,53.27787118523732
295,0.6209825762252046,406.26722223679775,59.15903500398876
296,0.6230764414889526,404.87119692831715,56.520403820413705
297,0.6251725389343245,403.76324784600575,56.6316610106648
298,0.627266923011265,403.0526988459443,54.13360175613796
299,0.6293596211388142,402.90809779399814,61.18143552624877
300,0.6314513250607457,402.21368942659444,58.273418482135206
301,0.6335475720513941,400.901776909096,59.5222432995381
302,0.6356444982495617,401.3815022013611,60.62996556131632
303,0.6377358562255245,399.75870782240696,61.01168235232042
304,0.6398302949107263,398.7690094012144,61.929123814099356
305,0.6419256185614247,397.1716714608006,60.77227213100312
306,0.6440214843206593,397.4435077208695,60.125866364003045
307,0.6461142033434962,396.55317288551873,64.43006839350932
308,0.6482061138478032,396.319976723517,63.30483378377401
309,0.6503020867345045,394.93443537388083,63.58242722248989
310,0.652398185537932,393.2256104190707,66.39025589546293
311,0.6544932048530038,394.05827865517836,63.79301182761243
312,0.6565867871776386,393.2696123371985,69.75380203413272
313,0.6586827890115348,393.1040336934779,69.7108907478224
314,0.6607793300725506,391.4323421843552,67.74035877529806
315,0.6628724964198541,390.08908433721143,68.78495996185904
316,0.6649654402217313,390.56556349641556,69.33813866393244
317,0.667059865407609,389.3178545926905,67.05991516119236
318,0.6691532523078332,389.8736275277437,68.88224534461884
319,0.6712457992597233,388.33030186138967,70.86227855463942
320,0.6733390782258323,388.5888060376506,73.90474413161368
321,0.6754367503383576,387.9262204217035,75.31036334873635
322,0.6775335143160066,387.2845934584934,73.60070843307143
323,0.679624621064033,385.93268823505247,74.45181513384763
324,0.6817180292738917,386.3590572057314,78.00500603331736
325,0.6838149015047629,385.8299180668294,78.2698748351165
326,0.6859101434268815,386.02253084057065,78.42350897802268
327,0.6880046468184081,385.281539645952,78.76261355634858
328,0.6900999637264865,385.1724684606079,80.56213058861579
329,0.6921965733216279,385.491156733329,86.05595425342624
330,0.6942884945981568,384.6551961922336,81.53601380444124
331,0.6963781649531228,383.6393018104135,86.27655168831616
332,0.6984747371200234,383.8471224130923,86.40330544795282
333,0.7005690388882679,382.4506487574084,88.61005497435693
334,0.7026621579778546,382.9435530583755,89.32770121567543
335,0.704757268847954,383.601338210235,89.80389392772356
336,0.7068509057629639,382.76758157732996,89.78498194139453
337,0.708945644402387,382.7957694768545,90.81994439355647
338,0.7110406815970572,383.33877964464716,95.41170765238999
339,0.7131372373036142,382.4686329334989,93.83505238103733
340,0.7152323589250973,381.6461383213861,93.35380344865915
341,0.7173245162021571,383.2006766032761,98.3721904174869
342,0.7194199711852413,381.9556322131715,96.53239989265964
343,0.7215151322330351,382.77107693619655,99.45008024516487
344,0.7236102334592447,382.8062570041503,102.93413584436945
345,0.7257047129497166,382.46228194821975,104.18412272640983
346,0.7277958825256088,383.00271210557906,107.23982132845256
347,0.7298900912292255,382.6222285659167,107.4357219268975
348,0.7319867159780691,382.2035890122821,109.5218749999526
349,0.7340808521059053,382.68065800056945,109.34666636976978
350,0.7361738853270124,383.30248339589,114.47999390764309
351,0.7382682123604443,382.94585290337824,115.91951381572748
352,0.7403641944498084,383.551888913281,117.5776997710993
353,0.7424576311971561,384.04524081450444,117.78069364261019
354,0.7445523870480827,384.14499656315303,121.34144607970364
355,0.7466478284648128,383.6914291716701,121.73825632981689
356,0.7487413917548734,385.18849735436356,126.54790181239254
357,0.7508354594737505,385.35327186869307,127.54520710703152
358,0.7529278056847568,386.25406863471216,128.28997115452856
359,0.7550230257904859,386.033937013857,132.86696430211896
360,0.7571167923480437,386.6131641163422,135.24597308015387
361,0.7592113317151179,386.89978588641327,136.87281617289202
362,0.7613074731933067,387.4672100373979,139.64066129840296
363,0.7634009581307508,388.6757517916297,143.88817386496885
364,0.7654969266569684,388.569447027595,143.88496278227342
365,0.7675905899780763,388.9364811384514,145.93614493413426
366,0.7696837880547684,389.5199467279364,148.65551042872704
367,0.7717795008463626,389.9283453626714,153.325591016593
368,0.7738757788346248,390.5806145646163,155.57523745169235
369,0.7759706260990727,392.1139304211776,160.8629308049223
370,0.7780620795267656,392.6432486381905,159.7707563163732
371,0.7801559906208961,393.74027364565853,163.1644144219098
372,0.7822523136569128,393.9111319061533,169.6092722529374
373,0.7843481481853999,395.35186644044256,169.84449418921605
374,0.7864425511046899,396.32955111198345,174.80066755813505
375,0.7885343495966205,397.34919572441146,179.24179637029494
376,0.7906286372458883,398.0752348924796,180.63054565391928
377,0.7927244345313397,399.6882985764588,183.97727512282955
378,0.794818005513127,400.31120539220495,188.9702097343892
379,0.7969121491149282,401.48370398770095,192.25550633493515
380,0.7990047112993173,402.4177509164256,192.59702436705936
381,0.8010984966914405,403.74298509913945,196.37897403293366
382,0.8031950165575023,405.1856944282695,207.6578525551913
383,0.80529055904954,405.49997402103264,196.68573664277207
384,0.8073868607794276,405.0194047717235,175.9985708793279
385,0.8094799923089985,403.73654532237634,153.31269340796325
386,0.8115723232550889,404.1014407400255,131.85581330176203
387,0.8136672975922271,402.9381344497284,114.17914091452506
388,0.8157631100610689,402.61045726245004,92.40779046359488
389,0.8178569790142735,402.12739085492933,74.06662967487928
390,0.8199506303068442,401.1360676385036,54.05543113524314
391,0.8220462665916841,400.57499451837697,36.55373515061141
392,0.8241405937791958,398.7378398236211,19.73136278214608
393,0.8262325853224312,399.4141546493556,3.8365214454553023
394,0.8283265675885274,398.57776076476665,-15.944598565940565
395,0.8304231027322762,398.9202263198637,-32.38370874533561
396,0.832516312308734,397.565041878571,-49.61379806185773
397,0.8346104967180491,397.34168453116945,-64.41044814360004
398,0.8367055646585567,396.50159509947,-81.2849637911261
399,0.8387997810841866,396.58794493392116,-95.24203932373959
400,0.8408959249120883,395.8856128373514,-111.38368982266543
401,0.8429902851163829,395.1877080914358,-126.18603662988745
402,0.8450834013034724,395.1108407724235,-143.83268835568515
403,0.8471787052036875,395.26243079776947,-157.31950347018903
404,0.8492741754489669,395.0817801029023,-169.30978411518234
405,0.8513666186650054,394.4136904090145,-185.72141766024436
406,0.8534586558453424,393.3832004351487,-199.14959517441528
407,0.8555555147205227,393.14937710225,-213.50238785844653
408,0.8576510528712873,393.67409813070344,-225.10612452773788
409,0.8597438531231701,392.9128152835542,-240.06129576886661
410,0.8618396600787528,392.56346457582157,-252.81108385042063
411,0.8639352641137702,392.53234133093343,-264.1812516104781
412,0.8660278348127696,391.75509446539934,-278.81165591919216
413,0.8681190723532742,391.8730075518689,-289.3932869841393
414,0.8702145301226206,391.72098750507797,-302.5820906881422
415,0.8723097299260473,390.8852048109356,-313.00936721706233
416,0.8744009465527449,390.6411934818753,-322.82715855073553
417,0.8764962014565297,390.49546792602035,-337.17862282777105
418,0.8785921785819074,391.2248776141235,-346.80853254079346
419,0.8806862529738079,391.7479664208705,-356.4736470752562
420,0.8827803474942315,390.41643021637805,-366.68796567348124
421,0.884876552415157,389.5527997454826,-380.11822734025395
422,0.8869727619955021,390.83170971267947,-387.6056576933217
423,0.8890661549276524,390.3011796788314,-397.1263920758779
424,0.8911606435626759,389.7439313757833,-409.45685296969555
425,0.8932564177642083,389.4453432192575,-420.4428298065579
426,0.8953515942364704,390.0059302560478,-428.84534287335026
427,0.8974449590572777,390.27504998420346,-439.8652054232071
428,0.8995380126042275,389.5833314004768,-450.4941187642876
429,0.9016308480731973,390.22236496404366,-459.3415509126997
430,0.9037248205752632,389.81444224619617,-466.7373515470447
431,0.9058194398636225,390.27734111685135,-478.5557541109882
432,0.9079139093175219,390.4445932479926,-488.1062391726304
433,0.910011764746055,389.94627884525215,-493.9887795737986
434,0.9121056647167038,390.61954035866967,-505.4705386231726
435,0.9141967683902507,390.8457149909031,-513.0190534507485
436,0.9162922424058753,390.49332217399206,-523.9043266851867
437,0.9183868595164038,390.7635464287742,-530.965539457462
438,0.9204815946523948,391.5580017088965,-538.382351928261
439,0.9225765682279964,390.39570063372673,-545.4556394851561
440,0.9246708776548578,391.4121146408959,-555.3787896664296
441,0.9267650233208798,390.0233581003082,-562.1940747856847
442,0.9288581102404102,391.5623029845163,-571.2049256311628
443,0.9309518934142385,390.9997122721064,-577.8726937139569
444,0.9330469160925099,392.42262613554385,-585.7229751123974
445,0.9351415764644654,392.61968301487303,-594.9549255956864
446,0.9372369506587555,392.795968623391,-602.0395959073588
447,0.9393287530448476,393.1435531239158,-610.1035346922106
448,0.9414229216419412,393.1258289447668,-616.6947728370251
449,0.9435209341962445,393.102324782555,-624.8432415364701
450,0.9456148252799238,393.33300347162964,-629.92504231379
451,0.9477091255207061,394.5066343447741,-639.8139330410544
452,0.9498037238864095,394.6590194509355,-646.2149052730886
453,0.9518981043411001,395.4270067126274,-653.42942813907
454,0.9539914706287521,395.97335160084447,-661.4424345784291
455,0.9560859977890608,396.5717691578813,-668.1760431953193
456,0.9581821096695351,396.38735843740795,-673.2704012688382
457,0.9602755737793266,397.7113060977407,-682.5529772641415
458,0.9623691838562978,397.6317773030414,-689.1334590539171
459,0.9644636726355348,398.25732253192166,-696.2180622257306
460,0.9665572681340019,399.66784186112363,-704.5190057377362
461,0.9686506726657692,400.02174709472956,-709.3324411378226
462,0.9707453651438224,400.8984944494569,-717.2345939395572
463,0.9728397447984573,400.899952159033,-722.1109818952765
464,0.9749341599912872,401.8785432779325,-730.3124767207756
465,0.9770309382258842,401.6575130086414,-733.7244667609349
466,0.9791243621626365,403.0861408821975,-744.8543362701072
467,0.9812186011668534,403.4911259395186,-749.1694146246441
468,0.9833152549762485,404.7291287517535,-756.5831226062337
469,0.9854083366977224,404.8861366721741,-762.2562395006191
470,0.9875013366256304,405.92716492302424,-768.8968334922916
471,0.9895964031766183,407.92897187542513,-776.9887174914171
472,0.9916911272506032,408.4120561174633,-784.8007450923205
473,0.9937856031740195,408.99200306290277,-791.0012942920257
474,0.9958807301039379,409.3843164428321,-797.4323335455383
475,0.9979746323874407,410.9431871029186,-803.5095601086404
476,1.0000664008054638,411.6225166803168,-809.9366714126804
477,1.0021595314674534,413.61577384023644,-817.7944603320525
478,1.0042547648495364,412.8939185658859,-820.4247765231046
479,1.006349085630113,415.1348831618474,-830.4202807424364
480,1.0084443367657523,415.48343136738714,-837.0071213421033
481,1.0105398481990022,416.97688566526995,-844.7189259242568
482,1.0126348213072522,417.1896226472519,-848.7885100560268
483,1.0147293432188107,419.36221158927856,-855.7146390977764
484,1.0168223222913106,421.10088114866863,-862.5425943703073
485,1.0189181991118834,421.96890964632956,-870.1538562533376
486,1.0210135889667047,423.64828183442177,-880.832735251296
487,1.023105517395174,424.44176819923325,-884.0066843352079
488,1.0251997072975425,425.61516344181763,-892.3933098233871
489,1.0272950549324347,426.2588550823021,-896.3415956245196
490,1.0293904044607038,427.1964420891526,-904.6660564131336
491,1.0314847550764672,429.11731584371506,-909.808946760644
492,1.0335791521913305,431.084447423551,-920.4851578953374
493,1.035674282724225,432.4909062781877,-927.0544176452993
494,1.0377683744197583,434.42258521434013,-934.4511932767273
495,1.0398611358062981,435.4118561772189,-940.2539740348436
496,1.0419559810580585,437.34307198364456,-948.5958350164192
497,1.0440519355231435,437.9950493614635,-953.5898746280295
498,1.0461442665368221,439.1857198181587,-960.0086269152487
499,1.048238151325366,441.55397621064003,-969.2699188616568
500,1.0503312794335307,444.1719476016795,-979.238285158006
501,1.0524262698953144,445.44825883045934,-987.0152043185265
502,1.0545208315883745,446.4421427931886,-991.7814534720293
503,1.0566150350094698,449.21797548502565,-1003.4751502034939
504,1.058711440318921,450.9742171729093,-1012.9446147357294
505,1.060803734980524,452.3882644914508,-1018.7083889623319
506,1.0628970711462522,453.68911043346,-1023.5329660395499
507,1.0649945592352892,456.2155182673091,-1038.329902475922
508,1.0670895920886003,457.52320695587605,-1041.3570147015082
509,1.0691815189460832,459.770905787472,-1052.5354537997223
510,1.0712752972137536,460.91856945295666,-1059.6806645628737
511,1.073371173619778,464.591252780258,-1069.0420309709566
512,1.0754657024825272,463.9022183525037,-1075.8509955520628
513,1.077559391113827,466.9887678797274,-1083.36225758493
514,1.079654167044188,468.61586512868604,-1095.8764365126583
515,1.081749685406742,470.32977830848773,-1106.3361537161807
516,1.0838429051818583,473.604766499539,-1115.645214231007
517,1.0859346611894292,475.3230497356919,-1123.7747995388688
518,1.0880274765489322,477.09409546646674,-1132.0066799502606
519,1.0901226378244568,478.4808585613781,-1141.4032456562106
520,1.092218906510469,480.2168819249067,-1148.6414327131417
521,1.0943142405516277,483.66418260438365,-1160.0794465479914
522,1.0964083656069452,482.6469228011006,-1171.8725896685032
523,1.098504575117021,487.1688785091,-1181.0082732141736
524,1.100598880587325,487.44688778328765,-1189.6846260497332
525,1.1026907648634887,490.4742265989801,-1201.493426814577
526,1.1047864761829782,492.4967394065231,-1211.3725338740308
527,1.1068805633882368,493.5113895562375,-1222.8373677522902
528,1.1089715885079452,496.5881418333731,-1235.1189393784564
529,1.1110674731376504,495.23844889261386,-1245.6711340570794
530,1.1131638031712348,498.9934646919926,-1251.266533845736
531,1.1152567400703868,499.01836441139744,-1265.4077240699642
532,1.1173518797395834,501.89068487470627,-1274.6088004868438
533,1.1194466841667583,502.2339127943619,-1290.0486598854304
534,1.1215386388653605,501.87464294403134,-1300.6440799909751
535,1.1236321502294464,503.6958178529671,-1310.0158001792254
536,1.1257265608788465,504.53352180364027,-1328.1218023504514
537,1.127823511019811,505.5994649989711,-1333.547549947358
538,1.1299186917312898,504.740878060843,-1347.4060237943963
539,1.1320102853860914,505.70054062064116,-1363.499988041885
540,1.1341022265777971,505.72474095283656,-1373.5584950228285
541,1.136196488705377,505.51327309812893,-1389.507273174935
542,1.1382919496812383,504.8965144704648,-1401.7119588449134
543,1.1403848113573067,503.21547837353927,-1411.1965478654608
544,1.1424801205078854,503.6656158078047,-1424.0326867702097
545,1.144579099546908,503.2933159675447,-1424.6127968193916
546,1.1466743733674984,505.58853944212655,-1452.2805811368191
547,1.1487627957344069,506.117089679751,-1461.8438010754937
548,1.1508586543248278,503.4693158821067,-1462.0605556082735
549,1.1529561980713183,508.5777101744541,-1485.1776420810972
550,1.1550454984226184,506.3800804615616,-1488.906766205386
551,1.1571409429142046,507.5877854669038,-1500.325560729599
552,1.159240859340017,508.82414758615306,-1510.4294719554941
553,1.1613355832020602,510.43443673873446,-1521.3199364738484
554,1.163423871831942,514.5957881939822,-1543.4522902037502
555,1.1655188736812345,509.7649271796105,-1538.4966145084015
556,1.1676174368768866,512.2844979159818,-1549.3782756193425
557,1.1697080797153998,519.0651775099919,-1574.9367767472347
558,1.171800206369591,517.8068230278799,-1578.3827649154855
559,1.17389591489135,517.937594524394,-1587.894723497181
560,1.1759888523797297,519.8900541302175,-1600.3846524313763
561,1.1780809947202961,524.3473202665981,-1618.845876224899
562,1.1801761196344618,520.4274734954955,-1613.0430118698362
563,1.1822736635654147,524.7381033026342,-1632.2585494341172
564,1.1843710306693693,528.3992578639213,-1650.2266480131163
565,1.1864625384002512,533.1157562376085,-1671.0723534995775
566,1.1885545198904406,529.3415008938059,-1664.2448844878127
567,1.1906522613678343,535.9752883370519,-1687.2958240281812
568,1.192750069492095,535.543526853424,-1694.3898183799693
569,1.1948381381583106,536.0639304509438,-1700.1232859816153
570,1.1969297222624806,539.5302586885456,-1719.913902691422
571,1.1990290164311135,541.6155179415174,-1728.1451676941444
572,1.2011243924560484,544.5839471531668,-1743.7636630479733
573,1.2032149592826593,545.7445598478799,-1752.2596310379388
574,1.2053132365828256,550.1599667988264,-1769.117974022596
575,1.20741576508926,551.5694595591466,-1778.2720791329418
576,1.2095030565711475,555.0346241039289,-1798.2282219367537
577,1.2115949657999687,558.0117935125363,-1811.0908740904156
578,1.2136960046145377,562.2225939221744,-1829.8953899281635
579,1.2157928316049589,565.3806927073886,-1842.29829294192
580,1.21787984102748,567.4815993526033,-1854.649316348709
581,1.2199725120701903,568.7662380482078,-1859.1388208912945
582,1.2220773486348555,573.4761881770031,-1883.0221445217185
583,1.2241717280648772,579.2044414278005,-1903.4863798773106
584,1.2262574809145717,579.7517386269,-1906.9316834306169
585,1.22835205989159,579.1486091033023,-1912.9749784477883
586,1.2304511070315651,589.5217617090591,-1952.5356535129713
587,1.2325439941641703,587.9850833748953,-1947.1408849355928
588,1.2346327282165248,592.8323064589011,-1966.634944414438
589,1.2367296121231413,595.7356178829624,-1983.3070455592429
590,1.238832433751825,602.7596143564402,-2010.2970905915859
591,1.2409238541102623,608.4776077548213,-2029.793870121368
592,1.243012379245932,611.0876803588303,-2045.7181547062455
593,1.2451094606314712,613.7511540424796,-2058.3606242351916
594,1.2472066170026377,618.2645144494431,-2075.186962957465
595,1.2492929515805862,622.4467795507774,-2091.0433967177246
596,1.2513843202334647,623.3796795168928,-2096.3007942938048
597,1.2534920777891505,635.623508530668,-2142.824072468838
598,1.2555889180496558,641.0609314739504,-2164.539379906741
599,1.257667580798784,636.6879691730187,-2148.7542866736703
600,1.2597632986068967,649.7883097345872,-2202.936273340357
601,1.2618709074503869,652.8386146811102,-2211.475327525452
602,1.2639618917954016,656.841853363027,-2226.5047144478062
603,1.2660463256389345,661.2472633607838,-2244.865878855151
604,1.268151380164154,670.0758538785948,-2278.773079641801
605,1.2702573897615381,674.3652154953106,-2297.3689070756786
606,1.2723329096911193,678.24455686462,-2307.7014431744783
607,1.2744197010315288,684.6540246039611,-2332.5139179700172
608,1.2765327006010119,694.547011004202,-2370.3370959995345
609,1.2786342467193723,697.6935239170094,-2386.5184714559136
610,1.280707182799757,707.7106465127961,-2421.809658949481
611,1.2827931530633179,714.0016414165896,-2447.8776337844556
612,1.2849085387747612,712.0687032928322,-2440.109454541187
613,1.287000364654089,730.1147593750545,-2506.4761161726824
614,1.2890781709908103,737.0781447848962,-2533.3751086691136
615,1.2911842108955598,742.3661159663636,-2552.1730823863554
616,1.2932965864662813,745.32775660356,-2561.96759023891
617,1.2953774115066516,752.2962723285603,-2590.285807337577
618,1.2974494068131983,759.1560165566374,-2617.9702986410166
619,1.2995653278098822,764.4728214999186,-2640.2092690499817
620,1.3016791376111048,782.6051539452766,-2700.180980849509
621,1.3037423234004764,788.1374100468353,-2724.381359803564
622,1.3058199114096363,790.0291088229362,-2735.2714099308646
623,1.3079467955462118,803.3463678458472,-2780.264879495077
624,1.3100601882305882,809.9482318639532,-2806.1597126720085
625,1.312113308135768,825.7116179075801,-2862.121081459322
626,1.3141962752176515,835.458105086498,-2896.3446429382107
627,1.3163277077674513,832.7711786864818,-2886.044940502986
628,1.3184175493918626,861.9082239846318,-2989.5595132553767
629,1.3204856618221223,861.9424566738861,-2992.7603748651923
630,1.3225968812824558,869.7720049122452,-3022.5673772075047
631,1.324712528812616,876.4363171383867,-3046.7029095648118
632,1.3267701241226586,914.943771677182,-3180.139050585607
633,1.3288455369869492,912.3174284512261,-3173.5915769632566
634,1.331007859279665,915.5490239377148,-3186.186833344754
635,1.3331193077637633,939.6269753140803,-3275.004452446412
636,1.335111114646517,934.2794090508206,-3251.890522579428
637,1.3372000138113185,938.5206791500725,-3270.5368708048013
638,1.3394207042773567,970.5789319181984,-3385.51029972051
639,1.3415191831855293,952.3312669619492,-3320.4829727371707
640,1.343419658472025,991.8009761816915,-3456.2201911656225
641,1.3455475267642247,1035.4897940316478,-3613.3143102057215
642,1.3478257671998863,1007.5572779088186,-3516.2058498065153
643,1.349910545699746,1042.7591222252486,-3638.5962378766535
644,1.3517701887420612,1056.828868066796,-3688.122934810199
645,1.3539417100377606,1071.5243126389673,-3742.0092860428804
646,1.3562514521124112,1082.3675197248624,-3779.6642502603195
647,1.3583044750242828,1123.6629119515371,-3928.7363639663345
648,1.3600937081391848,1104.7638502536702,-3857.0944881838454
649,1.362315666351114,1156.8795235922403,-4045.935169760642
650,1.3646739887244697,1153.8052626419612,-4037.4551482010725
651,1.3666040349314283,1166.9006968127323,-4080.336424791477
652,1.3683585203137423,1227.1476715954068,-4289.462929984517
653,1.3706879171444677,1177.8463941444259,-4118.30167758897
654,1.3730812726720756,1243.0209538608397,-4349.779132455395
655,1.3749143385354152,1258.7517167459596,-4400.775318771449
656,1.376679031839902,1257.3560331246144,-4395.283921808008
657,1.3790764132796052,1266.8500239100908,-4430.807596171937
658,1.3814727924700456,1433.1175588040885,-5013.517407052937
659,1.3833424067073374,1394.559393260728,-4882.246137942602
660,1.3850593718572481,1551.66208339095,-5427.2918135371265
661,1.387433769507078,1504.07860758403,-5259.194139650583
662,1.3897620281243455,1162.4047264052026,-4068.087470093937
663,1.3917897627196847,2242.455295868368,-7856.04389060097
664,1.3929979117318791,8.92365577699374,-31.232795219478092
