,k,Pk0,Pk2
0,0.0029665470748989845,332997.9704506677,221209.18144747158
1,0.005026374055021859,381843.51885806146,111059.1790375296
2,0.007149300621522788,504483.2828691094,-117960.01990911404
3,0.009278869254964255,607466.9315354534,88294.13835483325
4,0.011450332619344701,643817.8156734057,-212439.30395587394
5,0.013492955871419151,660283.7950609915,106760.60690873496
6,0.01558905561191893,560512.4787032654,-23769.086116352537
7,0.017694083672553172,578724.8406940522,-8790.053683510538
8,0.019817874803135297,532468.8784069853,-24634.40164294264
9,0.02192074938196264,503618.0979680941,-10901.301014936107
10,0.02398877635566245,450023.43917426723,5856.859523830561
11,0.026092869718961156,401904.730084327,-53187.512832768654
12,0.028234663152781798,396144.23608840513,40368.21091582773
13,0.03032284873509123,316962.52774456044,44358.19379578799
14,0.03240263258943404,304602.27589013026,-26613.119014636846
15,0.03449210129864554,280929.7452939207,-8730.534484906904
16,0.03658588147515197,260499.38645140594,-8303.50419422746
17,0.038684769492669774,243393.15588522828,-7407.981276895816
18,0.040788988884582836,218591.93838364122,-5724.864611818783
19,0.04289390876967646,207706.38959957502,-18614.902941715576
20,0.04498336005546935,201615.51384367872,7087.648577206357
21,0.047064985294738244,188887.29208112537,1237.6648088176876
22,0.04917111919158227,186985.74445845227,-11510.191915286125
23,0.051262169141742274,177812.43133876115,-4723.107547003541
24,0.05335525146837034,179136.2836413025,3718.6712451194458
25,0.05546637228956934,167869.2749199298,11233.713831440264
26,0.057573188192548086,173252.7175123326,-9799.741894152443
27,0.05965884044590281,164078.3570060204,18164.432587632116
28,0.061745123021595065,164025.75083924452,-2862.4618170963063
29,0.0638268929113719,164435.1034616222,-709.7582936861328
30,0.06592966228838451,161023.59423528245,-13294.777811337011
31,0.06803125784825748,159029.69062317585,-7625.5656878673835
32,0.07013131008699486,153720.50356706957,-7200.93821117597
33,0.07223032366074338,150880.13942984026,-5383.71353591579
34,0.07432334270720506,145607.90637305367,-10.075789868392842
35,0.07642066756954473,139923.83028322563,-11775.48607395915
36,0.07850471694556041,137212.17758445986,6971.067344641593
37,0.08059701946059529,130432.66739244496,3683.343498610086
38,0.08269521798132064,125157.03595533651,-4547.56472187771
39,0.08478307522909848,120914.96944565156,607.0035138136963
40,0.08687780839616016,117236.53373455793,-3012.134032580397
41,0.08897524569656534,111241.50290890073,-3742.725400732212
42,0.09108077810470518,108071.51078747581,3792.805876708253
43,0.09318432266948053,104359.3022064031,6040.808158868922
44,0.0952788764104831,101810.4061886427,-57.0765367032578
45,0.09736254237981037,100555.12681094842,773.4263104209607
46,0.09944832814799408,97679.0896448921,4321.6334163614165
47,0.1015460879802399,95322.85720269395,3590.82639522953
48,0.10364263756677322,96115.6899244153,158.7043502641481
49,0.10573893905394659,92529.52019634368,901.379779011341
50,0.10783958559814742,91439.3941220986,588.8766637983464
51,0.10993894058501318,91404.70244748796,2588.5097910201303
52,0.11203921431523854,90416.80440118056,-1315.0448843813258
53,0.11412334585697578,90044.09539803665,728.7849393263093
54,0.1162159397555423,89106.74115184123,3204.8720985941936
55,0.11831372048037725,89265.80343327665,2342.1829662306372
56,0.12039723118070132,88351.3198676877,5021.398193066283
57,0.12249223631878574,87253.41439661356,-4245.653451629455
58,0.12458825984258635,85874.82831942635,-3169.157886541321
59,0.12668846771583772,86877.8637946967,1907.5369009806711
60,0.1287846620419941,84320.6797165141,2400.8047379770155
61,0.13087133937881498,84405.97251285153,3125.9870645098977
62,0.13297548334406448,83059.45026049305,903.2905109681199
63,0.13506910815256093,82326.24240727043,-224.72416385021944
64,0.13716388258568254,80609.50756221179,553.351573053523
65,0.13926047573721634,80182.68426653199,2114.9423453657437
66,0.14134668829083769,79007.41054452863,-911.4305893231408
67,0.1434475230090064,78167.34924574818,1418.1834266107523
68,0.14554528534185418,76676.34218251711,705.9945698455485
69,0.14763320610735878,76102.4858054268,1418.9798933681236
70,0.14972114728432864,74500.0235018638,918.5620170441539
71,0.15181380487515775,75165.72616295503,1429.7029266155448
72,0.15392114901003526,73045.05296114042,-134.25901412631805
73,0.15602147473412367,72733.62541267902,-457.07706982841205
74,0.15811617475881218,72298.38065421108,414.27675774098424
75,0.16021187122717997,71964.24125149711,1972.8858361727016
76,0.1623006419462899,71202.27150511279,2851.474417657423
77,0.1643899033199985,70492.15987224382,-843.7447693419713
78,0.16648355823815117,70064.03683463871,1398.7471659108771
79,0.16857196837784735,70412.59331866197,2268.8781861982206
80,0.17066413320893647,69709.31886403266,1036.6873513365258
81,0.17277086992561352,68963.40462686172,1518.235123756713
82,0.17486965460096995,67835.47730669168,198.79997641574832
83,0.17695857694944453,68073.24942522433,-1199.4173281359265
84,0.17905245093155753,67130.3029390033,52.21948295878524
85,0.18115265212612636,67340.56273375862,112.94565638672096
86,0.1832476884130739,67048.89974719723,704.6315671888534
87,0.1853312475833926,66610.31672890263,2576.254749171784
88,0.1874284892203219,66026.85307295027,226.78406325729134
89,0.1895337179075755,65557.22563920578,-662.1358393340935
90,0.1916268196474026,65339.182465257916,184.6041560182826
91,0.1937183403446853,65353.02761217002,474.82261365803555
92,0.1958131498886989,64841.21537601814,-347.0018799356156
93,0.19790587400989662,64379.05034635657,90.85906427717855
94,0.19999906515978938,63600.15761902642,635.5520873234817
95,0.2020893038374759,63427.283997823244,-621.4232669244547
96,0.2041823192148178,63255.943696864146,-215.80672789703812
97,0.2062825911013838,63142.091379991005,392.2975671551046
98,0.20837701891459662,62716.281129671224,1011.3660483408376
99,0.21046758167944032,62130.153986939884,-498.5705910552649
100,0.21256678542440183,62037.544265237295,-268.308188910263
101,0.2146619261104852,61958.71640956685,756.3679688408812
102,0.21675618057220372,61566.718784734156,2955.0639866955435
103,0.2188528705899679,60990.72528579323,-1455.249620098775
104,0.22094564274530842,60989.78631687751,-64.64337471275375
105,0.2230395148320731,60365.22904267777,-484.9898069677697
106,0.22513567328585352,60531.25443397773,469.7094354100353
107,0.22722785048644015,60249.44350617405,834.2806658565682
108,0.22931975112872324,60319.335419994226,393.5885655147529
109,0.23141147723465103,59936.279671709905,800.4116732785462
110,0.23350584674782457,59399.07860455318,978.181025216965
111,0.23560416522029054,59735.39803438832,354.37924047527514
112,0.2377006336558307,58933.407201980204,-198.06343545606018
113,0.23979727503904752,59009.30570442053,346.46109353944166
114,0.2418944602532704,59225.10401931635,483.6662548531493
115,0.2439884227569783,58581.40397892329,-256.19435611562557
116,0.24608359968283072,58662.98453028201,920.0693521547138
117,0.24817552807053123,58396.42534866508,-97.56833712341925
118,0.25026237006475704,58359.02508397591,504.47108318284813
119,0.25235861551053484,57819.8824519742,731.5062643719971
120,0.25445470778669854,57669.18035097167,356.5192163359757
121,0.2565487653287422,57838.771691360445,810.5409704167079
122,0.2586464955058471,57819.39333780312,-317.0723119167053
123,0.2607443047329862,57431.35720187906,1017.7116047703474
124,0.26284383121734134,57083.131313455975,-365.3987624788217
125,0.264929885565984,56991.807535141,539.549899526373
126,0.2670163698864118,56635.93288173495,679.1487223228447
127,0.269112135390912,56754.89567355243,-252.46202683064922
128,0.27120764961246213,56405.27737648684,255.06193888985928
129,0.27330509996536784,56595.26641393986,773.1204753501571
130,0.27539842121309294,56584.07844697442,446.5883571420284
131,0.27749656900268016,56385.1899498952,809.1881762439688
132,0.27959864364035925,56030.67594254548,1593.1084018751556
133,0.2816878213234348,56358.00795572552,350.7479586756355
134,0.28377609558542155,55899.43482112602,803.5366572662697
135,0.2858732754634003,55924.71625198201,1010.8157668401284
136,0.28796861590208045,55890.84553393644,526.3284964171872
137,0.2900612915162532,55511.31014797242,1020.7570230257054
138,0.2921547032025089,55599.29142439163,-145.17852096926322
139,0.2942501291133245,55346.32793816636,-850.5080533401981
140,0.2963444256131289,55499.971007065484,805.9578496258725
141,0.2984361415704375,55301.832709220034,406.51220018602373
142,0.3005318840555698,55288.693038218036,652.3862990947632
143,0.30262777760316095,54937.22110551272,1320.0115990833503
144,0.3047248035439954,55093.6053614269,740.950101666737
145,0.3068210272572538,55055.0339840691,463.59917170277873
146,0.3089144805088237,54479.15942451319,716.8008748866959
147,0.31101080657849756,54870.92944305623,124.10105479539725
148,0.31310885951912926,54826.58628926202,537.0585981410989
149,0.3151991603466065,54487.88830607415,293.23244903023186
150,0.317288667284839,54580.13996194735,115.89863009476736
151,0.31938044185106124,54498.91375587085,936.556732854974
152,0.3214783648369702,54473.59862195366,664.6300588387685
153,0.3235785211189416,54123.576793397966,755.4590120239754
154,0.32566935894833426,54500.53542790459,1377.3814009067294
155,0.32776077751211374,54201.81345763695,-92.56822256049607
156,0.3298523230655558,54424.871116251066,759.8497461626552
157,0.3319485433973702,54211.52751764227,250.61534625635335
158,0.33404540358127904,54000.054226898574,-619.5795394597909
159,0.33613494177837844,54206.55226686875,271.30938065460776
160,0.3382313832787478,54023.92411451712,353.39118915113636
161,0.3403308518124324,53889.71850343041,429.27441650872606
162,0.3424246601457981,53746.5810088612,1021.8329777045199
163,0.3445197272986724,53823.13967214392,73.58149996868875
164,0.3466158524641983,53565.32639426669,684.2231644169198
165,0.3487089916477683,53567.97389926252,206.9723164689072
166,0.35080114560367615,53796.720023522335,302.3530477483012
167,0.35289356821720286,53488.43829730396,-157.86709903473192
168,0.3549881110219297,53603.6960721399,1070.6979910303305
169,0.35708559248027844,53337.986428462726,124.22431935247002
170,0.3591813496003593,53431.87912301764,219.4520451113253
171,0.3612749400626811,53451.830526115824,315.0465853698956
172,0.3633693413142722,53448.74470989554,769.7294538920581
173,0.3654632219855477,53393.712904105014,1050.9838709316955
174,0.3675603773529471,53155.43251835288,228.06082627950883
175,0.36965434919829326,53178.65855608371,393.4809271854125
176,0.3717418094879197,53005.74936667677,684.002227694404
177,0.37383404253825586,53139.12224372647,658.7105766642485
178,0.3759308579415973,53317.79219772772,893.2947807037723
179,0.37802985088946095,53278.683627235136,880.4644814948975
180,0.3801213498834686,53186.52666414182,788.9280894489154
181,0.38221306010699313,53206.928384576124,767.7904161716685
182,0.3843141376638833,53208.03379499675,495.7873124048289
183,0.3864096355836929,53098.10131539609,491.3264343903737
184,0.388502907295756,53019.2299213624,521.61449093136
185,0.39059769208540335,53001.0332665803,479.8717574008212
186,0.3926958121232196,52908.965610433355,683.3888630519615
187,0.39478921808384226,53143.13141039747,-156.83586907784593
188,0.39687821409975554,52967.703238168884,1303.32225736927
189,0.39897073627813356,53069.3645629945,400.8186803343214
190,0.401067192451382,53073.87637600776,388.0531883353617
191,0.40316228148056854,53037.932751467815,529.1176952580672
192,0.4052546340249366,52753.652120627296,814.1811127692887
193,0.4073499183903822,52872.70710987789,935.5444959920537
194,0.4094468722071623,52950.63367026482,20.1006441428069
195,0.41154432885897757,52932.45901897574,357.74467672874493
196,0.41363408239228544,52896.430569398966,1295.3310078943628
197,0.41572494638156243,52826.99477556772,21.862470820127736
198,0.41782181997781404,52798.3362758991,1041.8670053745323
199,0.4199166506307261,52845.69652452307,887.2631467282389
200,0.4220107143757513,52865.16676783307,314.4621368302073
201,0.42410542949066876,52805.57666847142,453.13728930353096
202,0.4262013850195404,52773.28635863714,121.44816151810375
203,0.4282955296445312,52655.39125323146,756.1036209214552
204,0.430391806688861,52846.03625659541,48.39732495274833
205,0.432488575457924,52826.8421089994,51.365237317818845
206,0.4345806090039814,53007.0779386472,541.2024602735563
207,0.43667244097425384,52921.110937775375,961.4230467224688
208,0.4387671492209622,52879.27149629877,636.0432656634114
209,0.4408622534544343,52824.50447753355,-69.66192068455341
210,0.44295516415095815,52855.98600311621,447.259250223886
211,0.4450482683181851,53027.81661698596,451.9339576540027
212,0.44714683875742495,52972.41670709082,11.85847645333866
213,0.44924362280569813,52886.14028812591,728.9101308724647
214,0.4513338633316258,52951.02079739819,436.49595346071305
215,0.45342753643259276,53048.96979304622,617.9863512696659
216,0.45552189548586586,53038.0545623665,387.3416673321708
217,0.45761716616081083,53146.20030223634,83.8899012784514
218,0.4597117909764672,52984.33332831762,243.3137310366042
219,0.4618031890496857,53017.51007720465,-127.34198583977648
220,0.4638995470730997,52845.526121073846,41.28463506252797
221,0.4659948171464902,53185.65595982911,236.56918938590073
222,0.46808929446972725,53130.0906856428,219.576736918853
223,0.47018492649495636,53144.11761439368,117.6716247460968
224,0.4722792778491551,53238.11175891108,210.0977550590905
225,0.47437272572904565,53152.12705375625,586.2425295208379
226,0.47646593372141327,53086.42416290962,60.18189393710109
227,0.47856230727426236,53071.06895921881,161.98245509749376
228,0.48065904058976644,53148.67617455956,-322.1244431243644
229,0.4827512226177774,53322.35624472303,837.4060482678789
230,0.4848441163240575,53177.45457985214,382.33136784900506
231,0.4869397730506266,53207.70426669347,-229.68193694444074
232,0.48903678813400875,53315.69854392589,689.8425363333276
233,0.49113096964965397,53273.86731612202,30.087761393524886
234,0.49322332174786626,53349.33030955014,622.1539828891849
235,0.4953187148676145,53239.83182767455,-10.169004242613958
236,0.49741120358770496,53496.37744569801,237.79656076929064
237,0.49950082345999325,53518.642705652775,-133.36593033277077
238,0.5015952506837275,53567.75926994527,-148.73649874061104
239,0.5036919972981919,53610.300970779936,-4.023086965399404
240,0.5057872116617207,53591.70707470746,619.7978441330371
241,0.5078828569897101,53449.70176033889,427.9757719466344
242,0.5099793452386306,53626.655172183986,-236.73489820029042
243,0.5120767256379639,53597.050780734666,-126.70798054236559
244,0.5141702395931294,53535.831683213626,64.85605868826113
245,0.51626132102766,53663.80264291912,-19.88387328978286
246,0.5183576899265504,53746.14770757377,418.3229628070196
247,0.5204524416424112,53745.13134047238,180.9260333318768
248,0.5225430403510469,53891.565337247,46.32458534475693
249,0.5246378991347941,53810.561575653905,422.02518673796067
250,0.5267345150769579,53886.51415900764,133.28695402833128
251,0.5288284644781793,53958.33668350359,-33.87242288130718
252,0.5309200047543352,53917.607486513414,317.5341300384942
253,0.5330154787982235,53883.5700106534,-88.69469609753122
254,0.5351140455458262,53857.528280216335,469.38067289774864
255,0.5372066203065362,54113.45019537173,74.55693998130954
256,0.5392991990272246,54009.526809340015,237.92448628284555
257,0.5413944118270408,53971.67270180783,111.0642624505069
258,0.5434881995106379,54157.082186012136,313.2057745828152
259,0.5455829952492127,54187.910335883375,547.8129565143335
260,0.5476769745662954,54382.94173179164,64.46284993128029
261,0.5497697255495043,54338.92955752068,12.824257861599603
262,0.5518645446467839,54407.01359367487,-154.7976450691431
263,0.5539598571350287,54464.38853538519,624.6862540519197
264,0.5560564538950566,54484.44579958,177.00832456630908
265,0.5581500505101624,54583.404457130186,195.37947228211928
266,0.5602409063261653,54527.34981395663,205.1474165052961
267,0.5623379637803174,54631.62267804801,466.685951406454
268,0.5644363283026402,54668.4584503856,168.85147926993739
269,0.5665273824761494,54698.013042026825,-111.09089022377836
270,0.568621249018378,54712.34867625035,288.9210013686271
271,0.5707181447612965,54905.06130234576,463.5121304982189
272,0.5728127938597997,54841.84716924686,133.4812379348512
273,0.5749070881546879,54842.79700844394,11.11717044727486
274,0.5769991470923068,54891.33579825405,201.77237472220372
275,0.5790956911760897,54961.24196387613,-42.60958096747951
276,0.5811893306261757,55146.88441979937,500.3709039553707
277,0.5832802267374103,55117.44689646195,303.1971840201616
278,0.5853761830306536,55188.795634324335,351.7032980142763
279,0.5874711784415975,55208.72795634244,-0.2507032913886315
280,0.5895653958899879,55309.31614587098,34.501276917763306
281,0.591659786459685,55270.07863225702,296.70130037884013
282,0.5937551851921442,55354.11791974772,157.2689983027734
283,0.5958498092767481,55437.83931079553,476.12431281127766
284,0.5979447066705442,55462.494823518835,158.33356604130486
285,0.6000383505174957,55450.261731970524,525.2966725471475
286,0.6021313016181767,55690.61175239569,-94.96892768207053
287,0.6042246965556944,55569.08363342353,173.11268071242785
288,0.6063189733697846,55737.348391773914,80.83310574478814
289,0.6084147213727373,55869.40433027059,43.75273559108779
290,0.6105090855473989,55864.82465382882,93.66961156059351
291,0.6126037649785722,55825.789396706044,920.0065931638483
292,0.6147002391370655,55947.1196794081,438.33404888587967
293,0.616794938930829,56029.02902346064,320.6647201379676
294,0.6188886865784012,56082.80099397625,242.37884879391788
295,0.6209825762252046,56194.263016779434,437.7246190301173
296,0.6230764414889526,56295.22702948986,204.29652425771343
297,0.6251725389343245,56400.67462722037,230.6507753994418
298,0.627266923011265,56460.87529526774,-11.36354636239486
299,0.6293596211388142,56467.13446789038,184.6167727090372
300,0.6314513250607457,56572.098439188565,242.3643545419911
301,0.6335475720513941,56600.38568984586,299.6299783710575
302,0.6356444982495617,56553.40293257729,374.21901215180577
303,0.6377358562255245,56776.2750887426,-178.49779580517057
304,0.6398302949107263,56776.43145740534,378.8844667793376
305,0.6419256185614247,56846.99539002948,82.5552542636623
306,0.6440214843206593,57010.28529744485,397.0761666438305
307,0.6461142033434962,56850.94122623736,419.8637013706385
308,0.6482061138478032,57065.62300518508,-4.723292995974601
309,0.6503020867345045,57100.27522305889,169.4948321858699
310,0.652398185537932,57196.53900034642,366.0459843273205
311,0.6544932048530038,57294.512460316066,359.8733009297316
312,0.6565867871776386,57350.3813590462,212.56524971429448
313,0.6586827890115348,57538.440678988285,133.89853490854023
314,0.6607793300725506,57562.064679068804,549.2840658708143
315,0.6628724964198541,57634.34496214901,563.0241008558517
316,0.6649654402217313,57673.39972843819,615.1010603649621
317,0.667059865407609,57702.74667087965,-188.58425965154368
318,0.6691532523078332,57764.78098061427,263.4776189052368
319,0.6712457992597233,58017.92458083456,339.38566567007547
320,0.6733390782258323,58010.222513082284,170.32783089857892
321,0.6754367503383576,58166.14994780104,498.1564337787009
322,0.6775335143160066,58196.530554220284,218.212057451181
323,0.679624621064033,58330.40742671435,304.5189969505156
324,0.6817180292738917,58364.09658172536,142.72493142588834
325,0.6838149015047629,58446.256135095886,289.61232810577985
326,0.6859101434268815,58436.90650210385,605.0568268489991
327,0.6880046468184081,58530.04817390429,386.6122735632
328,0.6900999637264865,58696.22367925987,281.20774354021376
329,0.6921965733216279,58687.65720615876,532.9884764496818
330,0.6942884945981568,58852.023436702766,-106.32130803068016
331,0.6963781649531228,58842.40483617211,250.4711436673192
332,0.6984747371200234,59106.14178824505,-218.12535128361696
333,0.7005690388882679,59184.206827543545,344.7045381791786
334,0.7026621579778546,59299.68252460646,190.74810075468628
335,0.704757268847954,59248.55766405448,401.96819498599297
336,0.7068509057629639,59409.45128043844,457.5805137414212
337,0.708945644402387,59552.38765838623,-22.691851849048533
338,0.7110406815970572,59503.42158888835,111.23924440210357
339,0.7131372373036142,59591.26664897008,390.55505633359417
340,0.7152323589250973,59900.238203613866,150.5160883183472
341,0.7173245162021571,59872.52605762207,590.0388824499247
342,0.7194199711852413,59888.99321532588,119.72690356663146
343,0.7215151322330351,59919.08187298692,345.34500932550003
344,0.7236102334592447,60287.20937752626,344.1000179289151
345,0.7257047129497166,60210.866174879025,248.0881856164778
346,0.7277958825256088,60373.83042768203,55.29748990504039
347,0.7298900912292255,60411.52187126269,237.93590459872894
348,0.7319867159780691,60597.23843406197,650.9369497534564
349,0.7340808521059053,60622.733493460444,199.65144886628707
350,0.7361738853270124,60756.520562913654,695.0814099236326
351,0.7382682123604443,60852.501672409206,128.34180913222696
352,0.7403641944498084,60908.11748232667,54.075990526308054
353,0.7424576311971561,61029.82486422213,290.7301995788806
354,0.7445523870480827,61130.806546691216,610.6086516521639
355,0.7466478284648128,61388.746922840655,408.70846584647416
356,0.7487413917548734,61354.910465961,311.44088528055494
357,0.7508354594737505,61479.4637422574,170.4297786684512
358,0.7529278056847568,61602.51542621607,51.10642910460267
359,0.7550230257904859,61534.0540352161,-85.63724584662242
360,0.7571167923480437,61750.820351796996,486.89916021285086
361,0.7592113317151179,61802.95194411511,-60.527762063590686
362,0.7613074731933067,61913.24793515639,653.3433947528569
363,0.7634009581307508,61990.438098679806,464.9123122707263
364,0.7654969266569684,62232.65981973086,48.96933651640368
365,0.7675905899780763,62330.24941274227,312.0739957313659
366,0.7696837880547684,62389.37892273667,311.765680349271
367,0.7717795008463626,62514.12806745805,342.4294773307727
368,0.7738757788346248,62534.45897601616,292.5047989088703
369,0.7759706260990727,62594.76301524027,404.0706446858968
370,0.7780620795267656,62918.768636484805,185.4419731291291
371,0.7801559906208961,62872.407129764724,446.8180378549669
372,0.7822523136569128,63134.95047245744,207.31936032992706
373,0.7843481481853999,63181.07396287812,219.46010713429177
374,0.7864425511046899,63204.88303688097,135.03170694131109
375,0.7885343495966205,63473.20501588508,345.4197567658046
376,0.7906286372458883,63447.56186815503,437.2527821152717
377,0.7927244345313397,63610.38682870774,121.29667685807397
378,0.794818005513127,63773.921944488095,91.2827351018717
379,0.7969121491149282,63922.34303784446,184.27145950495319
380,0.7990047112993173,63877.00567522376,140.55968846695717
381,0.8010984966914405,64033.9449954554,280.5653520408391
382,0.8031950165575023,64211.92702391429,797.5062251675799
383,0.8052905677217739,64326.629178736985,338.1115126368979
384,0.8073868841230295,64577.23845266272,174.01738221079694
385,0.8094800557409162,64633.68553458069,379.35946576569154
386,0.8115724907946299,64767.27165128071,261.8520790002531
387,0.8136674854006812,64938.10511598757,492.03975022114486
388,0.8157633267681768,65059.28608865585,-131.6482917480666
389,0.8178572815764139,65203.79729893077,290.21589539985433
390,0.8199509017046862,65325.60432396175,176.45183779753043
391,0.8220464110750062,65396.46623429754,205.66623423466788
392,0.8241406544737637,65529.94710726595,421.2750010305668
393,0.8262328397247414,65702.77699739828,517.3958152038018
394,0.8283269471334518,65874.92812173942,166.86723386259
395,0.8304231064697798,65962.70121364814,22.747660289815762
396,0.8325161683796762,66045.68162849732,222.852158924922
397,0.8346105557242035,66112.93525034745,837.079431525017
398,0.8367059794413102,66226.26765359812,237.92869099183955
399,0.8388002445604258,66510.26430338602,332.452860523387
400,0.8408960756111226,66531.72096825471,384.29693725699747
401,0.8429905652842218,66602.53181200825,717.4313273173217
402,0.84508401313589,66852.51587768542,313.61932578725566
403,0.8471791713809247,66964.60386574536,606.940845457729
404,0.8492743362825239,67170.27388013495,231.52138326726455
405,0.8513668888602299,67181.0497772515,314.10442491620057
406,0.8534589296280589,67330.74954129168,241.85121278396193
407,0.8555558405338324,67485.40034709548,311.19809287785097
408,0.8576516874123633,67574.52163995935,520.3649616022262
409,0.859744590599333,67835.98028047264,817.9767732038553
410,0.8618400547669827,67861.12334235063,432.03458414440377
411,0.8639350434441438,68165.99503612744,191.69116267752173
412,0.8660280248974203,68122.15300659706,951.4892609502275
413,0.8681201347325478,68377.72620180954,176.5612437913312
414,0.8702157283801463,68565.69482450634,393.45925034745284
415,0.872310621353091,68655.08174697476,156.19685241657604
416,0.8744020359703552,68727.7275872997,271.5502015829729
417,0.8764972088477568,68927.36930241353,274.1446955181311
418,0.878592835994214,68995.07813977859,800.1469958568301
419,0.8806870131084201,69255.3653147771,603.9655147573061
420,0.8827812802431019,69223.62297231679,760.8443607779451
421,0.884877279658285,69489.5094439532,288.96472629147286
422,0.8869730004154345,69745.09313078463,271.06220307536705
423,0.8890661750433553,69874.4972714745,933.3936283464684
424,0.891161435679344,70003.44239767276,527.1600715086856
425,0.8932577960179496,70222.0451380303,682.1986468363418
426,0.8953527392107627,70278.45022692793,356.5495011393443
427,0.8974462460666859,70504.49703737683,857.7148542049895
428,0.899539340962409,70613.52121198976,483.245324488728
429,0.9016318169027592,70776.82186105904,950.1939773588924
430,0.9037252249745606,70894.64259620447,686.7774658528087
431,0.9058199443223193,71198.98498577261,633.1398000535513
432,0.907915243986348,71265.84566717502,861.1683743074869
433,0.9100128049501981,71376.75860964088,705.4800563972212
434,0.9121059966002629,71494.56636704529,473.2296841346367
435,0.9141972861830797,71681.63621064178,707.8488929609528
436,0.9162932496702593,71806.97076882982,378.84945135222006
437,0.9183878012752863,72088.29593738832,538.4463199682781
438,0.9204823185419505,72294.5281269819,476.3184759121797
439,0.9225773629784582,72478.45322877081,803.8573736596136
440,0.9246718174739146,72525.61903129084,364.78373683846377
441,0.926766211900197,72628.96952879876,190.64945066780476
442,0.9288591582540804,72981.57357947936,670.217507361166
443,0.9309526610700547,73062.50776159023,764.59858258397
444,0.9330479303067369,73174.4604573543,273.4700286541336
445,0.9351433527997749,73402.48184454218,762.2489458378642
446,0.9372383527365933,73507.5730170973,792.4907527820388
447,0.939329757499591,73625.76872097825,706.6986652300461
448,0.9414230571985791,73956.03572275415,490.658051810502
449,0.9435210054806012,73975.15318226528,492.036407711257
450,0.9456162503172072,74291.18558487554,610.084420670473
451,0.9477100092887099,74377.9304088698,423.78926023003726
452,0.9498046323041349,74646.76152217535,993.9054454542187
453,0.9518991548408083,74827.3148434777,327.7456682389185
454,0.9539929332702277,74802.00636811496,644.4509339773466
455,0.9560874898052096,75105.21960289989,445.5611440337403
456,0.9581824530689178,75249.09268540096,861.483405860694
457,0.9602770371571748,75537.35977228342,754.167239860817
458,0.9623710723241273,75800.6043195012,315.94569320528626
459,0.9644648349083941,75820.94446158722,1081.9481295341925
460,0.966557887379011,76129.25126687167,83.03107153297825
461,0.9686513195291268,76248.7070852096,826.9086541181024
462,0.9707470393683869,76468.60211394684,334.54922454836947
463,0.9728419987888902,76577.40509442888,1404.8494276252047
464,0.9749363451418961,76685.75440398743,726.1167899311567
465,0.9770319720978949,76994.49857373422,428.19406507466
466,0.9791260608689247,77206.82893968183,737.3502213434025
467,0.981219993418123,77397.30049028574,767.7523833802466
468,0.9833154848012966,77501.5593189941,480.1946226105264
469,0.985409217900734,77760.58173200356,708.43463913432
470,0.9875034929558208,78019.54141421913,1091.5422717122306
471,0.989598845059814,78221.98061286788,826.229613025544
472,0.9916925524589582,78333.4225680398,609.3304071958374
473,0.9937866222530743,78679.70690856736,973.6725728146519
474,0.9958822538585521,78717.67073488698,948.5125192678977
475,0.9979763461234663,79057.16913136118,965.8311697280577
476,1.0000687382803208,79135.65603333738,937.1456034479486
477,1.0021620574674717,79373.65969855727,1063.467219251417
478,1.0042566040705312,79522.5979305,776.9650172313108
479,1.0063510481087232,79731.87856758229,710.3905343540941
480,1.0084458017147504,79967.3089946555,1056.9124021749637
481,1.0105412449330358,80193.52127176197,1022.7244033545854
482,1.0126363206852906,80582.69496527419,824.7815361480502
483,1.014731689048677,80630.65138617865,1401.835920860916
484,1.0168251811607234,80742.32700003435,920.0497415868996
485,1.0189183181794257,81094.51000286864,849.0424203871308
486,1.0210135131858313,81198.09306006394,1507.5218530972272
487,1.023107899818119,81530.71636374938,1031.6665960894272
488,1.0252035642142994,81599.69014949862,702.7404494309582
489,1.0272979326699727,81770.12675849856,992.8279195598093
490,1.0293915165160124,82021.86523996116,1100.9821790207802
491,1.0314862118776227,82406.60196558728,1076.8831928445038
492,1.0335813276438528,82615.91103396229,1072.4417340416176
493,1.0356760372494827,82746.02128123782,1306.26358478341
494,1.0377697665518313,83101.8650910892,1349.5693519449842
495,1.0398635542890804,83234.02229493366,899.7179637192078
496,1.0419580022733907,83404.44562862198,765.4023747540306
497,1.0440530837182007,83612.77525667235,945.2620197035134
498,1.0461463909219801,83901.88940374847,1139.1190753463734
499,1.048241289239942,84088.12372251824,1322.1078161928192
500,1.0503346504195201,84339.91972296829,1516.1516193923965
501,1.0524278880438542,84531.51760134658,1218.5541238916562
502,1.0545231057279465,84670.84399077775,1345.7794059082323
503,1.0566172205725972,85005.98167149161,1236.4945127565074
504,1.0587125681053644,85227.73430025976,1290.2512389361502
505,1.060806974942881,85532.72729620301,1157.8887960222148
506,1.062900937291859,85703.74549007381,1087.4977309064086
507,1.0649968400029963,85847.97823015544,1229.6399879035864
508,1.0670917748856612,86253.89743985921,980.6993328481682
509,1.0691837840599538,86457.30596076259,1510.8621399307701
510,1.0712784055790137,86774.4457100297,1336.3138759699614
511,1.0733741944109443,87068.40958767325,1055.346613567466
512,1.0754689143080451,87199.66904289654,1678.5880225859316
513,1.0775625935653539,87471.82850121148,1308.4914195465753
514,1.079656551776009,87748.8366374187,1465.7988118738683
515,1.081751759033872,87787.22658185124,1176.1428224579781
516,1.0838450038800544,88201.02128287243,1105.0663479521522
517,1.0859393346043436,88406.83540653225,1351.9755709809685
518,1.0880340737032612,88603.75330781376,1088.468999002376
519,1.0901280973397867,88874.0875831666,1539.4120870559545
520,1.0922232205093443,89063.2428517535,1193.9311318605198
521,1.0943183198095006,89423.3169977307,1561.254105430358
522,1.0964124680620808,89603.23381685014,1512.120020005541
523,1.0985066965945804,89928.33317936596,1774.9970625528224
524,1.1006022506925348,90199.9148880609,1563.4685602210898
525,1.1026960746069068,90470.46375809541,1443.616198866556
526,1.104789420523433,90726.36042078526,1446.5086672986677
527,1.1068841457204943,90980.02110823971,1572.3178725385674
528,1.1089772649904681,91294.76681729479,1846.835048095234
529,1.1110723868790173,91396.20224898402,1648.6762194013436
530,1.113168427194727,91849.03288673787,1359.147308910585
531,1.1152626776337078,92092.93827729681,1526.174481807133
532,1.1173574051129724,92282.01992319875,1238.25626723683
533,1.119450573697561,92573.4559428563,1665.4111204405133
534,1.1215436337779248,92866.464695629,2083.7396481865576
535,1.1236390334415942,93188.61490116517,1843.416248159308
536,1.1257332200225998,93487.96444790647,1757.2539419419943
537,1.1278283378211404,93732.31568320702,1456.4546335225361
538,1.1299238131648552,93976.48580011484,1541.618889454395
539,1.132017447124327,94258.89715140272,1515.744678198967
540,1.134110650036949,94673.92185623557,1930.081962817582
541,1.1362036259959787,94848.08452730044,1639.193562054696
542,1.1382991427598659,95217.09073423942,1868.1662698987634
543,1.1403936066737896,95304.34459939844,2296.08961104475
544,1.1424878264606209,95718.46803781034,1871.5192394498047
545,1.1445836717483504,96003.32428292042,1890.4351782802382
546,1.1466778755714095,96385.49442231769,2117.6055914180583
547,1.1487715351237628,96509.9869731322,1874.4290283560676
548,1.1508672245306748,96998.9533633737,1780.5998566685519
549,1.152961670034179,97163.55834037156,1573.5977799381587
550,1.1550551275418117,97483.10735517743,1822.9088895480174
551,1.1571500620004906,97758.06967715781,2140.284950077157
552,1.1592451155989445,98129.25670764274,1605.5759819461007
553,1.1613401484055899,98463.91161762991,2423.6868122275428
554,1.1634328135986687,98675.29464626842,1875.396138412215
555,1.1655280225544649,99032.87453231776,2154.1606783287916
556,1.1676232414157608,99351.69336655155,2008.9445935328417
557,1.1697157183635434,99637.98819906934,1775.523099425836
558,1.171809765164966,99809.97440477533,1896.818293506984
559,1.1739036754657965,100142.09458458,2440.0478907144934
560,1.1759974618047027,100488.28152476724,2301.557154764941
561,1.1780927342002254,100747.77724987942,2250.7098898250647
562,1.1801886215978319,101194.05394009304,2139.5192921266566
563,1.1822824649467334,101418.22541955307,2629.008831503717
564,1.1843777187054296,101854.62839604483,2249.915359744848
565,1.1864731317277017,102132.38820195984,2332.8064345339644
566,1.1885662199882188,102561.57200128897,2570.4311048989557
567,1.1906603290984812,102771.74950100787,2497.4617514905776
568,1.1927560449071208,103191.76600935719,2230.7811662439144
569,1.1948501301675682,103425.54603974985,2453.712894969179
570,1.196942866326464,103836.3199456338,2332.118377259736
571,1.1990363434731066,104124.63086078405,2430.015469584749
572,1.2011315528209288,104472.2632292626,2379.4937910400313
573,1.2032252726398727,104872.4468469847,2609.0112823426775
574,1.205319131714267,105150.08360541909,2665.2408087588815
575,1.2074143429200774,105408.88043396936,2176.580651854169
576,1.2095073316728018,105759.2269615422,2964.465387000714
577,1.211602159357548,106206.54959591145,2832.0960597480644
578,1.2136984428310558,106535.14566099062,2646.5464023485342
579,1.2157943340364452,106950.98830071556,2671.2219679607956
580,1.217888268816351,107221.76095104081,2901.955730677737
581,1.2199821909033837,107499.9457761188,2289.3380236880976
582,1.2220779372220854,108047.02624778643,2957.996875523196
583,1.2241720630448372,108242.1898047533,3025.991894791249
584,1.2262656486341297,108523.05630529752,2813.71427711651
585,1.2283602712023978,109033.16824985908,3134.1173040033327
586,1.230453847781421,109381.66445526284,3006.6681486052103
587,1.2325484279288663,109695.62870925035,3231.729697403388
588,1.2346427330328844,110043.38186125622,3317.892483795998
589,1.2367368340043534,110488.64771588366,2719.831867903935
590,1.2388320989568682,110885.1654039419,3451.841096520896
591,1.2409254956441091,111244.86490254478,3193.717261385278
592,1.2430201387037565,111624.89041508126,3269.0360842063883
593,1.2451147141570293,112014.03826755479,2946.885781203292
594,1.2472087367784284,112146.38284950607,3300.537493604389
595,1.249302614173833,112667.04886396685,3157.0992544427054
596,1.2513971052845823,113109.63753145566,3421.6700614298747
597,1.2534931066319515,113492.38747237396,3168.7162459478695
598,1.2555863817711985,113931.06348801464,3317.9703538198232
599,1.257678969059161,114169.16794744282,3011.52828043095
600,1.2597748382104277,114712.9127088543,3251.3469397317135
601,1.2618698898493887,115021.81687355788,3102.3252687163053
602,1.2639640740660565,115549.72954956525,3254.566702065748
603,1.266059176034634,115824.59697121296,3423.373719499948
604,1.26815329738596,116302.75031550825,3400.3491894420204
605,1.2702469827768745,116807.21148252876,3813.587202502382
606,1.272341439773769,116879.41287091225,3269.926953734886
607,1.2744361591580655,117554.61527475026,3147.903113780607
608,1.2765301570381213,117894.20544387006,3830.2062122663797
609,1.2786243195908502,118209.43899893978,3887.4649724326296
610,1.2807201779848052,118745.54424818563,3777.530320253202
611,1.2828149770647865,119244.26710246473,4056.590229704648
612,1.28490831046805,119549.82468225245,3883.5648235082435
613,1.2870024746125797,119983.91061284851,4308.9443176173045
614,1.2890960788179595,120419.03160148283,4011.85910916246
615,1.2911903407610128,120940.701659173,4390.560237027668
616,1.2932847299377603,121420.55700113594,4115.54968015982
617,1.295379834193548,121618.68102936617,4089.824123063968
618,1.2974743412448833,122296.89040945406,4184.169108796662
619,1.299568838606027,122575.40733846097,4461.458552180414
620,1.3016640567270552,123096.00102497262,4533.226010892858
621,1.3037578272673165,123524.5831785613,4017.7675996744892
622,1.3058518980796576,123917.28273544482,4186.05675861032
623,1.3079469520711469,124393.80310051041,4147.738777372639
624,1.3100414674631762,124900.74610172403,4388.649938503033
625,1.3121343419146885,125356.82248213045,4563.352995588346
626,1.3142291157646366,125635.300601214,4435.891809933142
627,1.3163249547628966,126217.21221498682,4347.997082008958
628,1.3184204308819243,126701.35314964862,4464.633074612527
629,1.320514045081714,127100.59610255458,4367.295186775657
630,1.322607731116918,127449.27772356,4809.181254220447
631,1.3247030067977636,128268.17474724964,5164.571838503675
632,1.3267964975071294,128516.6415113815,5222.051028126729
633,1.3288900457896358,129077.03754471622,4778.928284423037
634,1.3309846323229146,129482.2850976859,4615.441315054489
635,1.3330795391690438,130108.45985462134,5061.087918585335
636,1.335173949560825,130608.32158678446,4872.284363755579
637,1.3372672428845813,130922.3109785781,5188.340638674064
638,1.3393616502777206,131502.8365638228,4641.353496343928
639,1.3414564546808454,131949.20127647906,5533.206029419899
640,1.3435497634465539,132326.913314311,5087.49743994224
641,1.3456439095281743,132920.27641564727,5138.532271792136
642,1.3477398961804745,133518.9611978986,5294.158096974992
643,1.3498356331361778,133764.60224427455,5650.418111397496
644,1.3519291222201564,134451.71004229825,5176.202826760586
645,1.3540221824451044,134859.4756106717,5365.123038208643
646,1.3561174165883387,135378.1523796771,5215.463241373081
647,1.3582118000666776,135908.6936490942,5560.3445512149565
648,1.360305548489477,136604.95705338666,5776.654418120559
649,1.3624016471705516,136983.14829454626,5230.810958127455
650,1.364496581524498,137488.9048799236,5574.771158129877
651,1.366589927521404,137985.01058728353,5299.3884522166545
652,1.3686839345616666,138672.3546394958,5911.604014029711
653,1.3707785136744248,139075.74603391325,5812.037784684781
654,1.3728736781569988,139612.64374605,5999.091511090863
655,1.3749673745335222,140115.28721254083,6206.638591503237
656,1.3770602631292597,140778.52197535327,6046.435723075007
657,1.379155717578164,141267.76165932216,6604.072332903791
658,1.3812508039107998,141758.89082633867,5821.575951171967
659,1.3833453325862841,142220.8227281773,6630.625232743093
660,1.3854396647384786,143037.39647975465,5809.339071836116
661,1.387533616953471,143392.4899651354,6367.997046117895
662,1.389628935147901,144058.5517641815,6046.032833667143
663,1.3917230672721894,144579.29681444887,6044.629118651478
664,1.3938172778813163,145059.52885980907,5938.31683011971
665,1.3959128506087028,145775.3691980311,6417.924500069657
666,1.3980069894682674,146132.79585402974,6767.624433470326
667,1.400100032768225,146944.2850012671,6807.014888556304
668,1.4021942273095422,147446.68134120363,6811.783787356076
669,1.4042879724639459,148151.552106415,6937.946547536389
670,1.4063822250727482,148574.31515946964,6684.998137075076
671,1.4084777998796327,149332.26132627623,6364.207346133864
672,1.4105725454065003,149759.35383462848,7521.517495970919
673,1.412666035757187,150515.876197487,7152.258077646829
674,1.4147597581950535,150985.64960717616,6939.5925106151635
675,1.4168552493745823,151623.28563601917,7318.3321355067455
676,1.4189502707585735,152263.18584208094,7338.0506367156195
677,1.4210439871962917,152932.6416980675,7461.212004978913
678,1.4231379588066748,153325.18711988727,7334.290781356159
679,1.4252323843784174,154203.23923744552,7865.965826971547
680,1.4273263645812686,154749.87908426853,7236.464945153816
681,1.4294209343777806,155172.84209816364,7894.086424578534
682,1.4315160587565352,155898.80482297903,8036.465055875413
683,1.4336101809254245,156547.678865977,8125.737204296414
684,1.4357047233292217,157098.51511907717,8206.66810083124
685,1.4377991034950037,157963.06230317027,8337.19575389042
686,1.439893269172154,158475.84864775278,7919.0705902474965
687,1.4419870983325702,159172.07021274354,8206.366439440382
688,1.4440820971476513,159972.33572002398,8947.662271358731
689,1.4461780146809415,160395.3169782874,8431.539050228537
690,1.4482723645441788,161000.62691330467,8480.945093656837
691,1.4503661519067539,161706.91497414449,9193.310858245102
692,1.4524608997459605,162671.4685862694,8563.700440239583
693,1.454556191478353,163073.31276508793,8910.892522334429
694,1.4566505605195028,163720.01497823218,8857.309338263904
695,1.4587435672120013,164590.97482103112,8909.7479347351
696,1.460836376274075,164951.20530757678,8707.572809344061
697,1.4629315024559504,165802.47831816933,8901.024785437066
698,1.465026115161985,166448.24292156534,8682.481041407316
699,1.4671201905708728,167274.84685284086,9398.155455602919
700,1.4692142550197365,168078.2815301641,9024.28567665793
701,1.4713085109511452,168759.73859685424,9403.763928292234
702,1.4734040883627781,169378.1346715111,9412.937980618963
703,1.4754983077923518,170115.44672207584,9941.48345171064
704,1.4775927333883283,170896.36019677922,9556.137110380823
705,1.479686516386449,171400.90999111565,10190.499921536084
706,1.4817805445745025,172229.23715109238,10185.436424152782
707,1.483876051193717,173052.97089546578,10020.382964094708
708,1.4859713583510508,173704.02679616836,9613.042871986743
709,1.4880662760111125,174588.07616581005,9787.759321673953
710,1.4901603423423662,175250.36490391026,10558.971255018007
711,1.4922546168830801,176055.89704251415,10296.894221420103
712,1.4943493508016918,176688.28136027735,10202.123091291991
713,1.4964436549031517,177600.97925077192,10964.678717960325
714,1.4985372426394363,178241.90611372984,11151.129514052864
715,1.5006303537214591,179010.55120198714,11076.479428169678
716,1.5027246941647125,179697.5167234708,10778.819495375461
717,1.5048198674391857,180665.59182514224,10748.010844492615
718,1.5069136003861163,181417.62798794775,10684.743657989762
719,1.5090076377683221,182120.30577325996,11211.942550728085
720,1.5111026723067662,182891.762582082,11185.594516408302
721,1.5131971028762412,183830.81597914183,11473.64979272737
722,1.5152912609041667,184564.74090014663,11404.866836437539
723,1.5173854934463344,185399.42338529296,11377.93770304309
724,1.5194808793753787,186305.231029612,11709.781039387475
725,1.5215756259285513,186912.34112913156,12288.851611617025
726,1.5236695807770564,187711.5203920254,12289.3204724839
727,1.5257641081783464,188748.5272065104,12840.11394102088
728,1.5278584873608179,189474.4590128834,12981.364231620806
729,1.5299536435991428,190154.59286656414,12553.710837070328
730,1.5320476585044298,191050.49011079557,12496.120763070883
731,1.5341414384393777,191835.66510183865,12815.270742469684
732,1.536236950937659,192980.101020401,13377.568708493643
733,1.5383317033374695,193639.43118326628,13547.618353573947
734,1.5404255753841434,194565.0526071337,12495.099998989499
735,1.5425198393431812,195414.33306420603,13858.374730740888
736,1.5446136227526486,196239.10498470612,14482.307023272144
737,1.5467072285753283,197013.47874787016,14158.520011063114
738,1.5488013111816905,198147.46461359106,13565.861476624708
739,1.550896674249749,199123.8107506237,14204.05096006934
740,1.552991701547339,200180.7632226793,14117.823695995226
741,1.5550856629518366,200925.56719479852,14504.021473425348
742,1.5571801051512508,201713.72091559702,14856.108601757694
743,1.559274417579796,202669.45869608645,14160.079852083501
744,1.5613691533539047,203578.3279365888,14576.907866439415
745,1.5634631934261796,204559.70189313937,15462.545684140427
746,1.5655577892497892,205432.80399059525,14825.063836236985
747,1.5676527275763066,206287.7519956781,14862.345266837425
748,1.5697461748764228,207208.53327123975,16175.397561125299
749,1.5718402189801153,208405.23309759685,16219.48098246332
750,1.5739346218160084,209282.8573546241,15645.373421842716
751,1.5760295037244485,210151.73771836786,16268.911862999974
752,1.5781239238326052,211255.90956225857,16139.341994247976
753,1.5802176736109215,212180.29758741826,16327.308571955717
754,1.5823123941098438,213135.63478234436,17248.644854447753
755,1.5844068047546922,213962.5452570874,15529.618761813097
756,1.5864996832696292,215154.0559946704,16759.680029771767
757,1.5885944598128996,215914.14889572747,17063.592613198132
758,1.5906903325437156,217023.66855662243,17254.378433025475
759,1.592784689092666,218395.4758190456,17475.005279284924
760,1.5948796873290236,219118.27039475564,17584.79779667883
761,1.5969745597395735,220375.7592588402,17822.128055447778
762,1.5990689218084002,221094.78727287607,17463.279534298155
763,1.6011633213632455,222172.04413113557,18245.453028739514
764,1.6032577776043084,223299.95072987737,18186.887409614086
765,1.6053514020964894,224525.69186256797,18471.21592424505
766,1.607445093072501,225354.7398380432,19166.74205496231
767,1.6095393086936036,226213.35404919315,16079.376727631827
768,1.6116336711357766,227401.32877910289,11489.644284272044
769,1.6137279918528686,228396.23032782492,7068.950562927383
770,1.6158221116449558,229497.00494588513,2280.4513668316113
771,1.6179176229648538,230305.2705166732,-3333.633754901032
772,1.6200131612431772,231493.45573955766,-6798.781644074877
773,1.6221069236192778,232549.51746239644,-11504.40015783943
774,1.6242011307622557,233600.12776321959,-17094.208508230917
775,1.6262960841945175,234558.96280631184,-21385.724501137658
776,1.6283896203498047,235575.11774282285,-27369.180323623797
777,1.6304834947928883,236426.3451329256,-31397.16724022373
778,1.632578127710653,237819.73483404645,-35405.62674588017
779,1.6346731813158608,238759.44654817486,-41390.634670144645
780,1.636767172365261,239804.78688072145,-46456.058277386874
781,1.6388603779595408,240579.19485321295,-51148.440567689824
782,1.6409563605892468,241627.01994434863,-55327.37411880245
783,1.643050621284035,243274.20892264118,-60069.757551864765
784,1.645144102645386,244326.32198583355,-65237.20785977125
785,1.6472395726584623,245523.46201370508,-70076.38046331715
786,1.6493331318477138,246267.7192894232,-75297.93292655265
787,1.6514277435583298,247674.03459710383,-79910.05846328556
788,1.6535225655624404,248698.48870277955,-84660.05497483228
789,1.655616100487628,249887.29146689648,-88977.28699113613
790,1.6577106071833263,250970.88927785502,-94329.30548038808
791,1.6598050724476994,252207.3785890394,-99517.99546357698
792,1.6619001395524664,253337.3189517501,-103707.65914060068
793,1.6639948642035431,254270.87683841318,-109336.98165922266
794,1.6660882997554614,255629.62541895025,-114319.34689444324
795,1.6681827329415837,256555.34287226625,-118478.3878162747
796,1.6702780557373313,258127.91381538825,-123771.55286936107
797,1.6723710846745943,259199.42836845902,-129232.55061929581
798,1.6744651718920411,260525.54177045036,-134208.48334583823
799,1.6765602044792516,261583.04708485666,-139266.76709979068
800,1.6786535596079524,262827.64046021464,-144201.09593334372
801,1.6807491745425278,263908.84487613954,-148272.58261821992
802,1.6828445761171116,265431.93464309553,-154350.13027857916
803,1.6849386388007168,266537.47180668655,-159337.40136922334
804,1.6870339476475265,267855.9064866727,-164111.06178829668
805,1.6891280758541645,268729.1728710335,-168632.12211781024
806,1.691221272327691,270049.36208390124,-173928.9597690989
807,1.6933141346742315,271295.46401732066,-179217.81535224506
808,1.6954090930463133,272836.23020294704,-184226.717776025
809,1.6975047078021417,274151.91632189206,-189177.75650162445
810,1.6995991246970055,275528.9048032255,-194461.40044524716
811,1.7016934918813407,276497.1477215906,-199632.83713225613
812,1.703786903721137,277679.94834682764,-204668.8271678031
813,1.7058818292953146,279148.52979027317,-209301.87600986453
814,1.7079768740006063,280960.0188096038,-214739.31218270404
815,1.710070845319196,282003.25914030336,-220327.9452198009
816,1.7121645316176712,283256.93830640416,-224927.34014548018
817,1.7142597272321454,285022.4971842582,-230305.9029315325
818,1.7163549406546734,286094.29150304606,-235435.2458953625
819,1.7184482195940645,287486.2412523813,-240674.9849418902
820,1.7205423072627637,288849.94063692156,-246769.31984687672
821,1.7226374847113666,290139.13676857605,-250984.3865350478
822,1.7247323233526113,291561.3589113488,-256610.65582160314
823,1.7268266901810085,292930.83246742224,-260996.05461953042
824,1.72892134476467,294490.82670984964,-267709.07106337254
825,1.7310153629662073,295892.67731590004,-272693.83708740195
826,1.7331087353021186,297130.1988219362,-277554.0820665367
827,1.7352028820270462,298258.36679595895,-282874.2357201159
828,1.737297419510233,300046.6296148594,-288849.6194246684
829,1.7393924268721555,301455.1965620488,-293915.47697201115
830,1.7414865202316776,302839.2765535122,-299757.2142141298
831,1.7435798385311778,305010.6058371216,-304428.27773237886
832,1.7456747741592018,305982.49930585915,-311457.8713423146
833,1.7477707733578058,307311.8365485243,-315271.34438689344
834,1.7498644151299778,309220.1577535786,-321672.4312521476
835,1.7519579294274097,310449.98552179575,-326289.3621954389
836,1.754052537005875,312122.7560426662,-331985.79956439335
837,1.756146014277543,313521.64949587657,-337792.4378445221
838,1.7582399685899122,315350.7862887024,-342911.24562966026
839,1.760335124398212,316088.4010957265,-348571.8434733094
840,1.7624306374180432,318274.3771899924,-354173.2108908964
841,1.764524733445493,319789.1170410393,-361057.87557895196
842,1.7666195957988082,321533.2006657948,-365789.5390070055
843,1.7687146552767006,323249.033962268,-372107.08494204597
844,1.7708085687106505,324596.4982564373,-377097.45780292474
845,1.7729026984403262,326368.1033819626,-382423.8375976109
846,1.7749968373222131,328037.13212051545,-389321.68895393645
847,1.7770919795414395,329802.2172485168,-394175.5652910788
848,1.7791866891650514,331238.2998837084,-399800.5077738213
849,1.7812805740714612,332732.8141824033,-405205.98731676675
850,1.7833749145944944,334596.2160780902,-411343.9660756151
851,1.7854698174814119,336141.95386527147,-418147.83507710334
852,1.7875649050000997,337973.9049953682,-423308.21567568043
853,1.7896586091751823,339182.53484403,-428261.72499660065
854,1.7917528105223397,341063.46638749883,-434753.9962952547
855,1.7938472619734778,342848.47843116836,-440832.59822213574
856,1.7959410333998334,344457.7520690996,-446273.6101488761
857,1.7980353139963554,346777.61277602986,-453107.28570752183
858,1.8001292949050451,348303.90821280575,-458998.4172439228
859,1.8022240144636215,349890.0065403182,-464090.27437052806
860,1.8043180357006787,351837.76904891944,-470428.7664852402
861,1.8064120149556366,353228.29616344906,-476309.96520508104
862,1.808507216693214,354984.9534270694,-481278.4895710213
863,1.8106012235056632,357023.02890824195,-487878.0997440362
864,1.8126961076333348,358766.2241466137,-494219.75690689
865,1.8147906359659112,360828.21640199085,-502118.9155282864
866,1.816885013662702,362414.66355727165,-507468.93155241566
867,1.8189799788179999,364244.43695851497,-513797.7518470555
868,1.8210733357472892,366632.0846451412,-520120.7629580901
869,1.8231675363973032,368203.5508532709,-526617.380217393
870,1.8252628639859947,370232.17617883685,-532316.1435985795
871,1.8273578690890415,372349.6804290797,-538499.8534025282
872,1.8294529153678178,374065.3650507556,-545656.2539149266
873,1.8315468366202061,375676.85089410614,-551518.6462972765
874,1.8336403420201965,377582.5407448187,-557111.1158798584
875,1.8357342642631629,379716.00724304654,-564544.1476148225
876,1.837828606636473,381808.24121083174,-571015.870064835
877,1.8399232687279,383819.03093939915,-577703.2016290763
878,1.8420169361094605,385915.02608443494,-584174.1808960086
879,1.8441103454239045,387435.5929788267,-590608.7612537672
880,1.8462047113551943,389817.1225796572,-597227.29921077
881,1.848300337583767,391986.8482438651,-603289.5475502289
882,1.850395118058644,394005.1729465368,-610133.6087690358
883,1.8524895015648957,396455.03900943743,-617845.1913695358
884,1.85458435317291,398453.3962887107,-624100.117229126
885,1.8566786691854407,400075.6246076459,-630250.7928916825
886,1.8587722962005393,402711.2262275862,-637185.9700498758
887,1.8608667292143481,404442.72680809064,-643993.2690031518
888,1.8629623979972338,406310.00659202936,-650832.6639535083
889,1.8650575007618033,408942.7421684136,-657495.4662854113
890,1.8671515757398978,410766.30936001433,-665101.2922961129
891,1.86924567270883,413572.49764252844,-672241.1371778084
892,1.8713402290883943,415358.2413453973,-678740.7263784761
893,1.8734333441485889,417576.50948573404,-685651.7476753059
894,1.8755274569663687,420079.617722351,-694625.2532889803
895,1.8776226584010878,422338.96159676206,-700555.0577087353
896,1.8797156234954413,424168.50900092063,-705816.8733723939
897,1.8818097674713492,426678.67010930984,-713653.6866969165
898,1.8839051205157094,429195.1016988526,-722051.9069245362
899,1.886000042933448,431482.31480168574,-728910.148247867
900,1.8880949075451439,433806.27540100255,-737181.3139337667
901,1.8901881584759161,436257.29281941475,-745190.8135013672
902,1.892283217936019,438804.0168616789,-752564.0089073699
903,1.8943782680554568,440273.5305103104,-758831.0671399728
904,1.8964720473710392,443082.8091721044,-765044.1946557811
905,1.8985668668489433,445747.1243149215,-774731.0907015826
906,1.9006612809862096,447795.99335780705,-779249.4747125221
907,1.902755719587151,450451.81445775134,-789412.8036691751
908,1.904849757588545,453144.3646097585,-798113.3708420672
909,1.9069430754605277,455418.8747744233,-803865.2977510083
910,1.9090378340013505,458168.4019106785,-813638.375120213
911,1.9111324914183263,460163.7665686709,-819558.5253316282
912,1.913226965923519,462774.97128061816,-826801.7176765541
913,1.915321381331026,464972.28544214345,-836608.3557223335
914,1.9174162748437817,468399.7584153586,-844115.0443963693
915,1.91951096404297,470823.5371677185,-852577.3266947762
916,1.9216039358616672,473952.28163480293,-860688.6062467096
917,1.9236986253914137,475967.0981440545,-868012.0269834124
918,1.9257933066276691,478704.28606047697,-877016.5867391246
919,1.9278873651498682,480924.0410521571,-883547.1378504856
920,1.9299807661659822,484129.4694659499,-892479.5181482373
921,1.9320760482648573,486850.2300139552,-901811.4682253695
922,1.934171767524072,489021.3920509043,-909803.965902193
923,1.9362651059315399,491422.101044791,-917664.613724071
924,1.938359138419254,494392.617579685,-924913.3336965097
925,1.9404538735984294,497649.43001352774,-935916.6166796326
926,1.9425479146608418,500282.36697045836,-943672.1533996342
927,1.9446418189559174,503335.15137669776,-951120.91607375
928,1.9467371502259871,506323.387465314,-961369.9964289722
929,1.9488329760684335,509165.34316843486,-969426.2641300497
930,1.9509268120448882,512309.05534147256,-977910.8868077212
931,1.953019609354344,515015.3540190621,-987187.239457868
932,1.9551147244404972,518198.1238364148,-998122.4687479072
933,1.957209950604826,520098.4504686792,-1003791.6056406262
934,1.9593041179655175,523160.0112851618,-1014083.1078304588
935,1.9613980124620214,526053.8886186352,-1021915.5635085497
936,1.9634920823781827,529919.0316908177,-1034086.4382979253
937,1.9655870316775599,532211.9545532791,-1040749.2190659596
938,1.9676813106463258,535029.5842937895,-1049007.4747430373
939,1.9697755380711686,538351.545602118,-1058199.025777644
940,1.9718704076888727,541511.7724798295,-1069749.1114768237
941,1.9739643213778544,544940.7091634476,-1079722.939160746
942,1.9760582139073395,547257.7207823035,-1085703.8940048723
943,1.9781533744008393,550568.5302004496,-1096166.109989709
944,1.980249297656676,553704.7667952115,-1105750.9142797887
945,1.9823436902775773,557402.2954550281,-1117535.0616228231
946,1.9844363854611324,560470.476513798,-1125301.4770402175
947,1.986530057736426,562383.7429327439,-1132712.1224884144
948,1.988624138262085,566593.6438658193,-1143442.0866108628
949,1.9907191302641989,569634.8706045869,-1154931.679732248
950,1.9928140678397719,573432.3783330214,-1165612.392600918
951,1.994908057158038,577080.5150824874,-1176664.555154254
952,1.9970037235567513,580126.5190035296,-1186114.373218602
953,1.999098539119481,584145.3814680154,-1195857.4116574263
954,2.001191245179364,586570.0330325163,-1205838.4060344025
955,2.003285465781134,590423.8355084576,-1216292.559613388
956,2.005380090953843,594072.2187206439,-1228079.0380007727
957,2.007473757612322,597721.945810321,-1237034.5693520913
958,2.0095674385752345,601064.5321407407,-1248907.4904126613
959,2.0116620669227445,603980.3531205495,-1258561.109190275
960,2.0137574654124313,607344.7049598735,-1267092.75305955
961,2.015851542299029,611203.3057545427,-1280925.5954203296
962,2.017945842236743,615191.407993914,-1290904.467004486
963,2.0200414078173843,618168.1935296118,-1300743.567786971
964,2.0221364472105585,621907.3097516326,-1312297.4732696947
965,2.0242304661583193,625487.0494234842,-1321933.0005089734
966,2.0263241213554704,629833.6060118554,-1335276.0910790311
967,2.028418169537371,632494.4298106941,-1342846.289372968
968,2.030512126699397,637044.6261655997,-1357346.8729907859
969,2.032607257696191,641293.0873915761,-1369557.4589071805
970,2.0347026748788237,644053.3115096643,-1378985.9305587278
971,2.036797432049628,649081.5053514895,-1391519.6452667874
972,2.0388917803566513,652177.4946992442,-1402329.5769786737
973,2.0409854404727548,656490.9064372968,-1417990.7821150192
974,2.043079158497923,660002.1572760964,-1427143.7928412105
975,2.0451737042342053,664458.3758154773,-1438832.2230294733
976,2.047267957686092,667594.9154582071,-1448860.0386565644
977,2.0493625921646865,672185.7231296959,-1461186.3825862298
978,2.051458159400133,676620.8663255158,-1477586.10150153
979,2.0535521918605197,680324.8568444208,-1486603.4437884607
980,2.055645062675616,684258.9132005333,-1500948.38011086
981,2.0577393587752955,688566.8736871207,-1512547.7125842504
982,2.059834437786395,693079.2631896328,-1527459.311315622
983,2.061928055170489,697800.2844979399,-1538914.7335022013
984,2.0640226957402352,700876.9896868889,-1548597.6293689564
985,2.066118258189404,704968.3037679871,-1562595.3671122198
986,2.068213196804832,709659.1374210204,-1578637.8259627887
987,2.0703072818107917,713743.9517369507,-1588851.7865064545
988,2.072400931462771,718266.0337424374,-1603932.9469755886
989,2.074494103322103,722139.7029456286,-1614441.5318352603
990,2.076588647294614,728280.5477704216,-1634278.523091446
991,2.0786837571325223,731129.0787385767,-1642530.6925483036
992,2.0807786951127576,736123.6826568734,-1657097.2769162362
993,2.0828733611799306,740066.4103533708,-1669704.3470034257
994,2.0849676047315464,744821.1258720886,-1683173.4404089514
995,2.08706191167589,748573.3046213193,-1698629.2620189984
996,2.0891552570733616,753955.4827206339,-1710602.9660045046
997,2.0912498961643236,758537.6013835109,-1727092.9592767633
998,2.0933446561638878,763443.8123511514,-1742975.186018585
999,2.0954387435644386,768557.4696772163,-1757870.0952891454
1000,2.0975335870618825,772591.2280780113,-1771469.0462012612
1001,2.099629070349723,779189.8637975875,-1788942.1538199012
1002,2.1017228492895934,782263.2412984069,-1799952.449532564
1003,2.1038170482062775,786191.9643872839,-1812061.6075001142
1004,2.1059122372778973,792082.1430398055,-1827553.4965231253
1005,2.10800554057148,797209.8093462802,-1847765.919350432
1006,2.110098599114947,801732.6783935919,-1858855.5104111445
1007,2.1121927216235163,806071.9822940545,-1877057.461630979
1008,2.1142879182187984,811597.7179207319,-1891672.3768504336
1009,2.1163820759811065,816895.6011871462,-1907825.0214711698
1010,2.118476597123504,821780.8143805066,-1925276.0743543098
1011,2.120572077635568,825503.9552818034,-1937100.0833931107
1012,2.122666143506846,832679.0646051079,-1958596.1780220778
1013,2.12475947440395,837645.1193804024,-1972553.842078066
1014,2.1268549228070284,842159.7627890524,-1990562.2439125509
1015,2.1289503858580807,848524.8593882518,-2008654.0125340333
1016,2.131043274916299,853333.0413835882,-2021591.3546432992
1017,2.1331378502136085,858584.7678507478,-2041019.4848915078
1018,2.135233020544507,864227.0587900548,-2057071.6906619074
1019,2.137327211773404,869198.3048366983,-2072932.7048702175
1020,2.1394213678417553,874457.4606576598,-2088024.8272100678
1021,2.1415151935265153,880761.5721777484,-2110824.7175343195
1022,2.143609686067666,885825.9474130347,-2126934.312142512
1023,2.1457039096890913,891450.0780505516,-2145442.958972262
1024,2.1477977892281794,897394.980535906,-2163990.050078736
1025,2.149892773795189,901814.6238737035,-2177584.1400712035
1026,2.151988207011953,909241.2392208125,-2201587.3346565617
1027,2.154083430042502,914420.547298472,-2216748.380694513
1028,2.1561769020273363,920648.0309827366,-2237038.833784553
1029,2.158269727638565,925350.653829135,-2253263.6167369653
1030,2.1603643338266334,931442.6245146325,-2270762.992629777
1031,2.1624594611960894,937324.9030122677,-2294568.8744667373
1032,2.1645538445620423,943848.2336834051,-2314935.5543949003
1033,2.166649266160557,948970.1285606803,-2332538.5416553863
1034,2.1687438965600263,956595.8689307568,-2358524.0665127127
1035,2.1708363804402464,961478.768508112,-2374953.1050247834
1036,2.17292939543057,968854.8164664013,-2393987.4363400675
1037,2.1750246621139153,974577.085610642,-2413864.7797181145
1038,2.1771189095943266,979781.7744827592,-2434340.127163557
1039,2.179212962470575,986871.6929165284,-2457287.9657167564
1040,2.1813066434396426,991936.8285192825,-2477364.9335864456
1041,2.183402629792164,999459.1327709815,-2501408.495912225
1042,2.185498119455816,1006134.6269236768,-2520205.9674418215
1043,2.1875916200185137,1012676.0428987875,-2547201.6457947306
1044,2.189686441120868,1017696.4711375167,-2564233.5813009217
1045,2.191781413276182,1025817.8263017433,-2592208.1514616855
1046,2.193875147711239,1031840.5436429374,-2611414.577621681
1047,2.1959686613130316,1037105.2715272538,-2629616.41339049
1048,2.198063923558019,1044533.1541526346,-2659329.7086172462
1049,2.2001595001532226,1050055.7107180702,-2675977.895965791
1050,2.202253779153767,1058961.272431839,-2709531.5217894707
1051,2.2043460760907565,1063267.039903017,-2725683.3976932447
1052,2.206440891990371,1072386.6881599324,-2753855.433176345
1053,2.2085356491852317,1078038.763145866,-2781230.1725081387
1054,2.2106277016542335,1085498.2156911,-2795367.537597728
1055,2.212721958545959,1092239.8474484088,-2827974.9700953453
1056,2.2148185083900422,1098569.8446126995,-2851182.9342612047
1057,2.216913061952383,1107084.047324219,-2875992.5113177244
1058,2.219006160150891,1111792.740890538,-2905991.1938653984
1059,2.2211007684745443,1122213.2272514657,-2935127.206220381
1060,2.2231966067711273,1127566.7512550196,-2961440.0991797657
1061,2.2252915180225106,1137393.4160692694,-2989314.6311779716
1062,2.2273849286831946,1144663.7270960927,-3019520.2390226773
1063,2.2294794057777056,1148401.3350456147,-3038907.2576247714
1064,2.231574082226972,1160667.9494491592,-3075205.305063558
1065,2.2336675726385264,1163736.3245308597,-3101726.0502072424
1066,2.2357616690730993,1173370.9408356962,-3128694.234056812
1067,2.237857388038379,1180778.9339838917,-3161851.2032932686
1068,2.2399520699736297,1188902.3650825827,-3191235.956665902
1069,2.2420449617357057,1194853.7404815017,-3219250.643651594
1070,2.2441391380853632,1203368.6238677113,-3256932.1255194526
1071,2.2462342793770116,1210137.3083054083,-3276568.3697701553
1072,2.248330004000319,1220245.8401896842,-3321774.2525490006
1073,2.2504234986669656,1227469.656513587,-3348787.4729907895
1074,2.2525166459790467,1235552.3335972282,-3387308.177303243
1075,2.254612702557845,1242319.2366580605,-3413987.5375125543
1076,2.2567074239010356,1251117.334613101,-3452589.0522013116
1077,2.25879926569608,1258580.36736663,-3489407.107635334
1078,2.2608934332232278,1263461.4174316209,-3508380.4842162314
1079,2.2629890832862967,1273351.5233548076,-3556233.958359712
1080,2.2650815906481947,1282434.4748895187,-3585890.138965907
1081,2.26717631551426,1289369.2174698233,-3627072.282907521
1082,2.2692717091510235,1297948.1574366563,-3668630.6567507526
1083,2.2713660430599174,1308699.731250183,-3708660.234652819
1084,2.273460830916725,1315290.219821572,-3744382.1118030753
1085,2.2755552510450507,1322472.9223246048,-3786602.4572346816
1086,2.2776502981151867,1333633.6327243347,-3829744.6741769006
1087,2.2797428242388995,1338896.0448572382,-3856321.8705177293
1088,2.281836092329788,1345778.0247388214,-3886866.630452651
1089,2.283933556285596,1360163.363117193,-3944827.9324897854
1090,2.286028868050817,1367280.1316692517,-3978677.9133226876
1091,2.2881212248812486,1375686.5211750425,-4015712.5972291892
1092,2.290215014848569,1380551.4859475633,-4041624.952821562
1093,2.292310229911211,1391614.3855366006,-4084944.1015657852
1094,2.2944051456334345,1403013.681039034,-4126513.340427914
1095,2.2964983471898495,1411879.6358580312,-4165217.8520409497
1096,2.2985921024349003,1417149.2580473735,-4188241.6393681313
1097,2.3006888643809247,1427341.3428112657,-4233250.493945973
1098,2.302783634096356,1437999.8454100387,-4277584.830087992
1099,2.3048756698218886,1447786.998172423,-4319310.09535968
1100,2.3069695720010412,1458102.253904416,-4356039.003442626
1101,2.3090651112173397,1466151.9017396981,-4389205.474535179
1102,2.311158495429861,1477084.3195819934,-4436987.988674743
1103,2.3132509513768182,1485233.669050683,-4468270.733572462
1104,2.31534766594442,1495803.6354003395,-4513840.850135925
1105,2.3174438092641236,1510941.534858196,-4562891.134105665
1106,2.3195366518474128,1520054.066825235,-4600883.705075865
1107,2.321631141204296,1526685.5079944835,-4630500.907470376
1108,2.323727832694395,1537506.5231675773,-4671741.01830459
1109,2.3258211826493147,1547318.3090076498,-4716066.0379430475
1110,2.3279133966950116,1560999.8689768955,-4761049.867868261
1111,2.330008120458155,1570852.9502135725,-4801825.574991925
1112,2.332103956675321,1580294.2613788892,-4844908.457316106
1113,2.334197579452735,1589014.0300824943,-4876804.566753119
1114,2.336290017181209,1602425.2243114568,-4928969.415087582
1115,2.338385505091734,1613981.1205780883,-4975888.9919007905
1116,2.340480189114194,1623479.8901783635,-5013475.451132835
1117,2.342573391055059,1637960.034223098,-5068572.261993053
1118,2.344667848677038,1643576.2934771334,-5094046.219181256
1119,2.3467629878884537,1657695.6373121743,-5147464.322786866
1120,2.348858220839854,1665522.7938214615,-5177009.054321391
1121,2.35095250082758,1678277.7588350754,-5226992.532742975
1122,2.3530449396760944,1692269.9695484745,-5277929.852501775
1123,2.355141499104623,1702614.8966159802,-5320399.088677409
1124,2.3572378412451434,1715458.1931697135,-5368975.433468114
1125,2.3593294861259198,1726098.7406518618,-5413737.261860816
1126,2.3614224992004984,1736690.6661633418,-5458054.444596218
1127,2.363517948981548,1750962.8126333563,-5511415.871834707
1128,2.3656139136423477,1762917.8321268617,-5550467.986875046
1129,2.367706660383537,1776861.4705541371,-5609361.022707153
1130,2.3698014470222093,1785057.3224963543,-5639244.0834699655
1131,2.3718977582075165,1806259.1151299796,-5717757.561887381
1132,2.3739899214574836,1819050.7944758486,-5763456.34882937
1133,2.3760825194215927,1823658.5406466508,-5790449.628043697
1134,2.378179070039863,1838285.8716681001,-5844567.282932704
1135,2.380273759058959,1854972.1548805023,-5905018.559345639
1136,2.382365673610318,1861803.5216993503,-5932958.122795091
1137,2.3844604460166168,1878522.3986443952,-5996293.336412496
1138,2.3865571190304595,1890931.8615655976,-6042734.894597942
1139,2.3886520978255446,1911045.8215474244,-6114098.696952979
1140,2.3907442891236066,1923477.2594121746,-6161315.644277023
1141,2.3928386457990913,1933748.9718361865,-6203363.987066966
1142,2.394934562690242,1948886.09277909,-6263918.123977647
1143,2.397029599690107,1960725.9997508533,-6307124.0679582395
1144,2.3991222591305954,1976314.6335395905,-6364142.235359183
1145,2.401217024080888,1986879.7519147713,-6406734.84525785
1146,2.403314513026698,2003804.0265895068,-6470424.18871715
1147,2.4054081911284184,2014390.5929465278,-6511939.474529516
1148,2.4075011183217048,2023041.5983992817,-6552750.898914825
1149,2.4095960074264258,2048073.3385773562,-6634471.966016146
1150,2.4116926326559978,2059641.8871224087,-6682366.966096694
1151,2.41378425055939,2075709.2020784994,-6739795.417121747
1152,2.415877382497087,2088462.580628707,-6793669.52094123
1153,2.4179783678062123,2104556.200727234,-6849956.19010538
1154,2.4200733739460714,2120268.571707922,-6911724.0386588685
1155,2.422162501290004,2130855.291801331,-6949576.995790307
1156,2.424257158180454,2151826.244583168,-7027146.6011659065
1157,2.426355368807169,2168506.67641964,-7085807.985180751
1158,2.4284477900186845,2186283.3778770203,-7152732.632783643
1159,2.43053883847394,2189207.183409453,-7172896.980281112
1160,2.4326356353293934,2213963.153050321,-7260458.643536657
1161,2.434732612021302,2229502.241140815,-7326131.92458519
1162,2.4368252927922227,2248265.190131727,-7384716.3091123765
1163,2.43891890863681,2258475.2095264257,-7427105.162725271
1164,2.441014895314609,2279250.6277788416,-7503298.093521726
1165,2.4431105244568765,2294089.6018796903,-7557779.486981976
1166,2.4452031167440684,2307773.643400588,-7606612.863785461
1167,2.4472938786799143,2331231.25956124,-7697604.272964906
1168,2.4493915902413868,2347472.7187719117,-7756142.845972732
1169,2.4514877943094935,2364122.5109727336,-7821275.787735222
1170,2.4535774837073663,2381983.0632158187,-7882063.698063001
1171,2.4556717453467782,2397132.4646698614,-7942099.417064221
1172,2.457770725968573,2415766.191856307,-8011028.623208955
1173,2.459865450868259,2438149.8184260647,-8090804.792026044
1174,2.461954843714291,2453405.5142259826,-8153839.303193376
1175,2.464051305962942,2467114.7708425587,-8205467.51869773
1176,2.4661493201186655,2494769.550369511,-8304049.072405782
1177,2.468239991051035,2511760.7832491193,-8364905.903504162
1178,2.4703335941159144,2528629.5686214413,-8431185.096894538
1179,2.472432426226094,2548023.145330315,-8503992.993980292
1180,2.47452690434623,2562245.5919705797,-8554253.075916266
1181,2.476615373809059,2584073.182211857,-8631995.791406156
1182,2.478710457672189,2611176.253492289,-8736563.50960361
1183,2.48080966574444,2617509.6352015473,-8764260.715824513
1184,2.48290090100287,2640160.301843462,-8839852.212957213
1185,2.4849923340191187,2654853.879332077,-8900337.146383401
1186,2.4870897130294636,2684331.830611891,-9003837.874083105
1187,2.4891862386660164,2699105.657113725,-9062640.963517014
1188,2.491278235985619,2725684.8811763,-9154069.835782504
1189,2.4933690456944357,2747008.641405513,-9235029.867330354
1190,2.495466543397291,2777883.186618935,-9343276.058995713
1191,2.497563830960505,2796605.0114601073,-9410442.751612008
1192,2.499654519205421,2809016.6979803503,-9463910.329267075
1193,2.5017479497353943,2820185.0558403167,-9504387.690882629
1194,2.5038480054516667,2841904.383825885,-9588747.429450545
1195,2.505943433921919,2866551.7233888716,-9677791.205615526
1196,2.5080284861327207,2895338.927522377,-9777792.192049429
1197,2.510123955773609,2914150.099206235,-9848573.826000676
1198,2.5122261646694253,2936269.695964615,-9936697.13661154
1199,2.5143177674343575,2971786.1998933232,-10057646.853077205
1200,2.516405803072155,2977808.8576603727,-10083119.094930202
1201,2.5185026929964116,3013041.221353114,-10203051.68551035
1202,2.5206041831245063,3026097.8868019492,-10257751.229154693
1203,2.5226964757648327,3062976.972947257,-10384060.893936375
1204,2.5247869961159406,3081471.818910642,-10460551.464235548
1205,2.5268843920051487,3112415.2366948207,-10574758.150134876
1206,2.528980483597168,3122890.3145968663,-10604930.8653225
1207,2.5310684597394695,3145706.62308924,-10689340.719901692
1208,2.533161718042206,3166952.4972106395,-10776680.940075818
1209,2.53526488574662,3193161.887475266,-10863362.106485015
1210,2.5373603920777454,3219450.868982356,-10967741.82312537
1211,2.539445749963502,3250137.0850980743,-11076736.660433827
1212,2.5415417180131348,3260563.7590021337,-11116644.054349469
1213,2.5436457679371425,3294351.187105108,-11242483.422729036
1214,2.545736808475733,3323197.958482581,-11345593.663598137
1215,2.5478233832874237,3356753.1540136635,-11457078.912356207
1216,2.54992085584226,3379073.49710646,-11546548.338086465
1217,2.5520207655356866,3406381.8581451583,-11642589.128440635
1218,2.5541098448110064,3426428.1251412504,-11715769.224718802
1219,2.5562002600365847,3454183.9911905047,-11815540.023074808
1220,2.558305455724291,3481266.9757998246,-11918189.963587856
1221,2.5604026511470312,3499501.319092422,-11979590.746850282
1222,2.5624826414852553,3551179.5800645254,-12165257.036064906
1223,2.564574391949512,3564408.8836733843,-12221186.21506001
1224,2.5666808497683498,3603880.8027572166,-12359375.599511888
1225,2.5687773451615423,3610194.182242825,-12377573.328532714
1226,2.5708608935170316,3649691.334898986,-12522129.455162035
1227,2.5729575952355885,3671401.1447949577,-12608463.801169721
1228,2.575060651513359,3716453.5816787807,-12770647.997453485
1229,2.577148431575012,3725358.821287263,-12807062.115511926
1230,2.5792346077561192,3759119.807000773,-12928147.660206268
1231,2.5813352493894732,3775188.4592293035,-12993885.266906487
1232,2.5834369526956515,3813320.606470746,-13122771.049043378
1233,2.5855218346006232,3853769.202556533,-13265101.822315922
1234,2.587610713900489,3874487.427183447,-13340777.81093921
1235,2.5897186990593415,3906073.7897977754,-13451056.924350727
1236,2.5918181690667126,3954071.270773864,-13630547.50744627
1237,2.5938985009385314,3985983.6663237317,-13742540.858332014
1238,2.5959901966325076,4005052.3281742213,-13813808.490542186
1239,2.5980970827886534,4040083.5026124213,-13939131.31672247
1240,2.6001911974764487,4055821.033827914,-13994218.148083327
1241,2.6022734575046016,4101316.165627236,-14158974.743807748
1242,2.604374761438423,4151630.1978796604,-14339630.684474643
1243,2.606480077670044,4159955.202174256,-14369819.93806192
1244,2.6085618800169397,4212549.118529916,-14553341.305623595
1245,2.610646200048581,4225356.60235235,-14606667.954068156
1246,2.6127580952497533,4271498.290794782,-14769391.540193247
1247,2.6148609257992828,4320099.37032045,-14948976.326179374
1248,2.616933454172155,4376062.41034588,-15139658.946933614
1249,2.619020659870304,4362107.526247954,-15100956.425197925
1250,2.6211346279669097,4395643.545106063,-15222652.091486108
1251,2.623236503452788,4461095.092722369,-15449051.60948403
1252,2.6253090562225565,4476394.71950276,-15510850.611001682
1253,2.6274000701334055,4507736.657733536,-15625427.538037857
1254,2.629513118467727,4555823.509411928,-15794983.904828658
1255,2.631604301330356,4590012.73571191,-15908061.8578372
1256,2.633685254021577,4661105.584297225,-16161769.072990555
1257,2.6357889797673804,4712701.355383659,-16355364.924578128
1258,2.637895874321367,4722807.197733213,-16391768.445330258
1259,2.6399747081141895,4719211.686682957,-16372253.301932836
1260,2.6420591747927733,4753805.257779605,-16508856.329048987
1261,2.6441764666284318,4824808.674151932,-16754722.14687381
1262,2.6462775406423154,4873589.245832103,-16935033.409431208
1263,2.6483402943393326,4925249.566873729,-17114912.567121644
1264,2.650428729148096,4975542.039020544,-17293985.07660685
1265,2.652562718674548,5021768.942796082,-17460720.79561547
1266,2.654664088292312,5002853.091733741,-17399726.8515535
1267,2.656712651557163,5077582.480000679,-17670472.586493596
1268,2.6588106765908748,5127130.446262391,-17838029.259617906
1269,2.6609452450324915,5162068.458323593,-17966746.304624576
1270,2.663032290426174,5248317.377749877,-18263846.326800272
1271,2.6650914877184944,5285008.634877608,-18391460.398980092
1272,2.6671986225603375,5314155.245931832,-18499467.629057985
1273,2.6693218160411916,5341849.652964297,-18594225.79282413
1274,2.6714003686163363,5362829.574461452,-18671569.980036963
1275,2.673473653710363,5443594.6494767815,-18955191.006120596
1276,2.675588689124729,5465893.842868949,-19052447.65660274
1277,2.6776964003773744,5504675.283415218,-19180315.026727136
1278,2.6797534796790945,5640221.938099079,-19647646.75355058
1279,2.681845016836506,5631744.356835197,-19632230.32913951
1280,2.6839785543392702,5722222.238255578,-19945340.895530265
1281,2.6860638705482365,5699513.351575378,-19875620.765926234
1282,2.688115580192901,5759220.716642554,-20080556.355685983
1283,2.6902421071216107,5867514.446217647,-20474328.74329024
1284,2.6923784453538007,5887165.0759739075,-20538761.895559568
1285,2.6944235266222867,5929851.671327911,-20693917.746349193
1286,2.6964818302236213,5982278.381372207,-20873751.87084468
1287,2.698646249049189,5924345.295846553,-20678125.51051269
1288,2.7007725953070936,6153480.658270548,-21485049.50992595
1289,2.7027692368507834,6098315.6529717855,-21281288.344079517
1290,2.7048443440936585,6248305.510600806,-21815500.72083063
1291,2.7070515904059915,6246523.260729667,-21806752.30146794
1292,2.7091632832728005,6346991.770619773,-22179389.622461624
1293,2.7110832098570423,6321135.64859979,-22070938.03687825
1294,2.713194248534394,6387557.4126532115,-22315955.624201827
1295,2.7154564422347596,6412128.938503871,-22402626.026004575
1296,2.7175455830902693,6448638.067927146,-22534748.318844702
1297,2.7194409477796717,6704725.314622297,-23432764.078729
1298,2.72159410281056,6549037.614093279,-22889128.733829293
1299,2.723868494276683,6673866.700392064,-23334516.127301205
1300,2.725905473691433,6700509.813259533,-23417937.08442668
1301,2.7277938720843573,6760422.015615061,-23623305.82088947
1302,2.730005424734083,6873529.566443607,-24023981.480909143
1303,2.7322910595910366,6951483.132435467,-24309264.130208693
1304,2.7342323934891035,7057591.583497947,-24672458.518541485
1305,2.7361123669415965,6913854.5951082725,-24164092.578280594
1306,2.73841292247591,7255307.332992269,-25382966.893612355
1307,2.7407262152838343,7272011.705842046,-25429161.732381366
1308,2.7424923562337074,7406955.416375143,-25910158.954672504
1309,2.7444202272828333,7382007.108795574,-25806064.633771673
1310,2.7468188489948773,7340766.904567742,-25682563.599950545
1311,2.7491571251284848,7363047.072113195,-25766960.952618126
1312,2.7509012180135843,7414134.473924251,-25923133.47805754
1313,2.7528220566885997,7433363.162876745,-26016041.358061053
1314,2.7552245852341666,7599374.070300091,-26590485.78733176
1315,2.7575799064734774,7605829.690766403,-26615037.779201932
1316,2.7593246433872425,7894947.85875952,-27633871.43639288
1317,2.761234187120032,7985572.3950601695,-27941964.333016533
1318,2.7636390504715083,7704167.876501985,-26943455.117943335
1319,2.765948826576436,7968903.087080364,-27881995.07576006
1320,2.7676191435751902,7826983.135095884,-27393279.290446702
1321,2.769651838220211,8160080.882492984,-28558209.078548796
1322,2.772055945845228,8522991.163619293,-29817811.86775182
1323,2.7739175955497957,7797420.481915529,-27301288.118478276
1324,2.775657495525559,8042260.33903757,-28145422.917015485
1325,2.7780509401576134,8815459.94700304,-30852984.738355972
1326,2.7804282678176238,7651031.952948835,-26781335.279192664
1327,2.7823699672164355,11138993.953393197,-38976202.63991808
1328,2.7838806433920418,9052655.812765907,-31657396.36012303
1329,2.7859958234637583,2889253.9806646407,-10112388.93232624
