,k,Pk0,Pk2
0,0.0029665470748989845,195503.919537954,-8754.781364016517
1,0.005026374055021859,192686.9137165281,-1295.9652237713965
2,0.007149300621522788,270603.456631416,-11713.744126610718
3,0.009278869254964255,268344.9702893252,149960.70336853774
4,0.011450332619344701,262345.3868970398,-53055.49731420838
5,0.013492955871419151,236272.95800618763,35321.15930836426
6,0.01558905561191893,217628.55735581723,3033.9700912619646
7,0.017694083672553172,174506.11916686318,9513.342179259573
8,0.019817874803135297,152406.5589037829,23192.131030349297
9,0.02192074938196264,122487.97457268882,28220.250313133576
10,0.02398877635566245,108357.01925521219,20.085589921761038
11,0.026092869718961156,90351.9698674503,-2548.183365873948
12,0.028234663152781798,72011.33340184097,14824.087116126768
13,0.03032284873509123,58980.1894504937,-773.6294210642402
14,0.03240263258943404,51019.61725412093,586.4251515829197
15,0.03449210129864554,40403.71249824451,-4015.5834124292887
16,0.03658588147515197,34697.26822166282,-777.468184738373
17,0.038684769492669774,29729.443132300057,-886.5217479029238
18,0.040788988884582836,26297.030235917293,-519.7901273739075
19,0.04289390876967646,22474.232443464676,-1250.9577140025076
20,0.04498336005546935,20703.495269163435,995.6812140858733
21,0.047064985294738244,20000.240059900916,-2050.7591301015577
22,0.04917111919158227,19197.91144567557,-727.8203961048594
23,0.051262169141742274,19346.333693893535,437.93310475544115
24,0.05335525146837034,19243.9061040396,-951.2363093826733
25,0.05546637228956934,19450.04966709883,839.632640181333
26,0.057573188192548086,19593.70822648803,-666.0266696787463
27,0.05965884044590281,20427.28411174285,394.56058690546496
28,0.061745123021595065,20912.984139737124,-222.55910599664583
29,0.0638268929113719,20085.254216832232,235.21973335411454
30,0.06592966228838451,20006.227072371326,112.78857298206482
31,0.06803125784825748,20009.117688964358,1018.031107457816
32,0.07013131008699486,19634.536892350265,-177.72174013757194
33,0.07223032366074338,18778.71439791522,162.51120794775395
34,0.07432334270720506,17853.020929192608,94.40532843182365
35,0.07642066756954473,17257.816079397136,-496.9646198259562
36,0.07850471694556041,15875.196127842957,1293.5294736585754
37,0.08059701946059529,14715.791043412426,-316.7799085715448
38,0.08269521798132064,13562.276752601985,63.32742360294045
39,0.08478307522909848,12621.636712044481,339.7259086316729
40,0.08687780839616016,11679.26118832364,-213.86486883580744
41,0.08897524569656534,10719.592296494657,-278.52342252573084
42,0.09108077810470518,9708.967567487976,792.5039882368
43,0.09318432266948053,9373.987908594418,-2.5211849035336678
44,0.0952788764104831,8660.88444337889,-156.4572727419525
45,0.09736254237981037,8230.933016563504,267.9170054597442
46,0.09944832814799408,7803.171879391797,100.07202789741426
47,0.1015460879802399,7618.259549552599,-51.012679962819945
48,0.10364263756677322,7341.794542849875,-286.5865497053212
49,0.10573893905394659,7095.165945210443,63.27938187807709
50,0.10783958559814742,6994.648021827771,70.69026903687744
51,0.10993894058501318,6796.8699188168775,146.19001536383297
52,0.11203921431523854,6737.444610449321,-41.06917950494163
53,0.11412334585697578,6615.275824978915,47.20010862075718
54,0.1162159397555423,6603.174972237038,194.15174906291347
55,0.11831372048037725,6620.873426454108,85.08469752780157
56,0.12039723118070132,6537.675847124517,283.5475230602213
57,0.12249223631878574,6454.912152201241,-105.45360102457236
58,0.12458825984258635,6432.026953868135,162.21362172661688
59,0.12668846771583772,6330.86823065739,-72.3889911068437
60,0.1287846620419941,6167.660117161769,-124.6207206316183
61,0.13087133937881498,6070.589159174668,102.08006383941915
62,0.13297548334406448,5959.058202031418,179.13710134852502
63,0.13506910815256093,5771.601791052075,138.4924637083793
64,0.13716388258568254,5714.240147775099,-9.081979019226974
65,0.13926047573721634,5506.515253145723,240.3535237764595
66,0.14134668829083769,5367.9540658820215,34.307207467007146
67,0.1434475230090064,5133.519684093598,100.81923350505143
68,0.14554528534185418,5001.956406584146,27.557701043356868
69,0.14763320610735878,4824.862481312627,94.94163739314548
70,0.14972114728432864,4773.43493868337,21.012149246240906
71,0.15181380487515775,4601.162502362665,82.76006344241938
72,0.15392114901003526,4518.43963265681,169.39686934530744
73,0.15602147473412367,4397.230830036279,76.8281123563113
74,0.15811617475881218,4299.117944063855,64.15900160457032
75,0.16021187122717997,4162.05950033411,46.236394853058115
76,0.1623006419462899,4080.2550026112685,-33.54987079460033
77,0.1643899033199985,3969.7339698772475,-44.65424426810691
78,0.16648355823815117,3938.2871999352806,-37.09812303339672
79,0.16857196837784735,3879.8752769998446,2.489051451373383
80,0.17066413320893647,3767.7913666912273,149.09004075895749
81,0.17277086992561352,3727.5816762808613,215.57443994153002
82,0.17486965460096995,3700.722506134233,81.1895370684668
83,0.17695857694944453,3615.8295156736326,69.95589241090288
84,0.17905245093155753,3600.3074847460016,-19.59198647866791
85,0.18115265212612636,3548.0584311645275,70.19597442467727
86,0.1832476884130739,3475.3783664308617,48.58158849449192
87,0.1853312475833926,3411.079139970459,119.29514719872095
88,0.1874284892203219,3385.4486267110697,70.60865439319133
89,0.1895337179075755,3309.373649443267,58.34079288349974
90,0.1916268196474026,3304.4762837470716,7.071880773394137
91,0.1937183403446853,3210.970790360815,93.28999132118012
92,0.1958131498886989,3185.514240162307,66.63661373637706
93,0.19790587400989662,3134.2834267165154,74.83863916239315
94,0.19999906515978938,3091.6086453362022,89.49508899202573
95,0.2020893038374759,3047.4167889074106,25.630503236558305
96,0.2041823192148178,2980.9720626568715,48.82152713457918
97,0.2062825911013838,2943.612328851661,71.96736838092568
98,0.20837701891459662,2916.1689828868152,116.16745753287347
99,0.21046758167944032,2863.632484581642,33.29230234174059
100,0.21256678542440183,2814.4549891118813,51.60969507969789
101,0.2146619261104852,2806.2972951662573,51.07900942864123
102,0.21675618057220372,2751.0745163810166,107.98894207212625
103,0.2188528705899679,2717.318928100311,-65.18743384054156
104,0.22094564274530842,2669.23860279553,34.909615089445474
105,0.2230395148320731,2647.8508262756973,43.970576524436545
106,0.22513567328585352,2597.7952100760226,67.40182259426258
107,0.22722785048644015,2582.1797652785367,49.116815604998195
108,0.22931975112872324,2546.5530621394464,82.6617018944295
109,0.23141147723465103,2513.5275818803048,26.552623678494843
110,0.23350584674782457,2496.5359756599214,76.45290881500114
111,0.23560416522029054,2463.2429370261157,51.018171814956304
112,0.2377006336558307,2432.426057629718,52.967321737008774
113,0.23979727503904752,2411.4230996131328,8.534144702399077
114,0.2418944602532704,2375.2217773779644,74.4664799583025
115,0.2439884227569783,2357.6399326509945,12.193923435964573
116,0.24608359968283072,2324.698570317339,61.912475779827396
117,0.24817552807053123,2293.982987416136,38.1803635858241
118,0.25026237006475704,2269.826579728779,51.315957293229765
119,0.25235861551053484,2240.285573512108,9.939004521079703
120,0.25445470778669854,2213.584451231724,62.49411625633332
121,0.2565487653287422,2207.494615849611,30.95035706587594
122,0.2586464955058471,2194.3870168581698,51.157914428522794
123,0.2607443047329862,2151.3220654943584,86.10609591220718
124,0.26284383121734134,2143.847454714052,63.433521912898144
125,0.264929885565984,2114.012737814412,60.83013550337879
126,0.2670163698864118,2085.242765787328,57.532336099760386
127,0.269112135390912,2073.619424790882,24.46546360298183
128,0.27120764961246213,2048.707031366267,53.46219949021829
129,0.27330509996536784,2026.8024037003188,41.83213017723282
130,0.27539842121309294,2018.2551615166017,21.424280301826077
131,0.27749656900268016,1995.8275132214712,55.99692867131899
132,0.27959864364035925,1976.6967133966791,37.64486531007614
133,0.2816878213234348,1956.979300589108,24.17476836281501
134,0.28377609558542155,1936.694610235809,22.985275667924256
135,0.2858732754634003,1914.970545638825,49.77444115362404
136,0.28796861590208045,1903.988646034536,39.56301719068517
137,0.2900612915162532,1875.051496228932,18.312931106625722
138,0.2921547032025089,1860.3097274588927,40.004616865062275
139,0.2942501291133245,1846.1168205522392,69.07404202234862
140,0.2963444256131289,1839.4494027155122,31.65167143417586
141,0.2984361415704375,1819.4583027591018,41.257566150169204
142,0.3005318840555698,1805.7016747018984,-0.14139530430189953
143,0.30262777760316095,1787.4897329994442,46.63721397486963
144,0.3047248035439954,1781.611758861597,17.437039126616025
145,0.3068210272572538,1757.35198410925,44.71883954057288
146,0.3089144805088237,1746.662600854166,50.17052804373789
147,0.31101080657849756,1725.2705211746438,37.263135126058344
148,0.31310885951912926,1710.0281517945573,60.50763744987115
149,0.3151991603466065,1698.6060349731256,36.80289205770896
150,0.317288667284839,1686.2095153768776,49.87573834180486
151,0.31938044185106124,1679.6293217246011,40.1503640562837
152,0.3214783648369702,1662.709520568185,43.016971469309354
153,0.3235785211189416,1648.5463638293818,44.808321554620036
154,0.32566935894833426,1640.6746086697578,32.19613788797052
155,0.32776077751211374,1627.1364258127016,43.937361303573134
156,0.3298523230655558,1606.6932390304112,42.02154444930687
157,0.3319485433973702,1602.17974823234,56.447984594047504
158,0.33404540358127904,1588.2287742282715,47.33196168233352
159,0.33613494177837844,1573.1778065828003,26.644906966076206
160,0.3382313832787478,1562.7416683966792,46.07585883704629
161,0.3403308518124324,1550.5431705742076,39.40172881671709
162,0.3424246601457981,1543.8656545369508,48.61979162257152
163,0.3445197272986724,1534.1869885104275,30.81899184117467
164,0.3466158524641983,1519.7458404116705,34.834353974954844
165,0.3487089916477683,1508.9630503587732,37.74921878460237
166,0.35080114560367615,1504.8246086479953,35.22059721106864
167,0.35289356821720286,1493.9860585029253,47.05256984128201
168,0.3549881110219297,1478.3542930694894,36.10728862876842
169,0.35708559248027844,1470.5185313217896,41.765391977568676
170,0.3591813496003593,1456.0066986637826,25.556213210193054
171,0.3612749400626811,1452.0265795610853,24.035175563079367
172,0.3633693413142722,1437.7524436576878,44.717372545047446
173,0.3654632219855477,1429.4562481166233,59.585133689691645
174,0.3675603773529471,1423.1646033659015,3.140098386853679
175,0.36965434919829326,1409.6692834651744,25.38084015720848
176,0.3717418094879197,1401.6787168704539,22.060155845868792
177,0.37383404253825586,1397.1453469038947,50.76427582164283
178,0.3759308579415973,1381.6270092716727,50.620620085408184
179,0.37802985088946095,1373.5394746647885,43.9809724586045
180,0.3801213498834686,1367.3225810857027,40.33395466151729
181,0.38221306010699313,1354.1832939562137,34.1606125132021
182,0.3843141376638833,1352.948906882306,27.98591850889412
183,0.3864096355836929,1338.7114476860197,35.90670339819504
184,0.388502907295756,1332.9974852159519,34.51071300914743
185,0.39059769208540335,1327.7764135318591,28.9764251645141
186,0.3926958121232196,1318.956712712277,24.80716568768657
187,0.39478921808384226,1306.2309305625236,25.75567696390419
188,0.39687821409975554,1303.0829442227543,28.86232047250512
189,0.39897073627813356,1291.1455630209773,32.783786818193356
190,0.401067192451382,1286.0064049226896,26.943351805967108
191,0.40316228148056854,1283.8788990349624,41.06852208842406
192,0.4052546340249366,1269.5116050102781,44.97535318767923
193,0.4073499183903822,1265.1199445596642,44.19532806659385
194,0.4094468722071623,1257.1771190712407,37.17730336372168
195,0.41154432885897757,1249.9999432998343,19.40016587053635
196,0.41363408239228544,1247.509710562987,44.71939273949127
197,0.41572494638156243,1239.6282665514584,36.77520153444148
198,0.41782181997781404,1231.5539417109414,46.85568479269483
199,0.4199166506307261,1223.6452115732975,35.646925403989925
200,0.4220107143757513,1214.7854298337559,32.68689352834267
201,0.42410542949066876,1209.1386881840194,15.933048609796119
202,0.4262013850195404,1201.5093186784188,35.92833640708015
203,0.4282955296445312,1196.7742628904484,50.56125505316155
204,0.430391806688861,1191.2980765538496,29.4321993886911
205,0.432488575457924,1183.2891536246734,26.876004821053403
206,0.4345806090039814,1177.3992139350705,23.44610709499792
207,0.43667244097425384,1172.581554764664,37.156956417420034
208,0.4387671492209622,1166.6052090719354,32.04007851542602
209,0.4408622534544343,1161.762025956841,30.48961374964221
210,0.44295516415095815,1155.6168904069532,34.97719833053276
211,0.4450482683181851,1149.0271557739263,36.41590053739234
212,0.44714683875742495,1142.4710522434755,13.18986114871157
213,0.44924362280569813,1138.4928493228485,35.73851370765557
214,0.4513338633316258,1132.678931793187,22.132483963137265
215,0.45342753643259276,1129.2361945492817,25.6834567713722
216,0.45552189548586586,1123.702017127143,33.350482664672356
217,0.45761716616081083,1119.7754638971849,27.944568717755978
218,0.4597117909764672,1112.578355470746,31.441837353974915
219,0.4618031890496857,1105.7787988893247,23.80395994878005
220,0.4638995470730997,1098.8701003282347,30.996284204334252
221,0.4659948171464902,1092.7438184007276,28.34702057345325
222,0.46808929446972725,1089.4334595385235,21.24714313193856
223,0.47018492649495636,1080.4849682065808,31.00435141726175
224,0.4722792778491551,1080.2126804168365,32.90691717735626
225,0.47437272572904565,1071.3462362780754,24.664463561727107
226,0.47646593372141327,1068.222875780473,30.042777113233978
227,0.47856230727426236,1061.4070385343878,30.959235893344054
228,0.48065904058976644,1059.8601501716087,24.89563200589606
229,0.4827512226177774,1055.056159577886,29.464944769328227
230,0.4848441163240575,1051.471855677315,29.606878587428717
231,0.4869397730506266,1046.3647046329145,29.787931091665353
232,0.48903678813400875,1037.6707911934877,24.79502669538103
233,0.49113096964965397,1034.6805103340173,29.20166120480012
234,0.49322332174786626,1030.3710801659877,27.414693919472246
235,0.4953187148676145,1025.1506065599367,27.93288001336312
236,0.49741120358770496,1023.9786116015296,31.947840753028192
237,0.49950082345999325,1015.1338561388719,29.16092295372986
238,0.5015952506837275,1011.9383721900347,21.58884370993886
239,0.5036919972981919,1010.6910230291547,25.8553819478155
240,0.5057872116617207,1000.8353239517584,29.078699416080315
241,0.5078828569897101,1000.342655397269,23.366527839791598
242,0.5099793452386306,994.6573644441506,19.744979247515985
243,0.5120767256379639,989.9037586921651,16.581539886135573
244,0.5141702395931294,989.3617416559866,23.904853368295946
245,0.51626132102766,981.4319089456603,26.96994411921215
246,0.5183576899265504,978.9581537242608,22.46702638308411
247,0.5204524416424112,972.6915078434123,26.004175713171424
248,0.5225430403510469,968.7768369156747,29.780279783620497
249,0.5246378991347941,966.92945284804,25.433799551987416
250,0.5267345150769579,963.092183832127,19.229239631990065
251,0.5288284644781793,960.0134348354471,28.398904385463165
252,0.5309200047543352,953.9548719062282,17.66332048837068
253,0.5330154787982235,950.7702524931692,22.627095764941316
254,0.5351140455458262,948.200643208602,21.690864266071518
255,0.5372066203065362,943.172814665321,25.926907202321786
256,0.5392991990272246,939.7899693029167,21.72776926312761
257,0.5413944118270408,934.2480136691069,16.262235070672315
258,0.5434881995106379,930.7412565603759,26.38356138764771
259,0.5455829952492127,928.5433656395525,27.012451732387415
260,0.5476769745662954,928.4971238507648,22.918556894431575
261,0.5497697255495043,920.4941791321195,28.317421248240965
262,0.5518645446467839,916.7461805274818,15.699660886368356
263,0.5539598571350287,913.6608966376991,25.28943018615788
264,0.5560564538950566,908.2803770556548,21.80622457222833
265,0.5581500505101624,906.8868424079392,19.581425607689468
266,0.5602409063261653,902.2468823801153,24.179159652367037
267,0.5623379637803174,901.0769612267804,21.319289087324236
268,0.5644363283026402,895.1442517409511,18.99310505575189
269,0.5665273824761494,892.8845579656625,20.964536605805797
270,0.568621249018378,889.0362243352836,24.849065935582033
271,0.5707181447612965,885.189817191953,20.862026445457378
272,0.5728127938597997,882.4901322875285,16.77055082084341
273,0.5749070881546879,880.1415790172182,24.70633857792476
274,0.5769991470923068,875.9000645266941,24.03581873989288
275,0.5790956911760897,872.1139752343169,15.342894045302783
276,0.5811893306261757,871.239977186912,17.897803132007695
277,0.5832802267374103,865.9890209426976,18.5014020998493
278,0.5853761830306536,862.3140495305479,25.091529794970725
279,0.5874711784415975,860.040134199321,19.983574288374278
280,0.5895653958899879,855.290603034996,16.9943917565364
281,0.591659786459685,853.8340437753797,27.252176532003833
282,0.5937551851921442,851.709303388537,18.787567038410465
283,0.5958498092767481,847.1981329352003,22.175206707874306
284,0.5979447066705442,844.2855575997326,23.24961021930406
285,0.6000383505174957,842.580016865222,24.397770242462283
286,0.6021313016181767,839.106462786523,21.479955881291204
287,0.6042246965556944,834.6669546210591,22.214743280763695
288,0.6063189733697846,833.8723524685067,24.743876710915227
289,0.6084147213727373,831.1827027886595,21.119107779305526
290,0.6105090855473989,829.5635727888761,19.994981247439974
291,0.6126037649785722,822.6472704961949,25.152254013322736
292,0.6147002391370655,821.6100831678834,21.684930395182167
293,0.616794938930829,816.6059880302925,13.926933794844608
294,0.6188886865784012,814.7185046740198,19.478131210630433
295,0.6209825762252046,810.6171603275142,29.80226682699613
296,0.6230764414889526,808.449019469525,23.919279388533834
297,0.6251725389343245,805.2215342894178,22.858342310476573
298,0.627266923011265,803.9041723792618,17.087497749894585
299,0.6293596211388142,799.5887676965069,21.719229130151692
300,0.6314513250607457,798.2956268839546,25.086623264082867
301,0.6335475720513941,794.8269421838539,16.27905592788334
302,0.6356444982495617,793.3606008995646,21.41684135899562
303,0.6377358562255245,790.6135965548137,18.635520955547697
304,0.6398302949107263,787.7702088645652,19.256646476704073
305,0.6419256185614247,785.2806577290787,22.164927271067366
306,0.6440214843206593,782.0719878938584,19.46053274525476
307,0.6461142033434962,779.9552085828564,22.697359060026095
308,0.6482061138478032,777.2735505351206,14.757529064614364
309,0.6503020867345045,773.0326251662564,20.845769986655114
310,0.652398185537932,772.7246450673211,18.722265630117473
311,0.6544932048530038,769.6336246373131,20.835898889697066
312,0.6565867871776386,767.6368798981595,23.957409385363196
313,0.6586827890115348,765.7160265558629,16.448722214233477
314,0.6607793300725506,762.0711168562716,19.575507463579545
315,0.6628724964198541,759.6253166073151,20.453730660293406
316,0.6649654402217313,756.9508261859876,19.101751458956425
317,0.667059865407609,754.8204863537276,21.152071223367155
318,0.6691532523078332,752.4047791542981,20.901246196216604
319,0.6712457992597233,749.7036481868661,20.19857804242176
320,0.6733390782258323,746.6191487992004,16.79379785144012
321,0.6754367503383576,743.7930442060193,22.286878803869755
322,0.6775335143160066,743.5765842240385,27.262408219716484
323,0.679624621064033,739.2505906073567,17.67390629455797
324,0.6817180292738917,737.0679493036945,17.320967503749433
325,0.6838149015047629,735.6520325789536,18.19358142958152
326,0.6859101434268815,734.2773326171913,18.871809596419823
327,0.6880046468184081,731.6224842537108,18.540299013273575
328,0.6900999637264865,729.0397933143136,19.357091472915677
329,0.6921965733216279,727.4376454218719,16.498305212781432
330,0.6942884945981568,723.386504360873,16.411769303312397
331,0.6963781649531228,722.0522463283727,20.786229701785935
332,0.6984747371200234,718.5769844162796,20.648134323985662
333,0.7005690388882679,718.8842869696834,15.978195413778742
334,0.7026621579778546,715.1952388048943,18.12094868464815
335,0.704757268847954,712.1630692006249,18.753339862552515
336,0.7068509057629639,710.3992848285079,13.072349584768462
337,0.708945644402387,708.482186917128,14.945254589538198
338,0.7110406815970572,706.1012992722731,20.789878644658902
339,0.7131372373036142,704.7017787073806,17.13376325412404
340,0.7152323589250973,701.7071345894714,16.766585445404075
341,0.7173245162021571,699.0414167246333,21.511785822607003
342,0.7194199711852413,696.0555598753552,13.575506899594034
343,0.7215151322330351,694.767074276383,19.42298804795884
344,0.7236102334592447,694.4418655820086,15.271313165585756
345,0.7257047129497166,690.8932484581111,20.504660709032358
346,0.7277958825256088,689.5528110003503,15.472023620936021
347,0.7298900912292255,686.6996110060713,16.38694490494789
348,0.7319867159780691,685.8623716558368,18.02216397395913
349,0.7340808521059053,683.1594045156301,16.7529471551651
350,0.7361738853270124,680.905477003764,14.885114306520936
351,0.7382682123604443,679.0834365077095,20.33043373233989
352,0.7403641944498084,677.199914681927,20.193680429298563
353,0.7424576311971561,675.9836275361425,17.586969037037534
354,0.7445523870480827,673.6330346569462,11.222417302766729
355,0.7466478284648128,670.8669147630078,15.192748270260052
356,0.7487413917548734,670.2211261911443,16.483531173247044
357,0.7508354594737505,666.4846664279139,23.3716636975282
358,0.7529278056847568,665.1215202885419,14.98491908831124
359,0.7550230257904859,663.5486032671546,12.576496469440707
360,0.7571167923480437,661.3578943433022,18.786499659973575
361,0.7592113317151179,659.3531148846345,16.977395506205365
362,0.7613074731933067,656.2010646494632,15.156197745568024
363,0.7634009581307508,656.0288995764328,18.089348410391707
364,0.7654969266569684,653.1484270204711,18.017932576068286
365,0.7675905899780763,652.0093837262103,17.843871830535704
366,0.7696837880547684,649.5704370978946,19.952344023740576
367,0.7717795008463626,648.7303824085104,15.675794997509888
368,0.7738757788346248,646.4799459719801,18.49571142679723
369,0.7759706260990727,644.0382819491911,15.666646051465214
370,0.7780620795267656,642.9989229329259,15.734758117714227
371,0.7801559906208961,642.1738481822538,11.759755537055657
372,0.7822523136569128,640.1415596687347,16.489766282065993
373,0.7843481481853999,637.7836904969957,10.785548365114064
374,0.7864425511046899,635.6674416431931,15.811602206288901
375,0.7885343495966205,632.0560530818514,15.979615668787963
376,0.7906286372458883,632.7457578497706,17.608271517209495
377,0.7927244345313397,629.6296877854406,17.588422872030318
378,0.794818005513127,629.5083450738637,13.654696643102435
379,0.7969121491149282,626.9857810865087,14.143104030844391
380,0.7990047112993173,623.9303198084834,11.228104345081622
381,0.8010984966914405,624.1413216440095,16.949489866728964
382,0.8031950165575023,621.0878262637556,17.460335337696236
383,0.8052905677217739,619.4850655012599,15.632942933620708
384,0.8073868841230295,617.897425120755,14.083577176307887
385,0.8094800557409162,616.1412476043681,14.465550370903948
386,0.8115724907946299,616.0581234321307,14.048908099282794
387,0.8136674854006812,613.3099812518309,14.51765558311747
388,0.8157633267681768,610.7231260480877,14.94880122735111
389,0.8178572815764139,608.951441874755,17.524605858001326
390,0.8199509017046862,608.2493074388199,12.194635307165386
391,0.8220464110750062,605.9425897900768,11.778431831635785
392,0.8241406544737637,605.1481938339856,13.800894160214654
393,0.8262328397247414,602.6072059493807,13.122126051835648
394,0.8283269471334518,599.9981702983425,11.622035912673326
395,0.8304231064697798,600.1729344160851,12.238389011316443
396,0.8325161683796762,596.6147295935352,18.165693008430292
397,0.8346105557242035,596.6195729833934,15.597820933778666
398,0.8367059794413102,594.4637155646204,14.860614045108285
399,0.8388002445604258,593.2604789786299,14.356356807548122
400,0.8408960756111226,591.3030606646131,17.283069253704124
401,0.8429905652842218,589.4506873844515,15.51425371758467
402,0.84508401313589,587.2030288907675,10.546302446878592
403,0.8471791713809247,586.338335115325,13.516168443969658
404,0.8492743362825239,584.7777998250106,12.52453461773787
405,0.8513668888602299,582.138700688451,14.676757439705757
406,0.8534589296280589,581.8359720217921,13.661561197175685
407,0.8555558405338324,580.0536372141323,12.187106637093041
408,0.8576516874123633,579.1334916014322,15.734805458815922
409,0.859744590599333,576.9214620644618,13.50779490939084
410,0.8618400547669827,576.2310635431289,16.54223281477183
411,0.8639350434441438,573.982846640373,9.87783979703525
412,0.8660280248974203,573.2332404062214,18.885458267533043
413,0.8681201347325478,570.955759043212,15.120321367489812
414,0.8702157283801463,569.405364331659,14.953949120459713
415,0.872310621353091,567.4935198271924,13.632770801630555
416,0.8744020359703552,566.4996030566199,20.177165439092953
417,0.8764972088477568,566.5475544024384,15.07163676673651
418,0.878592835994214,563.5012270513167,16.342032725070222
419,0.8806870131084201,562.470006154034,15.41700290798785
420,0.8827812802431019,561.2164162634825,12.02880746316019
421,0.884877279658285,560.2378736132714,15.16422904375156
422,0.8869730004154345,558.3747527600433,14.376690394623196
423,0.8890661750433553,556.5254103455312,18.248990126079182
424,0.891161435679344,555.096198739216,13.866377003221622
425,0.8932577960179496,553.6539272807371,16.153984323006053
426,0.8953527392107627,551.8340444724755,14.431329290489483
427,0.8974462460666859,551.3367756473132,18.60738636802833
428,0.899539340962409,550.1757245714264,11.149670100982362
429,0.9016318169027592,548.7630442811835,15.29188711698832
430,0.9037252249745606,547.1603731803214,14.09155388857595
431,0.9058199443223193,544.9808728528513,14.392158206008125
432,0.907915243986348,544.0946367404782,13.757964911269083
433,0.9100128049501981,543.4942245219986,14.036827486150651
434,0.9121059966002629,541.280103075371,13.75771978414462
435,0.9141972861830797,540.1819387596692,13.607840758786283
436,0.9162932496702593,538.6750003535427,15.117162857356176
437,0.9183878012752863,537.3793914333381,14.637608098861403
438,0.9204823185419505,535.7219318123937,14.561914305028655
439,0.9225773629784582,534.6112053607969,15.045973913906318
440,0.9246718174739146,533.1056829217312,12.61991666573513
441,0.926766211900197,532.165720353213,17.228196569575697
442,0.9288591582540804,530.3706094677926,13.702079604305279
443,0.9309526610700547,529.6939629056257,13.458109606548312
444,0.9330479303067369,528.5121166052058,17.47136991856876
445,0.9351433527997749,525.792083803252,15.863230574577273
446,0.9372383527365933,525.0042492614904,15.643015463336035
447,0.939329757499591,524.478761957421,16.06495681479018
448,0.9414230571985791,522.5706640782664,12.94564169091655
449,0.9435210054806012,521.2041195273342,13.508407204778882
450,0.9456162503172072,520.4166276348233,17.740894647886364
451,0.9477100092887099,518.8993653958407,12.138943324035854
452,0.9498046323041349,517.9805458857253,17.10501169470349
453,0.9518991548408083,516.375113066085,14.671190514578527
454,0.9539929332702277,514.0177857359212,13.363189143984165
455,0.9560874898052096,512.8450615808201,12.931611609871013
456,0.9581824530689178,511.9285495289882,13.873504875239549
457,0.9602770371571748,511.2159793482384,14.585206040685831
458,0.9623710723241273,510.00448664825905,12.880462906378073
459,0.9644648349083941,509.05011700282984,13.716322406888633
460,0.966557887379011,507.6132338328061,14.632442824249933
461,0.9686513195291268,506.39420163209917,14.18568568696869
462,0.9707470393683869,505.2581998840875,13.25852103316968
463,0.9728419987888902,503.7239295540895,14.504925616435754
464,0.9749363451418961,502.4721018257011,15.760414550431486
465,0.9770319720978949,501.01237366505995,14.071967329976996
466,0.9791260608689247,499.9614213143049,15.001759881791447
467,0.981219993418123,499.5881096778571,14.178143223920312
468,0.9833154848012966,497.98741514365815,16.284286500811657
469,0.985409217900734,496.4660937205192,15.591614730757705
470,0.9875034929558208,495.68271110976167,16.40237891855542
471,0.989598845059814,494.17117069839304,14.062380934653028
472,0.9916925524589582,492.92299635882625,16.519511861202346
473,0.9937866222530743,491.7164894780499,16.408364834943704
474,0.9958822538585521,490.7384441212371,17.083083987004347
475,0.9979763461234663,489.14810276816445,14.565104236056476
476,1.0000687382803208,488.2109000240991,16.215086288483
477,1.0021620574674717,486.9381377274409,15.222972958850375
478,1.0042566040705312,486.56846628135054,17.535919540474143
479,1.0063510481087232,486.0373454959979,16.39165262891969
480,1.0084458017147504,483.96474359833064,14.903646095960267
481,1.0105412449330358,483.2191885426793,15.426020190952187
482,1.0126363206852906,482.32705847319403,15.65710989039066
483,1.014731689048677,481.3566754566528,18.958417932445393
484,1.0168251811607234,479.60204698127677,13.24124401302316
485,1.0189183181794257,478.9642560462931,15.100082125654527
486,1.0210135131858313,477.2963958432076,16.201998221333962
487,1.023107899818119,476.04251970935013,16.08709418625071
488,1.0252035642142994,474.964198204055,16.36865924894995
489,1.0272979326699727,474.4285901114412,17.250388569118446
490,1.0293915165160124,473.3150621300415,15.744657657141687
491,1.0314862118776227,472.58509386756623,17.11094412853577
492,1.0335813276438528,471.0086165377389,17.86469473969451
493,1.0356760372494827,469.6426932114572,15.94820764573881
494,1.0377697665518313,469.04072149130246,17.276855623163666
495,1.0398635542890804,468.0017638403679,14.176485926684771
496,1.0419580022733907,466.74702366614804,17.363445365881223
497,1.0440530837182007,466.4636370397494,16.131681846333645
498,1.0461463909219801,464.56324780070446,16.68765838709888
499,1.048241289239942,463.26571556755147,16.44842713238376
500,1.0503346504195201,463.0637952075628,15.090849970539194
501,1.0524278880438542,462.08182267312657,15.034751238584345
502,1.0545231057279465,460.88331416283194,17.978698480242084
503,1.0566172205725972,459.45723489538364,15.121533808876237
504,1.0587125681053644,458.4603406240637,15.706644740294939
505,1.060806974942881,457.84575783963123,16.29953346868102
506,1.062900937291859,457.1995124740867,13.310765282549717
507,1.0649968400029963,455.39449245005807,15.87001390596844
508,1.0670917748856612,454.2909530894275,17.67558778441464
509,1.0691837840599538,453.4956089632341,17.277716894152217
510,1.0712784055790137,452.3582816694831,17.854923841188082
511,1.0733741944109443,451.66048021969243,15.18184188391691
512,1.0754689143080451,451.0123375477205,18.101362543353005
513,1.0775625935653539,449.80204069603246,15.845715682539645
514,1.079656551776009,449.60820579812287,16.89582812344929
515,1.081751759033872,447.0214163462808,18.376147423041616
516,1.0838450038800544,446.3240171771817,18.072278158757907
517,1.0859393346043436,445.8317915079817,18.36996246382288
518,1.0880340737032612,444.64202565543394,16.381350980388383
519,1.0901280973397867,443.79014363602636,17.01319926397761
520,1.0922232205093443,443.6020051130088,17.42480763609399
521,1.0943183198095006,442.20602266114236,15.982713137187341
522,1.0964124680620808,441.4428703722842,16.94086205906907
523,1.0985066965945804,440.415093395656,18.02267394319268
524,1.1006022506925348,439.36765638102906,19.876512197308415
525,1.1026960746069068,437.8783327882566,17.803865003594026
526,1.104789420523433,437.00818821432324,16.83938540390425
527,1.1068841457204943,435.81743221012374,18.879653414498534
528,1.1089772649904681,435.5687363816913,17.325647373639843
529,1.1110723868790173,434.39876755455725,18.201957471240675
530,1.113168427194727,433.6513630333259,18.957861133707066
531,1.1152626776337078,432.7717779641791,18.273225307481383
532,1.1173574051129724,431.4756620825215,16.988174069524458
533,1.119450573697561,431.69013645730485,18.793166432031125
534,1.1215436337779248,430.3030801713073,20.14546260949379
535,1.1236390334415942,429.4502449241406,17.780615943810716
536,1.1257332200225998,428.38952741239933,20.007408831355658
537,1.1278283378211404,427.51515632997564,17.64258263889622
538,1.1299238131648552,426.90465459249333,18.976027654526664
539,1.132017447124327,425.28705099033266,18.33138045074808
540,1.134110650036949,424.7061169648362,18.65641211101301
541,1.1362036259959787,424.16107487990644,18.946351518951168
542,1.1382991427598659,423.2764960918311,18.616817410417973
543,1.1403936066737896,422.223132307228,20.489978887889063
544,1.1424878264606209,422.1647554522764,18.67853051002846
545,1.1445836717483504,420.7999463858119,19.03536885983801
546,1.1466778755714095,419.818201760482,20.818729797962312
547,1.1487715351237628,419.02755308168094,20.009106735095077
548,1.1508672245306748,417.9451451152894,19.61137118653578
549,1.152961670034179,417.37704746872214,19.037345306804397
550,1.1550551275418117,416.41770377584015,20.312430417925896
551,1.1571500620004906,415.9796837853591,19.784402635978598
552,1.1592451155989445,414.51669108083416,19.00491148433744
553,1.1613401484055899,413.9811835914455,19.496560149207003
554,1.1634328135986687,412.7712531108223,20.784806184734055
555,1.1655280225544649,412.5099813837907,20.062090202114746
556,1.1676232414157608,411.68507406963346,19.616535600171723
557,1.1697157183635434,411.2201323563821,19.979950571165265
558,1.171809765164966,410.0761672387382,22.230330747570793
559,1.1739036754657965,409.70865001632694,20.6103779862992
560,1.1759974618047027,408.4144208313393,21.88882047248255
561,1.1780927342002254,407.82850321416566,21.79250198560315
562,1.1801886215978319,406.9819822084413,21.083912046022597
563,1.1822824649467334,406.01421419250846,22.74145546558909
564,1.1843777187054296,405.82717844430385,21.083521836386783
565,1.1864731317277017,405.0972228532304,21.658951128170393
566,1.1885662199882188,403.5793066371989,21.013518449815724
567,1.1906603290984812,402.9555390220706,23.392954286802237
568,1.1927560449071208,402.37069495795583,22.858013831674302
569,1.1948501301675682,401.2597693994688,23.225260352976015
570,1.196942866326464,400.9291474461104,23.162581618717258
571,1.1990363434731066,399.8873783216063,21.887407576433297
572,1.2011315528209288,399.64373092786985,22.285449964558968
573,1.2032252726398727,397.83589843563266,22.124070348215295
574,1.205319131714267,397.4782758484585,24.52079389091612
575,1.2074143429200774,397.6893000996247,23.65830212467307
576,1.2095073316728018,395.83444467946697,23.898643568948593
577,1.211602159357548,395.7280986982447,23.531028963200733
578,1.2136984428310558,394.8778057047038,22.911960876955558
579,1.2157943340364452,394.613970459599,24.66019524688228
580,1.217888268816351,393.3029671766503,25.08489992346245
581,1.2199821909033837,392.6933086852818,23.81715940607791
582,1.2220779372220854,392.4535723398298,23.741963777931794
583,1.2241720630448372,391.4713892336275,25.668691175378605
584,1.2262656486341297,390.7867466187435,27.362840840921415
585,1.2283602712023978,389.91153761249456,26.20157708240382
586,1.230453847781421,389.4982358922924,24.454926337474298
587,1.2325484279288663,388.0434627274162,25.875652094106737
588,1.2346427330328844,388.414521704033,26.44810031346733
589,1.2367368340043534,387.25577040372485,26.57978189929627
590,1.2388320989568682,386.61059945870323,27.64873528187549
591,1.2409254956441091,386.0013803020655,25.612272301889057
592,1.2430201387037565,385.23226555860936,28.63936315845923
593,1.2451147141570293,384.7260213334667,27.810244470060816
594,1.2472087367784284,383.7541655060632,27.780214362391263
595,1.249302614173833,383.0992065443249,28.19141313805364
596,1.2513971052845823,382.60814639187754,27.878363194296824
597,1.2534931066319515,382.10309636603006,28.920306833808013
598,1.2555863817711985,381.0163529631638,29.434116142751517
599,1.257678969059161,380.514293987128,28.819272216523522
600,1.2597748382104277,379.6556682422763,29.085820166842655
601,1.2618698898493887,380.0159543088061,29.31621129137869
602,1.2639640740660565,378.30971987828104,29.98870561364077
603,1.266059176034634,378.1176913839335,28.781636806619538
604,1.26815329738596,376.9178089599904,28.686417785756888
605,1.2702469827768745,376.9257011547724,29.535375737765676
606,1.272341439773769,376.5761077447179,30.002257870833155
607,1.2744361591580655,375.58274385179493,30.075207170024296
608,1.2765301570381213,374.86793493355776,30.89228375267037
609,1.2786243195908502,374.8086544685836,31.141737522643744
610,1.2807201779848052,374.1577470348445,31.079404104836023
611,1.2828149770647865,373.2433133027047,29.445516407999566
612,1.28490831046805,372.7025712972428,31.761202490074364
613,1.2870024746125797,371.7854963786228,32.12031630282844
614,1.2890960788179595,371.0072331124964,32.665637539631525
615,1.2911903407610128,371.0665924706923,31.570463068305305
616,1.2932847299377603,370.285963594017,33.53758143151554
617,1.295379834193548,369.30057225002986,33.25783088041947
618,1.2974743412448833,369.0737477360763,34.47078613239675
619,1.299568838606027,368.4580327052733,34.59813345801534
620,1.3016640567270552,367.7044643207147,34.023574994595656
621,1.3037578272673165,367.3566473390471,36.788030042870865
622,1.3058518980796576,367.21431450874604,35.97355099715114
623,1.3079469520711469,366.40321544008776,35.74530512407167
624,1.3100414674631762,365.55250759149135,35.27785735031162
625,1.3121343419146885,364.9322456130921,35.835528147540984
626,1.3142291157646366,364.77002127571984,35.96968249603427
627,1.3163249547628966,364.48406865523566,36.94656221740656
628,1.3184204308819243,363.4129921465334,37.222452244823714
629,1.320514045081714,363.4289176917245,37.10865407745164
630,1.322607731116918,362.4941350211013,37.87968979808968
631,1.3247030067977636,362.23442682654604,37.547798438602904
632,1.3267964975071294,361.5860173359905,39.992955772882574
633,1.3288900457896358,361.559801704172,39.486456379711896
634,1.3309846323229146,361.0716797669496,39.319882435902855
635,1.3330795391690438,359.9190757820091,40.735890569400766
636,1.335173949560825,359.68922901347383,40.11607807552049
637,1.3372672428845813,359.3516168369168,39.78199947848477
638,1.3393616502777206,358.843821125933,42.656600195538054
639,1.3414564546808454,358.5947568349548,40.93453640528144
640,1.3435497634465539,357.6166404303481,41.440622339687785
641,1.3456439095281743,357.2851319853061,41.63225491536328
642,1.3477398961804745,356.9962817738673,44.12552601406622
643,1.3498356331361778,356.1272085549501,43.20764966615452
644,1.3519291222201564,355.83056509121593,43.31984979579075
645,1.3540221824451044,355.32369866349126,42.87596177612566
646,1.3561174165883387,354.8713796845878,44.060172390480176
647,1.3582118000666776,355.17386230287485,45.556617053110436
648,1.360305548489477,354.35414496218124,46.28493506131156
649,1.3624016471705516,353.78997428558665,45.806337375057375
650,1.364496581524498,353.2867461371249,47.126503702266554
651,1.366589927521404,353.15728369805095,46.218271323381394
652,1.3686839345616666,353.04474055927295,46.69137516214105
653,1.3707785136744248,352.4516751368081,47.319405582874914
654,1.3728736781569988,351.46625724919295,48.14424245484683
655,1.3749673745335222,351.4700487406971,49.18517682389634
656,1.3770602631292597,351.10147934978437,49.308550043285244
657,1.379155717578164,350.6577685091762,49.90712315935635
658,1.3812508039107998,350.2416402886018,50.12070057360153
659,1.3833453325862841,349.79647572798535,50.47022818162424
660,1.3854396647384786,349.5543329106361,50.94089999658938
661,1.387533616953471,349.17552262995054,51.47314003830265
662,1.389628935147901,348.38661118194085,52.160405577148715
663,1.3917230672721894,348.19139040886074,51.53424819848462
664,1.3938172778813163,348.04596922598097,53.99085564971149
665,1.3959128506087028,347.9201101328335,53.992294740566244
666,1.3980069894682674,347.5377838449623,54.77865549525643
667,1.400100032768225,347.0425529731183,55.408696045512166
668,1.4021942273095422,346.4910931744399,55.757017968528245
669,1.4042879724639459,346.1247518302845,55.464203402780065
670,1.4063822250727482,345.70752308412074,55.142025969779176
671,1.4084777998796327,346.0241870697571,57.532556330580114
672,1.4105725454065003,345.53245883501705,58.75309351965563
673,1.412666035757187,344.7594463540518,57.327604509797546
674,1.4147597581950535,344.6315212386658,58.588738371843604
675,1.4168552493745823,344.3402100918471,58.99577359736392
676,1.4189502707585735,344.10701952066216,59.50809079236717
677,1.4210439871962917,343.9222166167012,61.44020348652772
678,1.4231379588066748,343.3632791342019,61.71515457407929
679,1.4252323843784174,342.93498254296503,61.72102830076945
680,1.4273263645812686,342.9843684579722,62.6349116674961
681,1.4294209343777806,342.7433846216162,64.08488063294396
682,1.4315160587565352,342.21825629378486,64.04742381594998
683,1.4336101809254245,342.10275582672983,65.01799971254609
684,1.4357047233292217,341.92662510573723,64.69082273708756
685,1.4377991034950037,341.49976458823255,65.47858861268901
686,1.439893269172154,341.3464306947079,66.17448709050106
687,1.4419870983325702,341.3784433015179,68.16681149191821
688,1.4440820971476513,340.66274125785304,68.87359803415114
689,1.4461780146809415,340.59753716587727,68.99518297834187
690,1.4482723645441788,339.9976003562926,68.9076332850977
691,1.4503661519067539,340.1039401849902,70.12539438856673
692,1.4524608997459605,340.1946133922396,71.27193241013687
693,1.454556191478353,339.7756684521143,71.19324151397822
694,1.4566505605195028,339.6592135263212,72.80601031580763
695,1.4587435672120013,339.59326329986663,73.36961296063295
696,1.460836376274075,339.14721602012605,73.71421329266187
697,1.4629315024559504,339.03223873405545,73.0381358761663
698,1.465026115161985,339.0763578721672,76.12737073915523
699,1.4671201905708728,338.3627059802855,76.42105999399394
700,1.4692142550197365,338.67684597690317,77.85626283678663
701,1.4713085109511452,338.1979848513211,78.47638455032188
702,1.4734040883627781,338.1695689396568,79.03086207103749
703,1.4754983077923518,337.8873897045432,80.51761604132898
704,1.4775927333883283,338.0763015904461,80.19309144054391
705,1.479686516386449,338.0825901268962,81.96687020002089
706,1.4817805445745025,337.19123558099295,82.78614569799679
707,1.483876051193717,337.3573240844977,84.02503923030478
708,1.4859713583510508,337.5631130529888,84.05601129669581
709,1.4880662760111125,337.38001683164566,85.02914872050548
710,1.4901603423423662,337.06241365196945,87.3662220339518
711,1.4922546168830801,336.95699514374223,86.2456025536194
712,1.4943493508016918,336.730708950858,88.19345750678474
713,1.4964436549031517,336.57002795181194,89.31751778894409
714,1.4985372426394363,336.837366900908,89.82088823962759
715,1.5006303537214591,336.68624346497546,91.05891954865085
716,1.5027246941647125,336.7472123293212,91.62622094207903
717,1.5048198674391857,336.683830311314,92.79222683888713
718,1.5069136003861163,336.49383613630846,93.81172728413094
719,1.5090076377683221,336.91335779997206,94.65939282679577
720,1.5111026723067662,336.27747897064523,96.23368668428043
721,1.5131971028762412,336.35562285179714,97.47979935575422
722,1.5152912609041667,336.37443327862235,98.00959964460327
723,1.5173854934463344,336.62034321224695,99.54041838659934
724,1.5194808793753787,335.9913296430676,99.37743652578484
725,1.5215756259285513,336.1396838375362,101.50756120733107
726,1.5236695807770564,336.61198216424106,102.84760487800979
727,1.5257641081783464,336.599216052899,103.92413884967159
728,1.5278584873608179,336.3365208076956,104.152822617973
729,1.5299536435991428,336.4436660209636,106.46024996909378
730,1.5320476585044298,336.3291708945074,106.8239515760325
731,1.5341414384393777,336.2558740289348,107.65683506323353
732,1.536236950937659,336.7037971070132,110.3894030360871
733,1.5383317033374695,336.945588158787,111.0740343624886
734,1.5404255753841434,336.53166094035123,112.64142365638737
735,1.5425198393431812,336.6617076798132,113.03746820639064
736,1.5446136227526486,336.5377501845598,114.61843485493358
737,1.5467072285753283,336.6976455493426,117.43276167079662
738,1.5488013111816905,336.6388012020984,115.32352477228243
739,1.550896674249749,336.93545961061244,118.04802436611567
740,1.552991701547339,337.13608728925635,119.71402364790077
741,1.5550856629518366,337.40036359327695,121.3138566883917
742,1.5571801051512508,337.1289875914553,120.73072173696109
743,1.559274417579796,337.4011339366366,123.65587103554111
744,1.5613691533539047,337.83075653172676,125.13616931801793
745,1.5634631934261796,337.776894122371,126.0316746576771
746,1.5655577892497892,338.30353284262384,128.41352592827323
747,1.5676527275763066,338.1392924167482,128.33261675487216
748,1.5697461748764228,338.3021147530583,130.89408602191563
749,1.5718402189801153,338.8667778957674,133.03238139861088
750,1.5739346218160084,338.7261360550645,133.6154442698323
751,1.5760295037244485,338.92506207967676,135.61366409162372
752,1.5781239238326052,339.1535005962675,136.6685358408088
753,1.5802176736109215,339.63569340420463,139.50926620464918
754,1.5823123941098438,339.7577665826107,140.2688709562943
755,1.5844068047546922,339.91370500177294,141.0415626129896
756,1.5864996832696292,339.96682036054233,142.99906753716775
757,1.5885944598128996,340.39039096897943,144.64214992241693
758,1.5906903325437156,341.0029470094552,145.76257057807533
759,1.592784689092666,341.2804185648706,149.00317867171603
760,1.5948796873290236,341.3589852661383,150.95853458100962
761,1.5969745597395735,341.3555074997116,150.7553058873236
762,1.5990689218084002,341.71466836531755,152.8937340646219
763,1.6011633213632455,342.1582895860211,155.54972847182384
764,1.6032577776043084,342.45001644760225,157.01517008304546
765,1.6053514020964894,342.7534308145613,157.35810281107342
766,1.607445093072501,343.2435238124828,160.26078616802312
767,1.6095393086936036,342.71507095119574,155.79982417982632
768,1.6116336711357766,342.8029762145281,148.00056130145333
769,1.6137279918528686,341.94683418818227,138.0869228501657
770,1.6158221116449558,341.34219863552823,131.75836774036836
771,1.6179176229648538,341.2144374586327,121.12026549051497
772,1.6200131612431772,340.5920327062087,112.91771828924152
773,1.6221069236192778,340.3058929295102,103.23274409037275
774,1.6242011307622557,339.8908832909914,96.55535990271201
775,1.6262960841945175,339.1878967181832,88.03436591052743
776,1.6283896203498047,339.19417703259865,79.83603819733042
777,1.6304834947928883,338.260861897786,72.77583151114125
778,1.632578127710653,338.12461104089437,65.10659412250268
779,1.6346731813158608,337.9523879518999,56.19521197528267
780,1.636767172365261,336.8804615442515,48.32317051086897
781,1.6388603779595408,336.45227455887505,41.113833837291985
782,1.6409563605892468,336.2836551697733,33.14397095708652
783,1.643050621284035,335.7295979215072,26.35608861056956
784,1.645144102645386,335.63844827358594,17.59633327304247
785,1.6472395726584623,335.0852597350464,11.730169336982122
786,1.6493331318477138,334.41193577660164,3.84251305376127
787,1.6514277435583298,334.2965291240347,-3.537789306735897
788,1.6535225655624404,333.95486052040985,-10.124193011444648
789,1.655616100487628,333.3829676505311,-16.280157634603814
790,1.6577106071833263,332.7284245439574,-25.19444518832206
791,1.6598050724476994,332.49285856259075,-31.531723515311242
792,1.6619001395524664,331.99895333650846,-38.01483508735402
793,1.6639948642035431,331.5665211204334,-45.32262697849303
794,1.6660882997554614,331.2564041105584,-52.80250222641211
795,1.6681827329415837,331.18210987504983,-57.21025454772597
796,1.6702780557373313,330.5826190879238,-64.67021494568176
797,1.6723710846745943,330.6120457061222,-71.22411166410564
798,1.6744651718920411,329.91874058796986,-78.26237675780138
799,1.6765602044792516,329.25081120271767,-84.3319224324635
800,1.6786535596079524,329.2913047953179,-90.48382191381924
801,1.6807491745425278,328.91826032087283,-95.8441333815561
802,1.6828445761171116,328.51338972082,-102.92015376162449
803,1.6849386388007168,327.66908498023093,-108.51930930973869
804,1.6870339476475265,327.8773810081419,-113.404841015678
805,1.6891280758541645,327.4585530995962,-121.13775100899291
806,1.691221272327691,327.3920846699294,-126.58467050084082
807,1.6933141346742315,326.3147850033843,-132.19177272573563
808,1.6954090930463133,326.2033214761252,-137.1046549927264
809,1.6975047078021417,326.0815466839811,-144.20828746078288
810,1.6995991246970055,325.79179265786536,-149.29229278091935
811,1.7016934918813407,325.5881609447939,-155.4965642251732
812,1.703786903721137,325.2161960156473,-159.41477222542025
813,1.7058818292953146,324.6875918492718,-165.1927755893972
814,1.7079768740006063,324.35733075430045,-170.5184853760157
815,1.710070845319196,323.8880710787223,-176.70540866750235
816,1.7121645316176712,323.8326822396167,-181.9332171334807
817,1.7142597272321454,323.47104190803816,-187.6073127717014
818,1.7163549406546734,322.98644234335535,-192.05580524771676
819,1.7184482195940645,322.96862268812015,-197.175631454908
820,1.7205423072627637,322.35658848445775,-203.89819292394307
821,1.7226374847113666,322.49865993773557,-207.25500300347565
822,1.7247323233526113,321.8753187712101,-212.01135069039978
823,1.7268266901810085,321.63874583297974,-217.24443455977675
824,1.72892134476467,321.44204056816915,-222.0455733571383
825,1.7310153629662073,320.8012381260896,-227.15439381176367
826,1.7331087353021186,320.98716623177125,-232.16925895057358
827,1.7352028820270462,320.33665300801965,-236.45690517050247
828,1.737297419510233,319.94395341427025,-241.4965804814542
829,1.7393924268721555,319.9352647934321,-245.77464708860472
830,1.7414865202316776,319.6625557316481,-250.44658777243475
831,1.7435798385311778,319.5171050999743,-254.93755450201752
832,1.7456747741592018,319.2009692735279,-260.11372106391866
833,1.7477707733578058,318.79737457855146,-263.6181009342117
834,1.7498644151299778,318.49361524002387,-268.71209074599386
835,1.7519579294274097,318.3512499852727,-272.9992658040812
836,1.754052537005875,318.04077243462115,-276.8262270135982
837,1.756146014277543,317.731858722344,-281.4533760363781
838,1.7582399685899122,317.6986904191573,-285.35649396854467
839,1.760335124398212,317.37361663847844,-290.779937526632
840,1.7624306374180432,317.0723652949982,-295.1721353626334
841,1.764524733445493,316.7474938586801,-298.8319959575788
842,1.7666195957988082,316.61217687656216,-302.44492024032735
843,1.7687146552767006,316.1278887183062,-306.0972669007777
844,1.7708085687106505,315.73370405618124,-311.29318495709725
845,1.7729026984403262,315.85240941486325,-314.6780709960234
846,1.7749968373222131,315.7776187673348,-319.6390097857179
847,1.7770919795414395,315.0902845858322,-321.8310981188591
848,1.7791866891650514,315.16828272514823,-326.5513955416425
849,1.7812805740714612,314.6679515343092,-330.3383240941702
850,1.7833749145944944,314.62566376351646,-333.56719317513847
851,1.7854698174814119,314.6145228400748,-338.0901502683608
852,1.7875649050000997,313.97766261889626,-341.1646646716179
853,1.7896586091751823,314.1027536076854,-346.46610694302433
854,1.7917528105223397,313.83748836729796,-348.86807880713576
855,1.7938472619734778,313.58251149581025,-352.2527366592207
856,1.7959410333998334,313.6576144646716,-356.5255547060085
857,1.7980353139963554,313.3215509263797,-360.4292743569292
858,1.8001292949050451,312.9586750016903,-363.5393857411906
859,1.8022240144636215,312.77886294318347,-365.8671211475548
860,1.8043180357006787,312.8760329397739,-370.7778780780432
861,1.8064120149556366,312.419142940252,-373.9495282590135
862,1.808507216693214,312.26934353291165,-376.8321832230897
863,1.8106012235056632,311.92368353251874,-380.5810831484872
864,1.8126961076333348,311.81079920985565,-384.20116652080253
865,1.8147906359659112,311.57498292050724,-387.49050070299415
866,1.816885013662702,311.8626077744865,-390.7157135403104
867,1.8189799788179999,311.1978830526465,-393.6490147816768
868,1.8210733357472892,310.88921942646516,-395.2007890219303
869,1.8231675363973032,311.2069373922868,-401.7842636893789
870,1.8252628639859947,310.9663793424881,-403.4763054635645
871,1.8273578690890415,310.84197702972676,-406.1249351807331
872,1.8294529153678178,310.499562338938,-410.6026456601385
873,1.8315468366202061,310.4989831596726,-413.44392722982184
874,1.8336403420201965,309.86549404861535,-415.78258909322943
875,1.8357342642631629,310.1631805255043,-418.92046840669366
876,1.837828606636473,310.09617427595555,-422.0574182670188
877,1.8399232687279,309.9621400677021,-425.6157300338002
878,1.8420169361094605,309.9556291408923,-428.3854301273048
879,1.8441103454239045,309.85335842384734,-431.7663088202239
880,1.8462047113551943,309.9090420922094,-434.5265943986285
881,1.848300337583767,309.6562836775112,-437.8972024607418
882,1.850395118058644,309.25465556517173,-440.3040303425846
883,1.8524895015648957,309.6403334902209,-442.96299211909434
884,1.85458435317291,308.78612088873996,-446.4577541848306
885,1.8566786691854407,309.0987883284726,-448.89126955824844
886,1.8587722962005393,309.14881412678477,-451.02202627286107
887,1.8608667292143481,308.84132544823245,-454.76959650962164
888,1.8629623979972338,308.8658693259339,-456.7637865612332
889,1.8650575007618033,308.7407704808031,-460.22772899153273
890,1.8671515757398978,308.4273150943257,-463.6496165588545
891,1.86924567270883,308.1699719395358,-465.35811766792136
892,1.8713402290883943,308.25362718755036,-468.29255125045705
893,1.8734333441485889,308.40962072723187,-471.4434780546779
894,1.8755274569663687,308.30348995634927,-473.1933071397664
895,1.8776226584010878,307.95068135760096,-476.03442671219227
896,1.8797156234954413,308.20700884494613,-478.60577847437446
897,1.8818097674713492,307.7806761116163,-481.2835504812765
898,1.8839051205157094,307.6954718092654,-484.24368675767676
899,1.886000042933448,307.79292985319205,-486.11942732660225
900,1.8880949075451439,307.71555635564306,-489.41172037414606
901,1.8901881584759161,307.4991761983632,-491.3510329957094
902,1.892283217936019,307.4331813843686,-494.8127877688381
903,1.8943782680554568,307.49778232023266,-497.0048311029335
904,1.8964720473710392,307.6688693663235,-499.1153912739604
905,1.8985668668489433,307.5129773213904,-502.5745620034606
906,1.9006612809862096,307.82729990700653,-504.7598452902989
907,1.902755719587151,307.41551910852536,-505.94904173972276
908,1.904849757588545,307.7785305815786,-508.98783687794895
909,1.9069430754605277,307.18342718980296,-510.4967799966453
910,1.9090378340013505,307.1819062498628,-514.887377190386
911,1.9111324914183263,307.39718251266396,-515.5094260922762
912,1.913226965923519,307.858428070333,-518.9712472129868
913,1.915321381331026,307.22190173890687,-521.2577850695506
914,1.9174162748437817,307.44951123065107,-523.5674287931072
915,1.91951096404297,307.5897132178846,-526.2765885270694
916,1.9216039358616672,307.2504820158621,-527.0819523325549
917,1.9236986253914137,307.5231834895242,-530.292237202393
918,1.9257933066276691,307.02740475511365,-531.4211738203194
919,1.9278873651498682,307.30245254226634,-533.9831261441724
920,1.9299807661659822,307.0489980439391,-536.385181768978
921,1.9320760482648573,307.38270232409735,-540.1976000131041
922,1.934171767524072,307.23417300814276,-541.6496001511431
923,1.9362651059315399,307.65591173816586,-545.1062600167
924,1.938359138419254,307.6230809696631,-545.5743135309766
925,1.9404538735984294,307.5843170283878,-549.4335651510808
926,1.9425479146608418,307.54868826554963,-551.4325818296346
927,1.9446418189559174,307.85063992829066,-553.1555497553211
928,1.9467371502259871,307.592015437839,-556.0311564226034
929,1.9488329760684335,307.78644669827776,-556.5286714576637
930,1.9509268120448882,307.54894592976194,-559.4048499750782
931,1.953019609354344,307.86660824536995,-561.5323752508502
932,1.9551147244404972,307.9985626440535,-563.6772581495513
933,1.957209950604826,307.8375026881581,-566.3415136161278
934,1.9593041179655175,308.1446959145359,-568.0843955606991
935,1.9613980124620214,308.1341995387403,-570.1661784446965
936,1.9634920823781827,308.0189589685154,-572.3441530533792
937,1.9655870316775599,308.38491974121007,-574.6626616421044
938,1.9676813106463258,308.47702253403685,-576.7287020236746
939,1.9697755380711686,308.56354919841056,-578.980473265505
940,1.9718704076888727,308.60655105697424,-581.4975152118504
941,1.9739643213778544,309.0009315255242,-583.4698643536218
942,1.9760582139073395,309.19301179397405,-585.6898914887402
943,1.9781533744008393,309.2690895846857,-587.6514998389304
944,1.980249297656676,309.2126217849507,-589.4198730564975
945,1.9823436902775773,309.5888076937082,-592.9730722257135
946,1.9844363854611324,309.2420835344769,-594.0276910550122
947,1.986530057736426,309.7531498623568,-597.5832197580402
948,1.988624138262085,309.8369241951176,-598.4303724150801
949,1.9907191302641989,309.89923912520953,-601.3891949258232
950,1.9928140678397719,309.9589726945917,-602.7506840613411
951,1.994908057158038,310.0024740581992,-604.3940280576854
952,1.9970037235567513,309.70451133883375,-606.4238987292414
953,1.999098539119481,310.53013038329004,-609.0602000153941
954,2.001191245179364,310.6218262089316,-611.7281536860303
955,2.003285465781134,310.3629929147807,-611.9025864949859
956,2.005380090953843,310.93598119728136,-615.0738105344864
957,2.007473757612322,310.8631547249273,-616.7711360475043
958,2.0095674385752345,311.3689518196903,-619.3278754016719
959,2.0116620669227445,311.0904997322141,-621.5398450583054
960,2.0137574654124313,311.93937032420195,-624.151727668472
961,2.015851542299029,311.9164087041602,-626.4647075522363
962,2.017945842236743,312.10258545288116,-627.5716923782811
963,2.0200414078173843,312.1954907581085,-629.3426949249646
964,2.0221364472105585,312.392594661063,-632.6182826750719
965,2.0242304661583193,312.6653285834763,-634.7568327373259
966,2.0263241213554704,312.6831459206027,-635.9046587519467
967,2.028418169537371,313.2672555929577,-637.5671659240037
968,2.030512126699397,313.43534263820385,-640.8624330897077
969,2.032607257696191,313.59877702152926,-642.2784403090403
970,2.0347026748788237,313.6521539772027,-644.0516806155753
971,2.036797432049628,314.0354358656933,-647.4614898054102
972,2.0388917803566513,314.91954660499135,-649.4826245295139
973,2.0409854404727548,314.49221037020715,-651.1586544310973
974,2.043079158497923,314.82660180062504,-653.3015090804118
975,2.0451737042342053,315.08865102220375,-656.1703705566509
976,2.047267957686092,315.58063019428556,-658.5034572561804
977,2.0493625921646865,315.71123151831887,-659.8999949847665
978,2.051458159400133,315.7592420002062,-661.8955349990727
979,2.0535521918605197,316.3549785497524,-664.0242394763812
980,2.055645062675616,316.627587082643,-666.1865618663445
981,2.0577393587752955,317.19339366098296,-669.1928598499376
982,2.059834437786395,316.97072027806644,-669.6701163773276
983,2.061928055170489,317.2824531694215,-672.884940330671
984,2.0640226957402352,317.673026610725,-674.3798302300423
985,2.066118258189404,317.96494987292544,-677.1112329189945
986,2.068213196804832,318.3904312548897,-678.5247262984561
987,2.0703072818107917,318.7881167407982,-681.419587377602
988,2.072400931462771,319.27264126530156,-683.8234037020883
989,2.074494103322103,319.52262280202757,-685.9841426982176
990,2.076588647294614,319.83570818037373,-688.1155807331536
991,2.0786837571325223,320.46739600924104,-691.4364244146558
992,2.0807786951127576,319.96063418985676,-692.5177372466446
993,2.0828733611799306,321.01318122719164,-696.0623435543973
994,2.0849676047315464,321.12688591731524,-696.8948921295911
995,2.08706191167589,321.48460009223953,-699.8296715757945
996,2.0891552570733616,321.86311215568105,-701.6743977068587
997,2.0912498961643236,322.41806118309205,-704.5145109581032
998,2.0933446561638878,323.0306385737669,-707.124083051277
999,2.0954387435644386,322.93831095675296,-707.0917928705051
1000,2.0975335870618825,323.50008475612634,-711.5022084838394
1001,2.099629070349723,323.95597033517095,-713.5129433494849
1002,2.1017228492895934,324.1163433732178,-715.3729147170726
1003,2.1038170482062775,324.3980130235252,-717.3437710219943
1004,2.1059122372778973,325.426126098711,-721.8373315756876
1005,2.10800554057148,325.07993849068487,-722.3106154125957
1006,2.110098599114947,326.0406060602646,-724.9694451394373
1007,2.1121927216235163,326.36961220637113,-728.0475840568122
1008,2.1142879182187984,326.9773331042892,-729.8439466838915
1009,2.1163820759811065,327.36422928437287,-733.7329441700457
1010,2.118476597123504,327.46603797834484,-733.3908930243675
1011,2.120572077635568,328.24639100374304,-737.1388699184301
1012,2.122666143506846,328.30791888562345,-738.8740613198277
1013,2.12475947440395,329.4059005707002,-743.4360474639584
1014,2.1268549228070284,329.79497274985374,-745.3578430587606
1015,2.1289503858580807,330.23714532882593,-746.6142845989924
1016,2.131043274916299,330.27353439871547,-749.0422950097303
1017,2.1331378502136085,331.0921358836558,-753.6975383103244
1018,2.135233020544507,331.4011196895793,-754.8637804352044
1019,2.137327211773404,331.62425692466223,-757.8099412505451
1020,2.1394213678417553,332.28424901902366,-760.1878377267387
1021,2.1415151935265153,332.52616538640257,-761.9085994772194
1022,2.143609686067666,333.8744914886278,-767.2070330334462
1023,2.1457039096890913,334.0450594875977,-767.3707403498923
1024,2.1477977892281794,334.74330114578237,-771.7366764032286
1025,2.149892773795189,335.2492131295508,-774.5737624008128
1026,2.151988207011953,334.975972742055,-775.1024618094665
1027,2.154083430042502,336.02297528425953,-778.8552180115233
1028,2.1561769020273363,336.8047130437991,-781.4876156864184
1029,2.158269727638565,336.2975410821855,-784.2433495502496
1030,2.1603643338266334,337.2725078551948,-786.4152781669028
1031,2.1624594611960894,337.64629696269577,-789.4517501522074
1032,2.1645538445620423,338.7089084069594,-793.0225950082901
1033,2.166649266160557,338.4100979416122,-793.6772374628877
1034,2.1687438965600263,339.4879388619285,-799.5257843713888
1035,2.1708363804402464,339.85318014243757,-800.1480626061069
1036,2.17292939543057,340.4163693223976,-804.9340321246724
1037,2.1750246621139153,340.44739491195924,-805.9444076869186
1038,2.1771189095943266,341.4533537859565,-810.0276560830281
1039,2.179212962470575,342.5685011466561,-814.2236518229106
1040,2.1813066434396426,342.5890738675747,-816.5039324903713
1041,2.183402629792164,342.8196239580614,-818.4557190838673
1042,2.185498119455816,343.0838638130426,-821.0384452247398
1043,2.1875916200185137,343.79695814214745,-826.0435131877055
1044,2.189686441120868,344.56870967320276,-827.6310552208876
1045,2.191781413276182,345.22201378200185,-831.9919438094595
1046,2.193875147711239,345.0920136457977,-832.5866789576064
1047,2.1959686613130316,346.1151455527899,-837.177307989658
1048,2.198063923558019,346.21783615155704,-839.0108650862402
1049,2.2001595001532226,347.3797263246619,-843.6732664413933
1050,2.202253779153767,347.6215730499279,-847.0976256889505
1051,2.2043460760907565,347.8570716622253,-850.438950567556
1052,2.206440891990371,348.57849302384545,-851.6728319876701
1053,2.2085356491852317,348.52386559847446,-856.1726285802873
1054,2.2106277016542335,349.85575199633996,-859.6344193262529
1055,2.212721958545959,348.8669576746993,-861.3606673702844
1056,2.2148185083900422,350.57466452353515,-867.9323345208918
1057,2.216913061952383,350.9573065482552,-870.5546295909887
1058,2.219006160150891,350.4233519041569,-872.5501333930162
1059,2.2211007684745443,351.0681361766239,-874.4092647792804
1060,2.2231966067711273,351.02679440625224,-879.3962763012057
1061,2.2252915180225106,352.40370767382706,-882.172956720282
1062,2.2273849286831946,351.8336601743734,-886.210058253884
1063,2.2294794057777056,351.93593789167807,-888.5490226501356
1064,2.231574082226972,352.6996263207168,-894.2170266599621
1065,2.2336675726385264,352.9353720034958,-898.6774171207094
1066,2.2357616690730993,353.6056911699641,-899.4148341729489
1067,2.237857388038379,353.3624090789366,-904.5860892185195
1068,2.2399520699736297,354.2121020214517,-908.3144428404615
1069,2.2420449617357057,354.5108441868563,-913.1391409234437
1070,2.2441391380853632,353.6160297047898,-915.6679169592863
1071,2.2462342793770116,353.4985030349885,-915.7584979788611
1072,2.248330004000319,354.3523224311581,-922.3499164752524
1073,2.2504234986669656,354.4746536513717,-926.0433675997153
1074,2.2525166459790467,353.66084625129974,-928.2849465999436
1075,2.254612702557845,354.22693229778383,-934.9778491266815
1076,2.2567074239010356,353.80106864100793,-935.7221497842361
1077,2.25879926569608,353.3570004925024,-939.3112457809358
1078,2.2608934332232278,354.0233464270098,-945.6312777244245
1079,2.2629890832862967,353.1070622157031,-948.3752737428575
1080,2.2650815906481947,353.51156023052766,-950.9235921670888
1081,2.26717631551426,352.6555325921983,-954.6473575690271
1082,2.2692717091510235,352.1023725201589,-959.5646320193437
1083,2.2713660430599174,352.3899247580482,-964.144231065062
1084,2.273460830916725,350.9447957405015,-965.53723101136
1085,2.2755552510450507,350.08446222221863,-967.8556229357408
1086,2.2776502981151867,350.3986250131658,-974.9722200977731
1087,2.2797428242388995,348.86841196903646,-974.2496841482446
1088,2.281836092329788,349.5694753925087,-980.4681349992371
1089,2.283933556285596,349.25883614806685,-982.9399638129596
1090,2.286028868050817,349.55099240744954,-988.0097552065458
1091,2.2881212248812486,349.3227451714189,-990.4858230908399
1092,2.290215014848569,348.44511189006386,-992.2075418528539
1093,2.292310229911211,349.0507047130957,-997.1061547526981
1094,2.2944051456334345,349.14763401555234,-1000.5461480932739
1095,2.2964983471898495,348.27968318727875,-1000.4644128584673
1096,2.2985921024349003,348.73799437543323,-1006.1827812696405
1097,2.3006888643809247,348.49327400837313,-1008.1528422028913
1098,2.302783634096356,348.8876029457881,-1013.7300986061742
1099,2.3048756698218886,349.35705318872994,-1018.204145629325
1100,2.3069695720010412,348.78929171183034,-1018.591704597705
1101,2.3090651112173397,348.5541249367494,-1021.1019293811559
1102,2.311158495429861,349.60148398338436,-1025.9085436398582
1103,2.3132509513768182,349.14470388355466,-1027.7784010287787
1104,2.31534766594442,349.4026709465557,-1032.9766739606064
1105,2.3174438092641236,350.4695185166356,-1036.8143600380886
1106,2.3195366518474128,350.0987087041739,-1039.3880150566054
1107,2.321631141204296,350.36911054708395,-1041.2697631959488
1108,2.323727832694395,350.85500003139816,-1046.4514146265085
1109,2.3258211826493147,350.7401562946016,-1049.1924508398677
1110,2.3279133966950116,350.84579293794064,-1051.7033125824528
1111,2.330008120458155,350.2531388493106,-1052.3827895587435
1112,2.332103956675321,350.6940583128178,-1058.2355558749418
1113,2.334197579452735,351.70717714939764,-1062.0620393911956
1114,2.336290017181209,352.00037469153216,-1065.2582693056318
1115,2.338385505091734,352.0696368505715,-1066.6545119797722
1116,2.340480189114194,352.5326990739303,-1071.8047890977793
1117,2.342573391055059,352.75403054563617,-1075.3293856804182
1118,2.344667848677038,352.7192908434269,-1076.7378340038001
1119,2.3467629878884537,354.89018253247525,-1085.6769379094383
1120,2.348858220839854,353.50865305686165,-1083.9270329384794
1121,2.35095250082758,354.57130911404886,-1089.0831702431908
1122,2.3530449396760944,353.9704296880385,-1089.7076267864147
1123,2.355141499104623,353.94281724667024,-1091.2105892333911
1124,2.3572378412451434,354.98891629627474,-1096.8325760616276
1125,2.3593294861259198,355.75666036745866,-1101.1713609285418
1126,2.3614224992004984,355.5501359437486,-1102.420761036931
1127,2.363517948981548,355.6948411312163,-1105.0148823378865
1128,2.3656139136423477,356.49738883601736,-1109.494568841202
1129,2.367706660383537,358.1072569935478,-1116.3485969905485
1130,2.3698014470222093,357.95341644977225,-1117.5664637179236
1131,2.3718977582075165,357.42997149061415,-1118.7601904138473
1132,2.3739899214574836,357.7956397333563,-1121.038904377775
1133,2.3760825194215927,358.69470420393964,-1125.9338239076542
1134,2.378179070039863,359.084279748062,-1128.8413454622273
1135,2.380273759058959,360.19861278702444,-1134.4387380665341
1136,2.382365673610318,360.79726389733474,-1137.3971195596628
1137,2.3844604460166168,361.797777341045,-1143.3137886638797
1138,2.3865571190304595,360.82183611077477,-1142.2956458381345
1139,2.3886520978255446,362.3457229737989,-1147.9329737345436
1140,2.3907442891236066,362.89514157045573,-1150.791443801326
1141,2.3928386457990913,363.56451977322087,-1155.6971873121593
1142,2.394934562690242,363.4933777268991,-1157.3606691209413
1143,2.397029599690107,363.7051575380024,-1159.7919706412774
1144,2.3991222591305954,364.5292605840744,-1164.557413075072
1145,2.401217024080888,364.51634583993416,-1165.763623061435
1146,2.403314513026698,366.68048836906024,-1173.754565078709
1147,2.4054081911284184,365.75763341339,-1171.844335340408
1148,2.4075011183217048,366.9684370855723,-1177.707481904952
1149,2.4095960074264258,366.6496282913078,-1179.9146656246417
1150,2.4116926326559978,368.196436214596,-1185.289158888046
1151,2.41378425055939,369.5814679788424,-1191.1845316298757
1152,2.415877382497087,370.4512895725054,-1196.4415917659355
1153,2.4179783678062123,371.2392643421759,-1200.007177487896
1154,2.4200733739460714,371.46614563835055,-1202.080310488258
1155,2.422162501290004,370.5666945143056,-1200.5957764764757
1156,2.424257158180454,372.0027545408017,-1207.5437303072642
1157,2.426355368807169,372.70140001191373,-1210.7846510948186
1158,2.4284477900186845,372.9624970545013,-1212.6337447464696
1159,2.43053883847394,374.7152819995146,-1220.5529572988391
1160,2.4326356353293934,374.5942353838778,-1222.087087197133
1161,2.434732612021302,375.5910165570619,-1226.4692549738575
1162,2.4368252927922227,376.3046217285982,-1228.95746026727
1163,2.43891890863681,377.610722828384,-1235.121908316507
1164,2.441014895314609,376.47980633903705,-1232.8437854280307
1165,2.4431105244568765,379.0997299494077,-1242.2218234967727
1166,2.4452031167440684,381.32108954457567,-1251.4162377542564
1167,2.4472938786799143,380.21499021628335,-1250.0384541248932
1168,2.4493915902413868,382.3879549558903,-1257.1629001357267
1169,2.4514877943094935,383.2799446739845,-1262.3716904832731
1170,2.4535774837073663,383.46263539549415,-1264.2849013733544
1171,2.4556717453467782,384.35955694440725,-1268.2094545995196
1172,2.457770725968573,385.70974556745176,-1273.5496835028348
1173,2.459865450868259,385.61963171454806,-1274.9237123759442
1174,2.461954843714291,388.28160831758584,-1284.5031697226498
1175,2.464051305962942,388.8827535477443,-1287.8009507721392
1176,2.4661493201186655,389.45441108083236,-1291.3957161789951
1177,2.468239991051035,390.73308282586925,-1296.1387684015647
1178,2.4703335941159144,390.95106756919665,-1298.3995135102145
1179,2.472432426226094,392.97470816446014,-1306.983899960951
1180,2.47452690434623,391.426341251531,-1303.227874125101
1181,2.476615373809059,394.82875684731613,-1314.8357896751347
1182,2.478710457672189,395.74110459139007,-1318.9688585357087
1183,2.48080966574444,396.2498720590883,-1322.934660564681
1184,2.48290090100287,396.9084511063471,-1325.1822189664035
1185,2.4849923340191187,399.0010551791925,-1332.9214287956831
1186,2.4870897130294636,400.16982998082955,-1338.4796608809502
1187,2.4891862386660164,400.6145548606437,-1340.9949304486738
1188,2.491278235985619,402.85320906474556,-1349.307330202058
1189,2.4933690456944357,404.28904946139875,-1355.3982592120633
1190,2.495466543397291,403.37762924887517,-1354.8560152678706
1191,2.497563830960505,406.2237122798425,-1365.401231118621
1192,2.499654519205421,407.3321375028108,-1367.9563357520542
1193,2.5017479497353943,406.64204537708406,-1368.6019989747326
1194,2.5038480054516667,410.4247086376751,-1382.226489164179
1195,2.505943433921919,410.3821269030185,-1381.7462405313438
1196,2.5080284861327207,412.1144209063615,-1389.24378601681
1197,2.510123955773609,412.614780628949,-1391.4711951861918
1198,2.5122261646694253,413.7641393959563,-1395.8045390778343
1199,2.5143177674343575,415.6591111588142,-1403.945568104038
1200,2.516405803072155,417.93054070075766,-1413.165109193396
1201,2.5185026929964116,416.893050122121,-1410.395946126809
1202,2.5206041831245063,420.52170441569643,-1423.7673409699596
1203,2.5226964757648327,421.42211125577427,-1427.0961975847622
1204,2.5247869961159406,422.5938726619911,-1432.0429731613913
1205,2.5268843920051487,424.60898863005235,-1440.8498052734976
1206,2.528980483597168,427.3902459847913,-1450.207611651065
1207,2.5310684597394695,427.9680688354494,-1452.491863210779
1208,2.533161718042206,430.09660412075095,-1461.389384855648
1209,2.53526488574662,428.9990481062623,-1458.6664483154732
1210,2.5373603920777454,433.8247438538865,-1475.5096726309796
1211,2.539445749963502,435.0202367048216,-1480.5358000723752
1212,2.5415417180131348,434.85085384647624,-1480.8810822264045
1213,2.5436457679371425,436.94507956396825,-1489.1827534518707
1214,2.545736808475733,438.22652049028585,-1493.474794813241
1215,2.5478233832874237,442.67139916567857,-1509.7120351041335
1216,2.54992085584226,440.936141247569,-1505.9111528860929
1217,2.5520207655356866,445.38609248461535,-1520.5730264653416
1218,2.5541098448110064,446.0553693256535,-1524.2890240869006
1219,2.5562002600365847,449.44135814150644,-1536.203901877395
1220,2.558305455724291,450.66877919847747,-1541.4072973486268
1221,2.5604026511470312,449.7608182608415,-1539.4627612215158
1222,2.5624826414852553,452.7633748606625,-1549.0988799554143
1223,2.564574391949512,454.8597992808311,-1557.3259285791944
1224,2.5666808497683498,457.1192707534252,-1566.6236639543204
1225,2.5687773451615423,460.0735185564775,-1577.8605921030571
1226,2.5708608935170316,459.51934779051794,-1575.8375737712295
1227,2.5729575952355885,463.4866663530724,-1591.7825705204284
1228,2.575060651513359,468.45754204318933,-1608.4434457831812
1229,2.577148431575012,467.911698239586,-1607.2869137850914
1230,2.5792346077561192,471.1635777777117,-1618.625979035072
1231,2.5813352493894732,470.65117787929603,-1618.646947306111
1232,2.5834369526956515,473.82504255076236,-1629.6085325988765
1233,2.5855218346006232,475.85634179834085,-1637.0816766945445
1234,2.587610713900489,478.43334170010695,-1646.9463458484272
1235,2.5897186990593415,480.5534819650446,-1655.3224729913863
1236,2.5918181690667126,481.0193943603669,-1657.167143246328
1237,2.5938985009385314,486.3140492672753,-1675.0356123218316
1238,2.5959901966325076,485.8801895506332,-1674.676169084872
1239,2.5980970827886534,493.23009754198006,-1701.694711409783
1240,2.6001911974764487,493.281606021023,-1702.0999044442353
1241,2.6022734575046016,496.6567407178148,-1714.0355840135055
1242,2.604374761438423,494.61009057203296,-1707.774360957609
1243,2.606480077670044,497.54310347665506,-1719.4569871678632
1244,2.6085618800169397,502.45463989317636,-1735.582430370527
1245,2.610646200048581,504.7048338636189,-1743.8861705066536
1246,2.6127580952497533,506.3708123514298,-1751.260139139451
1247,2.6148609257992828,510.20332050267467,-1764.0101553896036
1248,2.616933454172155,510.04646040850764,-1764.4322972490638
1249,2.619020659870304,514.2230795121097,-1779.1354512691428
1250,2.6211346279669097,519.941910324909,-1799.428098045293
1251,2.623236503452788,518.4848036820237,-1795.2041512503026
1252,2.6253090562225565,524.6412843442914,-1817.659908880044
1253,2.6274000701334055,526.8656349396135,-1825.7908229602986
1254,2.629513118467727,529.5141533054729,-1835.6622737674447
1255,2.631604301330356,528.6561744946479,-1832.9546720570906
1256,2.633685254021577,536.5993365021601,-1860.6135297430953
1257,2.6357889797673804,536.7647331253266,-1861.8651183813433
1258,2.637895874321367,536.8634031421512,-1863.3243011894829
1259,2.6399747081141895,543.8999194408765,-1886.7536321923785
1260,2.6420591747927733,546.4300185577675,-1896.9051662545605
1261,2.6441764666284318,548.2462874521435,-1903.3639422047177
1262,2.6462775406423154,553.2533917967121,-1921.4000201667636
1263,2.6483402943393326,557.1781204341128,-1935.8215051687732
1264,2.650428729148096,561.0748713836479,-1950.098504949054
1265,2.652562718674548,560.7452764647237,-1948.9865392817464
1266,2.654664088292312,571.7644643057163,-1988.9737880319703
1267,2.656712651557163,573.4869307819293,-1994.21709126917
1268,2.6588106765908748,568.3561894370024,-1977.764654881117
1269,2.6609452450324915,578.3862276877363,-2012.474434754298
1270,2.663032290426174,579.2167427288999,-2015.9065084805143
1271,2.6650914877184944,584.6489555738639,-2034.8912408662377
1272,2.6671986225603375,591.0758389872846,-2058.5359772212937
1273,2.6693218160411916,593.8599840833481,-2068.8898928902827
1274,2.6714003686163363,599.7871690046308,-2088.5769571806923
1275,2.673473653710363,598.9918751727902,-2087.722255928013
1276,2.675588689124729,609.4504017034301,-2123.871224776001
1277,2.6776964003773744,615.3202313521391,-2144.8671991596307
1278,2.6797534796790945,620.2631568495005,-2161.918131685479
1279,2.681845016836506,618.6015243918706,-2156.966821038839
1280,2.6839785543392702,617.8993082054191,-2154.4696301641125
1281,2.6860638705482365,637.0748390665569,-2221.5115377978736
1282,2.688115580192901,630.8038824483243,-2199.514345732592
1283,2.6902421071216107,638.2123954030553,-2225.693105445705
1284,2.6923784453538007,632.1515796636444,-2206.009047105757
1285,2.6944235266222867,649.5326586014177,-2265.9859244829404
1286,2.6964818302236213,650.5166043030109,-2268.947301682965
1287,2.698646249049189,646.9559248329713,-2257.5241898092404
1288,2.7007725953070936,650.5231511667026,-2271.9341730393257
1289,2.7027692368507834,662.6671729460718,-2313.639665314752
1290,2.7048443440936585,667.1163165925245,-2329.518839501641
1291,2.7070515904059915,666.6543992763994,-2329.04655651777
1292,2.7091632832728005,669.9140857212323,-2339.3093260249075
1293,2.7110832098570423,680.1149215685998,-2374.797681528569
1294,2.713194248534394,679.4189104622726,-2373.541461156446
1295,2.7154564422347596,674.1501750655027,-2356.1205012928604
1296,2.7175455830902693,697.1826861141436,-2435.640368691568
1297,2.7194409477796717,693.1378162327583,-2420.791294657121
1298,2.72159410281056,702.7080934397457,-2456.593501651901
1299,2.723868494276683,711.1263093662799,-2485.5438624448484
1300,2.725905473691433,725.1346555477675,-2534.13172991595
1301,2.7277938720843573,719.2852084816552,-2514.6893109991192
1302,2.730005424734083,751.5160662724222,-2627.869330265039
1303,2.7322910595910366,726.8193243799976,-2542.357357629519
1304,2.7342323934891035,739.5745356480805,-2587.3850071510983
1305,2.7361123669415965,746.2548476869052,-2609.6101827607945
1306,2.73841292247591,740.2314757257208,-2589.0359725257113
1307,2.7407262152838343,764.1645202058627,-2674.141006089239
1308,2.7424923562337074,732.5530362964636,-2562.2651777850137
1309,2.7444202272828333,768.8440754654489,-2689.490694494736
1310,2.7468188489948773,773.3209530754804,-2705.1165424519527
1311,2.7491571251284848,769.2758809867579,-2692.3750534661062
1312,2.7509012180135843,768.7382636814698,-2690.763082325825
1313,2.7528220566885997,765.5345696509241,-2678.6083424831286
1314,2.7552245852341666,817.9862168596779,-2861.591061174017
1315,2.7575799064734774,790.6443219247586,-2766.190786733091
1316,2.7593246433872425,811.3585506402152,-2838.8742151483266
1317,2.761234187120032,825.0555882070668,-2887.1907654536226
1318,2.7636390504715083,862.1741058672058,-3016.9315823633215
1319,2.765948826576436,843.7749150551753,-2952.4747392560375
1320,2.7676191435751902,832.6034955539327,-2912.145824024329
1321,2.769651838220211,874.8686205098419,-3062.865235192069
1322,2.772055945845228,775.4802852709461,-2713.2969497922136
1323,2.7739175955497957,826.8242101579485,-2894.8445389295357
1324,2.775657495525559,750.7064321258001,-2627.6858238999066
1325,2.7780509401576134,802.239558690056,-2808.098509962941
1326,2.7804282678176238,758.4193920265086,-2655.4974866660114
1327,2.7823699672164355,738.8540225351143,-2584.0156664027973
1328,2.7838806433920418,927.5703062390155,-3248.371618332352
1329,2.7859958234637583,3.3730336628781514,-11.805617820073527
