,k,Pk0,Pk2
0,0.0029665470748989845,1094.0397463039762,-827.5455850375565
1,0.005026374055021859,3548.4653808841003,1990.3591246435121
2,0.007149300621522788,3734.1984296645624,6.017784454378152
3,0.009278869254964255,4191.1384653587365,-1164.7815642966327
4,0.011450332619344701,4096.102571990564,-1774.6897408572238
5,0.013492955871419151,4787.993853124889,-126.28661908733807
6,0.01558905561191893,5009.735334186563,-1551.0321781368584
7,0.017694083672553172,4926.583202998968,1708.8419268532239
8,0.019817874803135297,5531.690336851383,-778.6418872214197
9,0.02192074938196264,6043.857781786614,-515.59291819981
10,0.02398877635566245,5790.30177538017,-669.9809442880405
11,0.026092869718961156,5675.899464102463,-625.1343464014169
12,0.028234663152781798,5827.599968161736,506.2290734829512
13,0.03032284873509123,5657.57252876661,-573.8890958431687
14,0.03240263258943404,5583.125403376125,-451.36191533676595
15,0.03449210129864554,5446.315640443667,532.1227617430886
16,0.03658588147515197,5275.040729531529,460.82719506161567
17,0.038684769492669774,5081.831797812701,-195.43671223433518
18,0.040788988884582836,5010.574428941142,-252.67590819064787
19,0.04289390876967646,4840.597671544893,-427.0000775721244
20,0.04498336005546935,4823.89308619949,262.0031666858441
21,0.047064985294738244,4650.033211366335,-135.99602037963882
22,0.04917111919158227,4533.283460929924,329.91400212260146
23,0.051262169141742274,4296.353114357247,-538.6954856610191
24,0.05335525146837034,4305.833517060803,32.39827513744711
25,0.05546637228956934,4101.076368968167,-30.35201794936023
26,0.057573188192548086,4068.4765863832013,-293.87096172693055
27,0.05965884044590281,3979.8693818758147,128.3654153939801
28,0.061745123021595065,3862.5363670289216,-75.33364280433273
29,0.0638268929113719,3846.312086244543,-93.25777071103212
30,0.06592966228838451,3723.162033836421,-498.80831850952757
31,0.06803125784825748,3728.964713355615,310.7516324391167
32,0.07013131008699486,3662.7379629951583,144.42129268498093
33,0.07223032366074338,3598.307786531126,207.93401588170116
34,0.07432334270720506,3526.979557993161,204.81061726674884
35,0.07642066756954473,3413.6648266124075,-242.4271195078289
36,0.07850471694556041,3399.201363105009,262.58496370698674
37,0.08059701946059529,3308.083480669781,65.35529020757336
38,0.08269521798132064,3226.9520117602365,-59.24486902334313
39,0.08478307522909848,3112.357191804387,200.6620053705067
40,0.08687780839616016,3035.0964041765274,77.10073000362466
41,0.08897524569656534,2993.433500791457,-110.04734899861728
42,0.09108077810470518,2915.16924345213,57.947271067276034
43,0.09318432266948053,2841.9749386061667,-110.71498511596243
44,0.0952788764104831,2815.2348565738794,18.138801804014545
45,0.09736254237981037,2676.948266170264,48.11249784829844
46,0.09944832814799408,2612.8711152117544,135.61794289130628
47,0.1015460879802399,2541.930689601589,-72.78748122061147
48,0.10364263756677322,2429.824744731517,35.72322158826326
49,0.10573893905394659,2410.2109017191096,68.58111393791384
50,0.10783958559814742,2351.3896161971893,-23.657603712912184
51,0.10993894058501318,2338.311102281414,127.63268552505785
52,0.11203921431523854,2249.064323565008,-33.10166272962823
53,0.11412334585697578,2180.2984856683966,119.26688760941643
54,0.1162159397555423,2135.5325093144756,10.929366750826546
55,0.11831372048037725,2115.975363017964,-30.342109960319636
56,0.12039723118070132,2062.994362861211,16.543614250014958
57,0.12249223631878574,2018.2784430409824,13.887075837213908
58,0.12458825984258635,2005.2862737265154,43.91007716708847
59,0.12668846771583772,1960.6093522231754,-52.39998968149294
60,0.1287846620419941,1909.2642140291503,56.47461538754719
61,0.13087133937881498,1892.292831329454,106.63981016806825
62,0.13297548334406448,1863.1124945866218,46.37652306907555
63,0.13506910815256093,1845.105734662844,74.44824264905678
64,0.13716388258568254,1805.5953496286186,35.99157430111551
65,0.13926047573721634,1793.8205607354616,73.32254060210875
66,0.14134668829083769,1750.847806062035,65.1110131117181
67,0.1434475230090064,1739.9422604496942,37.35493106324589
68,0.14554528534185418,1687.5500057148759,34.62662072218391
69,0.14763320610735878,1681.2745335826085,-8.398708273253552
70,0.14972114728432864,1670.5171150737206,13.35447660213948
71,0.15181380487515775,1627.677571416697,11.370754900502913
72,0.15392114901003526,1585.6934679820442,34.560531440428136
73,0.15602147473412367,1576.601287481289,2.8327834675019408
74,0.15811617475881218,1546.9123897833024,-25.251087564596116
75,0.16021187122717997,1521.0440930080904,24.503013506305585
76,0.1623006419462899,1499.9988645287917,41.02239972513242
77,0.1643899033199985,1452.1175615952372,36.14295843920555
78,0.16648355823815117,1430.8369425809497,36.08375736784127
79,0.16857196837784735,1423.1442389705942,33.05641304247649
80,0.17066413320893647,1361.8537831769668,35.05465122324043
81,0.17277086992561352,1349.76420155976,47.99399259075163
82,0.17486965460096995,1319.5378446319696,16.37538823361532
83,0.17695857694944453,1306.8465421697804,45.76703494482709
84,0.17905245093155753,1277.0890092331167,30.287787594219722
85,0.18115265212612636,1253.3385782504288,48.459116933211604
86,0.1832476884130739,1234.2768646429745,34.10526930738853
87,0.1853312475833926,1225.8897804585401,71.27009692141122
88,0.1874284892203219,1185.3063487757765,49.35803381545778
89,0.1895337179075755,1177.5339532734135,27.777251768286824
90,0.1916268196474026,1171.8079874064008,27.440004126516772
91,0.1937183403446853,1154.1606846310183,48.3058345233197
92,0.1958131498886989,1139.182863242666,19.850646919120592
93,0.19790587400989662,1123.7381465267865,43.976625151523734
94,0.19999906515978938,1114.748898175769,67.40895149311301
95,0.2020893038374759,1108.3632560592698,29.56209861867842
96,0.2041823192148178,1081.8629688087294,44.107431163715084
97,0.2062825911013838,1075.5043141983945,48.763532229321335
98,0.20837701891459662,1064.7674459129719,53.758334961226126
99,0.21046758167944032,1058.240432737075,15.536650376550512
100,0.21256678542440183,1038.480334229176,33.06114496038883
101,0.2146619261104852,1030.1338904952224,47.633919655822076
102,0.21675618057220372,1013.0463711548748,34.91307872506215
103,0.2188528705899679,999.1626168858262,38.42346878046106
104,0.22094564274530842,988.9102068507736,28.49552558331639
105,0.2230395148320731,974.1531670022985,52.1611027269074
106,0.22513567328585352,962.2096493064041,41.42323665890782
107,0.22722785048644015,950.051538076908,50.52310546791528
108,0.22931975112872324,937.5470442560961,28.488833368005757
109,0.23141147723465103,924.1638092086716,35.77983102219991
110,0.23350584674782457,917.2768286143266,33.800271641866495
111,0.23560416522029054,906.4443725218026,41.58914918618121
112,0.2377006336558307,889.4265719711792,29.499331448008327
113,0.23979727503904752,875.1306206811207,23.426751448905215
114,0.2418944602532704,866.7206578290723,51.133484892557455
115,0.2439884227569783,857.0062660234086,40.37915462795639
116,0.24608359968283072,848.259260295047,58.19444569390183
117,0.24817552807053123,831.0402002977507,29.272149016159343
118,0.25026237006475704,826.0401636113432,42.52860938223266
119,0.25235861551053484,820.280706572931,46.05228720649935
120,0.25445470778669854,809.5567219652421,46.99848160093107
121,0.2565487653287422,804.2244451800206,31.217454231489814
122,0.2586464955058471,792.9230651972579,27.76749798396214
123,0.2607443047329862,782.6434912235422,54.54063442390525
124,0.26284383121734134,771.9452880227561,43.796059627074136
125,0.264929885565984,763.6288231822788,38.23260267478593
126,0.2670163698864118,758.3236206562397,25.58516708278592
127,0.269112135390912,753.4066012191659,48.013322379662256
128,0.27120764961246213,745.7346302394515,43.78810216688318
129,0.27330509996536784,737.2328284607169,35.78005473388196
130,0.27539842121309294,734.3800407158747,37.38620810583808
131,0.27749656900268016,719.6716812497735,55.221061089253894
132,0.27959864364035925,714.2984082873281,45.697495031137436
133,0.2816878213234348,709.0944572671268,48.972264696695696
134,0.28377609558542155,706.1206057601296,46.11546602650643
135,0.2858732754634003,699.460396520601,48.58330274549911
136,0.28796861590208045,688.6972424680592,42.168559533895774
137,0.2900612915162532,681.2111698972832,34.639015045984245
138,0.2921547032025089,678.6181811458918,40.146074359347054
139,0.2942501291133245,669.3916316549244,42.7777114484489
140,0.2963444256131289,665.2339091932429,42.55142288143556
141,0.2984361415704375,658.3713324340769,39.53649586287293
142,0.3005318840555698,651.7947720628521,41.31106058652166
143,0.30262777760316095,646.296503024872,47.624569748686014
144,0.3047248035439954,637.0992333177261,42.70717386039497
145,0.3068210272572538,636.1791623720943,52.250570664164925
146,0.3089144805088237,626.3767899096291,45.727388321461206
147,0.31101080657849756,620.4947493383731,46.74558727933035
148,0.31310885951912926,619.3274724201474,44.29139513125118
149,0.3151991603466065,614.6002832325054,44.44998410136989
150,0.317288667284839,602.5598224941257,45.71318763842017
151,0.31938044185106124,602.6919472771223,40.186586045498345
152,0.3214783648369702,594.4771650118468,47.439178713352355
153,0.3235785211189416,592.5213714914038,37.35919889357216
154,0.32566935894833426,583.0576554631423,46.5363359066899
155,0.32776077751211374,580.6679844250262,37.56568697827815
156,0.3298523230655558,576.4691015486268,43.76385252716438
157,0.3319485433973702,570.8013038935629,43.601711008042855
158,0.33404540358127904,565.2690389293134,38.15932483530929
159,0.33613494177837844,561.176474604593,40.922771912852006
160,0.3382313832787478,558.3304144224549,39.71001528058334
161,0.3403308518124324,553.0998876447783,42.10219368783596
162,0.3424246601457981,552.1320339075792,45.59736156214816
163,0.3445197272986724,544.5702099758736,33.23853242627061
164,0.3466158524641983,539.2094434207322,34.22187970926356
165,0.3487089916477683,537.0248716718826,40.52824547195728
166,0.35080114560367615,532.1662562780364,38.94406825456125
167,0.35289356821720286,527.360580682458,43.91455410599114
168,0.3549881110219297,527.4357401153768,44.178836389738315
169,0.35708559248027844,521.7887554905565,44.4571679624127
170,0.3591813496003593,517.4270789947323,41.10642822464739
171,0.3612749400626811,515.3194411846539,41.59463489897636
172,0.3633693413142722,508.67907412891657,43.17798089826339
173,0.3654632219855477,506.14197974863123,40.47765208915281
174,0.3675603773529471,503.7524268896034,38.42785595759271
175,0.36965434919829326,498.0951869944618,42.33123308651802
176,0.3717418094879197,494.8782091301492,44.50484631460628
177,0.37383404253825586,493.286224242431,45.27774151784109
178,0.3759308579415973,488.51436328501916,44.982777089147035
179,0.37802985088946095,484.6053132944274,43.98369703955249
180,0.3801213498834686,481.98926555879353,39.721791364905705
181,0.38221306010699313,476.8166755248916,44.80057215000469
182,0.3843141376638833,476.7482018017277,44.75798287753692
183,0.3864096355836929,472.87878071107536,48.6149376176696
184,0.388502907295756,469.58561223998186,35.55799370638804
185,0.39059769208540335,465.1960181329062,46.27928559490027
186,0.3926958121232196,460.7318096874537,44.53959319628217
187,0.39478921808384226,459.35281914626967,44.31945510003916
188,0.39687821409975554,456.91822840676315,41.55112056801877
189,0.39897073627813356,453.46538259622366,39.32716119191973
190,0.401067192451382,450.34334912331354,38.66919420741079
191,0.40316228148056854,448.7035894716754,40.8575971631898
192,0.4052546340249366,445.711934720997,33.502627138619204
193,0.4073499183903822,441.86080605704785,40.82340481650156
194,0.4094468722071623,439.58537663961084,38.63308708158495
195,0.41154432885897757,436.38625415726494,42.438646807106444
196,0.41363408239228544,433.0191850262529,42.350091225169336
197,0.41572494638156243,430.74476169048813,30.73876928286437
198,0.41782181997781404,428.00341292578963,44.97656350458081
199,0.4199166506307261,427.8312104262818,41.67228481806855
200,0.4220107143757513,423.37011240092073,40.818167440271004
201,0.42410542949066876,420.32005670559664,41.54976557344226
202,0.4262013850195404,421.10334955842035,40.987477723347524
203,0.4282955296445312,415.40138065708663,41.486916784453314
204,0.430391806688861,415.26224590846994,44.341577522350974
205,0.432488575457924,410.59842384135595,41.48429280294887
206,0.4345806090039814,407.29610426338843,38.520759770623144
207,0.43667244097425384,406.834350503607,39.285092234977334
208,0.4387671492209622,404.97366501255505,33.594086029496474
209,0.4408622534544343,402.8014571371246,40.3190780452269
210,0.44295516415095815,400.0216362911526,39.169598459662915
211,0.4450482683181851,396.06419029440974,38.77087071119228
212,0.44714683875742495,394.8326249860029,37.347382317236374
213,0.44924362280569813,393.69035794001843,37.03189239833584
214,0.4513338633316258,391.5800487764815,43.14952465569705
215,0.45342753643259276,388.30997596279394,38.64236901482742
216,0.45552189548586586,386.7269500746665,39.12412723050444
217,0.45761716616081083,384.39493132540474,38.799601578626074
218,0.4597117909764672,382.7464609277566,41.23189003108152
219,0.4618031890496857,380.35394394505954,36.119433758059856
220,0.4638995470730997,378.3699346628119,34.15546914836394
221,0.4659948171464902,376.6341240624655,40.73573581759909
222,0.46808929446972725,375.51429127181166,37.74777872167044
223,0.47018492649495636,373.1876765599151,36.94160904704638
224,0.4722792778491551,370.26266031517144,41.649079704910235
225,0.47437272572904565,369.1390508028504,37.932289917520926
226,0.47646593372141327,367.16916192141366,39.15857280384365
227,0.47856230727426236,365.6640658275938,39.415852690151674
228,0.48065904058976644,362.70249646651234,37.0391743783244
229,0.4827512226177774,361.1266392103066,41.90906545739311
230,0.4848441163240575,359.76888408887515,35.87110664083436
231,0.4869397730506266,358.51469854358317,37.74429496478342
232,0.48903678813400875,356.4370085196678,38.82168119743791
233,0.49113096964965397,353.470870895629,39.43596572000958
234,0.49322332174786626,353.33059696295135,39.70753011452887
235,0.4953187148676145,350.61480306175645,38.9161041571311
236,0.49741120358770496,349.80264586495343,40.79356117879681
237,0.49950082345999325,348.34307644416964,36.20014989281109
238,0.5015952506837275,346.55731867348425,41.96187399370956
239,0.5036919972981919,344.29073720750694,39.26236079986496
240,0.5057872116617207,342.22184035452744,38.5195033872126
241,0.5078828569897101,341.74679296165056,40.29987305389079
242,0.5099793452386306,339.02719652629486,41.12186441255493
243,0.5120767256379639,338.3599877292135,35.98463014240725
244,0.5141702395931294,336.2797047675549,40.08280877258906
245,0.51626132102766,335.01657766310257,39.39205858598792
246,0.5183576899265504,333.96997772563594,40.311999550658776
247,0.5204524416424112,332.095982769979,38.38675613579292
248,0.5225430403510469,330.4076345928139,38.03435815978666
249,0.5246378991347941,329.13664184252747,36.779942524493805
250,0.5267345150769579,328.31753202967025,34.12448421101722
251,0.5288284644781793,326.10354278344965,39.88372837544919
252,0.5309200047543352,324.8434057206073,39.996021797299484
253,0.5330154787982235,323.12298179215435,38.25671380902088
254,0.5351140455458262,323.04737440191656,40.91945077803594
255,0.5372066203065362,321.7529039699155,38.368128557299805
256,0.5392991990272246,320.36007416497483,38.88992291000358
257,0.5413944118270408,318.8647424182946,39.64439756097323
258,0.5434881995106379,317.30201846121264,40.403615023977245
259,0.5455829952492127,316.341072198403,39.32682532536309
260,0.5476769745662954,314.34154006134116,38.91713586837247
261,0.5497697255495043,313.75663464633044,38.728390648900564
262,0.5518645446467839,312.199569019413,39.620232434263265
263,0.5539598571350287,311.3190211029965,43.13506633407294
264,0.5560564538950566,308.8863126318658,37.3990163471223
265,0.5581500505101624,308.66740818451296,39.56176193515206
266,0.5602409063261653,308.4190975141795,40.99484509891561
267,0.5623379637803174,307.4483726468053,42.232438133686216
268,0.5644363283026402,305.0952023861054,40.170772512999335
269,0.5665273824761494,304.0382391263467,40.53778394814979
270,0.568621249018378,303.874876699821,40.163295610746445
271,0.5707181447612965,301.9884865160777,42.74453602268075
272,0.5728127938597997,301.0545547856265,40.73003156566825
273,0.5749070881546879,300.4484309849721,41.70928589679691
274,0.5769991470923068,298.56695593648186,41.30169098531219
275,0.5790956911760897,298.30807364229474,41.29546430656969
276,0.5811893306261757,296.6390986069853,41.16121805820156
277,0.5832802267374103,295.5264696873332,42.239752201231674
278,0.5853761830306536,295.5802408167629,42.03349219660881
279,0.5874711784415975,293.98343467918,41.59506775120758
280,0.5895653958899879,293.8568850484607,42.559821764203114
281,0.591659786459685,292.28163405517677,42.66305433539603
282,0.5937551851921442,291.6857023652292,42.60389915993591
283,0.5958498092767481,290.2106393328118,42.13000394128856
284,0.5979447066705442,289.4918118885401,44.98911537226625
285,0.6000383505174957,288.6312912832743,45.255471330623955
286,0.6021313016181767,287.35384542688547,42.54746374570568
287,0.6042246965556944,286.8530119756188,43.0544512586128
288,0.6063189733697846,286.117157920053,45.83508243429188
289,0.6084147213727373,285.55138885874237,45.66608182090644
290,0.6105090855473989,284.1284243395602,42.90329906583808
291,0.6126037649785722,283.4879361143507,44.942174692202336
292,0.6147002391370655,282.23614572243906,46.232500364167365
293,0.616794938930829,281.61746628191344,47.42206734835574
294,0.6188886865784012,281.1259968839805,44.63272078673752
295,0.6209825762252046,280.0258462856746,47.280383767988205
296,0.6230764414889526,279.35913706607437,48.40832182656665
297,0.6251725389343245,278.44565364033787,45.78763649774612
298,0.627266923011265,276.88771999682723,44.91425129606737
299,0.6293596211388142,276.90647685493207,46.784791695220825
300,0.6314513250607457,276.4176239373262,46.81746305056134
301,0.6335475720513941,275.6351314420344,47.259895831161536
302,0.6356444982495617,275.2174309092488,48.49547929477084
303,0.6377358562255245,274.92915447633396,49.13882786989596
304,0.6398302949107263,274.06549479243614,50.021829853723105
305,0.6419256185614247,272.972001205097,49.080647363367454
306,0.6440214843206593,272.870479369148,51.03167617135707
307,0.6461142033434962,272.51788743272795,52.656853265963015
308,0.6482061138478032,271.31868786476474,50.67090743903898
309,0.6503020867345045,271.55229128469244,52.0505845749068
310,0.652398185537932,269.9929397684154,50.61638647721898
311,0.6544932048530038,269.7340865783726,51.82624608276696
312,0.6565867871776386,269.03588662356555,54.192713574556684
313,0.6586827890115348,268.67441604419423,52.270499995134394
314,0.6607793300725506,267.67000926185904,54.920014057559065
315,0.6628724964198541,267.66118886194937,55.942674217277066
316,0.6649654402217313,266.71687603443115,55.90430932864361
317,0.667059865407609,266.58980184928936,54.6254459546704
318,0.6691532523078332,265.8886693349085,55.276319003534304
319,0.6712457992597233,265.29954405657924,55.279897400335656
320,0.6733390782258323,265.065318620665,55.81455665549124
321,0.6754367503383576,264.8474887765317,59.81595410428452
322,0.6775335143160066,264.08409510639,59.469293367112215
323,0.679624621064033,263.9094162211417,58.285517617055724
324,0.6817180292738917,263.35348512123875,59.123865175141965
325,0.6838149015047629,262.771983603412,59.87302856904481
326,0.6859101434268815,262.656793534255,61.35692883108269
327,0.6880046468184081,262.19638301522895,61.83877680211179
328,0.6900999637264865,262.4253194232124,61.20955168662326
329,0.6921965733216279,262.04610961832594,63.99754013255979
330,0.6942884945981568,261.7509824508608,64.42337611558239
331,0.6963781649531228,261.788188869802,63.79061397085933
332,0.6984747371200234,260.6865063502058,67.05035379913856
333,0.7005690388882679,260.4580832491868,65.99253142715237
334,0.7026621579778546,260.59537363975176,69.47633382489433
335,0.704757268847954,259.73360794656514,65.55698425018886
336,0.7068509057629639,260.1791446647608,68.03557432295656
337,0.708945644402387,259.5099866120407,68.6097678276748
338,0.7110406815970572,259.7505593870543,72.34932011142593
339,0.7131372373036142,259.4371407862591,72.437797113611
340,0.7152323589250973,259.31251817687024,72.62966847260056
341,0.7173245162021571,258.6144545711565,76.3919461572476
342,0.7194199711852413,258.8779840513505,74.32547708328147
343,0.7215151322330351,259.2261900583086,76.40834081538063
344,0.7236102334592447,258.8904105225878,77.00042789576457
345,0.7257047129497166,259.1084249823903,78.62857136234355
346,0.7277958825256088,259.4240305853826,78.7462736280818
347,0.7298900912292255,259.04900985107,80.67500413682956
348,0.7319867159780691,259.09596898392283,80.73641953423859
349,0.7340808521059053,258.67131164074846,82.87773493762221
350,0.7361738853270124,259.3943967191799,84.63624823154447
351,0.7382682123604443,259.1238765482816,86.46515448441326
352,0.7403641944498084,259.03656597700547,89.46646768068727
353,0.7424576311971561,258.98720967874715,86.64550448981778
354,0.7445523870480827,259.00127044136445,89.19961336616291
355,0.7466478284648128,259.2352539004926,89.87731894501997
356,0.7487413917548734,260.308744126629,92.37294696536192
357,0.7508354594737505,259.2498507118794,93.80775413776368
358,0.7529278056847568,259.5783523504011,95.61136145948637
359,0.7550230257904859,260.0291766127598,95.94214276554375
360,0.7571167923480437,261.2005659356314,99.68329896775673
361,0.7592113317151179,260.70430345638914,99.73740963606738
362,0.7613074731933067,261.7369383230976,103.16906941135471
363,0.7634009581307508,260.738491223134,104.45688180521425
364,0.7654969266569684,261.5091389739945,106.8640542811536
365,0.7675905899780763,261.9141749051241,108.37681959708279
366,0.7696837880547684,262.54747359577806,110.18601583264723
367,0.7717795008463626,263.07805767969705,112.69504858030488
368,0.7738757788346248,263.09687245863853,114.27041156265366
369,0.7759706260990727,263.8176237002625,113.07526166373908
370,0.7780620795267656,264.16009297628494,117.8750115824554
371,0.7801559906208961,264.66954627697095,118.88669609423238
372,0.7822523136569128,265.0887987603216,122.03163509914741
373,0.7843481481853999,265.29162637782997,124.02212850830648
374,0.7864425511046899,266.43075209785036,126.87985049652703
375,0.7885343495966205,266.7714445524148,129.39926620600588
376,0.7906286372458883,267.44226998038727,131.72443430524493
377,0.7927244345313397,267.78927496440394,134.02733069541958
378,0.794818005513127,268.5753314824682,135.00241532441592
379,0.7969121491149282,269.108526427803,135.8422161349307
380,0.7990047112993173,270.4202090674129,140.40302290406126
381,0.8010984966914405,270.92130162607555,144.25810651795786
382,0.8031950165575023,271.84474485922635,147.4266158243214
383,0.80529055904954,271.4811896133116,138.31968738578027
384,0.8073868607794276,271.12625555955736,124.95107901070867
385,0.8094799923089985,270.0139241403768,111.1175412339071
386,0.8115723232550889,269.57474411972197,94.22142369248266
387,0.8136672975922271,269.49411127957967,85.51450367434096
388,0.8157631100610689,268.8560376057016,69.83721830980701
389,0.8178569790142735,268.40265205441534,56.825116590296
390,0.8199506303068442,268.00546002166664,44.41735543085292
391,0.8220462665916841,266.8089362265037,31.299729836727092
392,0.8241405937791958,266.84358519212617,19.44585091421731
393,0.8262325853224312,266.06785424749876,7.913280941040628
394,0.8283265675885274,266.18145739184,-1.860025747409305
395,0.8304231027322762,264.35689766938935,-14.942711844530148
396,0.832516312308734,264.4456776134887,-27.001717490726417
397,0.8346104967180491,264.28361672085487,-38.14226553611376
398,0.8367055646585567,264.0094304857356,-48.896810176260196
399,0.8387997810841866,263.7916858676171,-58.70773618950078
400,0.8408959249120883,263.2830548195932,-69.887348066308
401,0.8429902851163829,262.46533277691606,-77.05144665911277
402,0.8450834013034724,262.2007069857184,-90.10507546916685
403,0.8471787052036875,261.7024177639052,-99.68922021221921
404,0.8492741754489669,261.510478354366,-107.61757244275658
405,0.8513666186650054,260.4319224232918,-118.25752166624781
406,0.8534586558453424,259.9101883990396,-127.38240787478364
407,0.8555555147205227,260.34188201702693,-134.7055182712723
408,0.8576510528712873,260.4971205871596,-146.44756601719212
409,0.8597438531231701,260.1035377968931,-153.87704712944347
410,0.8618396600787528,258.9981134918656,-162.49190226895468
411,0.8639352641137702,258.8365293547475,-171.63016573801906
412,0.8660278348127696,258.30642379199816,-178.61241984281642
413,0.8681190723532742,258.3735430266319,-187.44641404460816
414,0.8702145301226206,258.57466341086536,-195.37720110594057
415,0.8723097299260473,257.76475638427087,-203.42752941163695
416,0.8744009465527449,257.42727208419785,-209.39143927127444
417,0.8764962014565297,257.03478059705697,-218.497095200911
418,0.8785921785819074,257.54929151477563,-224.85497267954807
419,0.8806862529738079,257.1298961877858,-231.97045706937683
420,0.8827803474942315,257.08539869486435,-239.34568638591836
421,0.884876552415157,256.7210270314354,-246.847600834391
422,0.8869727619955021,256.4676831030756,-253.3742198701232
423,0.8890661549276524,256.85561722744615,-259.9787064623808
424,0.8911606435626759,256.2275969624897,-266.6824233330202
425,0.8932564177642083,256.3513397315868,-274.8185300268339
426,0.8953515942364704,255.93062393579868,-280.9066869652162
427,0.8974449590572777,255.68741186441528,-285.46751166542685
428,0.8995380126042275,255.76597397085814,-293.0812143970825
429,0.9016308480731973,255.61686420200618,-298.44162299178953
430,0.9037248205752632,255.46993310731114,-306.41437658937116
431,0.9058194398636225,255.86830664902814,-309.63066381406213
432,0.9079139093175219,255.22852770792784,-315.3067794402862
433,0.910011764746055,255.42171229250945,-321.4342587216733
434,0.9121056647167038,255.13807986089557,-327.670794240209
435,0.9141967683902507,255.17697945453742,-332.9217912092443
436,0.9162922424058753,254.7224120691295,-337.9904280531982
437,0.9183868595164038,254.85724076458035,-343.68040910980557
438,0.9204815946523948,255.41092514085517,-349.521509953622
439,0.9225765682279964,255.20983059836303,-355.1503366056796
440,0.9246708776548578,254.93874939132147,-359.8066977153044
441,0.9267650233208798,255.8786519505535,-367.0083458330491
442,0.9288581102404102,256.0928028710375,-370.7869807618994
443,0.9309518934142385,255.2076477306123,-376.43609945875875
444,0.9330469160925099,255.73460502760676,-380.1804075899603
445,0.9351415764644654,256.14408712207774,-385.3456480088937
446,0.9372369506587555,255.89341476748496,-389.94340542214326
447,0.9393287530448476,256.27077278499536,-396.2593132616588
448,0.9414229216419412,255.87744740912396,-398.65946900917305
449,0.9435209341962445,256.21197264544685,-404.64794402367204
450,0.9456148252799238,256.38379240493134,-409.63062293812055
451,0.9477091255207061,256.3132717050657,-415.0759810096874
452,0.9498037238864095,256.73593784954517,-419.4410494874543
453,0.9518981043411001,256.9086464470621,-423.32981530559044
454,0.9539914706287521,257.5865635461524,-429.8238601628348
455,0.9560859977890608,258.0970373631722,-432.4403551957346
456,0.9581821096695351,258.0908488600626,-437.55885961353505
457,0.9602755737793266,258.37843347226914,-441.9525551726058
458,0.9623691838562978,258.22393013592864,-446.56677366646153
459,0.9644636726355348,259.0052076575246,-450.7439090849593
460,0.9665572681340019,258.8397685615731,-453.6607884658648
461,0.9686506726657692,258.73276233540525,-458.13177537687176
462,0.9707453651438224,259.2295829460983,-463.3209765879526
463,0.9728397447984573,259.13357140432225,-466.38495387838736
464,0.9749341599912872,259.90565278728906,-471.07994655574026
465,0.9770309382258842,260.28110568218557,-475.7547491396821
466,0.9791243621626365,261.2329366380757,-481.62537314124
467,0.9812186011668534,261.27476601781194,-483.48289224183776
468,0.9833152549762485,261.69080814691114,-488.40143294954026
469,0.9854083366977224,262.027794947048,-492.5076783409131
470,0.9875013366256304,262.3425435022015,-495.2563252172941
471,0.9895964031766183,262.8665496712865,-500.05200361485373
472,0.9916911272506032,264.0712024595915,-504.471156923653
473,0.9937856031740195,264.0787365016227,-509.86857377225994
474,0.9958807301039379,264.7951066047447,-514.8880783948105
475,0.9979746323874407,265.10987894328116,-518.5925495021713
476,1.0000664008054638,265.7022965621273,-521.1445583357298
477,1.0021595314674534,266.96376470424394,-525.4281936249531
478,1.0042547648495364,266.8569108989172,-530.3809959158112
479,1.006349085630113,267.45573574270315,-533.6763943761158
480,1.0084443367657523,268.2924794991871,-539.1551847508488
481,1.0105398481990022,268.65247509654057,-543.7316481824586
482,1.0126348213072522,269.1138289787478,-545.6489277934159
483,1.0147293432188107,270.1869023987008,-549.7809586264946
484,1.0168223222913106,270.96495513254223,-556.4814393949237
485,1.0189181991118834,271.42026558891297,-559.2674800599967
486,1.0210135889667047,272.04132038556895,-562.4474441478902
487,1.023105517395174,272.54494279203345,-566.1641303080202
488,1.0251997072975425,274.0275777884572,-572.076996882883
489,1.0272950549324347,274.9878528835918,-575.1555755812385
490,1.0293904044607038,274.7763559279618,-578.9406094015014
491,1.0314847550764672,276.15068144663456,-585.3354997457036
492,1.0335791521913305,277.48522672539406,-590.9284326959524
493,1.035674282724225,277.47437784897454,-594.9589058489248
494,1.0377683744197583,279.0872009715198,-597.4945200608144
495,1.0398611358062981,280.22197324138597,-605.8959897940391
496,1.0419559810580585,280.51691729501664,-607.5071368925587
497,1.0440519355231435,281.4504708040545,-611.2581956981213
498,1.0461442665368221,282.39868172355585,-616.3357892109229
499,1.048238151325366,283.12782668880124,-623.030340186743
500,1.0503312794335307,284.1951063995288,-624.8244681511516
501,1.0524262698953144,285.7239532583458,-631.2285251036666
502,1.0545208315883745,286.14049064582093,-634.9302597356475
503,1.0566150350094698,287.5187676972958,-642.4299751538161
504,1.058711440318921,288.4489510791043,-645.8108451238819
505,1.060803734980524,289.1930415535699,-651.3246560142178
506,1.0628970711462522,290.5798569545602,-657.6145901341898
507,1.0649945592352892,291.16571272515574,-662.3674450173974
508,1.0670895920886003,293.0761228186093,-667.0418359899603
509,1.0691815189460832,292.9343894978112,-668.7172187729102
510,1.0712752972137536,294.62472295017625,-675.1381777594981
511,1.073371173619778,296.5592597250451,-684.6157292780607
512,1.0754657024825272,297.79134467060396,-689.343199246267
513,1.077559391113827,298.6698385225225,-692.9311153040194
514,1.079654167044188,299.73342243157833,-699.696163234083
515,1.081749685406742,300.88264519755916,-705.769442662005
516,1.0838429051818583,303.0630941486177,-710.1294802350329
517,1.0859346611894292,303.761055978333,-718.5807631958114
518,1.0880274765489322,305.0933359660892,-720.559028151814
519,1.0901226378244568,304.730495837473,-724.6815644957752
520,1.092218906510469,306.7840124150915,-733.6587322248776
521,1.0943142405516277,308.6540534100134,-739.8241008253777
522,1.0964083656069452,308.6940798000836,-747.3633215198475
523,1.098504575117021,310.7222169062722,-749.6971300326651
524,1.100598880587325,310.91384073879186,-757.1859289279204
525,1.1026907648634887,312.6220367533997,-764.9914368581408
526,1.1047864761829782,312.8507977353978,-767.8632240207163
527,1.1068805633882368,314.5285251341551,-780.1805273495481
528,1.1089715885079452,316.61756290896784,-785.5211599714021
529,1.1110674731376504,315.57243403530396,-792.8130263897651
530,1.1131638031712348,318.18509642235927,-799.7253794091919
531,1.1152567400703868,317.4255467467965,-804.5685763267267
532,1.1173518797395834,318.65277647218335,-812.1928560480249
533,1.1194466841667583,319.71358490593644,-821.1475531303547
534,1.1215386388653605,320.73556386177285,-832.1198739237717
535,1.1236321502294464,321.22472684164137,-835.2294949563319
536,1.1257265608788465,320.95500652293305,-841.824666461136
537,1.127823511019811,322.35297147003007,-848.9225474909812
538,1.1299186917312898,321.1183441544776,-856.3300326977919
539,1.1320102853860914,321.69798532344214,-865.2414772752253
540,1.1341022265777971,320.8180942820952,-871.8596241464754
541,1.136196488705377,319.51991474691806,-878.981250080229
542,1.1382919496812383,319.3550330550164,-888.8425664745731
543,1.1403848113573067,320.0127088979863,-895.7737643669958
544,1.1424801205078854,318.70637184410083,-901.9200820728073
545,1.144579099546908,318.4032513216826,-905.3684130350559
546,1.1466743733674984,319.2577505793837,-913.5665207804628
547,1.1487627957344069,319.8593957508002,-921.3988999843974
548,1.1508586543248278,320.2392786199867,-929.8957553518578
549,1.1529561980713183,320.78415882910883,-937.1816604304629
550,1.1550454984226184,322.56797254989436,-947.944022895086
551,1.1571409429142046,321.5124837864132,-947.0792035556922
552,1.159240859340017,321.3998988533644,-953.8034699854691
553,1.1613355832020602,324.6747064489293,-966.2191536497155
554,1.163423871831942,323.11186853102777,-968.2356896377094
555,1.1655188736812345,323.71054779664604,-975.784930329951
556,1.1676174368768866,325.1257989225568,-980.8688317996141
557,1.1697080797153998,326.9317636986225,-992.1641221853431
558,1.171800206369591,327.487923380029,-997.9044964543415
559,1.17389591489135,328.05894579139004,-1005.7471172304154
560,1.1759888523797297,329.27028261800854,-1012.1379953367871
561,1.1780809947202961,332.23535103107247,-1025.583345308268
562,1.1801761196344618,330.9896313160954,-1023.7905107429262
563,1.1822736635654147,329.7538962583026,-1026.840935561793
564,1.1843710306693693,331.6817066724675,-1034.8837398376152
565,1.1864625384002512,334.80482157189925,-1047.7809059700087
566,1.1885545198904406,335.547786834197,-1054.5340817923104
567,1.1906522613678343,336.77493933320756,-1061.4350290841128
568,1.192750069492095,338.23968683888376,-1070.0822078618278
569,1.1948381381583106,341.37754183958157,-1083.3427827163177
570,1.1969297222624806,341.0415428565487,-1085.9624743650852
571,1.1990290164311135,343.3629146685917,-1096.910689543557
572,1.2011243924560484,344.02681168724223,-1101.2431441721405
573,1.2032149592826593,345.29342063485984,-1107.9253651435113
574,1.2053132365828256,348.07731108905807,-1120.1418300450202
575,1.20741576508926,348.7164147800938,-1124.7644236720319
576,1.2095030565711475,349.32903913975184,-1129.3598455593994
577,1.2115949657999687,348.91027645220254,-1130.3450454977867
578,1.2136960046145377,353.6047677983643,-1149.3986822219254
579,1.2157928316049589,355.0804539068022,-1157.8545825616507
580,1.21787984102748,355.44194928589667,-1161.246659000504
581,1.2199725120701903,359.4071057002721,-1177.181393845104
582,1.2220773486348555,359.94846925015486,-1182.7882205522767
583,1.2241717280648772,362.45014499523467,-1191.4539074270126
584,1.2262574809145717,364.7544405760787,-1204.2706752256013
585,1.22835205989159,365.60019112675457,-1206.9947789881003
586,1.2304511070315651,369.3644543885748,-1221.7162943955398
587,1.2325439941641703,371.8530330966645,-1233.4679215837402
588,1.2346327282165248,375.9164109479713,-1247.9081834720307
589,1.2367296121231413,375.28840551209487,-1248.640359187779
590,1.238832433751825,378.7073906687182,-1261.51317759956
591,1.2409238541102623,385.024806991464,-1284.173281216252
592,1.243012379245932,386.03786076468975,-1290.4562456716303
593,1.2451094606314712,385.4828700987587,-1289.7738320562826
594,1.2472066170026377,389.98399613205544,-1308.108714661619
595,1.2492929515805862,389.2598451352335,-1307.3034578945524
596,1.2513843202334647,393.2619944062528,-1323.0382955746823
597,1.2534920777891505,399.19083483937885,-1345.8485825924645
598,1.2555889180496558,399.59728858569713,-1347.6413512562503
599,1.257667580798784,404.94943608155893,-1368.2430495536819
600,1.2597632986068967,406.9450088256579,-1376.7096633053923
601,1.2618709074503869,408.8619144367572,-1385.867487332158
602,1.2639618917954016,409.20857589825386,-1388.8782636074727
603,1.2660463256389345,412.8042898581764,-1402.8326413638829
604,1.268151380164154,416.1557428949607,-1413.4232420103726
605,1.2702573897615381,425.9371233908106,-1451.582392405451
606,1.2723329096911193,425.4523934009973,-1449.947307173794
607,1.2744197010315288,429.9956389810776,-1466.260711171121
608,1.2765327006010119,431.5056128156134,-1473.407844331328
609,1.2786342467193723,433.9648003469624,-1485.42257103541
610,1.280707182799757,442.6898247648496,-1513.9833568060326
611,1.2827931530633179,443.2284237437535,-1520.1397183012843
612,1.2849085387747612,454.1961043708146,-1559.0772729324358
613,1.287000364654089,452.5526272247346,-1552.6076398127254
614,1.2890781709908103,460.99975268688917,-1584.3750872405835
615,1.2911842108955598,464.0190034995394,-1595.4213342445728
616,1.2932965864662813,464.25648633655015,-1597.162834854739
617,1.2953774115066516,474.18016457844067,-1632.8218765101335
618,1.2974494068131983,479.880087353842,-1652.8402851970575
619,1.2995653278098822,481.00138459360664,-1660.8767860595742
620,1.3016791376111048,483.6802548235059,-1670.87167317514
621,1.3037423234004764,491.1310999503541,-1696.4820552196913
622,1.3058199114096363,496.5764220739228,-1717.8110622423064
623,1.3079467955462118,512.5079693430177,-1773.4562937536716
624,1.3100601882305882,516.053851411327,-1784.9941770621324
625,1.312113308135768,507.47520176704074,-1756.1080064477358
626,1.3141962752176515,517.8348683503997,-1793.1427632707928
627,1.3163277077674513,527.8873608809517,-1832.7146842004174
628,1.3184175493918626,533.1804830229223,-1849.4560212894892
629,1.3204856618221223,540.9523762925047,-1877.012182603185
630,1.3225968812824558,545.992396554081,-1896.8742974199997
631,1.324712528812616,544.6048504613326,-1894.1218601513424
632,1.3267701241226586,556.8820175587654,-1933.1093542556084
633,1.3288455369869492,578.5659239604637,-2012.0605712389056
634,1.331007859279665,572.3708537491374,-1993.4962945705986
635,1.3331193077637633,577.6496144759121,-2011.4640130515133
636,1.335111114646517,582.3064981626119,-2027.752572615156
637,1.3372000138113185,595.5374106588272,-2074.947509716586
638,1.3394207042773567,598.9602304243305,-2086.78229724414
639,1.3415191831855293,610.649603148354,-2129.7850472878367
640,1.343419658472025,629.2783813494843,-2194.144657899443
641,1.3455475267642247,620.0825585294414,-2161.8670989906973
642,1.3478257671998863,631.8500066359779,-2205.4673597951505
643,1.349910545699746,648.1026034788785,-2260.8400263519693
644,1.3517701887420612,654.5903122582139,-2284.175816565488
645,1.3539417100377606,658.4542217289369,-2300.871547064589
646,1.3562514521124112,689.4549404033907,-2407.9949238868703
647,1.3583044750242828,664.4142122771549,-2324.2605592783116
648,1.3600937081391848,683.2838754154145,-2386.975835612096
649,1.362315666351114,715.282269155259,-2501.359811251124
650,1.3646739887244697,707.0984797741359,-2472.236125808772
651,1.3666040349314283,752.8636709187859,-2635.302939996226
652,1.3683585203137423,773.2332084327096,-2704.5825751418406
653,1.3706879171444677,742.2892777734675,-2596.672592374206
654,1.3730812726720756,787.3039147810468,-2753.8084721275345
655,1.3749143385354152,749.2702779142212,-2618.6279381382046
656,1.376679031839902,825.3731486388657,-2886.0023800290205
657,1.3790764132796052,795.290045383796,-2783.132527270507
658,1.3814727924700456,740.3317185456774,-2589.384929640557
659,1.3833424067073374,966.4317901525325,-3385.338763012549
660,1.3850593718572481,874.787737864899,-3062.666635986979
661,1.387433769507078,982.3642148662736,-3439.3747219227153
662,1.3897620281243455,1065.2626991715567,-3727.5003486988167
663,1.3917897627196847,442.24681804926973,-1549.0947947223344
664,1.3929979117318791,83.9619426253509,-293.86679918872807
