,k,Pk0,Pk2
0,0.0029665470748989845,64118.14025143229,-13715.686612135967
1,0.005026374055021859,77323.22931686723,8066.435398833977
2,0.007149300621522788,95506.24218918095,-23239.48007822726
3,0.009278869254964255,126518.38291461964,51394.48897929072
4,0.011450332619344701,129912.8321300698,-61694.86036874817
5,0.013492955871419151,132917.9354305562,36121.52056232708
6,0.01558905561191893,112084.17745847549,-6931.671653583063
7,0.017694083672553172,112692.59590441328,-13372.428546681087
8,0.019817874803135297,102051.46798137936,-3273.2580146249234
9,0.02192074938196264,95651.32734398595,1459.5668202798572
10,0.02398877635566245,86414.22049475528,6096.813978977947
11,0.026092869718961156,75333.97449053738,-11788.310674090813
12,0.028234663152781798,74241.21632147294,13394.346231761336
13,0.03032284873509123,57774.886053954026,6286.576009976675
14,0.03240263258943404,54217.47901488795,-4265.986761993424
15,0.03449210129864554,50850.74354235476,1932.672537616577
16,0.03658588147515197,45129.41259469594,-1625.3941069459472
17,0.038684769492669774,41992.12692880263,1067.1137815571258
18,0.040788988884582836,37035.324748592284,879.6346195803534
19,0.04289390876967646,34893.38573948261,-2534.0092449745366
20,0.04498336005546935,33060.716218267844,3070.0203162979783
21,0.047064985294738244,30590.766121568515,329.3052773053367
22,0.04917111919158227,29858.31437006567,-230.7464189596853
23,0.051262169141742274,28354.973526920367,-485.8456538797316
24,0.05335525146837034,27952.367450118378,1018.5642433359412
25,0.05546637228956934,26256.485260944944,2766.068831091347
26,0.057573188192548086,26505.29131120989,157.06015532574827
27,0.05965884044590281,25166.127667256682,3692.6969737694035
28,0.061745123021595065,24806.457277168294,653.560351539555
29,0.0638268929113719,24529.410903096647,408.7649749518847
30,0.06592966228838451,23611.714826585176,-1373.9741129257327
31,0.06803125784825748,22532.291972813127,-1294.2316640329789
32,0.07013131008699486,21862.190212375084,-491.76313633908507
33,0.07223032366074338,20961.66597661769,-174.89509882888558
34,0.07432334270720506,20102.07385362869,200.73321939411125
35,0.07642066756954473,18673.457707881185,-1135.5540588976944
36,0.07850471694556041,18244.736902127162,1850.713257988265
37,0.08059701946059529,16990.94685839091,566.4732368794329
38,0.08269521798132064,16076.106705252663,-88.20996484893014
39,0.08478307522909848,15310.773903183335,1288.0226431123901
40,0.08687780839616016,14264.626580220567,236.3113017769429
41,0.08897524569656534,13351.184933676901,317.5929453954005
42,0.09108077810470518,12763.479174421236,943.4701895824961
43,0.09318432266948053,12089.511207976106,1143.5496913465079
44,0.0952788764104831,11552.279199514247,633.3578813139375
45,0.09736254237981037,11233.96437780286,565.6749409069245
46,0.09944832814799408,10749.158838058369,894.3233990344937
47,0.1015460879802399,10350.702210867219,521.4793356448988
48,0.10364263756677322,10171.068219922552,410.68637756554216
49,0.10573893905394659,9738.016804172492,644.0967728245828
50,0.10783958559814742,9604.24538752286,707.8807263291168
51,0.10993894058501318,9455.239101495054,636.4340916258996
52,0.11203921431523854,9193.429710771723,174.62117828150048
53,0.11412334585697578,9030.300824772215,618.0643651635332
54,0.1162159397555423,8829.300115368365,681.2649731301844
55,0.11831372048037725,8621.468540540709,661.3153644761057
56,0.12039723118070132,8474.205878767312,998.3480402823661
57,0.12249223631878574,8206.674440291672,88.35125867178813
58,0.12458825984258635,8013.745315589042,488.2479838117885
59,0.12668846771583772,7937.641245618367,481.11677335857195
60,0.1287846620419941,7618.918634782427,451.85391943559694
61,0.13087133937881498,7411.626721787652,685.3749357788208
62,0.13297548334406448,7248.702932190077,444.06377648964605
63,0.13506910815256093,7026.043385335409,368.9497624106754
64,0.13716388258568254,6796.079954289644,312.65020186812023
65,0.13926047573721634,6664.04267154189,606.1017239352625
66,0.14134668829083769,6457.326723251221,377.6563203960042
67,0.1434475230090064,6265.099074498143,531.010461004611
68,0.14554528534185418,6023.414719547822,491.8938239808309
69,0.14763320610735878,5882.899212427752,422.2343957176467
70,0.14972114728432864,5724.217251460286,378.4167797103334
71,0.15181380487515775,5639.438643058408,523.9709001298195
72,0.15392114901003526,5398.881400717811,385.2548356752248
73,0.15602147473412367,5300.361294861534,402.6671829339201
74,0.15811617475881218,5174.202815849,482.85481732956276
75,0.16021187122717997,5110.509926060136,596.164598577762
76,0.1623006419462899,4931.722859102152,564.6642992421558
77,0.1643899033199985,4820.372296187168,561.5414665653941
78,0.16648355823815117,4736.820256789801,478.29582069317877
79,0.16857196837784735,4679.951045485007,521.0042621139454
80,0.17066413320893647,4627.1362399327345,671.3356618265461
81,0.17277086992561352,4500.8209410030595,487.5881548128783
82,0.17486965460096995,4348.859003297034,468.17514597401146
83,0.17695857694944453,4289.287607074543,376.28731726577365
84,0.17905245093155753,4175.3056105250125,494.8283567481171
85,0.18115265212612636,4127.100535586211,427.9413253465983
86,0.1832476884130739,4038.4433957548217,449.4869343914347
87,0.1853312475833926,3959.7241725244994,514.2188515256493
88,0.1874284892203219,3875.3752940567456,404.4571613060984
89,0.1895337179075755,3779.879761432415,509.61642909305243
90,0.1916268196474026,3704.5282153295566,441.16803664343155
91,0.1937183403446853,3647.3722085492836,530.155137148221
92,0.1958131498886989,3591.567541491575,437.53817042317445
93,0.19790587400989662,3497.8710438291628,459.7943376385458
94,0.19999906515978938,3419.015648072337,473.83716051894953
95,0.2020893038374759,3332.0471296835653,446.104654208285
96,0.2041823192148178,3281.6506337907504,372.4391044462754
97,0.2062825911013838,3251.172602866534,446.22353545723695
98,0.20837701891459662,3183.0255691537195,445.65685960487417
99,0.21046758167944032,3103.6089282733096,440.2018563858576
100,0.21256678542440183,3057.140139544493,391.19965401381955
101,0.2146619261104852,3010.727616484771,456.2566190497205
102,0.21675618057220372,2941.242267770303,569.3813116113565
103,0.2188528705899679,2873.3761348192857,439.7935040421696
104,0.22094564274530842,2848.816105948313,427.34754613842404
105,0.2230395148320731,2773.044590123375,438.6381633622969
106,0.22513567328585352,2735.208681588007,502.29926874155973
107,0.22722785048644015,2696.946302622367,476.40905989772483
108,0.22931975112872324,2658.3637812560746,467.76043396537375
109,0.23141147723465103,2589.134010016844,515.7930646874839
110,0.23350584674782457,2557.8517255305255,497.69331562884605
111,0.23560416522029054,2513.841566255264,468.50186731216195
112,0.2377006336558307,2462.9029165737784,520.0779881735475
113,0.23979727503904752,2423.162386168665,497.93735212046244
114,0.2418944602532704,2404.678887520362,516.6480817073119
115,0.2439884227569783,2344.5326111307863,483.42942395737543
116,0.24608359968283072,2305.617293865323,513.545193798663
117,0.24817552807053123,2276.338342921518,517.3729471517044
118,0.25026237006475704,2239.19054009537,504.2782221050913
119,0.25235861551053484,2204.1010917875574,514.5132814985162
120,0.25445470778669854,2164.592045471746,506.66570425148365
121,0.2565487653287422,2135.897093201815,503.057761755241
122,0.2586464955058471,2109.9376750569486,516.2809301975745
123,0.2607443047329862,2060.4892789540463,528.791580504022
124,0.26284383121734134,2021.8714578041345,513.7265660249238
125,0.264929885565984,1994.7104941104108,538.9418968959283
126,0.2670163698864118,1967.9358464350748,519.3229028476926
127,0.269112135390912,1943.173236049072,515.1711331075772
128,0.27120764961246213,1907.5482886104744,500.43236241719507
129,0.27330509996536784,1875.6341401293162,540.3285029036315
130,0.27539842121309294,1864.7077105041205,507.6293519385868
131,0.27749656900268016,1839.7148986433447,503.25039637389176
132,0.27959864364035925,1795.4659170256232,531.4074633409418
133,0.2816878213234348,1776.9076404869281,508.5123806629604
134,0.28377609558542155,1750.631329016238,542.4373672425269
135,0.2858732754634003,1722.9881369044215,530.3473400155898
136,0.28796861590208045,1706.2139883223279,543.0049140536812
137,0.2900612915162532,1662.72667709961,536.648766467957
138,0.2921547032025089,1653.0877946845258,539.7818100197014
139,0.2942501291133245,1623.3794842517962,507.911722172049
140,0.2963444256131289,1603.765642132869,533.4534350968436
141,0.2984361415704375,1582.0693232260294,529.4368369969079
142,0.3005318840555698,1564.9054046083452,549.6871234819997
143,0.30262777760316095,1533.5611246816513,556.4744911539298
144,0.3047248035439954,1516.2128443216282,543.7603569466245
145,0.3068210272572538,1498.8665453787935,543.8079550744804
146,0.3089144805088237,1471.6508539278261,517.100914771323
147,0.31101080657849756,1456.009404281192,532.4945839135968
148,0.31310885951912926,1435.6863506675825,537.7782713214322
149,0.3151991603466065,1416.2571920227456,540.0720384770094
150,0.317288667284839,1397.7391779574093,522.5572586887039
151,0.31938044185106124,1374.0990295559227,528.4024249457802
152,0.3214783648369702,1359.8133168326294,530.1364623671471
153,0.3235785211189416,1347.2068262997982,537.8595031752475
154,0.32566935894833426,1323.6914069534964,551.5206089925573
155,0.32776077751211374,1305.0052241117153,526.536647138019
156,0.3298523230655558,1301.1774842792715,551.2144570479472
157,0.3319485433973702,1275.453704288115,538.0157495873809
158,0.33404540358127904,1259.2012023997984,533.5102513792658
159,0.33613494177837844,1248.5459360283146,542.6635785913019
160,0.3382313832787478,1224.8379488442934,541.0989448464701
161,0.3403308518124324,1213.5146952066816,538.6659329463128
162,0.3424246601457981,1201.3611416412136,540.001104861789
163,0.3445197272986724,1186.8421723319543,545.9697008648553
164,0.3466158524641983,1165.4399402661884,535.2422862389327
165,0.3487089916477683,1153.4433114482179,533.6205421695697
166,0.35080114560367615,1143.3593771595056,548.1996458070294
167,0.35289356821720286,1129.3345652207395,520.6019645621001
168,0.3549881110219297,1115.753695805482,549.8747721579997
169,0.35708559248027844,1099.9102155659548,529.1958439295754
170,0.3591813496003593,1089.9308908717674,534.7310955403674
171,0.3612749400626811,1080.5502692774528,535.4146029862092
172,0.3633693413142722,1067.7195368609287,550.366549659259
173,0.3654632219855477,1048.7865493927527,536.2246026087258
174,0.3675603773529471,1038.099665106133,534.0322572863822
175,0.36965434919829326,1028.357595508312,536.4967269872059
176,0.3717418094879197,1014.8992784205193,533.1361780578821
177,0.37383404253825586,1004.2839949968574,538.4045669426764
178,0.3759308579415973,993.5733993756878,538.2525707224818
179,0.37802985088946095,983.0594777652248,540.5185707575229
180,0.3801213498834686,972.4823331136794,537.5441974175583
181,0.38221306010699313,960.5664854431167,535.1776745284201
182,0.3843141376638833,950.885523224244,544.5202533454996
183,0.3864096355836929,939.4280619753974,535.6861914755082
184,0.388502907295756,930.1631614303905,535.7168888974
185,0.39059769208540335,916.1088323810447,528.0854770862552
186,0.3926958121232196,908.6706693463815,522.7667828132169
187,0.39478921808384226,897.5790140591714,535.8553152697561
188,0.39687821409975554,885.5449641651074,525.8511376724994
189,0.39897073627813356,878.1027969083319,526.809473655506
190,0.401067192451382,869.5209044920131,531.2414766099304
191,0.40316228148056854,861.5112100957105,538.8819172767398
192,0.4052546340249366,848.4488619958879,524.5834247979249
193,0.4073499183903822,841.7232223435067,525.6467634425379
194,0.4094468722071623,832.3010794475028,527.231079543957
195,0.41154432885897757,827.0362130943489,529.6956586921633
196,0.41363408239228544,816.489724367519,534.7307553410174
197,0.41572494638156243,807.0522311469102,521.3701462063389
198,0.41782181997781404,800.695550698978,532.224045308057
199,0.4199166506307261,791.6568576611124,530.0471643490658
200,0.4220107143757513,783.9420938002194,528.4513078075352
201,0.42410542949066876,775.985646871929,527.1540217318695
202,0.4262013850195404,769.3246856389592,522.5873421504676
203,0.4282955296445312,761.8654429874028,513.3496733603331
204,0.430391806688861,750.8184284258997,512.2380864824397
205,0.432488575457924,746.5727449909642,520.8038283375975
206,0.4345806090039814,735.0602207245829,513.7757975057622
207,0.43667244097425384,730.725576430566,522.8911567742056
208,0.4387671492209622,722.7373429569714,510.6134085580805
209,0.4408622534544343,716.3752709369085,514.964211522707
210,0.44295516415095815,707.6851552115205,517.1465681355943
211,0.4450482683181851,700.6364451105628,509.3464679538794
212,0.44714683875742495,696.9500334597964,507.70357713676776
213,0.44924362280569813,689.200256871972,509.42143165520633
214,0.4513338633316258,682.148648151592,511.3179832227577
215,0.45342753643259276,677.794066295543,514.7706007794854
216,0.45552189548586586,670.6771558040437,508.52270180484686
217,0.45761716616081083,663.4059900786929,509.3814735057802
218,0.4597117909764672,658.2383317955641,511.70926016775655
219,0.4618031890496857,651.617655450833,501.58930737877944
220,0.4638995470730997,643.6983147356153,502.4910437093328
221,0.4659948171464902,639.0020679078366,509.1223562054779
222,0.46808929446972725,632.1841378046248,500.9017762271188
223,0.47018492649495636,626.1405511755621,496.0613051058033
224,0.4722792778491551,621.5653313034428,496.48716035327027
225,0.47437272572904565,616.8024717167631,500.8684024720641
226,0.47646593372141327,608.4954645124154,495.13233276630564
227,0.47856230727426236,603.0900002857168,491.60531101665936
228,0.48065904058976644,598.6794417611611,488.81315953713994
229,0.4827512226177774,594.9957256673175,501.3477526501326
230,0.4848441163240575,589.1564794924193,491.3033739600272
231,0.4869397730506266,583.5923345343562,491.7444963746001
232,0.48903678813400875,579.4878947959245,485.7681183972695
233,0.49113096964965397,573.2045745166412,493.7076531919781
234,0.49322332174786626,567.9383749402903,489.8353366111421
235,0.4953187148676145,564.0593228619792,485.1199784237348
236,0.49741120358770496,560.4199728306479,491.13325000838694
237,0.49950082345999325,554.5395536727485,482.34698502898885
238,0.5015952506837275,549.2269164584102,483.6260915378273
239,0.5036919972981919,545.6377140116524,481.9874227097595
240,0.5057872116617207,541.8444301335074,490.5914927577371
241,0.5078828569897101,534.9660736009737,482.3815502177361
242,0.5099793452386306,529.536508374781,476.82382919286204
243,0.5120767256379639,526.1049017869859,476.0672509032469
244,0.5141702395931294,521.889319939994,478.92223182826086
245,0.51626132102766,517.5580567072653,477.1843461377629
246,0.5183576899265504,513.620554274622,477.17130662638334
247,0.5204524416424112,507.5626079168778,474.05082057203083
248,0.5225430403510469,505.2364262159109,472.0073527772737
249,0.5246378991347941,499.8818210850496,468.90324726551796
250,0.5267345150769579,495.8303337602605,467.86635305761223
251,0.5288284644781793,492.56633212271265,471.566991567337
252,0.5309200047543352,488.1837718381992,468.355673758518
253,0.5330154787982235,483.5297803324562,462.67105143903325
254,0.5351140455458262,480.3084956983434,462.31287563338304
255,0.5372066203065362,477.2092589267648,468.02674197491075
256,0.5392991990272246,473.15642712062765,463.30024057984605
257,0.5413944118270408,467.49131993703924,454.35219889661994
258,0.5434881995106379,465.5220561192687,461.98546571904393
259,0.5455829952492127,462.0915947993566,459.42938927810314
260,0.5476769745662954,458.9054290263621,461.47413446572637
261,0.5497697255495043,453.48653206978275,453.56624340856945
262,0.5518645446467839,450.7758956858305,454.65416095245183
263,0.5539598571350287,447.61133709461797,453.31463890173353
264,0.5560564538950566,442.94674666855525,450.91154195609323
265,0.5581500505101624,440.0832937500813,452.9637908636155
266,0.5602409063261653,437.89691375669827,452.28388037984337
267,0.5623379637803174,433.0953813452112,448.3150674234259
268,0.5644363283026402,430.402786444809,448.09159093514154
269,0.5665273824761494,426.38218394682923,445.3722353122116
270,0.568621249018378,423.6939318790131,442.7402944055012
271,0.5707181447612965,420.9693974074346,445.0044203729891
272,0.5728127938597997,417.3818334482025,442.54307959565864
273,0.5749070881546879,413.7830965964466,442.0401390140658
274,0.5769991470923068,410.65987208774715,439.55162634190395
275,0.5790956911760897,407.96170739869115,439.4475457619493
276,0.5811893306261757,404.42012039203973,437.5956324992882
277,0.5832802267374103,401.8701005502197,435.9117252597978
278,0.5853761830306536,399.83123058932074,438.4307701952788
279,0.5874711784415975,396.23518847500515,434.7006058254269
280,0.5895653958899879,392.15951859411524,429.58289625234687
281,0.591659786459685,390.41488152291157,433.2882929968906
282,0.5937551851921442,387.7382900396367,428.80430122989503
283,0.5958498092767481,385.19226225844636,430.8612811934579
284,0.5979447066705442,381.39306004686904,426.67302218531756
285,0.6000383505174957,379.0902059113856,426.6626513363679
286,0.6021313016181767,376.4939481145699,423.5366506670654
287,0.6042246965556944,373.97556457430954,423.9691088755893
288,0.6063189733697846,371.76043524829186,424.7895628294772
289,0.6084147213727373,368.8575239957339,424.3175282926097
290,0.6105090855473989,365.88147106111757,418.65563160327844
291,0.6126037649785722,364.1181647763916,423.08527125552416
292,0.6147002391370655,360.98513255027314,417.21173583365425
293,0.616794938930829,358.1909130565439,415.03637924995263
294,0.6188886865784012,355.07148087442044,414.8294965733757
295,0.6209825762252046,353.68825112245526,416.1037265182075
296,0.6230764414889526,351.1963682951424,415.3225797339507
297,0.6251725389343245,349.7565801968239,414.88868172984917
298,0.627266923011265,346.8419628360759,411.3496657333497
299,0.6293596211388142,345.17035732264003,413.60090888776017
300,0.6314513250607457,341.2852284331722,408.2214187708896
301,0.6335475720513941,338.12508139874905,404.7960058196247
302,0.6356444982495617,336.4828315162769,403.92959744336565
303,0.6377358562255245,334.84730218797046,407.2561737813735
304,0.6398302949107263,332.7438837422291,405.07140937289597
305,0.6419256185614247,330.2126301589606,402.33505710699336
306,0.6440214843206593,328.0981937811847,402.1046079129968
307,0.6461142033434962,325.7116221263831,400.7425056259076
308,0.6482061138478032,323.7311114172312,400.09730801636675
309,0.6503020867345045,321.56495179766773,397.819081319609
310,0.652398185537932,319.00512214004243,395.1069185335335
311,0.6544932048530038,317.1631274843318,394.0399125501042
312,0.6565867871776386,314.163219392174,393.7893887840354
313,0.6586827890115348,313.3926466954007,394.28810287036066
314,0.6607793300725506,311.15393179210434,392.7210092078154
315,0.6628724964198541,309.4712525050743,392.1216106312676
316,0.6649654402217313,306.8606889925788,389.1216547146416
317,0.667059865407609,306.0924388799702,391.27069374141894
318,0.6691532523078332,303.1820704725907,387.47860796397583
319,0.6712457992597233,301.8448693711422,388.38044260404433
320,0.6733390782258323,300.0107318583072,387.70674176598976
321,0.6754367503383576,297.5759894733036,385.6238898814171
322,0.6775335143160066,295.78202337245864,380.9548344897858
323,0.679624621064033,294.2360172253264,383.6800162272392
324,0.6817180292738917,291.4927462147182,378.343967313794
325,0.6838149015047629,289.8952648241094,379.45143014070095
326,0.6859101434268815,289.3063435226697,380.9112134989781
327,0.6880046468184081,286.7042430194893,378.7807551137365
328,0.6900999637264865,283.7174841774594,375.0238428473167
329,0.6921965733216279,283.2165822974492,377.5006152227271
330,0.6942884945981568,280.97528945276207,374.08474167634165
331,0.6963781649531228,279.7523039929801,373.90007111015376
332,0.6984747371200234,277.8507175493837,373.6400784031535
333,0.7005690388882679,276.70863291477576,372.7730022352897
334,0.7026621579778546,274.05957862742326,371.0763094541059
335,0.704757268847954,272.9113130860146,370.0508019042855
336,0.7068509057629639,271.8728497192379,369.8073597524066
337,0.708945644402387,269.0332913587706,364.69540807401734
338,0.7110406815970572,267.5585682534099,365.6533816943139
339,0.7131372373036142,266.7812706358577,367.3201377986559
340,0.7152323589250973,264.7765766666172,364.1332195243069
341,0.7173245162021571,263.00330198836946,363.0523512569323
342,0.7194199711852413,261.5692388036387,359.6535441865702
343,0.7215151322330351,259.935270337008,360.51386908032686
344,0.7236102334592447,258.50170583644154,359.5006471502236
345,0.7257047129497166,257.0453374931364,357.75836289635185
346,0.7277958825256088,255.43471703223616,357.31727885178714
347,0.7298900912292255,253.98707187321673,356.4881557623246
348,0.7319867159780691,252.67564065174955,355.18156744654044
349,0.7340808521059053,250.5580088087219,352.5904424727719
350,0.7361738853270124,249.8872397976106,354.0678320352894
351,0.7382682123604443,247.36901934959542,350.7683986114377
352,0.7403641944498084,246.4069284067642,349.14888147967343
353,0.7424576311971561,244.8406105826737,348.5618813147297
354,0.7445523870480827,244.18699340344804,349.4481833187719
355,0.7466478284648128,242.7256288691903,348.21948090985575
356,0.7487413917548734,240.32751730630756,345.45629730394586
357,0.7508354594737505,239.52184120987562,345.4371179206441
358,0.7529278056847568,238.08548771320568,344.4186690550446
359,0.7550230257904859,236.45923635719336,340.7743578362881
360,0.7571167923480437,235.43924907914,341.8579308757468
361,0.7592113317151179,234.22489434448346,340.34953918950424
362,0.7613074731933067,232.5863457283275,338.84838958840805
363,0.7634009581307508,231.80878565569617,339.1109210416891
364,0.7654969266569684,230.29615454686007,337.48252722973314
365,0.7675905899780763,229.18924478099447,336.6525084105487
366,0.7696837880547684,227.61069483700015,334.3193388076519
367,0.7717795008463626,226.2794112676741,333.81321604257823
368,0.7738757788346248,225.07098987529454,333.67752432552425
369,0.7759706260990727,224.28084922824777,333.44643684057417
370,0.7780620795267656,222.7245162728364,331.7581884113033
371,0.7801559906208961,221.9990508554928,331.3183808716179
372,0.7822523136569128,220.72869493240424,330.98610000548683
373,0.7843481481853999,218.6734287564609,326.6475398677383
374,0.7864425511046899,217.98472220059406,327.6025496166396
375,0.7885343495966205,216.655274856012,326.9113641166865
376,0.7906286372458883,215.44791368442858,325.24975879730766
377,0.7927244345313397,214.91147270401905,326.0403943493176
378,0.794818005513127,213.9333947355303,325.4902931007815
379,0.7969121491149282,211.84138189139614,321.48461454745564
380,0.7990047112993173,210.5932745572236,319.8282333896165
381,0.8010984966914405,209.8660030509447,321.863712644009
382,0.8031950165575023,208.96698527287813,320.3225311111379
383,0.8052905677217739,207.5673357103381,317.6249431936698
384,0.8073868841230295,206.35600057329364,316.95721076391607
385,0.8094800557409162,205.7032321421327,316.9535926409929
386,0.8115724907946299,204.05340982987374,314.4364851594437
387,0.8136674854006812,203.7410683720325,316.2340850366723
388,0.8157633267681768,202.36290380641,313.85019833740995
389,0.8178572815764139,201.44337040062157,313.4077993160117
390,0.8199509017046862,199.7803011414533,309.9479365851586
391,0.8220464110750062,198.39687474689595,308.8197088056025
392,0.8241406544737637,197.938079267227,309.9397632311287
393,0.8262328397247414,196.8164867651928,308.9530299026469
394,0.8283269471334518,196.2948850754055,308.4622993551851
395,0.8304231064697798,195.100295659725,307.05173962576737
396,0.8325161683796762,193.76535778646766,305.48672712782366
397,0.8346105557242035,193.38950766586834,306.87757501488255
398,0.8367059794413102,191.98431439887733,304.83635935563314
399,0.8388002445604258,191.06399326292185,302.26134905728645
400,0.8408960756111226,190.44968726485743,304.38495203228473
401,0.8429905652842218,189.1112206675872,301.71702112345986
402,0.84508401313589,188.46612518681036,301.95646312736216
403,0.8471791713809247,186.83025031878913,298.18530998296717
404,0.8492743362825239,186.14324498112165,298.15234941150874
405,0.8513668888602299,185.26520956776184,297.73070109899464
406,0.8534589296280589,183.730069948229,294.99270918393773
407,0.8555558405338324,183.56994529181924,296.8807238259085
408,0.8576516874123633,182.65184407167507,295.6291423863726
409,0.859744590599333,182.02058658811114,295.6775704306499
410,0.8618400547669827,181.15382735012747,294.4166715084529
411,0.8639350434441438,179.8691815389496,292.3541405195411
412,0.8660280248974203,178.83212713145937,291.3354764719174
413,0.8681201347325478,177.5446533010838,288.9425360875265
414,0.8702157283801463,177.67854304288173,291.00514041481125
415,0.872310621353091,176.47913291484815,289.0751655045572
416,0.8744020359703552,175.03413139440408,286.9065044336963
417,0.8764972088477568,174.02045908497863,285.1145600974332
418,0.878592835994214,173.57799171656728,285.2598448773972
419,0.8806870131084201,172.9719537305969,285.57611017292106
420,0.8827812802431019,171.93776548382826,284.3119060472161
421,0.884877279658285,171.25950196324297,283.70303024308566
422,0.8869730004154345,170.23235500108802,282.1203584028271
423,0.8890661750433553,169.92369111616503,282.8422740796874
424,0.891161435679344,168.75758312537278,280.8258134972817
425,0.8932577960179496,168.5580379674431,281.32291967088037
426,0.8953527392107627,167.08787646100572,278.56841509653947
427,0.8974462460666859,166.46758227036798,279.2454120258284
428,0.899539340962409,165.33602822243694,276.95721005431653
429,0.9016318169027592,165.38557738135364,278.3707791346
430,0.9037252249745606,164.1162679490933,276.1863473653744
431,0.9058199443223193,163.48759872557616,275.83145984365893
432,0.907915243986348,162.6385639658916,275.0364570391971
433,0.9100128049501981,161.75335781558627,273.2297901870834
434,0.9121059966002629,161.1533187607102,273.80875255935473
435,0.9141972861830797,160.1135486163868,271.3004761793622
436,0.9162932496702593,159.35181738028342,270.9742014288717
437,0.9183878012752863,158.86178370066867,270.552685967368
438,0.9204823185419505,158.09309296456084,269.59756705345393
439,0.9225773629784582,157.33705234009045,269.0853421812985
440,0.9246718174739146,156.4400688131499,267.11565173383667
441,0.926766211900197,155.74497403777892,266.65066867359366
442,0.9288591582540804,154.58740478139916,264.32512028417125
443,0.9309526610700547,154.35850147869883,265.5083577932944
444,0.9330479303067369,153.37602135404242,263.5517609451724
445,0.9351433527997749,153.14663775600494,264.64991217997925
446,0.9372383527365933,152.2731445833664,262.85724611213703
447,0.939329757499591,151.4974197909821,261.72607065687373
448,0.9414230571985791,150.65332862200313,260.2849444067825
449,0.9435210054806012,150.1052105792197,259.87280067309945
450,0.9456162503172072,149.88931434434662,260.61115737108184
451,0.9477100092887099,148.99055631251184,258.94549367749556
452,0.9498046323041349,148.4746501137947,258.892054386945
453,0.9518991548408083,147.6004861267673,257.522020384768
454,0.9539929332702277,146.65532355605944,255.7541013176317
455,0.9560874898052096,146.17472999148455,255.476895731069
456,0.9581824530689178,145.85016435602978,255.7402854620964
457,0.9602770371571748,145.2993185278929,255.03301691930739
458,0.9623710723241273,144.35991092776223,253.49173700700268
459,0.9644648349083941,143.6953593137341,252.75213921851443
460,0.966557887379011,142.63670026524605,250.71176511082507
461,0.9686513195291268,142.60784448109757,251.94573203195128
462,0.9707470393683869,141.9983622930181,250.48267898299042
463,0.9728419987888902,141.5046693962593,250.65037818651606
464,0.9749363451418961,140.52785739987718,249.0552892872197
465,0.9770319720978949,140.14562012710778,248.6732732253916
466,0.9791260608689247,139.56229447541514,248.05901519214416
467,0.981219993418123,139.0339153971558,247.2447902919545
468,0.9833154848012966,137.92573984850085,245.35015900854168
469,0.985409217900734,137.60103814656483,245.5313565007543
470,0.9875034929558208,137.35682081328758,246.07667235786843
471,0.989598845059814,136.5094643184781,243.8593511498797
472,0.9916925524589582,136.08733621713944,243.95341546087175
473,0.9937866222530743,135.3414831178504,242.9288072265132
474,0.9958822538585521,134.86570360597315,242.00580458894893
475,0.9979763461234663,134.2729915530317,241.64617499367222
476,1.0000687382803208,133.8207156567817,241.13434054898732
477,1.0021620574674717,133.36755719400466,240.45535396868905
478,1.0042566040705312,132.18978451098468,238.5039070910758
479,1.0063510481087232,132.17678723963022,239.12812632108972
480,1.0084458017147504,131.30870028690296,237.62668002826726
481,1.0105412449330358,131.03657968074992,237.62481163859493
482,1.0126363206852906,130.66381839142662,237.546153946736
483,1.014731689048677,129.89295253365134,235.97245323901694
484,1.0168251811607234,129.68124891548908,236.31535157549857
485,1.0189183181794257,129.06890139576518,235.2885916210504
486,1.0210135131858313,128.3642878301274,234.04306505501398
487,1.023107899818119,127.7413860299281,233.45180747219953
488,1.0252035642142994,126.86964935820292,231.18607908273566
489,1.0272979326699727,126.97183165437549,232.89399616933096
490,1.0293915165160124,126.21891796541894,231.37768427061164
491,1.0314862118776227,125.6807310195735,230.63290641674232
492,1.0335813276438528,124.88143548428356,229.0482597659003
493,1.0356760372494827,124.6716072173152,229.0310240873897
494,1.0377697665518313,124.586886601975,229.94550691215161
495,1.0398635542890804,123.7482583444398,228.26391735664856
496,1.0419580022733907,123.35907625445756,228.2285631625697
497,1.0440530837182007,122.80569462159895,226.96847280417032
498,1.0461463909219801,122.36803767426902,226.4271318651617
499,1.048241289239942,121.68571826677949,225.22377581024872
500,1.0503346504195201,121.02498412234688,223.97224375425887
501,1.0524278880438542,121.01016946998318,224.69083232633733
502,1.0545231057279465,120.45195595585395,223.77713298671856
503,1.0566172205725972,119.91622777288956,222.8585900619188
504,1.0587125681053644,119.6196093981498,223.03424584808351
505,1.060806974942881,119.01205329761693,222.08354823962367
506,1.062900937291859,118.58338322118591,221.77250808494287
507,1.0649968400029963,117.9848408197987,220.443185768961
508,1.0670917748856612,117.5500503288523,220.06153437413224
509,1.0691837840599538,117.10879547009841,219.27298850786045
510,1.0712784055790137,116.65300664040453,218.61301083951054
511,1.0733741944109443,116.16276375547127,217.8411041964141
512,1.0754689143080451,116.00981748266454,218.08868652640177
513,1.0775625935653539,115.27965590401483,216.81627660947535
514,1.079656551776009,115.05896170604662,216.63977814005275
515,1.081751759033872,114.33158603696468,214.97417436034956
516,1.0838450038800544,113.93005689081849,214.93666045686976
517,1.0859393346043436,113.46061302851427,213.92178276291287
518,1.0880340737032612,113.11913977874585,213.66687922452098
519,1.0901280973397867,112.86149561460974,213.43767667941842
520,1.0922232205093443,112.1974590261449,212.45000575877003
521,1.0943183198095006,112.00223777400544,212.53892391183626
522,1.0964124680620808,111.51769109682492,211.49996718595048
523,1.0985066965945804,111.08164396496609,210.82454241360412
524,1.1006022506925348,110.6609715494248,210.57777962249503
525,1.1026960746069068,110.3576980019332,209.98350275536149
526,1.104789420523433,109.68138233839217,208.69156662295592
527,1.1068841457204943,109.45156843266352,208.44858175259492
528,1.1089772649904681,109.20232951746358,208.72174479848618
529,1.1110723868790173,108.48411602635426,206.972002412988
530,1.113168427194727,108.35956936083595,207.49264724723912
531,1.1152626776337078,107.79804428694827,206.11574662017563
532,1.1173574051129724,107.41827824992448,205.67661725555968
533,1.119450573697561,106.99240776457496,205.1810898293567
534,1.1215436337779248,106.71235614651866,204.9198211907211
535,1.1236390334415942,106.408374990013,204.62871719349144
536,1.1257332200225998,106.07933733301621,204.24174804642988
537,1.1278283378211404,105.58104845528649,202.9722447504016
538,1.1299238131648552,105.16884291577735,202.41148554046873
539,1.132017447124327,104.8020172587227,201.6299455520074
540,1.134110650036949,104.67621863142577,202.36827779061252
541,1.1362036259959787,104.21582379538309,201.23145315400546
542,1.1382991427598659,103.9895712533391,201.39371072755077
543,1.1403936066737896,103.65900009440698,200.71531709083385
544,1.1424878264606209,103.0503566540663,199.54894941618264
545,1.1445836717483504,102.88808102563058,199.42744169749417
546,1.1466778755714095,102.2495022035049,198.32574798503825
547,1.1487715351237628,102.08920898481226,198.61272665328013
548,1.1508672245306748,101.63735179392215,197.37286123615135
549,1.152961670034179,101.35501613962086,197.33397277979222
550,1.1550551275418117,100.964769875067,196.55833525733465
551,1.1571500620004906,100.55926516458538,195.72931181681093
552,1.1592451155989445,100.37986399895586,195.71640506967807
553,1.1613401484055899,100.1156076243426,195.5257913111149
554,1.1634328135986687,99.77262135498428,194.8836720672772
555,1.1655280225544649,99.27751776296832,194.17738021254138
556,1.1676232414157608,99.12215964452824,193.96187718277662
557,1.1697157183635434,98.62762868649288,193.15505623977157
558,1.171809765164966,98.3079172287893,192.56978242530883
559,1.1739036754657965,98.15712401666471,192.80357178932744
560,1.1759974618047027,97.58941596862007,191.50674323722617
561,1.1780927342002254,97.45800452530403,191.53448148088
562,1.1801886215978319,97.10396244711191,190.87596049550254
563,1.1822824649467334,96.94683875052776,190.8855600088656
564,1.1843777187054296,96.29945134146178,189.38638315158914
565,1.1864731317277017,96.07672384587265,189.4122138802887
566,1.1885662199882188,96.09782501745156,189.80302767544012
567,1.1906603290984812,95.78097226892439,189.43188852475825
568,1.1927560449071208,95.23757485029917,188.2418784049699
569,1.1948501301675682,95.10362611899295,188.15518435583263
570,1.196942866326464,94.76644156759755,187.65509672660608
571,1.1990363434731066,94.46461247202785,187.09838771246166
572,1.2011315528209288,94.15123632261638,186.70070858839068
573,1.2032252726398727,93.92093997477667,186.25563372589312
574,1.205319131714267,93.47791475952177,185.50972072411042
575,1.2074143429200774,93.10866942862062,184.7331317664783
576,1.2095073316728018,93.08012080788856,185.21007080173163
577,1.211602159357548,92.4912639586351,183.68422071899641
578,1.2136984428310558,92.52145431562961,184.31133877218636
579,1.2157943340364452,92.04827984551781,183.21864067915965
580,1.217888268816351,91.76314454057172,182.87308179854298
581,1.2199821909033837,91.36975895001545,182.17819107004493
582,1.2220779372220854,91.33300973699811,182.24411422366506
583,1.2241720630448372,91.01824513322008,181.77339895438104
584,1.2262656486341297,90.71909360025303,181.34728885375057
585,1.2283602712023978,90.5014089937085,181.28729583465358
586,1.230453847781421,89.99109718189065,179.73267670987877
587,1.2325484279288663,89.90542236317755,180.08710122513278
588,1.2346427330328844,89.85745816116794,180.6126237083041
589,1.2367368340043534,89.28674658138246,179.0989857837388
590,1.2388320989568682,89.13373092144597,179.00271255884041
591,1.2409254956441091,88.93375909995068,178.6964208634969
592,1.2430201387037565,88.80517050180298,178.66658744577512
593,1.2451147141570293,88.43645556433717,178.0222961481362
594,1.2472087367784284,88.08659651292983,177.30203804766688
595,1.249302614173833,87.8294273102464,176.8144643317693
596,1.2513971052845823,87.54306429331244,176.29204602775096
597,1.2534931066319515,87.39887905236156,176.17051290006376
598,1.2555863817711985,87.15814778877167,175.88255346688857
599,1.257678969059161,86.78303620156778,175.04061472284843
600,1.2597748382104277,86.76661755884197,175.5173197908281
601,1.2618698898493887,86.69648966930365,175.6251316866212
602,1.2639640740660565,86.17250431219938,174.42338739731983
603,1.266059176034634,86.02304744435396,174.26781161557994
604,1.26815329738596,85.83806379024803,173.9406336604973
605,1.2702469827768745,85.57777309958941,173.76742034450754
606,1.272341439773769,85.19961383633054,172.94375551719372
607,1.2744361591580655,85.00612212137298,172.3262333177935
608,1.2765301570381213,84.83957002329134,172.28525193364763
609,1.2786243195908502,84.63921734003324,172.16020924612704
610,1.2807201779848052,84.68860932278079,172.72345223435903
611,1.2828149770647865,84.14851798056732,171.25529819259677
612,1.28490831046805,84.04223435888899,171.22536427090967
613,1.2870024746125797,83.82135090227895,170.90482914122256
614,1.2890960788179595,83.44533564397248,170.06486480897397
615,1.2911903407610128,83.41182165952154,170.38524496840887
616,1.2932847299377603,83.16794352062993,169.84504247281788
617,1.295379834193548,82.96651663641197,169.57667472667336
618,1.2974743412448833,82.71132938213547,169.07445380190376
619,1.299568838606027,82.67289825349178,169.2799171747972
620,1.3016640567270552,82.35427059770662,168.5430780479283
621,1.3037578272673165,82.19975916920892,168.56382847261247
622,1.3058518980796576,81.94475664137633,168.024149394555
623,1.3079469520711469,81.6034802447663,167.1868087204545
624,1.3100414674631762,81.62233622466626,167.62837693647674
625,1.3121343419146885,81.50931762743376,167.56019631763547
626,1.3142291157646366,80.90429281449894,165.98363635343475
627,1.3163249547628966,81.10647602234476,166.9465953355812
628,1.3184204308819243,80.7304824543848,166.05336246737258
629,1.320514045081714,80.72608743383145,166.37985273972984
630,1.322607731116918,80.39814736322508,165.62596956908456
631,1.3247030067977636,80.43232627603778,165.93853734048258
632,1.3267964975071294,80.06782382820641,165.1719135078456
633,1.3288900457896358,79.80896784394673,164.5514171553409
634,1.3309846323229146,79.71926041722072,164.70578422447045
635,1.3330795391690438,79.56070062633772,164.38902239638404
636,1.335173949560825,79.41087177222308,164.18976047980505
637,1.3372672428845813,79.02934311464335,163.28484005706267
638,1.3393616502777206,78.91228441587067,163.1602563553471
639,1.3414564546808454,78.85862746945575,163.2704143676037
640,1.3435497634465539,78.5897962313791,162.63974449705682
641,1.3456439095281743,78.64271928755092,163.0755222941445
642,1.3477398961804745,78.35580156913974,162.57665655257853
643,1.3498356331361778,78.38770002299022,162.82836149726066
644,1.3519291222201564,78.09839721758732,162.23962976746026
645,1.3540221824451044,77.7595868519354,161.4254296833374
646,1.3561174165883387,77.75235945751746,161.62173905228875
647,1.3582118000666776,77.47575506516546,161.06062156384974
648,1.360305548489477,77.56297517027542,161.59596111378622
649,1.3624016471705516,77.227852082747,160.76528217756064
650,1.364496581524498,77.05788239050973,160.51586810922595
651,1.366589927521404,77.05127093483209,160.77934659597898
652,1.3686839345616666,76.81861364621815,160.26602922021905
653,1.3707785136744248,76.71828785477477,160.24140677991483
654,1.3728736781569988,76.51504973976918,159.74437651853202
655,1.3749673745335222,76.43961558055481,159.8257398279438
656,1.3770602631292597,76.44809462245186,160.01294196294057
657,1.379155717578164,76.093328565052,159.1243433820987
658,1.3812508039107998,76.02920628621334,159.2850975500719
659,1.3833453325862841,75.66958459686066,158.27265536439054
660,1.3854396647384786,75.76144023245094,158.80090505443965
661,1.387533616953471,75.69036559946349,158.94552341350777
662,1.389628935147901,75.41126832676215,158.02767466962894
663,1.3917230672721894,75.32545811085885,157.88213145762305
664,1.3938172778813163,75.04882976716141,157.38124002371
665,1.3959128506087028,75.11214046114713,157.92580024696764
666,1.3980069894682674,75.11546596616063,158.0786149789547
667,1.400100032768225,74.91313116204742,157.61212377137394
668,1.4021942273095422,74.83003518493481,157.61486374929495
669,1.4042879724639459,74.6783850614373,157.32354110149333
670,1.4063822250727482,74.50688674596407,157.01868074235253
671,1.4084777998796327,74.40548833297358,156.9331881017413
672,1.4105725454065003,74.4370789807252,157.1294109078325
673,1.412666035757187,74.1951720791619,156.68434470142353
674,1.4147597581950535,74.0721402277308,156.47788609028282
675,1.4168552493745823,74.06004686452343,156.6566776812764
676,1.4189502707585735,73.88524338021227,156.35081534444743
677,1.4210439871962917,73.87751425785244,156.52257163189282
678,1.4231379588066748,73.62754580899043,155.8350976553515
679,1.4252323843784174,73.6116624714234,155.9978390966278
680,1.4273263645812686,73.39652787027501,155.36650347558495
681,1.4294209343777806,73.50686037176713,156.0515732094775
682,1.4315160587565352,73.29346416305428,155.57817766313812
683,1.4336101809254245,73.35579816574968,155.9281078216807
684,1.4357047233292217,73.17266849352255,155.48571712610416
685,1.4377991034950037,73.13248668515196,155.60439187837704
686,1.439893269172154,72.97879308474387,155.20766873099734
687,1.4419870983325702,72.95163524432192,155.4393422448634
688,1.4440820971476513,72.94082896784039,155.42522065625172
689,1.4461780146809415,72.7574542236385,155.1996820613498
690,1.4482723645441788,72.66189150622579,155.04914830419358
691,1.4503661519067539,72.68788041502638,155.26599020262512
692,1.4524608997459605,72.60755468835363,155.03999670058639
693,1.454556191478353,72.41630411982842,154.57957371182704
694,1.4566505605195028,72.45107123808266,154.8594141318033
695,1.4587435672120013,72.35361042183145,154.7938844722847
696,1.460836376274075,72.20691205898999,154.57389481119873
697,1.4629315024559504,72.10614257381539,154.4088851900049
698,1.465026115161985,72.0412395970018,154.3839922639112
699,1.4671201905708728,72.04844357785925,154.55655718531764
700,1.4692142550197365,71.90688098904104,154.26323830129868
701,1.4713085109511452,71.93164749925121,154.42466861167796
702,1.4734040883627781,71.99735170767222,154.77050089962523
703,1.4754983077923518,71.92680595638369,154.75979957470636
704,1.4775927333883283,71.74962254050389,154.27202638656763
705,1.479686516386449,71.69761236374713,154.35280128217212
706,1.4817805445745025,71.76269600676302,154.65329306554563
707,1.483876051193717,71.65339045585888,154.523613207044
708,1.4859713583510508,71.5274820996642,154.22461167268486
709,1.4880662760111125,71.59262669406709,154.5326065677322
710,1.4901603423423662,71.538088920598,154.43222565561666
711,1.4922546168830801,71.60914956693917,154.93908060478145
712,1.4943493508016918,71.57975497729018,154.90226072819277
713,1.4964436549031517,71.39630258671332,154.4394929976336
714,1.4985372426394363,71.48280938655843,154.8147979771983
715,1.5006303537214591,71.3245362051359,154.4380884368637
716,1.5027246941647125,71.4273829751569,154.94921067027167
717,1.5048198674391857,71.19868046078092,154.3672464552911
718,1.5069136003861163,71.39502349573019,155.15263717805016
719,1.5090076377683221,71.13345922114303,154.4981763679056
720,1.5111026723067662,71.09119304955455,154.37599508096386
721,1.5131971028762412,71.32171958792415,155.16253539179496
722,1.5152912609041667,71.06503124926626,154.55797378611945
723,1.5173854934463344,71.21259856146878,155.13413890702805
724,1.5194808793753787,71.20223474988077,155.16074369420735
725,1.5215756259285513,71.10406769293101,155.00534196819328
726,1.5236695807770564,71.0993608098642,155.08879636999785
727,1.5257641081783464,71.18884595388181,155.53679628058617
728,1.5278584873608179,71.13981643697156,155.3312355620227
729,1.5299536435991428,71.162065833474,155.69977986581006
730,1.5320476585044298,71.16116006875615,155.7784221189394
731,1.5341414384393777,71.03857650902853,155.45437442106285
732,1.536236950937659,71.31538141739357,156.45380603383552
733,1.5383317033374695,71.44578566911339,156.98359275002957
734,1.5404255753841434,71.19989556155046,156.2992266430879
735,1.5425198393431812,71.17521687412993,156.29529282926327
736,1.5446136227526486,71.2288652198777,156.58139966531525
737,1.5467072285753283,71.25561126991957,156.78656334436835
738,1.5488013111816905,71.34936529060013,157.1044791051756
739,1.550896674249749,71.41134438123136,157.36219767868693
740,1.552991701547339,71.57910165823478,158.09748246046848
741,1.5550856629518366,71.47083647680152,157.81536831567146
742,1.5571801051512508,71.4138389390704,157.70907588011062
743,1.559274417579796,71.40314299178655,157.7277106034393
744,1.5613691533539047,71.54265874599233,158.17558031150156
745,1.5634631934261796,71.63268145221716,158.6164272053338
746,1.5655577892497892,71.5636394288831,158.47300812977204
747,1.5676527275763066,71.5605762761726,158.58896072059147
748,1.5697461748764228,71.6973315305043,159.0838421023624
749,1.5718402189801153,71.82939078863694,159.5526688210204
750,1.5739346218160084,71.70944518985985,159.21973572733114
751,1.5760295037244485,71.79220200186037,159.59949841990812
752,1.5781239238326052,71.82631440733421,159.84386454161037
753,1.5802176736109215,72.00629448551868,160.47326274444566
754,1.5823123941098438,72.01404807035432,160.42781264551226
755,1.5844068047546922,72.06045586346241,160.76083962426142
756,1.5864996832696292,72.07388256972722,160.80540177060487
757,1.5885944598128996,72.31925077912781,161.76852563287218
758,1.5906903325437156,72.20522825499117,161.40830092859093
759,1.592784689092666,72.3188653022877,161.74913631509693
760,1.5948796873290236,72.2933095408388,161.82816817885802
761,1.5969745597395735,72.55969112406306,162.64847346539852
762,1.5990689218084002,72.59569805728502,162.93110714013656
763,1.6011633213632455,72.69785918865279,163.19256334521657
764,1.6032577776043084,72.8109433204454,163.67821545379957
765,1.6053514020964894,72.92618768020253,164.0649099842163
766,1.607445093072501,72.93026470979312,164.26956604097998
767,1.6095393086936036,72.33437188633405,161.84054493283728
768,1.6116336711357766,71.10290902522519,157.30650802182052
769,1.6137279918528686,69.9595302190021,153.20568109728225
770,1.6158221116449558,69.07864765626823,149.8941790506023
771,1.6179176229648538,68.06287999839249,146.16217653478154
772,1.6200131612431772,67.48107970975587,143.85127800439554
773,1.6221069236192778,66.53436010085592,140.41397967008487
774,1.6242011307622557,65.93463626330178,138.18296317045633
775,1.6262960841945175,65.27438392499336,135.56504607826253
776,1.6283896203498047,64.56008547652614,133.0346833023175
777,1.6304834947928883,63.99134549650175,130.83900140074851
778,1.632578127710653,63.4029104726324,128.7286910878571
779,1.6346731813158608,62.77106630304668,126.43554692538154
780,1.636767172365261,62.28661567899219,124.4823806012714
781,1.6388603779595408,61.8097879434036,122.73416848366952
782,1.6409563605892468,61.294929808470414,120.9240159351177
783,1.643050621284035,60.88733487776528,119.31227763308661
784,1.645144102645386,60.477098447744545,117.84012475142798
785,1.6472395726584623,60.071038354603964,116.13000187789098
786,1.6493331318477138,59.510025524046654,114.22847997811725
787,1.6514277435583298,59.13705584652683,112.72352586546539
788,1.6535225655624404,58.90477884685969,111.89879917449382
789,1.655616100487628,58.33105175554169,109.75968341058591
790,1.6577106071833263,58.043518528797165,108.66986096841764
791,1.6598050724476994,57.78903181043332,107.63921713776128
792,1.6619001395524664,57.38460235961425,106.0201069117224
793,1.6639948642035431,56.86603648434304,104.30169984289846
794,1.6660882997554614,56.645172589836065,103.3377155024962
795,1.6681827329415837,56.38952610924736,102.4446588524255
796,1.6702780557373313,56.03924287779842,101.1593186827867
797,1.6723710846745943,55.69240738485858,99.80333108503545
798,1.6744651718920411,55.40036005190698,98.7314725070636
799,1.6765602044792516,55.0050430816873,97.15890875250085
800,1.6786535596079524,54.85489550528917,96.61114473581914
801,1.6807491745425278,54.540504350107035,95.35100263688813
802,1.6828445761171116,54.17130314317598,94.04992253731466
803,1.6849386388007168,53.983780548327836,93.37515891806902
804,1.6870339476475265,53.6829311587983,92.2262924410101
805,1.6891280758541645,53.33244650791349,90.96855700668534
806,1.691221272327691,53.194972988614,90.45215590036933
807,1.6933141346742315,52.831698435207926,89.04263783024122
808,1.6954090930463133,52.72832133726403,88.69378817574535
809,1.6975047078021417,52.342802562977354,87.25921799929493
810,1.6995991246970055,52.21265009121045,86.67791023727386
811,1.7016934918813407,51.90691465632527,85.53871766615018
812,1.703786903721137,51.67267998349192,84.74874871272344
813,1.7058818292953146,51.501682223106705,84.01429283507044
814,1.7079768740006063,51.280375108265154,83.09979613870267
815,1.710070845319196,51.16974792419886,82.64138785060622
816,1.7121645316176712,50.83804547829497,81.46028832282965
817,1.7142597272321454,50.66066540704715,80.76501238672489
818,1.7163549406546734,50.44990386544866,80.0664756555423
819,1.7184482195940645,50.20299063957658,79.0754377223711
820,1.7205423072627637,49.94739739780033,78.08179772114931
821,1.7226374847113666,49.90316247324504,77.81499793634185
822,1.7247323233526113,49.626688415956856,76.89446295031688
823,1.7268266901810085,49.38545433550743,76.07077416520949
824,1.72892134476467,49.17651650357721,75.14416257045667
825,1.7310153629662073,49.13351192620165,74.99331483554948
826,1.7331087353021186,48.8927822807651,73.95894816079458
827,1.7352028820270462,48.75958580123921,73.52788403714821
828,1.737297419510233,48.4660474708192,72.39359954541034
829,1.7393924268721555,48.24662180366238,71.60143445826033
830,1.7414865202316776,48.27285014254192,71.48724465503166
831,1.7435798385311778,47.87237900866054,70.16419386336491
832,1.7456747741592018,47.740093064876305,69.60223950411236
833,1.7477707733578058,47.61193599954245,69.1707082777587
834,1.7498644151299778,47.60345428134492,69.07074888424346
835,1.7519579294274097,47.39484728296684,68.28624575003609
836,1.754052537005875,47.13275872398265,67.2948431787292
837,1.756146014277543,47.050770222228756,66.85621535774195
838,1.7582399685899122,46.895204267695654,66.29910134729856
839,1.760335124398212,46.67117112838708,65.49799098296464
840,1.7624306374180432,46.46398801661807,64.69684845640468
841,1.764524733445493,46.40703389435501,64.39891853912052
842,1.7666195957988082,46.293019380909,63.913894146298304
843,1.7687146552767006,46.18007942658156,63.39229208688602
844,1.7708085687106505,45.91580210810158,62.48621344643479
845,1.7729026984403262,45.89855288882183,62.27390622387802
846,1.7749968373222131,45.701341049826624,61.63532670806266
847,1.7770919795414395,45.6164339917146,61.14048292159368
848,1.7791866891650514,45.493908548869946,60.68024701163538
849,1.7812805740714612,45.270647137159,59.93483339229255
850,1.7833749145944944,45.11737116302236,59.16034371786105
851,1.7854698174814119,45.07290316655407,59.018358709752775
852,1.7875649050000997,44.889442414513994,58.23730826695215
853,1.7896586091751823,44.69301349224126,57.52300242003425
854,1.7917528105223397,44.703342833398665,57.469974339956316
855,1.7938472619734778,44.483496395448256,56.61849863433086
856,1.7959410333998334,44.42091315918248,56.45386422801673
857,1.7980353139963554,44.256762635631006,55.794022093956684
858,1.8001292949050451,44.13767071943144,55.25240006043491
859,1.8022240144636215,44.136161706563406,55.112367080645114
860,1.8043180357006787,43.89460532759881,54.13034073698524
861,1.8064120149556366,43.86518459354019,54.017373074087395
862,1.808507216693214,43.7479017665871,53.57293931027675
863,1.8106012235056632,43.750951615173165,53.38004870032917
864,1.8126961076333348,43.461841676765104,52.399692163050595
865,1.8147906359659112,43.39152800530233,52.14742834318499
866,1.816885013662702,43.33921177978145,51.75741599606879
867,1.8189799788179999,43.07189160713786,50.733962565733634
868,1.8210733357472892,43.21491651473388,51.10172931071925
869,1.8231675363973032,42.910108937074206,50.00833358983685
870,1.8252628639859947,42.7562120732596,49.459360716411794
871,1.8273578690890415,42.830878084783656,49.521988298013255
872,1.8294529153678178,42.541178363322324,48.47360980237194
873,1.8315468366202061,42.59356691164636,48.61101510490809
874,1.8336403420201965,42.42115870228813,47.97790490856813
875,1.8357342642631629,42.40068736347169,47.71213619420063
876,1.837828606636473,42.303156708965666,47.24017579161794
877,1.8399232687279,42.21786064834814,46.92716810108138
878,1.8420169361094605,42.18212147583819,46.65302877426364
879,1.8441103454239045,41.98128979797021,45.92155499228894
880,1.8462047113551943,41.932121043087804,45.68826201439836
881,1.848300337583767,41.867284663361445,45.31720695071858
882,1.850395118058644,41.65759194711595,44.49957032334956
883,1.8524895015648957,41.72541568403048,44.67223211317631
884,1.85458435317291,41.508529819122224,43.79678128037681
885,1.8566786691854407,41.581420693774916,43.92744637215488
886,1.8587722962005393,41.48604645874683,43.41835625275415
887,1.8608667292143481,41.37296194621202,43.019471536727444
888,1.8629623979972338,41.32372845111436,42.70592651674308
889,1.8650575007618033,41.21717350764686,42.257554534309115
890,1.8671515757398978,41.14190756549931,41.93656938715561
891,1.86924567270883,41.08905684095923,41.57730851036209
892,1.8713402290883943,41.055734151205165,41.42432370476349
893,1.8734333441485889,40.91645292155782,40.78350729823123
894,1.8755274569663687,40.96775752782175,40.74827720841872
895,1.8776226584010878,40.84418178683561,40.35561360816018
896,1.8797156234954413,40.651551668734555,39.59523878281288
897,1.8818097674713492,40.731455830503286,39.830022812937884
898,1.8839051205157094,40.44672882619246,38.60554477029947
899,1.886000042933448,40.589826481535745,38.879823078544405
900,1.8880949075451439,40.41542848726033,38.29441207651412
901,1.8901881584759161,40.317283173315516,37.82161748707087
902,1.892283217936019,40.34459849816809,37.760091364745044
903,1.8943782680554568,40.119091085651945,36.99195313508038
904,1.8964720473710392,40.34765860088248,37.485942788394894
905,1.8985668668489433,40.15084536444299,36.77357714317051
906,1.9006612809862096,40.092848309600015,36.3939187284967
907,1.902755719587151,40.02681659665551,36.06929777268866
908,1.904849757588545,39.92983525313535,35.57902810810958
909,1.9069430754605277,39.955706207836464,35.601509489660394
910,1.9090378340013505,39.853665681426016,35.00325666237091
911,1.9111324914183263,39.807785939483146,34.950225031861365
912,1.913226965923519,39.86089832799563,34.88301891020489
913,1.915321381331026,39.605937186890706,33.88232047656127
914,1.9174162748437817,39.667443631067755,34.090666312014655
915,1.91951096404297,39.57868854578048,33.573846081367655
916,1.9216039358616672,39.627131896826526,33.503114262586756
917,1.9236986253914137,39.60195171426197,33.291384807224546
918,1.9257933066276691,39.369542443076256,32.39516609855408
919,1.9278873651498682,39.50706216313058,32.63638549124283
920,1.9299807661659822,39.368606512260286,32.05054957786149
921,1.9320760482648573,39.28933195327831,31.648244841181697
922,1.934171767524072,39.29418857000744,31.458660172974447
923,1.9362651059315399,39.14646049435101,30.936299013462648
924,1.938359138419254,39.20290627984066,30.90901344419956
925,1.9404538735984294,38.976146315629805,30.105279290015485
926,1.9425479146608418,39.09250978663334,30.297774207074728
927,1.9446418189559174,39.069785248686166,30.118751016102284
928,1.9467371502259871,39.0064713851371,29.752527328225906
929,1.9488329760684335,38.9836914009654,29.3465773417175
930,1.9509268120448882,38.833643344236705,28.688166760316715
931,1.953019609354344,38.95829604086831,29.00627156186432
932,1.9551147244404972,38.78905542219044,28.209463570585974
933,1.957209950604826,38.90635519545821,28.544050059170896
934,1.9593041179655175,38.77163099875225,27.929338503083542
935,1.9613980124620214,38.68819955688007,27.45620415141787
936,1.9634920823781827,38.66501114314645,27.253279623641916
937,1.9655870316775599,38.604977474033625,26.717979702902305
938,1.9676813106463258,38.70182822367109,26.997293522280785
939,1.9697755380711686,38.64956866262972,26.770518304866954
940,1.9718704076888727,38.57312104101745,26.16517457923174
941,1.9739643213778544,38.584193801632225,26.078991536346177
942,1.9760582139073395,38.43323465641767,25.363764542361388
943,1.9781533744008393,38.588590505307515,25.743093803614904
944,1.980249297656676,38.33216771668095,24.727608465548595
945,1.9823436902775773,38.42022988565855,24.741149345154515
946,1.9844363854611324,38.416173504034326,24.58980781809979
947,1.986530057736426,38.376747747187075,24.448514813377834
948,1.988624138262085,38.40284663667217,24.26921666227285
949,1.9907191302641989,38.19719341272051,23.33879208830051
950,1.9928140678397719,38.338442416417266,23.830419101014602
951,1.994908057158038,38.26814064780181,23.15345649978064
952,1.9970037235567513,38.21869392217216,22.8335924959247
953,1.999098539119481,38.302182362881446,23.098282333758853
954,2.001191245179364,38.07807672317936,22.097944821103532
955,2.003285465781134,38.39347273646284,22.839301644375738
956,2.005380090953843,38.06287844213364,21.522452458537447
957,2.007473757612322,38.21255159511466,21.91421547731768
958,2.0095674385752345,38.10153532471515,21.305535327046822
959,2.0116620669227445,38.05127740776627,20.881180050956303
960,2.0137574654124313,38.248712364351626,21.36806923732833
961,2.015851542299029,38.05002169525574,20.58117696443014
962,2.017945842236743,38.044799446032336,20.355864261856777
963,2.0200414078173843,37.98555322098025,19.869475765572712
964,2.0221364472105585,38.007130567568126,19.77262498986354
965,2.0242304661583193,38.06323449737109,19.62683386887218
966,2.0263241213554704,37.89124753681963,19.011235650438458
967,2.028418169537371,38.17535446444318,19.637666564311527
968,2.030512126699397,37.896862576234305,18.504523752941246
969,2.032607257696191,37.8890736394634,18.193940650023137
970,2.0347026748788237,37.97811301731357,18.309759347714962
971,2.036797432049628,37.80082605744579,17.63459364867787
972,2.0388917803566513,38.028656979169675,18.02017779026246
973,2.0409854404727548,37.75054346536925,16.869116389490447
974,2.043079158497923,38.0081737317586,17.46689875220369
975,2.0451737042342053,37.873806312104094,16.965532988383625
976,2.047267957686092,37.85156606269852,16.50046444329421
977,2.0493625921646865,37.96827501316184,16.714974875392283
978,2.051458159400133,37.66636919393363,15.29433442765997
979,2.0535521918605197,38.02515787323788,16.25675405648312
980,2.055645062675616,37.855039827446525,15.52771432904648
981,2.0577393587752955,37.76527369323734,15.082930819911804
982,2.059834437786395,37.96892653947367,15.41483040390695
983,2.061928055170489,37.656658288250526,14.170437203434796
984,2.0640226957402352,37.83894018632255,14.52123146954606
985,2.066118258189404,37.72750747795668,13.811824185776164
986,2.068213196804832,37.75751808789804,13.781647961169536
987,2.0703072818107917,37.84503061028883,13.588583601290852
988,2.072400931462771,37.65535619856155,13.021201089424885
989,2.074494103322103,37.91141203926606,13.437077555125699
990,2.076588647294614,37.57855805817038,12.057788714312853
991,2.0786837571325223,37.797905879250756,12.373272878484821
992,2.0807786951127576,37.559732302664216,11.460190171494657
993,2.0828733611799306,37.734602109280324,11.56183143511031
994,2.0849676047315464,37.788756207475,11.757120197853663
995,2.08706191167589,37.540328669512,10.461689057895034
996,2.0891552570733616,37.74932522916618,11.022078957018241
997,2.0912498961643236,37.7193621966731,10.473563606613293
998,2.0933446561638878,37.76061253717317,10.258870689176016
999,2.0954387435644386,37.70664848052527,9.90065412142799
1000,2.0975335870618825,37.54419618193616,8.896264194406797
1001,2.099629070349723,37.76837786985133,9.473173441436106
1002,2.1017228492895934,37.545755042753136,8.46881452965412
1003,2.1038170482062775,37.7022843700255,8.722793367761986
1004,2.1059122372778973,37.727322203987384,8.434363298386835
1005,2.10800554057148,37.56597912679644,7.796478366867989
1006,2.110098599114947,37.62729788541283,7.692238238452319
1007,2.1121927216235163,37.376654958552606,6.440669759788619
1008,2.1142879182187984,37.71642046106761,7.310221858157054
1009,2.1163820759811065,37.51967736531287,6.212263538182248
1010,2.118476597123504,37.529177805970036,6.000057468964911
1011,2.120572077635568,37.5711376529813,5.7376790460294504
1012,2.122666143506846,37.324435579456164,4.566972033483577
1013,2.12475947440395,37.72833278591591,5.743279048925513
1014,2.1268549228070284,37.42250185398311,4.300993954817863
1015,2.1289503858580807,37.4773804594876,4.236859371126566
1016,2.131043274916299,37.55845722184616,4.119923253280599
1017,2.1331378502136085,37.24342570771636,2.637569756902684
1018,2.135233020544507,37.627353647949484,3.7095178794346255
1019,2.137327211773404,37.27481494028517,2.2227320268220003
1020,2.1394213678417553,37.59982886887351,2.9408705823237105
1021,2.1415151935265153,37.27312774893338,1.590111368944111
1022,2.143609686067666,37.3371562741262,1.4092327938371694
1023,2.1457039096890913,37.41371909229104,1.3457044270175371
1024,2.1477977892281794,37.06396329446802,-0.18669684791221205
1025,2.149892773795189,37.58698147815229,1.2374287646001956
1026,2.151988207011953,37.203000616989804,-0.38910262038229376
1027,2.154083430042502,37.1980360435711,-0.7738546214775224
1028,2.1561769020273363,37.295005859390386,-0.7299673046317672
1029,2.158269727638565,37.05874154868191,-1.976976828048418
1030,2.1603643338266334,37.41067368000164,-1.2877680969440608
1031,2.1624594611960894,36.919727798608584,-3.2007332834439564
1032,2.1645538445620423,37.252163114223336,-2.39323313358973
1033,2.166649266160557,36.98785277428394,-3.5422607917966538
1034,2.1687438965600263,37.020035820846374,-4.042393754294607
1035,2.1708363804402464,37.13386000727215,-3.961474865772121
1036,2.17292939543057,36.815283181287946,-5.3019173490692495
1037,2.1750246621139153,36.929852448447306,-5.242265777922792
1038,2.1771189095943266,36.76678992828583,-6.229946606336592
1039,2.179212962470575,36.77774411336228,-6.623045883003332
1040,2.1813066434396426,36.90641737480769,-6.38988346165334
1041,2.183402629792164,36.365374997450644,-8.733686948848113
1042,2.185498119455816,36.92941928348126,-7.234885311767748
1043,2.1875916200185137,36.24274972624879,-9.782856727725934
1044,2.189686441120868,36.63854933411446,-8.785602471478171
1045,2.191781413276182,36.21292972516229,-10.72265434906446
1046,2.193875147711239,36.09334707273087,-11.436353989571757
1047,2.1959686613130316,36.429106119686544,-10.586683868154033
1048,2.198063923558019,35.93948460368191,-12.94526341234476
1049,2.2001595001532226,36.23365991521392,-12.31605126268012
1050,2.202253779153767,35.83227298128598,-13.857032958272868
1051,2.2043460760907565,35.69842419619267,-14.870168905392324
1052,2.206440891990371,35.89782921504991,-14.594268498505542
1053,2.2085356491852317,35.21151281656187,-17.15604123783055
1054,2.2106277016542335,35.814693976882204,-15.439539266632623
1055,2.212721958545959,35.2990166251588,-17.6096648219724
1056,2.2148185083900422,35.215964990860776,-18.379063007535734
1057,2.216913061952383,35.33332683516309,-18.13304946014503
1058,2.219006160150891,34.5527217025554,-21.420523779805
1059,2.2211007684745443,35.15960040623742,-19.750457472382422
1060,2.2231966067711273,34.49902739956481,-22.125022216613402
1061,2.2252915180225106,34.656299376922746,-22.113386178739525
1062,2.2273849286831946,34.22055247644551,-23.88941146745849
1063,2.2294794057777056,33.983806175037984,-24.93671577151598
1064,2.231574082226972,34.193812311089474,-24.888848580231933
1065,2.2336675726385264,33.153245028861335,-28.535344097637353
1066,2.2357616690730993,33.94100178943023,-26.26285188623401
1067,2.237857388038379,33.00664575410564,-29.8963354013705
1068,2.2399520699736297,33.37707392776911,-29.067900002531974
1069,2.2420449617357057,32.85103957925367,-31.197430655602098
1070,2.2441391380853632,32.1648607414376,-33.49314684033577
1071,2.2462342793770116,32.60967204550559,-32.698254645811005
1072,2.248330004000319,31.57669775548418,-36.29380548157433
1073,2.2504234986669656,31.960796082572056,-35.19118163010197
1074,2.2525166459790467,31.07183219844867,-38.63911850120149
1075,2.254612702557845,30.993135288064693,-39.108361485119715
1076,2.2567074239010356,30.616573351240785,-40.96796213634773
1077,2.25879926569608,29.941405353482725,-43.60374342393696
1078,2.2608934332232278,30.114996127850308,-43.275289735810006
1079,2.2629890832862967,29.261356318906287,-46.3357533835803
1080,2.2650815906481947,29.163157109936233,-47.045922285651756
1081,2.26717631551426,28.534619480853568,-49.43570057298079
1082,2.2692717091510235,27.98738120115266,-51.38238682054891
1083,2.2713660430599174,27.581456252765353,-52.929823427804024
1084,2.273460830916725,27.04441813498601,-55.14854947075557
1085,2.2755552510450507,26.547897888179428,-56.81394078992945
1086,2.2776502981151867,26.264667741862024,-58.07244244965377
1087,2.2797428242388995,26.054991206852897,-59.20029002062664
1088,2.281836092329788,25.84669276491063,-59.97023687741439
1089,2.283933556285596,25.744292177175563,-60.83903973606435
1090,2.286028868050817,25.542516563544375,-61.40990390996413
1091,2.2881212248812486,25.451534840560804,-62.03367839283993
1092,2.290215014848569,25.351051068519055,-62.70097560015816
1093,2.292310229911211,25.27430409978637,-63.20714906082329
1094,2.2944051456334345,25.220748966083864,-63.60901808807053
1095,2.2964983471898495,25.15752135220479,-64.177470256894
1096,2.2985921024349003,25.070948712074618,-64.4650375517408
1097,2.3006888643809247,25.094107671357065,-65.144529235596
1098,2.302783634096356,24.993277357405596,-65.41037631644534
1099,2.3048756698218886,25.051580403175116,-66.02202481454887
1100,2.3069695720010412,25.00457975823084,-66.32565151557041
1101,2.3090651112173397,24.964318636886716,-66.80476454886332
1102,2.311158495429861,24.97215080138666,-67.14210640135848
1103,2.3132509513768182,24.939101777233784,-67.54935875864045
1104,2.31534766594442,24.897419602284568,-67.94637227005018
1105,2.3174438092641236,24.9514735286076,-68.43055099980202
1106,2.3195366518474128,24.903558561758878,-68.82358214325785
1107,2.321631141204296,24.888252184058448,-69.06255111774905
1108,2.323727832694395,24.896852582021396,-69.31731854073797
1109,2.3258211826493147,24.956826276367092,-69.94924853462388
1110,2.3279133966950116,24.949131292555155,-70.20431761534986
1111,2.330008120458155,24.94377398078857,-70.49037907773106
1112,2.332103956675321,24.93922045014384,-70.8869891532353
1113,2.334197579452735,24.964183893865904,-71.16833344950736
1114,2.336290017181209,24.960668825994375,-71.51384523441502
1115,2.338385505091734,24.987911292602114,-71.91659595213503
1116,2.340480189114194,25.010406437284356,-72.2412814502444
1117,2.342573391055059,24.984475140351815,-72.35816069752411
1118,2.344667848677038,24.999424651938973,-72.76098890968146
1119,2.3467629878884537,24.981651835219797,-72.9425737659996
1120,2.348858220839854,25.06685196732478,-73.52073174707382
1121,2.35095250082758,25.086203767933004,-73.69938890104096
1122,2.3530449396760944,25.129137193647722,-74.23937835735232
1123,2.355141499104623,25.100847663782208,-74.38335597295703
1124,2.3572378412451434,25.213578818410006,-74.88795598734636
1125,2.3593294861259198,25.2312376397819,-75.1458310513811
1126,2.3614224992004984,25.219409072339854,-75.4678819054861
1127,2.363517948981548,25.258585997864138,-75.69753176217671
1128,2.3656139136423477,25.340632220025153,-76.17914213274445
1129,2.367706660383537,25.340497584503503,-76.41196597891634
1130,2.3698014470222093,25.372933361573548,-76.75998080953799
1131,2.3718977582075165,25.358830338143466,-76.91596221706111
1132,2.3739899214574836,25.466313377362532,-77.45889659656001
1133,2.3760825194215927,25.489657365279687,-77.72238886304524
1134,2.378179070039863,25.5564496797116,-78.04773063583103
1135,2.380273759058959,25.58763767330447,-78.35679707884984
1136,2.382365673610318,25.681994210124405,-78.93272601437597
1137,2.3844604460166168,25.696048697378835,-79.15056377089299
1138,2.3865571190304595,25.699718322722877,-79.27226527049922
1139,2.3886520978255446,25.868879024576685,-79.9776108580943
1140,2.3907442891236066,25.88215240021838,-80.17853038500932
1141,2.3928386457990913,25.86758091293004,-80.28621969575755
1142,2.394934562690242,25.873368842239923,-80.53067784026526
1143,2.397029599690107,25.97259624796644,-81.03913342366648
1144,2.3991222591305954,26.074481363582244,-81.49684806883212
1145,2.401217024080888,26.052485757086636,-81.5794752239351
1146,2.403314513026698,26.046477560284973,-81.72881241266346
1147,2.4054081911284184,26.259035737894493,-82.62568943522736
1148,2.4075011183217048,26.220194792588252,-82.58990030490403
1149,2.4095960074264258,26.25865153279325,-82.8692511015811
1150,2.4116926326559978,26.39217225291894,-83.45426895726844
1151,2.41378425055939,26.425297620395607,-83.68665374058713
1152,2.415877382497087,26.487098389753758,-84.11745409573301
1153,2.4179783678062123,26.59352197243634,-84.53349557750091
1154,2.4200733739460714,26.67830093935225,-84.9137555806355
1155,2.422162501290004,26.662225319991382,-85.08667062536968
1156,2.424257158180454,26.716175592284312,-85.36526452146019
1157,2.426355368807169,26.8881618459013,-86.03851684659885
1158,2.4284477900186845,26.937700439619956,-86.31475172410994
1159,2.43053883847394,26.99292781156896,-86.65077135425678
1160,2.4326356353293934,27.054415592958552,-86.98955361556133
1161,2.434732612021302,27.076877071910463,-87.27011015773556
1162,2.4368252927922227,27.244954450699076,-87.84684449466458
1163,2.43891890863681,27.262870344786986,-88.1026711245007
1164,2.441014895314609,27.39027914696136,-88.72458602703954
1165,2.4431105244568765,27.465658278795946,-88.96745434008814
1166,2.4452031167440684,27.479313800270283,-89.08048357941492
1167,2.4472938786799143,27.65713769182668,-89.82202109050739
1168,2.4493915902413868,27.702176847080324,-90.05893539577109
1169,2.4514877943094935,27.79058114569138,-90.49945170044869
1170,2.4535774837073663,27.802153090259274,-90.70376056546836
1171,2.4556717453467782,27.935197102873914,-91.30343484225493
1172,2.457770725968573,27.944588164239242,-91.41432928398552
1173,2.459865450868259,28.151733732421192,-92.18620302825957
1174,2.461954843714291,28.09352921618667,-92.14772483331996
1175,2.464051305962942,28.233405282752432,-92.67754624675227
1176,2.4661493201186655,28.326861113800256,-93.11407327449234
1177,2.468239991051035,28.508577618689976,-93.8268935987998
1178,2.4703335941159144,28.49581037909144,-93.79667831901291
1179,2.472432426226094,28.71306665764383,-94.74670443438546
1180,2.47452690434623,28.76315972764387,-94.91148655568178
1181,2.476615373809059,28.937057758825897,-95.62421735263483
1182,2.478710457672189,28.893073204648086,-95.59939113858448
1183,2.48080966574444,29.030018309322347,-96.21615268564595
1184,2.48290090100287,28.967148627712483,-96.10563191914899
1185,2.4849923340191187,29.299247854529124,-97.27493084551722
1186,2.4870897130294636,29.40185199011046,-97.81639914830886
1187,2.4891862386660164,29.444620594153072,-97.91176863394362
1188,2.491278235985619,29.61515776441597,-98.61380929605738
1189,2.4933690456944357,29.73961205771435,-99.16699373652011
1190,2.495466543397291,29.783646858687614,-99.40539532084634
1191,2.497563830960505,29.90037767420048,-99.84301676047427
1192,2.499654519205421,29.945174078621644,-100.05228879063066
1193,2.5017479497353943,30.15915087753919,-100.90036661041297
1194,2.5038480054516667,30.29813347912016,-101.42270398143602
1195,2.505943433921919,30.27279546812834,-101.48461235711493
1196,2.5080284861327207,30.492470025601914,-102.26287368613099
1197,2.510123955773609,30.723594314135187,-103.16804192152395
1198,2.5122261646694253,30.68211479464249,-103.05015303630822
1199,2.5143177674343575,30.886733320973587,-103.87597442762579
1200,2.516405803072155,30.95600558631008,-104.20314874354102
1201,2.5185026929964116,31.194048671340916,-105.10310699858263
1202,2.5206041831245063,31.178157472907454,-105.0733424620702
1203,2.5226964757648327,31.39315653805774,-105.86458513822873
1204,2.5247869961159406,31.631760967348846,-106.77652225048361
1205,2.5268843920051487,31.620979551118648,-106.80399129495694
1206,2.528980483597168,31.72498505443283,-107.25636062186432
1207,2.5310684597394695,31.92573661065748,-108.01250186336821
1208,2.533161718042206,31.9180917577891,-108.0857411533077
1209,2.53526488574662,32.276500600391785,-109.36564639645229
1210,2.5373603920777454,32.40975285810221,-109.9118250770002
1211,2.539445749963502,32.56701345272909,-110.43184088682996
1212,2.5415417180131348,32.50707046332135,-110.37821179676318
1213,2.5436457679371425,32.66066359213451,-110.95008705935409
1214,2.545736808475733,32.91280501742933,-111.85788480134401
1215,2.5478233832874237,33.239113508930416,-113.06846425599038
1216,2.54992085584226,33.1319330669205,-112.78382181246
1217,2.5520207655356866,33.31286087574682,-113.34457095301035
1218,2.5541098448110064,33.609728166748155,-114.57108675324734
1219,2.5562002600365847,33.77872841700353,-115.16438868724497
1220,2.558305455724291,34.01237097089017,-116.10986563879744
1221,2.5604026511470312,34.006814435599075,-116.05542220324628
1222,2.5624826414852553,34.181863718448646,-116.74846961904727
1223,2.564574391949512,34.24993773147356,-117.11291615241406
1224,2.5666808497683498,34.47611060616236,-117.9497320452236
1225,2.5687773451615423,34.7264801885551,-118.83433119981981
1226,2.5708608935170316,34.802562531217816,-119.1310583626721
1227,2.5729575952355885,35.01169452678841,-119.94067035263947
1228,2.575060651513359,35.2038398853625,-120.66462897981282
1229,2.577148431575012,35.23834688615421,-120.80050615159239
1230,2.5792346077561192,35.60651798947161,-122.10117828622674
1231,2.5813352493894732,35.73089348132866,-122.63017224829052
1232,2.5834369526956515,36.118002215449415,-124.02764926510615
1233,2.5855218346006232,36.011030933862386,-123.65541416583514
1234,2.587610713900489,36.257589628736234,-124.59967963708135
1235,2.5897186990593415,36.63318745199149,-125.99799422698398
1236,2.5918181690667126,36.72758109276313,-126.39988527255814
1237,2.5938985009385314,36.910445043310496,-127.02065152637684
1238,2.5959901966325076,37.21682130159593,-128.2035123036438
1239,2.5980970827886534,37.22726256839617,-128.2577780519956
1240,2.6001911974764487,37.38597785550923,-128.8110919379426
1241,2.6022734575046016,37.65129255299583,-129.77202180564512
1242,2.604374761438423,37.94110732104638,-130.86441058116358
1243,2.606480077670044,38.237261723148556,-131.93434671968356
1244,2.6085618800169397,38.32886518754371,-132.29172373001998
1245,2.610646200048581,38.55582509167289,-133.11309800690532
1246,2.6127580952497533,38.84275965012351,-134.194492734144
1247,2.6148609257992828,39.104175743724966,-135.19110330693232
1248,2.616933454172155,39.1435056046525,-135.3059275990987
1249,2.619020659870304,39.66677205252214,-137.14829374469076
1250,2.6211346279669097,39.439293416159494,-136.4366448013054
1251,2.623236503452788,39.87530050448394,-138.0459483774459
1252,2.6253090562225565,40.113411998546404,-138.83177742478495
1253,2.6274000701334055,40.223826156254155,-139.35770012229463
1254,2.629513118467727,40.681549459946446,-140.9648792519734
1255,2.631604301330356,41.106803224942006,-142.37912977915738
1256,2.633685254021577,41.29505469104059,-143.06870103971005
1257,2.6357889797673804,41.39348474597841,-143.53648018920734
1258,2.637895874321367,41.86201766670011,-145.15863691748578
1259,2.6399747081141895,41.88893493485902,-145.27800501313104
1260,2.6420591747927733,42.15391972627846,-146.2702773966463
1261,2.6441764666284318,42.54829202483568,-147.65010950425798
1262,2.6462775406423154,42.74464711654731,-148.40770897576337
1263,2.6483402943393326,43.03155181990588,-149.50661331900437
1264,2.650428729148096,43.521829283610685,-151.19706528957343
1265,2.652562718674548,43.395211855394436,-150.85493197234044
1266,2.654664088292312,43.98615795521583,-152.89671629187885
1267,2.656712651557163,44.28401085315684,-153.95614936985118
1268,2.6588106765908748,44.14632922713757,-153.47070494392983
1269,2.6609452450324915,44.68720686332741,-155.4578864242086
1270,2.663032290426174,45.004767050145446,-156.5648677437649
1271,2.6650914877184944,45.24883454171911,-157.44532932815406
1272,2.6671986225603375,45.29051038433904,-157.5905446835336
1273,2.6693218160411916,45.523750653257544,-158.49355651639172
1274,2.6714003686163363,45.99674670709032,-160.16863880980617
1275,2.673473653710363,46.487712053730995,-161.9807615749504
1276,2.675588689124729,47.18443698309387,-164.34347803393095
1277,2.6776964003773744,47.04212095358492,-163.87529698381948
1278,2.6797534796790945,46.96799230485099,-163.69091873429676
1279,2.681845016836506,47.247438940580246,-164.7777308365626
1280,2.6839785543392702,47.90458017039516,-167.043936446371
1281,2.6860638705482365,48.588367104532246,-169.39821553722646
1282,2.688115580192901,48.87022737983722,-170.38663080682693
1283,2.6902421071216107,49.023104227168986,-170.99854295592925
1284,2.6923784453538007,49.285231954378176,-171.8826910510898
1285,2.6944235266222867,49.81983957863457,-173.80156770790154
1286,2.6964818302236213,50.23102879637073,-175.33322606210095
1287,2.698646249049189,50.55715130171944,-176.55394851928455
1288,2.7007725953070936,50.97297743942227,-177.930421406791
1289,2.7027692368507834,51.39746416916933,-179.30522556158647
1290,2.7048443440936585,52.232414528303714,-182.42263557200891
1291,2.7070515904059915,52.39135012871014,-183.00961489266345
1292,2.7091632832728005,52.771720633556725,-184.32695254179902
1293,2.7110832098570423,53.42229971548577,-186.50504333953333
1294,2.713194248534394,52.668541269027024,-184.01875811036467
1295,2.7154564422347596,53.653119756392144,-187.39177632923918
1296,2.7175455830902693,54.23470162523119,-189.51782338513814
1297,2.7194409477796717,54.06297221091963,-188.8407859010058
1298,2.72159410281056,55.2651503149979,-193.17172087199185
1299,2.723868494276683,57.405927714943886,-200.64573826333515
1300,2.725905473691433,55.23374743896282,-193.01468243510232
1301,2.7277938720843573,54.570496086016085,-190.6632243960639
1302,2.730005424734083,57.66557909213027,-201.61437746331626
1303,2.7322910595910366,57.91740635660642,-202.56540171697787
1304,2.7342323934891035,57.7256822583844,-201.78746058009483
1305,2.7361123669415965,57.95199904522951,-202.66172479092154
1306,2.73841292247591,58.97303034100975,-206.3291614904554
1307,2.7407262152838343,58.87774260017263,-205.9379777691571
1308,2.7424923562337074,61.309714243564514,-214.46769687088056
1309,2.7444202272828333,59.672996100071295,-208.78380461365717
1310,2.7468188489948773,60.147716233164246,-210.39576188213664
1311,2.7491571251284848,60.86541861631745,-212.95733344131438
1312,2.7509012180135843,63.964410797304595,-223.84994611379915
1313,2.7528220566885997,62.8567436554885,-219.9659104034705
1314,2.7552245852341666,63.02155695017541,-220.51173628472782
1315,2.7575799064734774,64.618192080936,-226.11238511113552
1316,2.7593246433872425,63.17779087737129,-221.06632043121897
1317,2.761234187120032,64.51846655458097,-225.75696247065466
1318,2.7636390504715083,65.02156816829705,-227.48561974246644
1319,2.765948826576436,67.55543838043789,-236.46412177112308
1320,2.7676191435751902,64.44290046475709,-225.63512797548856
1321,2.769651838220211,68.83931482128524,-240.97018744968128
1322,2.772055945845228,67.83325865911875,-237.31827007310258
1323,2.7739175955497957,66.94763573617863,-234.37821454032374
1324,2.775657495525559,64.20210006730123,-224.73227771042366
1325,2.7780509401576134,64.86237188785286,-227.01480828467564
1326,2.7804282678176238,70.67942100457468,-247.40470850723668
1327,2.7823699672164355,106.58614812759312,-373.01300611949796
1328,2.7838806433920418,34.184297359854014,-119.69490787143464
1329,2.7859958234637583,36.24805102719774,-126.86817859519208
