,k,Pk0,Pk2
0,0.0029665470748989845,2554.5140081320787,-1487.4560800917332
1,0.005026374055021859,9516.047651302633,-101.96729467815491
2,0.007149300621522788,13142.634872278317,-407.0482930318444
3,0.009278869254964255,13023.390911735514,1336.3940477937683
4,0.011450332619344701,16576.704611864534,-4351.870050086279
5,0.013492955871419151,18078.174386224753,3273.8356486003076
6,0.01558905561191893,20649.95175404093,6931.970535591714
7,0.017694083672553172,21170.4738719842,-1393.3027243083661
8,0.019817874803135297,20179.860910388736,-461.3499021970504
9,0.02192074938196264,22436.35176680196,-2552.7174224162213
10,0.02398877635566245,20683.027398270395,678.8738096322138
11,0.026092869718961156,19993.39269956949,-6834.691069209841
12,0.028234663152781798,19130.003995512056,2728.7222511999903
13,0.03032284873509123,17842.86377039823,879.4101598486948
14,0.03240263258943404,18788.283037631103,591.372281213024
15,0.03449210129864554,17249.192959092565,-143.3152705610524
16,0.03658588147515197,16039.884479931141,-589.1075527108654
17,0.038684769492669774,15067.128221004206,1450.7062241542837
18,0.040788988884582836,15248.580083325302,486.9608992144379
19,0.04289390876967646,14039.559231781468,-296.0865625621692
20,0.04498336005546935,13573.745014376555,2745.8804516203454
21,0.047064985294738244,13175.73217051194,616.3004545946586
22,0.04917111919158227,12481.784693779153,-440.7979527039007
23,0.051262169141742274,12270.22539957227,-450.2579411922892
24,0.05335525146837034,11495.426634992644,1303.0175785755846
25,0.05546637228956934,11411.19800118239,9.667812275732285
26,0.057573188192548086,11014.248867630602,-194.8902659130966
27,0.05965884044590281,10823.74805400855,397.2349329318431
28,0.061745123021595065,10459.985585561995,-165.2821586177046
29,0.0638268929113719,10501.303130424822,417.5617789286239
30,0.06592966228838451,9839.211503820714,-301.14113666238865
31,0.06803125784825748,9636.647160267195,-430.79045616164626
32,0.07013131008699486,9744.50278923046,867.4280962345215
33,0.07223032366074338,9462.060289385297,346.0546649192057
34,0.07432334270720506,9250.162242774823,-182.9840815011176
35,0.07642066756954473,8981.38579234341,360.43127040403795
36,0.07850471694556041,8821.214202526582,1009.1737703955279
37,0.08059701946059529,8606.815621221638,554.20996559576
38,0.08269521798132064,8258.69701370082,313.7366399681082
39,0.08478307522909848,8103.011148690893,-83.42583201691991
40,0.08687780839616016,7806.442179404205,398.3196503085148
41,0.08897524569656534,7667.109849603987,691.5196958856468
42,0.09108077810470518,7352.457320967042,281.0789587755468
43,0.09318432266948053,7087.879912197176,829.701391372582
44,0.0952788764104831,6751.008581021964,185.65983596875267
45,0.09736254237981037,6441.721498163911,508.0153419825299
46,0.09944832814799408,6305.639287037408,194.34342195054313
47,0.1015460879802399,6036.118599039601,-220.4224097850393
48,0.10364263756677322,5864.280226897919,-7.002330163967711
49,0.10573893905394659,5583.805854952853,170.8860390542408
50,0.10783958559814742,5478.707048692974,217.7348310428593
51,0.10993894058501318,5260.683759051009,237.1676823867995
52,0.11203921431523854,5086.208305048255,420.0032187159437
53,0.11412334585697578,4976.962788239745,105.99675884465422
54,0.1162159397555423,4870.822206054107,114.09742724740784
55,0.11831372048037725,4686.114785199626,65.19001138701553
56,0.12039723118070132,4655.822674860548,236.39128193757136
57,0.12249223631878574,4477.504365808157,52.64227563043995
58,0.12458825984258635,4411.6631216556325,175.8202576725385
59,0.12668846771583772,4359.604989717834,45.412695117214184
60,0.1287846620419941,4290.182627627113,327.028368334874
61,0.13087133937881498,4253.6728995479025,191.57075714220952
62,0.13297548334406448,4125.553936612789,187.2142052736334
63,0.13506910815256093,4053.596404489058,67.41931593932443
64,0.13716388258568254,4007.491048800721,205.78831273393635
65,0.13926047573721634,3982.254132752689,109.74141127550872
66,0.14134668829083769,3849.649534827836,192.12104898562487
67,0.1434475230090064,3791.2204078492946,209.91402784218468
68,0.14554528534185418,3748.300948022548,215.5040645814601
69,0.14763320610735878,3684.809045005524,209.32715933036275
70,0.14972114728432864,3546.648127758409,105.59986120700334
71,0.15181380487515775,3464.9074430954597,190.5889904392698
72,0.15392114901003526,3437.4096229986,260.37466329299275
73,0.15602147473412367,3312.0836211898363,200.35152342937866
74,0.15811617475881218,3269.4062632317987,57.62597584043569
75,0.16021187122717997,3178.3934346201886,249.2709361173954
76,0.1623006419462899,3111.9336509916443,166.93007033292065
77,0.1643899033199985,3026.0877608122437,142.34454740315124
78,0.16648355823815117,2935.4616865427975,165.37124729701924
79,0.16857196837784735,2885.082609431735,191.8115267494775
80,0.17066413320893647,2833.656094376201,125.08007162020606
81,0.17277086992561352,2744.6802628532205,77.58300544548763
82,0.17486965460096995,2691.450121987363,231.3427065090092
83,0.17695857694944453,2622.524931168779,75.90218310098132
84,0.17905245093155753,2557.594362784716,192.97715585860442
85,0.18115265212612636,2525.3266106591345,225.99989284638454
86,0.1832476884130739,2478.888562974493,125.64394002755827
87,0.1853312475833926,2422.402987833311,194.48579194556862
88,0.1874284892203219,2394.4033020729403,136.05609554810758
89,0.1895337179075755,2343.122206082589,162.41393152384666
90,0.1916268196474026,2301.7970712658484,227.13285462619868
91,0.1937183403446853,2263.182619256179,252.62654734827336
92,0.1958131498886989,2203.0631301543267,171.34389728336072
93,0.19790587400989662,2183.233823510916,208.43514427482313
94,0.19999906515978938,2135.238461211196,185.88212137915772
95,0.2020893038374759,2108.070844727731,162.29183245510382
96,0.2041823192148178,2090.1232908035654,167.49143900154013
97,0.2062825911013838,2042.2677457429086,197.76113287783235
98,0.20837701891459662,2026.5443648383205,208.95080295734397
99,0.21046758167944032,1997.096289348952,167.19319342182098
100,0.21256678542440183,1965.5135973684553,198.7550676454211
101,0.2146619261104852,1918.1224780469797,185.28374309209931
102,0.21675618057220372,1899.9347425741075,203.41238855002655
103,0.2188528705899679,1878.3319497055973,177.28747158835804
104,0.22094564274530842,1833.2768568870654,218.1525394513346
105,0.2230395148320731,1812.258348206575,206.2699404564078
106,0.22513567328585352,1767.6073517435186,163.2629128831949
107,0.22722785048644015,1742.1679874673637,256.64678767825524
108,0.22931975112872324,1715.1037777690303,164.03846080161222
109,0.23141147723465103,1665.5242988004832,217.38857262100152
110,0.23350584674782457,1654.1244945293577,214.94597355085796
111,0.23560416522029054,1628.8970558596232,186.05714900550788
112,0.2377006336558307,1588.609680031824,184.65816070102443
113,0.23979727503904752,1581.3427040214042,246.99644732820929
114,0.2418944602532704,1551.666079323065,222.90879025007328
115,0.2439884227569783,1514.260297370491,194.60507130968506
116,0.24608359968283072,1482.7292783614098,225.86134530050285
117,0.24817552807053123,1462.205111012157,233.54644941128933
118,0.25026237006475704,1447.4365721088138,267.0902204450856
119,0.25235861551053484,1415.0323270045124,222.988120276298
120,0.25445470778669854,1401.629993523701,210.14245485399385
121,0.2565487653287422,1385.265341989845,227.28919811006827
122,0.2586464955058471,1362.5590737342834,209.36754963476216
123,0.2607443047329862,1338.7581570289603,228.86562980270946
124,0.26284383121734134,1321.5753750522447,230.86058092585537
125,0.264929885565984,1301.5473284255331,235.79793079755012
126,0.2670163698864118,1277.61221975614,199.9457218926057
127,0.269112135390912,1270.3567841991016,209.0528491013253
128,0.27120764961246213,1253.8257858146485,247.6340595939801
129,0.27330509996536784,1233.1162731233494,212.4677074292632
130,0.27539842121309294,1207.7914814442868,205.6793834739261
131,0.27749656900268016,1196.7941672102893,226.35800025324298
132,0.27959864364035925,1181.239707314343,217.85680674365742
133,0.2816878213234348,1159.233063696101,225.39732132646125
134,0.28377609558542155,1150.8196315356533,222.18426400725338
135,0.2858732754634003,1128.6309624587889,210.0800300365548
136,0.28796861590208045,1114.0938494654577,236.18605583240188
137,0.2900612915162532,1097.8713672312288,241.74649400972518
138,0.2921547032025089,1080.8562818780144,239.33210811351768
139,0.2942501291133245,1069.0708271329434,240.11234964279654
140,0.2963444256131289,1056.9649333318175,261.0647076914113
141,0.2984361415704375,1045.679600165268,241.11415080566545
142,0.3005318840555698,1025.5986965017034,229.70735638115292
143,0.30262777760316095,1011.4840774835059,251.94008664519512
144,0.3047248035439954,1002.3091366280339,243.36818098389182
145,0.3068210272572538,986.3964075400994,235.84788803014166
146,0.3089144805088237,975.1094136162905,244.53483136719566
147,0.31101080657849756,959.2389116520292,230.47954806940308
148,0.31310885951912926,949.989629272864,233.95175724317218
149,0.3151991603466065,939.1462609784089,250.15759207136907
150,0.317288667284839,926.143194531324,244.43117865468784
151,0.31938044185106124,912.2829163512962,243.15788319855793
152,0.3214783648369702,899.2558110384751,243.76827159157338
153,0.3235785211189416,893.1208026431483,237.5378642686463
154,0.32566935894833426,875.0744318505347,249.70937170382163
155,0.32776077751211374,864.6526846702235,251.34905788012853
156,0.3298523230655558,855.0053118573522,248.16932156212428
157,0.3319485433973702,845.8596418850894,249.56218993551985
158,0.33404540358127904,833.1201554618624,245.69201393395826
159,0.33613494177837844,824.66428504454,240.00495745367706
160,0.3382313832787478,814.6855510856954,257.79990663062443
161,0.3403308518124324,804.7542513325114,233.07535565731447
162,0.3424246601457981,790.9881827835163,256.07891298397897
163,0.3445197272986724,784.6182317256157,241.22613095068456
164,0.3466158524641983,777.5770780325684,253.52176161701308
165,0.3487089916477683,765.9156359441438,255.1461818007764
166,0.35080114560367615,753.9533477841128,244.33026313817183
167,0.35289356821720286,747.4144454778018,260.12405391859636
168,0.3549881110219297,737.628608059519,245.1373033003104
169,0.35708559248027844,731.6548552569147,251.35779062004264
170,0.3591813496003593,722.75534476284,253.30896066324217
171,0.3612749400626811,714.8176598264148,260.4203041308939
172,0.3633693413142722,706.9095537991947,252.80957037462517
173,0.3654632219855477,697.3340744185092,256.2796810497098
174,0.3675603773529471,689.1832472732549,252.72413209891053
175,0.36965434919829326,681.0268248561774,251.30003045186845
176,0.3717418094879197,674.3012631263556,252.99035815319863
177,0.37383404253825586,665.7899155047313,250.61331400286966
178,0.3759308579415973,658.7540006689507,255.8415299098761
179,0.37802985088946095,653.8349629036499,255.77803984655048
180,0.3801213498834686,641.9688981311313,251.87974089620587
181,0.38221306010699313,637.8957660534737,261.5517796111796
182,0.3843141376638833,632.6252354222939,255.5627659152995
183,0.3864096355836929,624.3002841121382,258.1711589348031
184,0.388502907295756,615.7545482373888,256.3501269791987
185,0.39059769208540335,611.7506394737592,259.0334497873173
186,0.3926958121232196,603.5802703527396,263.4912279560425
187,0.39478921808384226,596.0719967867359,258.94808489360184
188,0.39687821409975554,589.048045079085,260.05495912821533
189,0.39897073627813356,585.0620437225351,264.0076875894148
190,0.401067192451382,578.5237731425774,253.60801662390287
191,0.40316228148056854,574.8777797248531,267.18081546526474
192,0.4052546340249366,567.4277203896756,259.17100335243464
193,0.4073499183903822,561.9294065611889,261.3864234328169
194,0.4094468722071623,554.7073447507934,252.04165132078768
195,0.41154432885897757,548.7154044161499,254.74755820236084
196,0.41363408239228544,543.0037181649802,265.37790862332474
197,0.41572494638156243,535.0377419157476,257.1687370363702
198,0.41782181997781404,533.4640649145729,265.434757380318
199,0.4199166506307261,528.8798013449107,258.8377905105872
200,0.4220107143757513,520.7507446572089,260.01807573711807
201,0.42410542949066876,516.790019782658,254.61344051839467
202,0.4262013850195404,510.1810452975153,260.8459478373783
203,0.4282955296445312,506.6091263533235,261.78745000500516
204,0.430391806688861,502.6477315562426,261.5109120478257
205,0.432488575457924,496.24581126588464,263.2613239212243
206,0.4345806090039814,491.43286061733755,258.39245040071836
207,0.43667244097425384,486.15063571740046,260.5324354333497
208,0.4387671492209622,481.4458197028905,253.12942481137077
209,0.4408622534544343,476.4716611067533,260.72791665467906
210,0.44295516415095815,471.404957035675,258.8196786983812
211,0.4450482683181851,468.61434721915987,264.2380573874774
212,0.44714683875742495,462.1703244857781,259.74701086905145
213,0.44924362280569813,458.75826070757034,262.9478296094899
214,0.4513338633316258,456.27807478448096,264.1807637425257
215,0.45342753643259276,450.9020958583815,263.87699648326543
216,0.45552189548586586,446.81931176563364,262.1245275808579
217,0.45761716616081083,443.2744060776052,262.0438563390468
218,0.4597117909764672,438.63074942708033,260.01590466703857
219,0.4618031890496857,434.0499616248934,257.5025219509705
220,0.4638995470730997,429.8930105281628,260.6186295145853
221,0.4659948171464902,427.6308988335812,264.61498725987485
222,0.46808929446972725,422.73941623563485,262.81745890476054
223,0.47018492649495636,418.4734617131504,260.55748232644686
224,0.4722792778491551,415.2342278052856,262.7846928107796
225,0.47437272572904565,412.2791733532291,261.60247380757687
226,0.47646593372141327,408.0045164141355,260.2832509632255
227,0.47856230727426236,403.9594744267358,262.3668810090206
228,0.48065904058976644,401.2319533449666,261.3751276921264
229,0.4827512226177774,397.31551109117834,263.7138418399786
230,0.4848441163240575,394.1159902247169,260.0632684760345
231,0.4869397730506266,390.5172916610827,259.30079062714503
232,0.48903678813400875,387.6391981302619,260.399892221499
233,0.49113096964965397,382.71899531406933,261.7616828805129
234,0.49322332174786626,379.5643128186822,259.4935401843471
235,0.4953187148676145,375.9117293043498,258.22196164824294
236,0.49741120358770496,374.54511128965396,258.79692023236487
237,0.49950082345999325,371.21912064577896,258.93092032471014
238,0.5015952506837275,367.5215346301157,256.4735175950375
239,0.5036919972981919,364.8582558087066,257.9374672194193
240,0.5057872116617207,361.80822460237147,263.42224761051574
241,0.5078828569897101,359.2834234073288,262.7305850586129
242,0.5099793452386306,354.5433468412293,257.40780764841423
243,0.5120767256379639,353.5450488901717,257.0333769086892
244,0.5141702395931294,350.89573507490303,262.74211541886046
245,0.51626132102766,346.6115698210594,256.4203355732256
246,0.5183576899265504,343.33402475084637,253.61594008460693
247,0.5204524416424112,341.7837340409026,259.95109929156956
248,0.5225430403510469,338.8312061426991,258.09073145630845
249,0.5246378991347941,336.9795296081174,260.86306671244375
250,0.5267345150769579,332.3864612572895,255.46801489802382
251,0.5288284644781793,330.5952251769062,258.2554947062386
252,0.5309200047543352,326.544218669993,253.19841018854243
253,0.5330154787982235,326.346934544991,256.84811335354993
254,0.5351140455458262,322.9771183281467,256.2474099329062
255,0.5372066203065362,320.43608620363887,254.67694444827197
256,0.5392991990272246,317.8933416531208,255.26173312652685
257,0.5413944118270408,315.4609470126925,256.28190101103314
258,0.5434881995106379,312.9884058509933,255.9299336640472
259,0.5455829952492127,310.6662916412007,256.05229824898777
260,0.5476769745662954,309.21914399197533,254.6091673261513
261,0.5497697255495043,306.47649120003024,254.24000818266686
262,0.5518645446467839,304.50544476965575,255.22187092926998
263,0.5539598571350287,302.3162743809387,256.4766203131651
264,0.5560564538950566,299.87898792244636,254.13150029019934
265,0.5581500505101624,298.73611321030245,257.78187343376004
266,0.5602409063261653,295.76473716910954,253.51710341492955
267,0.5623379637803174,292.7433036695555,255.1061250004812
268,0.5644363283026402,290.47519814367473,251.46380201941332
269,0.5665273824761494,288.72933740019846,252.35126829319967
270,0.568621249018378,287.3135245861339,255.59966549259076
271,0.5707181447612965,284.3846341886825,253.11858893304176
272,0.5728127938597997,283.507299293735,253.5868823509844
273,0.5749070881546879,281.45429792932185,253.04466678865225
274,0.5769991470923068,279.97556750896763,254.09878930800338
275,0.5790956911760897,277.1819499978615,251.45630320660297
276,0.5811893306261757,275.40336264993493,253.53774635758828
277,0.5832802267374103,273.94820148138024,251.7285729811325
278,0.5853761830306536,271.2070658584411,253.37681957686203
279,0.5874711784415975,269.61919346742144,251.69069630405141
280,0.5895653958899879,267.76851971622085,250.52640441806994
281,0.591659786459685,266.23216036542914,252.83130294588815
282,0.5937551851921442,264.73353835978196,251.4271501914529
283,0.5958498092767481,262.32270363224575,252.3590614933157
284,0.5979447066705442,261.0965423589274,252.5430175385424
285,0.6000383505174957,259.7056230900917,252.84136160013537
286,0.6021313016181767,257.4835000888018,248.89486427986876
287,0.6042246965556944,256.1616095379861,251.23889710136189
288,0.6063189733697846,255.17130046494773,253.1840629624945
289,0.6084147213727373,253.21704969157364,251.42308332762394
290,0.6105090855473989,251.2536924345539,251.1930717314386
291,0.6126037649785722,250.11546949555992,250.89004604241444
292,0.6147002391370655,249.21021852061148,253.02387954406515
293,0.616794938930829,246.362715105367,249.44683283146875
294,0.6188886865784012,245.5216086482636,249.8647144138237
295,0.6209825762252046,244.07552140554694,250.65023911347413
296,0.6230764414889526,243.14650734581622,253.39772412287826
297,0.6251725389343245,241.26786765896512,251.15364203515884
298,0.627266923011265,240.4445271024144,252.7417824268056
299,0.6293596211388142,239.29681432395822,252.27028173970206
300,0.6314513250607457,237.2018228135066,250.10699993325707
301,0.6335475720513941,236.41583819016154,252.4381460252462
302,0.6356444982495617,235.05923607590455,250.79974127756256
303,0.6377358562255245,233.66415453022984,251.33099275315953
304,0.6398302949107263,232.2930154376232,251.64166764273025
305,0.6419256185614247,231.51082537728408,253.05497385308183
306,0.6440214843206593,229.8678829369794,251.00364210650477
307,0.6461142033434962,228.78170299065042,252.03979235713498
308,0.6482061138478032,227.872709356237,252.1130998568764
309,0.6503020867345045,225.84570019018318,251.58230024572327
310,0.652398185537932,224.87664112014235,249.93479967311708
311,0.6544932048530038,223.58523276103475,251.3400543223771
312,0.6565867871776386,223.34308254029568,253.64874427402026
313,0.6586827890115348,221.7174226460607,251.6075441211354
314,0.6607793300725506,220.61371635109802,253.38806094024602
315,0.6628724964198541,220.15627480882932,255.05777093755887
316,0.6649654402217313,219.18630620216396,253.43846710698512
317,0.667059865407609,217.48203666566897,251.97293247705224
318,0.6691532523078332,216.47271386981367,253.23037925112112
319,0.6712457992597233,215.54034348232753,252.51062729819694
320,0.6733390782258323,215.2025072716003,254.32163162848028
321,0.6754367503383576,214.22677810972564,255.3961199678942
322,0.6775335143160066,212.9743319061927,254.8713344903201
323,0.679624621064033,212.55309514932682,256.5437839367415
324,0.6817180292738917,211.3176050367541,254.92061633392632
325,0.6838149015047629,210.18894860749884,254.66588849766646
326,0.6859101434268815,209.14782174831436,254.3224151259195
327,0.6880046468184081,209.2861529565959,258.5420069646802
328,0.6900999637264865,208.05037398730678,256.8091512471519
329,0.6921965733216279,206.90173356914917,255.97470516382128
330,0.6942884945981568,206.236469866821,257.0276667582171
331,0.6963781649531228,205.314295992349,256.8732524405038
332,0.6984747371200234,204.94488702826413,258.2445979260384
333,0.7005690388882679,204.25266380159493,259.9765724792506
334,0.7026621579778546,203.75753385624918,260.6487272848311
335,0.704757268847954,202.44163211674658,259.14426939350204
336,0.7068509057629639,201.87401752724912,259.83949078081696
337,0.708945644402387,201.39535940568894,261.20490769129367
338,0.7110406815970572,200.92853248377276,261.26233319677215
339,0.7131372373036142,200.7611793496038,263.67256718545434
340,0.7152323589250973,200.25745315566581,263.7765912936831
341,0.7173245162021571,199.18451827995023,263.98780846212617
342,0.7194199711852413,198.8646990595604,265.1168115893706
343,0.7215151322330351,198.538224579714,265.92972201338284
344,0.7236102334592447,197.7129803232898,266.33389670396946
345,0.7257047129497166,196.9057099783234,266.4516708563647
346,0.7277958825256088,196.11089613087304,266.02697634925096
347,0.7298900912292255,195.82106284088223,266.996000104864
348,0.7319867159780691,195.7395003030613,268.400792122023
349,0.7340808521059053,195.43175645095178,270.79179443581774
350,0.7361738853270124,194.93891494242789,270.29812233541884
351,0.7382682123604443,195.30557257983767,273.13651602993167
352,0.7403641944498084,194.5776935763111,273.4726989967431
353,0.7424576311971561,194.06300138600793,273.38735092551735
354,0.7445523870480827,193.5962888808992,274.4974303144443
355,0.7466478284648128,192.6713089301378,273.86028973225365
356,0.7487413917548734,193.44771920439317,277.48560091107015
357,0.7508354594737505,192.5103842549264,276.7257952148716
358,0.7529278056847568,192.18885858258855,277.46369819533845
359,0.7550230257904859,192.07321758867187,280.350515478109
360,0.7571167923480437,192.20551802116967,282.392923375194
361,0.7592113317151179,191.5726435894835,282.58352019363923
362,0.7613074731933067,191.5687672357314,282.8446390822709
363,0.7634009581307508,191.70888416151362,285.67239645616434
364,0.7654969266569684,191.43989253953487,286.58534608019346
365,0.7675905899780763,191.15791433276442,286.9133252653755
366,0.7696837880547684,191.13781120097144,288.28405938482854
367,0.7717795008463626,191.42668716778795,290.6040788960238
368,0.7738757788346248,191.53599610333268,293.3246017504667
369,0.7759706260990727,191.82309807598446,296.1966531661779
370,0.7780620795267656,191.1884464543634,295.0941801728685
371,0.7801559906208961,191.36265255191645,297.03172900620064
372,0.7822523136569128,191.67202816449856,298.9409265456658
373,0.7843481481853999,191.23016847992102,299.49873393575996
374,0.7864425511046899,192.39755833683168,304.7404531574931
375,0.7885343495966205,191.4462557678666,302.78434317798985
376,0.7906286372458883,191.8656200347268,305.8463105010084
377,0.7927244345313397,192.1874294266416,308.18405274568056
378,0.794818005513127,192.33228127360422,310.1950576509509
379,0.7969121491149282,192.49266107599075,312.0707000308861
380,0.7990047112993173,193.50804799447616,315.9891367996409
381,0.8010984966914405,193.4876541886209,317.7253370887158
382,0.8031950165575023,194.12451138079578,320.0800484392414
383,0.80529055904954,192.39214394136678,313.7271377937213
384,0.8073868607794276,189.70256255121396,301.95941743836124
385,0.8094799923089985,186.46019975155892,289.73292918491353
386,0.8115723232550889,183.95812418860575,278.79902854675623
387,0.8136672975922271,181.42643759845737,269.05413058361574
388,0.8157631100610689,178.96694672286367,259.1013028131456
389,0.8178569790142735,176.46392203177376,250.35553936931788
390,0.8199506303068442,174.3260913608917,242.16776790668345
391,0.8220462665916841,172.1497742051255,234.11443562896338
392,0.8241405937791958,170.2879056668268,225.87104667262713
393,0.8262325853224312,168.20393077081337,218.71166926857381
394,0.8283265675885274,166.42985672385524,212.63887209112713
395,0.8304231027322762,164.96077610344295,207.54077607685252
396,0.832516312308734,163.19143847194567,200.7203344436869
397,0.8346104967180491,162.00686016766386,195.7938137238057
398,0.8367055646585567,159.9439035765872,189.41319045820023
399,0.8387997810841866,157.95151072708512,183.18010402505723
400,0.8408959249120883,156.81968027650632,179.53108967550705
401,0.8429902851163829,155.40785987596087,174.49512695241674
402,0.8450834013034724,153.92150336754523,169.1271778353949
403,0.8471787052036875,152.60040194899358,165.25349153567575
404,0.8492741754489669,150.83436031549556,159.13623685369106
405,0.8513666186650054,150.18901810176604,157.23891012212943
406,0.8534586558453424,148.81576393747682,152.6425501933113
407,0.8555555147205227,147.457761568105,149.41958289068916
408,0.8576510528712873,146.24714869853483,144.92750755784363
409,0.8597438531231701,145.26945057104354,141.35187169809853
410,0.8618396600787528,144.31102749330873,139.70377573888936
411,0.8639352641137702,142.90187271434465,135.3237868069054
412,0.8660278348127696,141.6596578169018,131.9330896431815
413,0.8681190723532742,140.58047001315248,128.48140181253422
414,0.8702145301226206,139.95942578255642,127.02600636025886
415,0.8723097299260473,138.588565689964,122.52938100327914
416,0.8744009465527449,137.9916163616388,121.08057917762349
417,0.8764962014565297,136.6955599799103,118.23342285273573
418,0.8785921785819074,135.90753865868055,115.22680218922535
419,0.8806862529738079,135.10326682866292,113.45163585015092
420,0.8827803474942315,134.6228423175037,111.725128275799
421,0.884876552415157,133.03601505002777,107.10709832629124
422,0.8869727619955021,131.8375552144023,104.37595086520255
423,0.8890661549276524,132.12511025511617,105.95535789200277
424,0.8911606435626759,130.87822426310603,101.64900597002216
425,0.8932564177642083,129.98322387232616,99.70567815088975
426,0.8953515942364704,128.89214654865552,97.0184391183598
427,0.8974449590572777,128.73874024939758,97.07014951981492
428,0.8995380126042275,127.58007954665399,94.42122276202329
429,0.9016308480731973,127.26402472858648,93.70934451240261
430,0.9037248205752632,126.11880785337819,90.01029593323652
431,0.9058194398636225,125.63076214792909,89.51291569154297
432,0.9079139093175219,124.70181978960329,86.38938893675825
433,0.910011764746055,123.96925997173678,85.04282437390522
434,0.9121056647167038,123.48158717811185,84.2755670274965
435,0.9141967683902507,123.0980751999866,82.91260503125977
436,0.9162922424058753,122.62348245827467,82.2447972719317
437,0.9183868595164038,121.17183399727882,78.64886387257937
438,0.9204815946523948,120.97684918549663,78.12424061735256
439,0.9225765682279964,120.10659059212722,75.6596229356194
440,0.9246708776548578,119.35889415106861,74.30741874556415
441,0.9267650233208798,119.44795093159229,74.96556902900183
442,0.9288581102404102,118.51237067785223,71.68428929238112
443,0.9309518934142385,118.18039130896604,72.19798585497458
444,0.9330469160925099,117.44207969508402,69.92803336031957
445,0.9351415764644654,117.10814190232031,69.74973881010195
446,0.9372369506587555,116.28984262281936,67.67001457968563
447,0.9393287530448476,115.49714062407857,64.41358900132568
448,0.9414229216419412,115.64320439401672,66.74738777741365
449,0.9435209341962445,114.9132391137329,64.66992337512747
450,0.9456148252799238,114.6455014024179,63.776414577932734
451,0.9477091255207061,114.25913518897826,63.34268583339094
452,0.9498037238864095,113.44701646510964,61.4236982629162
453,0.9518981043411001,113.22077152006179,60.71227065978718
454,0.9539914706287521,112.90286006504071,59.89675728851251
455,0.9560859977890608,112.48318812594633,59.58487061253391
456,0.9581821096695351,112.36013091641168,58.74697094227748
457,0.9602755737793266,111.92448341777722,57.62825661356879
458,0.9623691838562978,111.29435490077852,56.16884580908959
459,0.9644636726355348,110.32053090099164,54.73910325411698
460,0.9665572681340019,110.72119954732499,56.07753468670728
461,0.9686506726657692,109.90111455678873,54.17526379033168
462,0.9707453651438224,109.75698714305561,53.17431216367208
463,0.9728397447984573,109.23156219561896,51.37844028484366
464,0.9749341599912872,109.1537138083694,50.914213767506936
465,0.9770309382258842,108.74920217816619,52.06987710404619
466,0.9791243621626365,108.01091729137082,48.00553436044424
467,0.9812186011668534,108.51889865021282,50.52376900894292
468,0.9833152549762485,107.66095182271555,48.14784319858913
469,0.9854083366977224,107.27735205673868,47.238484710590036
470,0.9875013366256304,107.17777754700761,47.73026663753394
471,0.9895964031766183,106.65695415644362,45.67569387923298
472,0.9916911272506032,106.71885449227864,46.1011940530073
473,0.9937856031740195,106.17399029593842,44.374499516874565
474,0.9958807301039379,105.61796838410918,43.11456865952311
475,0.9979746323874407,105.88705879878859,44.34215685844536
476,1.0000664008054638,105.28456983398156,41.91616072005797
477,1.0021595314674534,105.54558243032919,42.921296566251044
478,1.0042547648495364,105.17357546605392,41.62247391745126
479,1.006349085630113,105.04566390469563,41.174342631865876
480,1.0084443367657523,104.58342490753371,40.37634617401418
481,1.0105398481990022,104.88862452448429,40.60881701313209
482,1.0126348213072522,104.83137680051205,40.33454000360256
483,1.0147293432188107,103.62236631363254,37.15396127120689
484,1.0168223222913106,104.23195232226901,38.92284876854437
485,1.0189181991118834,103.51703249748317,36.50063216302653
486,1.0210135889667047,103.56702864717006,35.84688249837279
487,1.023105517395174,103.53053743227038,36.14160410386257
488,1.0251997072975425,102.94848501395609,33.54817660815053
489,1.0272950549324347,103.9299468070945,37.35904186220551
490,1.0293904044607038,102.84846073183175,33.32560404528571
491,1.0314847550764672,102.83535842119345,33.44547735428704
492,1.0335791521913305,102.884903360767,32.71508027688931
493,1.035674282724225,102.05486045705297,29.987173435422932
494,1.0377683744197583,102.58830794853611,31.9876889585743
495,1.0398611358062981,101.49524899130488,27.555850392170314
496,1.0419559810580585,101.92726075583401,29.37991109754923
497,1.0440519355231435,101.85823349631147,28.536433258850064
498,1.0461442665368221,100.86861268505521,24.85354163005026
499,1.048238151325366,101.74135042742591,28.037380663493007
500,1.0503312794335307,100.93609630628559,24.242667924988965
501,1.0524262698953144,101.84857721669836,27.119356451713212
502,1.0545208315883745,101.05093804543164,23.20541787477768
503,1.0566150350094698,100.8343817002451,22.710715469300975
504,1.058711440318921,100.397236465235,20.55406426645725
505,1.060803734980524,99.63552817170931,17.852826020104573
506,1.0628970711462522,100.85826996197574,21.21091183697736
507,1.0649945592352892,100.17738175992535,18.16013239590729
508,1.0670895920886003,100.17949617059233,18.13752370911901
509,1.0691815189460832,100.08463376528995,16.143354927777978
510,1.0712752972137536,98.59080035369732,11.595599422913288
511,1.073371173619778,99.91123979362727,14.948235054203229
512,1.0754657024825272,98.45766379757637,9.033797665192791
513,1.077559391113827,98.81061543808063,10.53794651296757
514,1.079654167044188,98.37689692727464,8.190460660860383
515,1.081749685406742,98.06283909869465,6.037806127837594
516,1.0838429051818583,97.79854225269172,4.862418397956162
517,1.0859346611894292,96.5889953708173,-1.6107684862847385
518,1.0880274765489322,97.308991747447,1.1611566849054293
519,1.0901226378244568,96.3995064275127,-1.739316917728456
520,1.092218906510469,95.74952547773398,-6.621072446447659
521,1.0943142405516277,96.40725716336928,-4.454264075069381
522,1.0964083656069452,94.93750676159416,-11.060984655738753
523,1.098504575117021,96.14544754513597,-6.902628621984318
524,1.100598880587325,93.70991934357656,-16.662783807129014
525,1.1026907648634887,94.46069198150565,-14.776334701458554
526,1.1047864761829782,93.24672295576264,-20.040570940904825
527,1.1068805633882368,91.72336160406488,-25.71505745953034
528,1.1089715885079452,91.98068050449253,-26.763287630303815
529,1.1110674731376504,89.00855817994369,-35.19723898769648
530,1.1131638031712348,90.60535685981269,-31.021010490996947
531,1.1152567400703868,88.603855021568,-41.29855001229164
532,1.1173518797395834,87.92457594220477,-42.642241936852834
533,1.1194466841667583,85.91165778230082,-49.58863965273951
534,1.1215386388653605,84.20914163905559,-56.29368400825125
535,1.1236321502294464,83.79527421315808,-58.5116650035331
536,1.1257265608788465,81.09982765682554,-67.6698620302523
537,1.127823511019811,80.27742063235522,-71.9191915911443
538,1.1299186917312898,77.6373579010807,-79.91397463230426
539,1.1320102853860914,75.91174541712469,-87.34940723766813
540,1.1341022265777971,73.770565561174,-95.64018537910223
541,1.136196488705377,70.27996646879687,-104.32238530950816
542,1.1382919496812383,68.17740568826645,-113.01805523893465
543,1.1403848113573067,66.3478449775872,-119.44949408837957
544,1.1424801205078854,64.6934513998555,-123.97683824694738
545,1.144579099546908,64.0442011761255,-126.41412827759675
546,1.1466743733674984,62.85141531181496,-130.5676756609151
547,1.1487627957344069,61.70902435033931,-132.94980594234067
548,1.1508586543248278,61.471468212176,-135.3580226664723
549,1.1529561980713183,60.63367341167855,-138.9288350942255
550,1.1550454984226184,60.596052650329575,-140.68996550996883
551,1.1571409429142046,59.61275275682777,-141.47908988017707
552,1.159240859340017,58.65717948725012,-143.37873416470052
553,1.1613355832020602,58.932632156038345,-144.9318368668197
554,1.163423871831942,58.399237205785674,-147.39690775418165
555,1.1655188736812345,57.73627009219737,-147.8488729501829
556,1.1676174368768866,57.67601915252429,-149.7188871571615
557,1.1697080797153998,57.02854862381678,-150.66654489361332
558,1.171800206369591,57.21689565425115,-152.61042361330522
559,1.17389591489135,56.93022100856717,-153.4169846517304
560,1.1759888523797297,56.32586514207187,-153.67621772497245
561,1.1780809947202961,56.60274838610339,-155.96425773842242
562,1.1801761196344618,56.107192744245964,-156.5928587376103
563,1.1822736635654147,56.043478082121,-157.88341394927576
564,1.1843710306693693,56.122180388347005,-159.29278574249827
565,1.1864625384002512,55.639726663557,-159.0035374807523
566,1.1885545198904406,55.16659466501967,-159.3370802717142
567,1.1906522613678343,55.05529351955538,-160.25517444597187
568,1.192750069492095,55.304108038541145,-162.52031090147074
569,1.1948381381583106,55.10001762247549,-162.6541796137698
570,1.1969297222624806,55.28316547597022,-164.29055864512463
571,1.1990290164311135,55.13496410113054,-164.62506544685343
572,1.2011243924560484,55.01572024547785,-165.67817560111249
573,1.2032149592826593,54.92674209711992,-166.1452484804566
574,1.2053132365828256,55.10850698622358,-167.55636294325222
575,1.20741576508926,55.00899214483069,-168.40380397557678
576,1.2095030565711475,55.39400372060102,-170.60798684136205
577,1.2115949657999687,54.78935396744914,-169.3540807263606
578,1.2136960046145377,54.98210829510619,-171.17364253603822
579,1.2157928316049589,54.66513187273046,-170.9306706636459
580,1.21787984102748,55.13037589253144,-172.954978632627
581,1.2199725120701903,55.292496304086065,-174.01056131878647
582,1.2220773486348555,55.18946896775608,-174.64846501214882
583,1.2241717280648772,55.10841400291662,-175.13470379322888
584,1.2262574809145717,55.65890673353879,-177.35867434913484
585,1.22835205989159,55.55841935297429,-177.95455460858614
586,1.2304511070315651,55.83740755542092,-179.79582118743724
587,1.2325439941641703,56.03232531745682,-180.31762347095176
588,1.2346327282165248,55.77122130405957,-180.18505696913627
589,1.2367296121231413,56.170242018642,-182.4635864232901
590,1.238832433751825,56.494960163345915,-183.83849786345223
591,1.2409238541102623,56.77020061827802,-185.33731633686298
592,1.243012379245932,56.8608086282845,-185.89745467824363
593,1.2451094606314712,56.68320266757502,-186.06111375757254
594,1.2472066170026377,57.676725866511944,-189.8276656541135
595,1.2492929515805862,57.576112313563726,-190.06511178297856
596,1.2513843202334647,57.40572609543134,-189.86816626315428
597,1.2534920777891505,58.13968697040812,-192.88422442962965
598,1.2555889180496558,58.34944081218805,-193.94802503518846
599,1.257667580798784,58.26083832373908,-193.99700660986966
600,1.2597632986068967,58.86295105463742,-196.62385509258328
601,1.2618709074503869,58.84686130726851,-197.18368527148718
602,1.2639618917954016,59.52263178509398,-199.02443252108714
603,1.2660463256389345,59.139245269491944,-198.68777406422552
604,1.268151380164154,60.18918884352176,-202.5671090641784
605,1.2702573897615381,60.57755477151674,-203.9034682126818
606,1.2723329096911193,60.26311281864905,-203.46116895041783
607,1.2744197010315288,60.70487195779862,-205.22104454878877
608,1.2765327006010119,61.30071507732508,-207.90223938460477
609,1.2786342467193723,61.70922385395675,-209.44879962290608
610,1.280707182799757,62.54584207418758,-212.55683460247954
611,1.2827931530633179,62.1601660771484,-211.5983240564866
612,1.2849085387747612,63.18735443847778,-215.40151845268963
613,1.287000364654089,63.38192670584484,-216.31008514546335
614,1.2890781709908103,64.01148893839343,-218.7827941096304
615,1.2911842108955598,64.88837430444265,-222.02716054447419
616,1.2932965864662813,65.38499880369228,-223.89699996375634
617,1.2953774115066516,66.15217705531775,-227.10392407412547
618,1.2974494068131983,66.50443583324903,-228.0754636523958
619,1.2995653278098822,66.44296545366294,-228.46217670780916
620,1.3016791376111048,67.98947353532843,-233.6729252090793
621,1.3037423234004764,67.70542384069574,-232.75980809221795
622,1.3058199114096363,68.47561679394374,-236.29139773584282
623,1.3079467955462118,69.57818553722349,-240.0530758288372
624,1.3100601882305882,69.01842309238796,-238.0778152211259
625,1.312113308135768,69.51039628478324,-240.65019007381028
626,1.3141962752176515,70.51910570697862,-244.02733707642778
627,1.3163277077674513,71.3925854276869,-247.17145814126664
628,1.3184175493918626,72.19034932781112,-249.96337841844482
629,1.3204856618221223,73.83103942008319,-255.4766742362338
630,1.3225968812824558,74.9895203624168,-260.1955969911943
631,1.324712528812616,75.93492782080072,-263.88147922887777
632,1.3267701241226586,75.19943278555812,-261.0253784968157
633,1.3288455369869492,75.21479898494569,-261.33045451594694
634,1.331007859279665,76.63093398666263,-266.55796183339623
635,1.3331193077637633,78.41013222996204,-272.7430890713418
636,1.335111114646517,78.17317024608883,-271.9284486447757
637,1.3372000138113185,80.65148940517523,-280.7928908143586
638,1.3394207042773567,80.74164200858174,-281.2903755081928
639,1.3415191831855293,82.14849527143626,-286.01047502187765
640,1.343419658472025,84.56099836656271,-294.59099329074644
641,1.3455475267642247,83.47528685053115,-291.0839178139231
642,1.3478257671998863,86.23601819945635,-300.8117155909644
643,1.349910545699746,86.23471404378985,-301.3221020814404
644,1.3517701887420612,87.41709757942131,-304.7590915668942
645,1.3539417100377606,89.78202478742443,-313.4579356410489
646,1.3562514521124112,91.05389475816193,-318.0621154031326
647,1.3583044750242828,92.03130686550332,-321.73831870715566
648,1.3600937081391848,92.60037115286825,-323.4586069558747
649,1.362315666351114,94.12599983524376,-328.8303483464736
650,1.3646739887244697,98.15940259434316,-343.13120676626767
651,1.3666040349314283,102.83986479730181,-359.74370778850846
652,1.3683585203137423,96.79384562694011,-338.4447019579287
653,1.3706879171444677,98.02830927913527,-342.79707137778655
654,1.3730812726720756,101.68645788035167,-355.80389506777084
655,1.3749143385354152,106.94197147236834,-374.1951436691993
656,1.376679031839902,105.91916468503534,-370.54710704198413
657,1.3790764132796052,104.2271569677756,-364.85521557445566
658,1.3814727924700456,111.4628196561088,-390.1011667540469
659,1.3833424067073374,103.87244015550175,-363.4892558534279
660,1.3850593718572481,106.6795123882089,-373.30085078480255
661,1.387433769507078,137.75764368491707,-482.29799214901084
662,1.3897620281243455,98.80446497571099,-345.924349899422
663,1.3917897627196847,34.025107114371345,-119.09103624968763
664,1.3929979117318791,0.020394027216761798,-0.07137909525866629
