,k,Pk0,Pk2
0,0.0029665470748989845,52003.97550230016,1790.3030858933607
1,0.005026374055021859,55139.08259035158,4145.678027841829
2,0.007149300621522788,73999.13973316917,-18093.10633235765
3,0.009278869254964255,91107.99996209788,20145.11109102296
4,0.011450332619344701,98116.12955391245,-34669.712671695124
5,0.013492955871419151,97746.99521419147,14148.62937255199
6,0.01558905561191893,85078.49650345487,-5052.002183224116
7,0.017694083672553172,85602.20577793759,-8275.94495100611
8,0.019817874803135297,77174.7539201441,-4699.906046144277
9,0.02192074938196264,72961.63998949807,1753.7154119673357
10,0.02398877635566245,65757.08228382206,1859.1160365150188
11,0.026092869718961156,57216.19639816709,-8313.77798383412
12,0.028234663152781798,56192.240202892135,7076.11553370251
13,0.03032284873509123,44379.487867562806,4407.232208468485
14,0.03240263258943404,41695.97887155503,-2966.285891690223
15,0.03449210129864554,38349.294624907416,-571.7118120867796
16,0.03658588147515197,34596.55793770545,-1295.911398989791
17,0.038684769492669774,32087.581355892275,39.82858818512817
18,0.040788988884582836,28481.91487258036,179.28413703047087
19,0.04289390876967646,26824.161305759586,-2510.262839120372
20,0.04498336005546935,25401.788580714332,1540.5035737138198
21,0.047064985294738244,23606.142668482116,-88.74371978639554
22,0.04917111919158227,22965.175573165314,-1189.1858243852434
23,0.051262169141742274,21842.54575486161,-975.232993642159
24,0.05335525146837034,21611.186524358993,321.6920715685062
25,0.05546637228956934,20475.478785922594,1587.1384756824996
26,0.057573188192548086,20756.214494157393,-732.8939150033001
27,0.05965884044590281,19678.923750786413,2066.6224496916548
28,0.061745123021595065,19474.770724606165,13.967501593280788
29,0.0638268929113719,19349.218777415444,-583.7064071493506
30,0.06592966228838451,18678.553644429103,-1705.796590247359
31,0.06803125784825748,17986.05563697537,-1073.1890326080882
32,0.07013131008699486,17401.576839115798,-501.682975910502
33,0.07223032366074338,16676.85409994245,-688.7324585541389
34,0.07432334270720506,16115.912797993029,-196.40750036577987
35,0.07642066756954473,15014.936048217629,-1063.4199175954752
36,0.07850471694556041,14600.569736243631,916.8641637477264
37,0.08059701946059529,13649.338761497294,147.1179521861238
38,0.08269521798132064,12883.059404267713,-406.2762332724335
39,0.08478307522909848,12251.25537148969,429.1392057102409
40,0.08687780839616016,11439.434316067987,-150.5147613949018
41,0.08897524569656534,10716.288968586958,-223.96488564819762
42,0.09108077810470518,10249.878785455721,409.18427257532886
43,0.09318432266948053,9694.337767789933,413.2762543063111
44,0.0952788764104831,9288.64270490378,45.19952378739829
45,0.09736254237981037,9077.452386832883,160.28817027098458
46,0.09944832814799408,8654.930338393042,370.37577762462314
47,0.1015460879802399,8360.918650891786,136.76027668240795
48,0.10364263756677322,8285.043349909933,-60.44887837618579
49,0.10573893905394659,7945.619217926328,64.46041859836527
50,0.10783958559814742,7876.149400217841,163.25761347175052
51,0.10993894058501318,7793.676172994131,132.90871600008978
52,0.11203921431523854,7637.398599796439,-113.8195740433766
53,0.11412334585697578,7541.701250413665,176.43127283153262
54,0.1162159397555423,7424.674672845639,317.9205993895192
55,0.11831372048037725,7315.511833627454,118.44273712051529
56,0.12039723118070132,7216.98654446071,404.07141914237644
57,0.12249223631878574,7054.923301272631,-222.48614907312734
58,0.12458825984258635,6913.861544298112,11.336951492846886
59,0.12668846771583772,6879.160725693908,103.73970135665766
60,0.1287846620419941,6641.710108089131,117.27817749329022
61,0.13087133937881498,6502.585361689104,321.9228505878732
62,0.13297548334406448,6349.786940507914,-1.7427838228558166
63,0.13506910815256093,6200.558671619976,-59.89558519373879
64,0.13716388258568254,6023.558639649484,2.7519657616962503
65,0.13926047573721634,5901.414891439265,150.8712426271427
66,0.14134668829083769,5771.530555997449,-22.50139197979099
67,0.1434475230090064,5590.587206639593,72.38196722175033
68,0.14554528534185418,5394.281097808899,84.76358029927701
69,0.14763320610735878,5285.188910227312,183.35973890471533
70,0.14972114728432864,5135.454486302256,52.309946194797924
71,0.15181380487515775,5097.0234266415955,83.11475736791813
72,0.15392114901003526,4889.696560831939,79.01907679871626
73,0.15602147473412367,4822.732201479758,44.32906540011733
74,0.15811617475881218,4721.839784674093,60.08883066953962
75,0.16021187122717997,4697.496089796034,181.89422476356592
76,0.1623006419462899,4576.333059784567,188.72107534750256
77,0.1643899033199985,4494.747386386845,93.83663025844923
78,0.16648355823815117,4433.267598553224,78.21039201540005
79,0.16857196837784735,4412.2143802880055,143.0779766777358
80,0.17066413320893647,4351.990370608285,176.84524131021521
81,0.17277086992561352,4290.159440181961,114.77213621616853
82,0.17486965460096995,4160.291823652223,83.82783871659724
83,0.17695857694944453,4143.574868514727,-26.210386783753147
84,0.17905245093155753,4062.7543044361473,63.61027609866871
85,0.18115265212612636,4025.2791605598404,78.495028971664
86,0.1832476884130739,3973.8580935822015,50.43397190837327
87,0.1853312475833926,3920.196935177772,159.8027773315346
88,0.1874284892203219,3846.9154155571546,44.38447221371037
89,0.1895337179075755,3774.380309400742,117.76826183764658
90,0.1916268196474026,3733.790390017187,16.060341113329784
91,0.1937183403446853,3695.3358047885563,87.3014852759708
92,0.1958131498886989,3649.40672010828,28.979847654758935
93,0.19790587400989662,3565.997982465054,64.52236375280651
94,0.19999906515978938,3511.3995354690574,52.77553095012364
95,0.2020893038374759,3439.757378775366,19.910731164101378
96,0.2041823192148178,3419.9544829823676,-4.196133801430663
97,0.2062825911013838,3398.457703112817,44.39156038902316
98,0.20837701891459662,3329.503903872842,76.68013193869855
99,0.21046758167944032,3280.16372594838,0.7483923423655874
100,0.21256678542440183,3248.70524781983,12.833713541870504
101,0.2146619261104852,3212.7428393489467,83.21479559851602
102,0.21675618057220372,3165.1522494801648,155.8918406149773
103,0.2188528705899679,3109.781959484015,0.6498936700180656
104,0.22094564274530842,3093.474853135034,14.873998086610937
105,0.2230395148320731,3033.7000454801414,20.458746413623878
106,0.22513567328585352,3005.6717327852493,83.72045404579619
107,0.22722785048644015,2980.503889914714,40.567802071115935
108,0.22931975112872324,2957.7421527526512,68.88281992270659
109,0.23141147723465103,2906.5817451510165,78.66401135958529
110,0.23350584674782457,2872.950789097414,97.0018588176507
111,0.23560416522029054,2854.9416793384903,47.29750892580241
112,0.2377006336558307,2809.801931575792,63.79460014947138
113,0.23979727503904752,2786.8172783767586,71.08894230486946
114,0.2418944602532704,2786.9947361194345,59.05458884269221
115,0.2439884227569783,2720.0869812727537,37.687316037899244
116,0.24608359968283072,2700.105224470538,83.31649107837481
117,0.24817552807053123,2683.0619395003214,34.240501760122214
118,0.25026237006475704,2654.3930299714357,68.80630601657127
119,0.25235861551053484,2616.9829109875354,50.81292780352441
120,0.25445470778669854,2587.269194508201,65.2750163426532
121,0.2565487653287422,2577.1818573854416,64.43893394298146
122,0.2586464955058471,2562.8855887251234,19.00879663669686
123,0.2607443047329862,2520.150550890087,63.85666499155657
124,0.26284383121734134,2484.526212337286,35.32885503523808
125,0.264929885565984,2459.003353589289,70.17095020956948
126,0.2670163698864118,2441.3972296361057,94.92632185265158
127,0.269112135390912,2436.054161328235,35.039476857485695
128,0.27120764961246213,2396.5179198273786,30.96488174339829
129,0.27330509996536784,2374.1976760222374,72.04141300729773
130,0.27539842121309294,2372.6916111555392,40.39888957161844
131,0.27749656900268016,2352.866753784311,54.559771713624684
132,0.27959864364035925,2317.176261073843,86.15543501947275
133,0.2816878213234348,2307.8949234567626,31.487377345858494
134,0.28377609558542155,2284.584904755247,97.22698836766328
135,0.2858732754634003,2260.9733204859294,57.83194256981868
136,0.28796861590208045,2251.2486495524086,55.00323469321823
137,0.2900612915162532,2216.309327611289,62.658192812584566
138,0.2921547032025089,2205.3497130292258,53.74980476164783
139,0.2942501291133245,2186.0835935118275,10.462887882722082
140,0.2963444256131289,2177.4711482251205,44.23192406592299
141,0.2984361415704375,2151.158465942086,57.824277644302356
142,0.3005318840555698,2145.2961857272985,72.82985552279767
143,0.30262777760316095,2117.3045685425454,50.42801218563651
144,0.3047248035439954,2099.2117270625804,67.49019918454503
145,0.3068210272572538,2095.8098637245175,35.75271198925425
146,0.3089144805088237,2058.195595458513,58.968896529709106
147,0.31101080657849756,2054.4719107541705,37.348486475535644
148,0.31310885951912926,2042.645296028979,44.637000730318505
149,0.3151991603466065,2023.3411512096973,58.347063727056096
150,0.317288667284839,2015.422472623364,36.681433719639905
151,0.31938044185106124,1991.2675820868487,64.79968398904799
152,0.3214783648369702,1977.050524272951,50.47163400627294
153,0.3235785211189416,1973.1604619853706,67.51440882780511
154,0.32566935894833426,1951.6914882532783,72.15235448363933
155,0.32776077751211374,1936.1050463296617,37.67305361129602
156,0.3298523230655558,1931.7345727997565,42.667030918137094
157,0.3319485433973702,1914.1056433591807,33.9014345782191
158,0.33404540358127904,1896.2457937388915,27.409825193057884
159,0.33613494177837844,1892.8150798936308,43.873806267047094
160,0.3382313832787478,1874.1641296307307,34.5286754409252
161,0.3403308518124324,1860.5384808401516,48.9283086381219
162,0.3424246601457981,1849.2724491311214,62.11244688072901
163,0.3445197272986724,1838.7741371707004,33.755228248592026
164,0.3466158524641983,1822.762935266606,37.89383936061045
165,0.3487089916477683,1804.698925201892,41.118878707627374
166,0.35080114560367615,1804.619258186475,37.66415983338091
167,0.35289356821720286,1789.6643862072876,34.360580030297236
168,0.3549881110219297,1777.6591630705052,60.278571519553054
169,0.35708559248027844,1763.2091728589928,25.53417681079125
170,0.3591813496003593,1754.066034203283,32.29039495690555
171,0.3612749400626811,1750.7235186337368,52.45284655414477
172,0.3633693413142722,1743.2684431280977,66.79604041326748
173,0.3654632219855477,1724.9372791516294,58.06135928398265
174,0.3675603773529471,1707.149578081576,41.99367314427778
175,0.36965434919829326,1701.738119616257,47.50180332163394
176,0.3717418094879197,1687.596283828165,48.869349594792354
177,0.37383404253825586,1681.747706889646,41.13548115947183
178,0.3759308579415973,1676.4503608802515,53.93162153138507
179,0.37802985088946095,1664.2130957659124,55.260761785648505
180,0.3801213498834686,1653.9354648869653,38.009521930178934
181,0.38221306010699313,1649.3316727177457,43.66768397680853
182,0.3843141376638833,1634.2502909590755,55.89962721639176
183,0.3864096355836929,1625.3357666318996,48.104966445811186
184,0.388502907295756,1616.5987308572044,32.56838402352701
185,0.39059769208540335,1603.9585848069248,32.56897952813921
186,0.3926958121232196,1596.2532596999804,30.705427962505215
187,0.39478921808384226,1592.9564316609344,23.059970506607073
188,0.39687821409975554,1576.4150101268028,42.698557480557916
189,0.39897073627813356,1573.1557705048263,34.47204855880715
190,0.401067192451382,1564.0301880626605,42.68484023367386
191,0.40316228148056854,1557.3545274198057,47.813941890383525
192,0.4052546340249366,1542.1990023325034,51.158550165534386
193,0.4073499183903822,1533.6945699683397,45.588970009808214
194,0.4094468722071623,1530.2600327294936,27.1305605164192
195,0.41154432885897757,1522.0545630450392,32.686737569306544
196,0.41363408239228544,1515.6879723902543,56.966349699185194
197,0.41572494638156243,1503.2087042394096,29.69421950241513
198,0.41782181997781404,1499.52683344589,66.68011621564443
199,0.4199166506307261,1490.4386389331976,48.73240659735333
200,0.4220107143757513,1484.0833339010635,35.66753099652144
201,0.42410542949066876,1475.5524246946434,43.45161986163245
202,0.4262013850195404,1467.7929939993635,35.2052029633788
203,0.4282955296445312,1459.0842354912597,30.948666503575776
204,0.430391806688861,1451.967489848041,23.816312839145965
205,0.432488575457924,1446.119764589408,27.45175906943233
206,0.4345806090039814,1438.6580634139384,39.0646460892443
207,0.43667244097425384,1435.6800619864139,45.90457225743196
208,0.4387671492209622,1425.0283846888005,40.631597771008686
209,0.4408622534544343,1417.7768152733734,32.14449883192874
210,0.44295516415095815,1412.3439078042893,42.559038067313494
211,0.4450482683181851,1409.9030848318973,32.17060485541362
212,0.44714683875742495,1400.9872397647414,31.01014035845457
213,0.44924362280569813,1391.7192513349098,36.17081582090037
214,0.4513338633316258,1383.7398676650494,28.17678134266875
215,0.45342753643259276,1382.8139390669423,50.32661370471003
216,0.45552189548586586,1373.1638320714555,33.92973520263815
217,0.45761716616081083,1370.761733535644,25.90320005966446
218,0.4597117909764672,1362.6741045616643,42.012695797656136
219,0.4618031890496857,1354.9018644437206,15.170642894364049
220,0.4638995470730997,1347.2704991735989,25.74037870791945
221,0.4659948171464902,1343.32003458789,33.0251179086534
222,0.46808929446972725,1335.8115913794293,32.23672263213605
223,0.47018492649495636,1329.0816876078409,26.077823038927164
224,0.4722792778491551,1325.8081598901304,23.414376589483336
225,0.47437272572904565,1316.8674708318813,36.76590796221209
226,0.47646593372141327,1309.2952809354956,29.088858696203385
227,0.47856230727426236,1305.854127770955,30.77566444064665
228,0.48065904058976644,1302.4342947545,12.906978752072344
229,0.4827512226177774,1298.1460674836312,46.8045252755844
230,0.4848441163240575,1290.274753032683,34.81932557672487
231,0.4869397730506266,1283.435222705853,24.28584095414385
232,0.48903678813400875,1281.0356082692915,34.10028321592135
233,0.49113096964965397,1275.0062332509535,29.430886427190543
234,0.49322332174786626,1269.113928798744,38.661129903214935
235,0.4953187148676145,1260.5845677358452,26.628237302404802
236,0.49741120358770496,1258.1974648847365,37.23769739260689
237,0.49950082345999325,1255.319934297094,26.441577619123183
238,0.5015952506837275,1249.730242781171,22.700280719562777
239,0.5036919972981919,1246.111139706049,32.26667452999305
240,0.5057872116617207,1238.6719962191178,41.618248025390336
241,0.5078828569897101,1229.49178310529,29.59548116873659
242,0.5099793452386306,1228.980897394137,16.943922201086234
243,0.5120767256379639,1223.839714032368,26.71409576647043
244,0.5141702395931294,1216.1142024967746,33.86850718878259
245,0.51626132102766,1211.967337063281,28.606453209960165
246,0.5183576899265504,1207.7802849280845,35.131222502070585
247,0.5204524416424112,1200.444161436236,30.9092450928337
248,0.5225430403510469,1201.3178407702658,29.26129143562897
249,0.5246378991347941,1193.243868503583,32.53295892367166
250,0.5267345150769579,1187.2212725385712,28.199026647843656
251,0.5288284644781793,1185.9627448341257,23.84147940102819
252,0.5309200047543352,1177.9622089061913,33.891546847652535
253,0.5330154787982235,1175.1628754104354,14.332473935713999
254,0.5351140455458262,1167.7435366675384,28.92527147866559
255,0.5372066203065362,1170.0656374732598,32.491731714554255
256,0.5392991990272246,1163.45627985706,25.791655309077544
257,0.5413944118270408,1154.601452771336,27.36324497186613
258,0.5434881995106379,1154.3141962640877,28.851284338288814
259,0.5455829952492127,1149.6461776603373,34.97067931107364
260,0.5476769745662954,1147.2150506082533,28.84820608293676
261,0.5497697255495043,1139.941569935376,24.590142194269376
262,0.5518645446467839,1139.0450703090776,17.33589542525915
263,0.5539598571350287,1131.6857470490897,31.00780341377659
264,0.5560564538950566,1127.5694410598003,29.937886333121092
265,0.5581500505101624,1125.3902943270975,28.11200730293674
266,0.5602409063261653,1119.6866338803763,27.196763628814267
267,0.5623379637803174,1115.0095017695664,31.65122056795321
268,0.5644363283026402,1110.6361210218972,24.56422008366564
269,0.5665273824761494,1108.998333093646,23.019262219084013
270,0.568621249018378,1102.6527248370423,28.875458847931068
271,0.5707181447612965,1101.1785653834502,38.24967797657169
272,0.5728127938597997,1095.8591608754016,24.594949288230552
273,0.5749070881546879,1090.4744966792996,17.809336583716462
274,0.5769991470923068,1088.3445573506008,22.36686274299837
275,0.5790956911760897,1084.4218744457867,23.383434471258063
276,0.5811893306261757,1080.3145059311646,26.561380267507346
277,0.5832802267374103,1077.2538271113203,26.092894497631658
278,0.5853761830306536,1075.9099326845915,30.08903326277201
279,0.5874711784415975,1069.6173259132,22.67158286671047
280,0.5895653958899879,1065.2586097656576,18.4659402516734
281,0.591659786459685,1061.8811878763022,22.929826610666662
282,0.5937551851921442,1057.2275257678875,25.976567260819007
283,0.5958498092767481,1053.634383134115,30.955305317585008
284,0.5979447066705442,1048.7998615723277,21.552105170307303
285,0.6000383505174957,1046.1208900635756,31.324119528616855
286,0.6021313016181767,1044.4668170435245,19.47967783689628
287,0.6042246965556944,1036.7969340618997,22.824971288505274
288,0.6063189733697846,1035.7486839208927,21.518137084408636
289,0.6084147213727373,1033.4362057427084,26.933086289435135
290,0.6105090855473989,1029.5621505564682,25.41408164019066
291,0.6126037649785722,1025.6540393626615,35.37160643977075
292,0.6147002391370655,1022.0278177792961,18.19945882864575
293,0.616794938930829,1019.0344306023935,21.786396084022254
294,0.6188886865784012,1013.3224693794621,22.82617663161463
295,0.6209825762252046,1012.1730197182147,26.20270851691365
296,0.6230764414889526,1010.094209962584,19.869390311846683
297,0.6251725389343245,1008.2440536646719,24.481789311604203
298,0.627266923011265,1002.8554908849037,21.47008523437869
299,0.6293596211388142,1002.0098242701955,24.090764294412136
300,0.6314513250607457,996.8007289806353,22.868098240545915
301,0.6335475720513941,993.3259841155366,16.598634846882543
302,0.6356444982495617,987.6632168644621,20.674598253565176
303,0.6377358562255245,988.6244388256725,23.75968319747532
304,0.6398302949107263,984.1996613384315,23.178578223866133
305,0.6419256185614247,979.6648714073082,26.40298966783482
306,0.6440214843206593,977.6567567476867,21.01594108051268
307,0.6461142033434962,972.312498918605,24.115601508490805
308,0.6482061138478032,969.2804026360355,19.141123108355526
309,0.6503020867345045,967.5077819950934,19.60147033366639
310,0.652398185537932,963.9189293022323,21.96634614923264
311,0.6544932048530038,961.6831261011272,20.25649389852083
312,0.6565867871776386,958.6733373539654,20.481425218731523
313,0.6586827890115348,956.7533692143382,22.086621223821716
314,0.6607793300725506,953.0667385415346,25.652953210678152
315,0.6628724964198541,949.4491775301195,26.23893330100483
316,0.6649654402217313,947.8683749721966,24.586558471794234
317,0.667059865407609,943.9347470478833,17.18284640137516
318,0.6691532523078332,940.0248284028249,21.475889091123346
319,0.6712457992597233,937.7000515777216,20.526318311481347
320,0.6733390782258323,936.961578638291,18.554731521800704
321,0.6754367503383576,934.8987294133098,23.240419262168498
322,0.6775335143160066,930.1401089403735,20.511503182111554
323,0.679624621064033,928.5440149948975,20.205900581557916
324,0.6817180292738917,924.5630902279524,14.21874416890467
325,0.6838149015047629,920.738153618914,18.13846424436473
326,0.6859101434268815,917.4520803089002,28.605036777651286
327,0.6880046468184081,915.5279529514202,23.04084668810427
328,0.6900999637264865,911.3583896954943,23.212176447500735
329,0.6921965733216279,909.9381249595193,24.356952102246936
330,0.6942884945981568,906.7396090401397,16.784323135567057
331,0.6963781649531228,902.8978953380082,23.06886214747995
332,0.6984747371200234,902.0131183505346,16.15023297410923
333,0.7005690388882679,900.6046925971444,20.866161184594947
334,0.7026621579778546,897.2360316328675,19.449848435768054
335,0.704757268847954,894.3836859187762,21.103869706508025
336,0.7068509057629639,893.277014523457,23.503604725440386
337,0.708945644402387,890.0635794421952,14.991889063656288
338,0.7110406815970572,886.0171691525101,18.933219775173384
339,0.7131372373036142,883.9930770260693,24.617732152752517
340,0.7152323589250973,881.9708078443209,16.78546110944096
341,0.7173245162021571,877.5827186570592,22.67677119100274
342,0.7194199711852413,874.1441540721426,20.238656044312616
343,0.7215151322330351,871.8191552733425,23.209846749158512
344,0.7236102334592447,872.090322039994,19.484696793102458
345,0.7257047129497166,869.0024885477545,18.51320300749688
346,0.7277958825256088,865.1900720648073,18.213470975220307
347,0.7298900912292255,863.8865104995161,15.622102485479298
348,0.7319867159780691,861.9405364302723,25.30018995268363
349,0.7340808521059053,857.9250269568488,19.20173211307279
350,0.7361738853270124,857.3864815767438,25.32940320619211
351,0.7382682123604443,853.7008273374835,18.185963287945377
352,0.7403641944498084,850.0915513984294,14.662679373109835
353,0.7424576311971561,847.888790203699,15.08871558335778
354,0.7445523870480827,845.351485464044,20.239866716080428
355,0.7466478284648128,845.6379975384431,15.388105692072571
356,0.7487413917548734,839.7698821024866,18.74621977367377
357,0.7508354594737505,838.8314241011196,18.54773674952281
358,0.7529278056847568,837.6076055956377,18.533879582650105
359,0.7550230257904859,832.5113798393268,12.260444324687423
360,0.7571167923480437,831.4124068583002,19.993205154082855
361,0.7592113317151179,829.1410310618609,12.930028998854441
362,0.7613074731933067,826.0026627821984,28.78485692091932
363,0.7634009581307508,823.5690699140214,21.711646002106182
364,0.7654969266569684,823.2134295693962,12.898504367556583
365,0.7675905899780763,820.8771396187606,17.703870470060416
366,0.7696837880547684,818.3775736963543,16.63448101629186
367,0.7717795008463626,815.2799057337031,13.545830174285348
368,0.7738757788346248,813.7949867984333,16.740839053594314
369,0.7759706260990727,811.2836089800479,20.16178849975439
370,0.7780620795267656,808.7253739306803,17.099943740778404
371,0.7801559906208961,806.3895122736104,16.045573164474884
372,0.7822523136569128,805.4280735190936,18.220061246859597
373,0.7843481481853999,801.7534789565694,12.649802574842159
374,0.7864425511046899,799.6917574003344,17.763574373915947
375,0.7885343495966205,799.658936724137,18.672990251732113
376,0.7906286372458883,795.1335466569653,17.91560098344443
377,0.7927244345313397,795.7836822563103,16.35973822597634
378,0.794818005513127,792.4583760521673,15.414771807360552
379,0.7969121491149282,789.789153915152,14.190337731513967
380,0.7990047112993173,785.8478783948585,14.130934063880096
381,0.8010984966914405,784.1102683769772,16.3940122558078
382,0.8031950165575023,783.3173482761874,24.518576848461123
383,0.8052905677217739,780.7822138028496,15.321857265219862
384,0.8073868841230295,779.5775765211561,14.477800089094703
385,0.8094800557409162,776.9887675226577,17.348190356136275
386,0.8115724907946299,773.933168509774,14.335925762928765
387,0.8136674854006812,772.9223176749467,17.981955364235194
388,0.8157633267681768,771.2386731969426,12.935507872475831
389,0.8178572815764139,768.4703073580645,18.00992423630398
390,0.8199509017046862,765.9046923976654,14.792502079682093
391,0.8220464110750062,765.4727862350591,15.79785066260562
392,0.8241406544737637,762.8584442000142,17.71896494215398
393,0.8262328397247414,760.5804288918947,18.39774060621167
394,0.8283269471334518,759.7498503474806,16.990222388853102
395,0.8304231064697798,756.7256335111146,15.110366456383328
396,0.8325161683796762,755.2124013389537,13.220969342229894
397,0.8346105557242035,753.2621884540921,19.840530006829884
398,0.8367059794413102,751.2339248530079,15.099083182866236
399,0.8388002445604258,748.8731723679674,18.245922198930682
400,0.8408960756111226,747.951760888793,17.76162599130844
401,0.8429905652842218,743.4637005604303,19.91203219757347
402,0.84508401313589,742.3893608968089,14.994281327789254
403,0.8471791713809247,740.1097857956959,16.39543864098883
404,0.8492743362825239,740.0038325769673,15.24211286390536
405,0.8513668888602299,736.1195264710501,16.476087507468105
406,0.8534589296280589,735.7334025198511,14.027726124221498
407,0.8555558405338324,732.9264943968043,13.683655756298462
408,0.8576516874123633,730.7670487220255,18.271897966416773
409,0.859744590599333,730.5264589241322,20.70778530401742
410,0.8618400547669827,727.5103041982061,16.681542053799316
411,0.8639350434441438,727.8138190434805,14.120177565776281
412,0.8660280248974203,723.3978198528052,17.893447228035754
413,0.8681201347325478,721.8351700453915,13.19381472081129
414,0.8702157283801463,720.4136374658523,16.441183496723312
415,0.872310621353091,718.9732310118586,15.531450511319782
416,0.8744020359703552,716.2024939928235,12.937500123983101
417,0.8764972088477568,713.6214135370547,13.268299460231288
418,0.878592835994214,712.3620431448676,15.911925700851576
419,0.8806870131084201,711.1308863792422,15.142042050990923
420,0.8827812802431019,707.8251056101126,17.986797495550793
421,0.884877279658285,707.0791079679998,15.047976876929965
422,0.8869730004154345,706.1414871388115,13.06607605739177
423,0.8890661750433553,704.3135485135274,18.864845036878958
424,0.891161435679344,702.7285647082257,15.456510751429583
425,0.8932577960179496,701.5878445357858,18.065538963664757
426,0.8953527392107627,698.787612722599,13.21625176816573
427,0.8974462460666859,696.5310022062139,19.1163596712462
428,0.899539340962409,695.611719177455,15.97970991359819
429,0.9016318169027592,693.6880862425567,18.25481625026364
430,0.9037252249745606,691.2822040066576,16.851361407965175
431,0.9058199443223193,691.0824977764659,18.272377903408394
432,0.907915243986348,689.0708833658671,19.287733082160344
433,0.9100128049501981,685.864710451242,17.829616895079187
434,0.9121059966002629,684.4704768067472,13.824672755437284
435,0.9141972861830797,682.7835490446172,15.846717500054943
436,0.9162932496702593,680.723528704267,14.339297796695504
437,0.9183878012752863,680.6840365342906,14.822485595592415
438,0.9204823185419505,678.3899942166252,13.374241842317508
439,0.9225773629784582,676.9654558762413,16.180803679687934
440,0.9246718174739146,674.1953318162334,12.589449537952976
441,0.926766211900197,674.5160376998145,13.335476814301211
442,0.9288591582540804,671.857000138425,14.178534879792696
443,0.9309526610700547,670.2436498553988,14.89424390057944
444,0.9330479303067369,667.2990687976127,12.634942916344377
445,0.9351433527997749,667.0985941926783,15.922297730031334
446,0.9372383527365933,664.0735779856961,16.21893249540091
447,0.939329757499591,662.6455424123459,16.516150804121878
448,0.9414230571985791,662.2112940611688,12.139442723983068
449,0.9435210054806012,659.83402521087,16.020887971363184
450,0.9456162503172072,658.1986865319765,13.204625155448687
451,0.9477100092887099,657.81521084369,11.023352295459404
452,0.9498046323041349,656.5658527636394,15.44667427358083
453,0.9518991548408083,654.4596598259168,13.316049171409539
454,0.9539929332702277,652.1036715333004,15.454919797944983
455,0.9560874898052096,650.9575496795663,11.851826145795352
456,0.9581824530689178,649.7235389860024,17.408113062582135
457,0.9602770371571748,647.9524797325411,17.122849678373814
458,0.9623710723241273,646.5377983793076,10.76843505836251
459,0.9644648349083941,644.1370017350317,15.070485063184739
460,0.966557887379011,642.7697113145509,10.251750572067671
461,0.9686513195291268,641.7041327654864,14.5362270464758
462,0.9707470393683869,640.8284351070439,13.318648550386255
463,0.9728419987888902,638.327180533767,19.90198834316928
464,0.9749363451418961,637.5102850168184,16.537100588114622
465,0.9770319720978949,635.5092526666871,13.732848772988202
466,0.9791260608689247,634.7231370733983,15.439121957142056
467,0.981219993418123,633.2757646413731,15.075919422651737
468,0.9833154848012966,630.1678413337224,13.437853072063227
469,0.985409217900734,628.9588659258188,15.845399555985841
470,0.9875034929558208,628.2451204220688,14.347146572816397
471,0.989598845059814,627.0966634590045,15.919204034645897
472,0.9916925524589582,625.2955675682765,13.111373641447347
473,0.9937866222530743,624.8287868310784,15.261376869321216
474,0.9958822538585521,622.2114472067226,15.834676140996665
475,0.9979763461234663,621.9022561039417,15.896922489369185
476,1.0000687382803208,619.6694029757022,17.22053006992617
477,1.0021620574674717,618.3656048787998,15.573805454726443
478,1.0042566040705312,616.3765381903769,15.314372041380816
479,1.0063510481087232,614.4761662397532,15.30729210040648
480,1.0084458017147504,613.8128188726984,15.213117062545418
481,1.0105412449330358,613.0524826797,16.88755255225764
482,1.0126363206852906,612.0922155894682,14.292294792198431
483,1.014731689048677,610.1321664768102,16.012099994486647
484,1.0168251811607234,608.2202090391875,14.896284241213133
485,1.0189183181794257,608.2159696069416,16.787489092651885
486,1.0210135131858313,604.9854259259786,16.88568733087038
487,1.023107899818119,604.3532879141677,15.943090561521823
488,1.0252035642142994,602.5945996190145,14.807683920005367
489,1.0272979326699727,601.2719691493395,18.716276522177676
490,1.0293915165160124,600.0921494708191,15.280068277026107
491,1.0314862118776227,599.0620058935717,15.726767580750996
492,1.0335813276438528,597.965672941311,15.585448410713042
493,1.0356760372494827,596.4686789084452,16.457973146386454
494,1.0377697665518313,595.3583428741745,18.543883192822182
495,1.0398635542890804,593.259889402024,17.463248871952437
496,1.0419580022733907,592.1915644828905,16.460014391466107
497,1.0440530837182007,591.4833144247003,15.498955494721551
498,1.0461463909219801,589.7064403075332,18.1561102430261
499,1.048241289239942,587.5249486761332,16.240658310006122
500,1.0503346504195201,587.0490259271345,16.994609242895137
501,1.0524278880438542,584.812549588594,18.060980026508233
502,1.0545231057279465,583.4955492628513,17.290486951834975
503,1.0566172205725972,583.0876825261236,15.369877282739303
504,1.0587125681053644,581.4592662214498,18.557858692844928
505,1.060806974942881,580.1703531620932,18.79710125831089
506,1.062900937291859,578.9007096584544,15.549118486702632
507,1.0649968400029963,577.3046935647161,19.01255749320794
508,1.0670917748856612,576.5763891007538,16.013978184428705
509,1.0691837840599538,575.2790058299557,17.66940257931566
510,1.0712784055790137,574.6246952436218,17.87627005915315
511,1.0733741944109443,573.0797908294729,14.999506766819419
512,1.0754689143080451,571.7457704323767,20.9704656191969
513,1.0775625935653539,570.4034312247903,15.818491897907812
514,1.079656551776009,569.50356117419,18.316063206326007
515,1.081751759033872,567.0812724604672,17.799158784582094
516,1.0838450038800544,566.8956229911483,15.890325995816577
517,1.0859393346043436,565.1299822830114,16.597998238164827
518,1.0880340737032612,563.9306870512751,16.300153822800585
519,1.0901280973397867,563.1058646067901,17.08311634868355
520,1.0922232205093443,561.0298107063895,17.178182533417132
521,1.0943183198095006,560.0453234074478,18.814267834770217
522,1.0964124680620808,558.8486021321735,17.49922782376287
523,1.0985066965945804,558.1082642185759,19.66082250143886
524,1.1006022506925348,556.9624655961131,19.50293537945695
525,1.1026960746069068,555.8710905232225,17.9032246856538
526,1.104789420523433,554.4153094714759,17.79880666287123
527,1.1068841457204943,553.2812472034659,20.68466636187865
528,1.1089772649904681,552.3930168775032,20.193496984022055
529,1.1110723868790173,550.2991174232752,19.61809059689219
530,1.113168427194727,550.1525876390313,19.31285669314069
531,1.1152626776337078,549.2011873662249,18.17051446829832
532,1.1173574051129724,547.7643740781883,18.154793465616223
533,1.119450573697561,546.3145352254488,18.72708367230425
534,1.1215436337779248,545.5011690019215,19.760400120793463
535,1.1236390334415942,543.8242929083066,20.298145349853552
536,1.1257332200225998,543.1231768342491,19.00623715291908
537,1.1278283378211404,542.3251233419552,19.517132862800498
538,1.1299238131648552,540.7740646658331,20.27101843509193
539,1.132017447124327,540.2059415285624,17.500807170811154
540,1.134110650036949,539.372219263573,21.425103622742355
541,1.1362036259959787,537.7544531131268,20.473862868946462
542,1.1382991427598659,536.6627383140383,21.13784983937043
543,1.1403936066737896,535.2758996758403,22.141037158492143
544,1.1424878264606209,534.0667794112917,18.930449085454732
545,1.1445836717483504,533.5839157988818,20.327157096246555
546,1.1466778755714095,532.5041935698291,21.35536783893978
547,1.1487715351237628,531.1338451178423,19.868870483875256
548,1.1508672245306748,530.4301313747471,19.447817798198177
549,1.152961670034179,529.1378424839733,20.341449458396887
550,1.1550551275418117,527.8814268685254,20.69508718399968
551,1.1571500620004906,526.8834115668058,24.075409343861814
552,1.1592451155989445,525.9892035295206,21.284738913388836
553,1.1613401484055899,524.906592110133,23.850031962937596
554,1.1634328135986687,524.3033534213666,23.34086906053414
555,1.1655280225544649,522.2597567184505,23.116662135697506
556,1.1676232414157608,521.9152215825123,22.21748773208531
557,1.1697157183635434,520.7185053133052,20.59340360485996
558,1.171809765164966,519.2869428384106,23.410915913233357
559,1.1739036754657965,517.8287414807506,22.3420172661198
560,1.1759974618047027,517.2151183119295,23.187436841458137
561,1.1780927342002254,516.2351244612327,24.239567099091776
562,1.1801886215978319,515.7107346693383,21.821560498378744
563,1.1822824649467334,514.7037569231092,25.3967290881017
564,1.1843777187054296,513.9306545998742,22.23041891422232
565,1.1864731317277017,512.4612814079826,25.291490329605473
566,1.1885662199882188,512.2828911134065,23.804077486760278
567,1.1906603290984812,510.8471568879792,24.54919927716342
568,1.1927560449071208,510.1247435840199,23.857768917961824
569,1.1948501301675682,509.0854617341882,25.046618010866567
570,1.196942866326464,507.68194964675837,25.00743997489906
571,1.1990363434731066,506.6511335699154,26.704802715041268
572,1.2011315528209288,505.3131610053362,24.52521151437693
573,1.2032252726398727,505.39753236131213,25.576120904903817
574,1.205319131714267,504.47271581288487,26.38607575069552
575,1.2074143429200774,502.68366948658337,25.5005764186443
576,1.2095073316728018,502.0648211632717,29.12830663209395
577,1.211602159357548,500.747806215596,25.62122538803111
578,1.2136984428310558,500.47035548919973,28.76922444805801
579,1.2157943340364452,499.9308606161221,27.574835405888393
580,1.217888268816351,498.61658826394483,28.2248579466446
581,1.2199821909033837,497.5166369870009,24.78469206112437
582,1.2220779372220854,496.91969638922217,28.461466234065526
583,1.2241720630448372,495.4841569332761,28.926451747434232
584,1.2262656486341297,494.3504959101366,27.54446646082271
585,1.2283602712023978,494.4263278804493,29.979695420246316
586,1.230453847781421,493.18204734219654,28.83327999393159
587,1.2325484279288663,491.55204200434116,29.168540923197156
588,1.2346427330328844,491.68789495271295,30.641773063776153
589,1.2367368340043534,490.35598611643053,26.73228709274594
590,1.2388320989568682,489.2739644871142,30.15965482439036
591,1.2409254956441091,488.53092068633094,31.011888601231835
592,1.2430201387037565,488.5164605442042,30.84144755993692
593,1.2451147141570293,486.9834696576989,31.517726470475882
594,1.2472087367784284,485.1774781081726,31.611233947807975
595,1.249302614173833,485.1122616977025,30.395834489795575
596,1.2513971052845823,484.1556589424037,32.06176734891051
597,1.2534931066319515,483.25398335778,31.731523709115184
598,1.2555863817711985,482.8247235528341,31.895583517104825
599,1.257678969059161,481.90965611997643,32.35692976535062
600,1.2597748382104277,481.3188275983964,33.20537735760188
601,1.2618698898493887,480.55722433291163,34.9904460313822
602,1.2639640740660565,479.6826864076576,33.042404288886566
603,1.266059176034634,478.17265986865783,34.248602226100985
604,1.26815329738596,477.76997109360104,32.99747499008292
605,1.2702469827768745,477.29915589245536,35.42257764158067
606,1.272341439773769,475.7119952279432,34.618587232528974
607,1.2744361591580655,475.4807710390594,33.392189711586035
608,1.2765301570381213,474.8311565212997,36.35980266952711
609,1.2786243195908502,474.01211826789523,35.38093891914112
610,1.2807201779848052,473.5206150940193,36.349948197393196
611,1.2828149770647865,472.27796546497194,36.72049168538487
612,1.28490831046805,471.8359525785243,36.2195554772586
613,1.2870024746125797,471.20719308510365,37.862353727560425
614,1.2890960788179595,469.6722761296697,37.15029060009746
615,1.2911903407610128,469.7759843995289,39.12235831192563
616,1.2932847299377603,468.93512871901316,39.80813932125247
617,1.295379834193548,467.63881276983057,37.04108778905212
618,1.2974743412448833,467.05289552987665,38.720300783222434
619,1.299568838606027,466.2910883058938,41.01420903990038
620,1.3016640567270552,465.6708629629982,39.54015117118819
621,1.3037578272673165,464.6831859872356,40.68728769516925
622,1.3058518980796576,463.71513536325955,39.47562707844426
623,1.3079469520711469,463.5753025088353,40.49641656254392
624,1.3100414674631762,463.0349698297317,41.243209619888994
625,1.3121343419146885,462.52609881829216,41.62856187761933
626,1.3142291157646366,460.692343116739,41.143067812737534
627,1.3163249547628966,460.70856700952186,43.07295318660072
628,1.3184204308819243,460.42229500481557,42.797603510754115
629,1.320514045081714,459.80937281803364,43.51288366369598
630,1.322607731116918,458.49283385795144,45.0981730610784
631,1.3247030067977636,458.11609579615913,46.230966882497256
632,1.3267964975071294,457.2918437670332,45.867541429217084
633,1.3288900457896358,457.01974058081083,43.89499747880987
634,1.3309846323229146,455.9551692393265,45.57686211191547
635,1.3330795391690438,455.8443672758019,46.10722749639808
636,1.335173949560825,455.38397230466126,45.74410492784538
637,1.3372672428845813,453.9533992835588,45.924506794937635
638,1.3393616502777206,453.5972437620169,46.006723081992305
639,1.3414564546808454,452.85705908381806,48.289989809312665
640,1.3435497634465539,452.10747056010825,48.80613470600269
641,1.3456439095281743,451.9877560885582,47.471160041197635
642,1.3477398961804745,451.30118133562326,49.19832669458578
643,1.3498356331361778,450.73412352689223,51.394619523764916
644,1.3519291222201564,450.042834553394,50.67187268117773
645,1.3540221824451044,449.4398174838816,52.32965227642873
646,1.3561174165883387,448.71785132637757,51.17342305827796
647,1.3582118000666776,448.26789116142083,52.41014850686717
648,1.360305548489477,447.88366189630887,54.179694586975266
649,1.3624016471705516,447.0208911039408,53.122711950832816
650,1.364496581524498,446.3638863101023,54.17085100853989
651,1.366589927521404,445.3974241900747,52.56031849670788
652,1.3686839345616666,445.7898958469863,55.28649638828298
653,1.3707785136744248,444.4983101825789,55.07148007633202
654,1.3728736781569988,444.4825409522103,57.11206132805724
655,1.3749673745335222,443.63284588399625,57.17166948141365
656,1.3770602631292597,443.3754517210055,57.25462642839674
657,1.379155717578164,442.7718444691593,58.98085680725485
658,1.3812508039107998,442.41696510396105,58.329818723648486
659,1.3833453325862841,441.47690347599087,59.14952366683403
660,1.3854396647384786,441.50753783993645,58.974015143663884
661,1.387533616953471,440.8070213540379,60.465833782345086
662,1.389628935147901,440.4230066764014,59.45827676116203
663,1.3917230672721894,439.68433937817565,61.13390349663476
664,1.3938172778813163,438.73875357719703,60.65161103385089
665,1.3959128506087028,439.12692116791,62.41750954005111
666,1.3980069894682674,438.61522846748124,64.73266032383683
667,1.400100032768225,437.93488638553845,64.11831516133223
668,1.4021942273095422,437.32789978642575,64.35360256901684
669,1.4042879724639459,437.1210894595448,66.35647608071378
670,1.4063822250727482,436.49510284218474,65.4568159058908
671,1.4084777998796327,436.1537131499188,65.62302062770425
672,1.4105725454065003,435.6822035708364,69.42804449141062
673,1.412666035757187,435.4441318269722,68.57255451488572
674,1.4147597581950535,434.5696867049379,68.6258723270257
675,1.4168552493745823,434.3711107103014,70.17134489130306
676,1.4189502707585735,433.98614930636535,70.641089209791
677,1.4210439871962917,434.102361882792,71.91377769117422
678,1.4231379588066748,433.0814968037883,71.39882067142904
679,1.4252323843784174,432.8226860115924,74.15270995511163
680,1.4273263645812686,432.305277866841,72.80025626790125
681,1.4294209343777806,431.5803917436555,76.5359662924359
682,1.4315160587565352,431.48364772280837,75.99364884903902
683,1.4336101809254245,431.6007541848161,76.43983041462018
684,1.4357047233292217,430.7657476011695,77.95038534450808
685,1.4377991034950037,430.9594836822841,78.45942965143125
686,1.439893269172154,430.14735622993214,77.97023439012467
687,1.4419870983325702,430.27400509269467,80.09844479370219
688,1.4440820971476513,429.9694433486753,81.88745377144264
689,1.4461780146809415,429.1078154708837,82.069260424002
690,1.4482723645441788,428.59036329741605,81.69288288810073
691,1.4503661519067539,428.84514343818387,85.32015044932388
692,1.4524608997459605,428.87885953233916,83.98620251931335
693,1.454556191478353,427.68298667753777,85.66359308174648
694,1.4566505605195028,427.87460270424117,87.12930636418348
695,1.4587435672120013,427.8296560827577,87.59627138787974
696,1.460836376274075,427.0700079761593,88.05285695420623
697,1.4629315024559504,426.8546243500313,89.4490487342952
698,1.465026115161985,426.37565369073815,90.15411230652178
699,1.4671201905708728,426.4101706605653,90.4364344623899
700,1.4692142550197365,426.49017115205044,90.95979411801173
701,1.4713085109511452,426.0476925446464,92.6935555838599
702,1.4734040883627781,426.14524476493983,94.47454695915904
703,1.4754983077923518,425.6995556303509,95.97547532086429
704,1.4775927333883283,425.69332158155055,94.03476793488394
705,1.479686516386449,425.1252222800227,98.93846390002884
706,1.4817805445745025,424.92550855841483,98.70050233212932
707,1.483876051193717,424.7457028817538,99.13151576688774
708,1.4859713583510508,424.5165721323534,99.77988551489344
709,1.4880662760111125,424.4750730808148,100.79281618298235
710,1.4901603423423662,424.7629764648671,104.23397291666329
711,1.4922546168830801,424.4432696387281,102.65460007661008
712,1.4943493508016918,424.3349267869631,104.69934605524504
713,1.4964436549031517,424.2962648642858,106.78721262987779
714,1.4985372426394363,423.7597358813947,108.6009519799567
715,1.5006303537214591,423.5047177501625,108.73568788511123
716,1.5027246941647125,423.3277617060104,109.47483119518355
717,1.5048198674391857,423.28867943726675,109.66341060209554
718,1.5069136003861163,423.7905209753075,112.25137682220928
719,1.5090076377683221,422.97837298843365,112.55388995875602
720,1.5111026723067662,423.1442991523729,114.38130279420248
721,1.5131971028762412,423.03480348167665,116.53686761770027
722,1.5152912609041667,422.89785543030183,117.9367263597597
723,1.5173854934463344,423.14365050195477,117.43542733787187
724,1.5194808793753787,423.1777391838723,119.07766860639865
725,1.5215756259285513,422.7662339575805,121.70162253483758
726,1.5236695807770564,423.0281017297447,123.1531467286039
727,1.5257641081783464,423.03891249350715,124.53686428480522
728,1.5278584873608179,422.51944726454116,125.79502344477648
729,1.5299536435991428,423.05009170448614,127.1283545303345
730,1.5320476585044298,422.77095327857865,128.20194012628934
731,1.5341414384393777,422.39284296123566,129.87793437936392
732,1.536236950937659,423.22878891087765,133.3326030681747
733,1.5383317033374695,423.0765241425679,134.05679558051955
734,1.5404255753841434,423.07281185182,134.08585313264473
735,1.5425198393431812,423.08547354689676,136.5209460604729
736,1.5446136227526486,423.3512407908536,139.02311590636467
737,1.5467072285753283,423.38100271143753,140.92335422051167
738,1.5488013111816905,423.61546324904293,139.73346963601114
739,1.550896674249749,423.8914656629984,142.81045398709384
740,1.552991701547339,424.04096061430727,144.18913538406892
741,1.5550856629518366,423.7639130824814,146.9435716833033
742,1.5571801051512508,424.0199402974906,148.1457035373298
743,1.559274417579796,424.0704069221362,147.7418032241502
744,1.5613691533539047,424.0725208771687,150.82816332909238
745,1.5634631934261796,424.10824198974615,154.2443905697279
746,1.5655577892497892,424.51978474596984,153.71229322016413
747,1.5676527275763066,424.529349510073,156.10511906781846
748,1.5697461748764228,424.52750559755185,159.51793963026313
749,1.5718402189801153,425.4041287358917,160.59618392076285
750,1.5739346218160084,425.4267945372198,162.5429539852908
751,1.5760295037244485,425.38660445684286,163.53624331681397
752,1.5781239238326052,425.67160859495584,165.14159196840475
753,1.5802176736109215,426.46858855239594,166.91362938410816
754,1.5823123941098438,426.492151817794,170.48788569338566
755,1.5844068047546922,426.8076640076443,169.82407178494176
756,1.5864996832696292,426.9209038970204,172.99933304994613
757,1.5885944598128996,427.31277937610446,176.13584932893326
758,1.5906903325437156,427.24265393065286,177.0452714407554
759,1.592784689092666,428.1726375174796,179.4693951833466
760,1.5948796873290236,427.97369402208994,180.3797735110619
761,1.5969745597395735,429.0289686467385,183.69059135199092
762,1.5990689218084002,428.78919891531694,184.76385931243266
763,1.6011633213632455,429.33089914878235,188.38790700654508
764,1.6032577776043084,429.5161075295577,189.43556650657703
765,1.6053514020964894,430.2019549033119,193.989562050151
766,1.607445093072501,430.31583641281475,196.3049082290227
767,1.6095393086936036,430.6268383347197,189.63987660317133
768,1.6116336711357766,429.7344039852322,179.96984207175717
769,1.6137279918528686,429.298410281046,168.1098240556283
770,1.6158221116449558,428.78120574620493,157.64534441498395
771,1.6179176229648538,428.09908557410694,146.0068335712912
772,1.6200131612431772,427.6279621028329,137.60162445105928
773,1.6221069236192778,427.07249847380086,127.15188080762736
774,1.6242011307622557,426.7356911959574,116.47060616769066
775,1.6262960841945175,425.996012282757,105.84339541642109
776,1.6283896203498047,425.147216719588,94.55725195505093
777,1.6304834947928883,423.9797457947528,85.9348072530511
778,1.632578127710653,424.559426956962,77.54041061398004
779,1.6346731813158608,423.2746355645299,65.03398656099408
780,1.636767172365261,423.17001874065744,56.27664486902942
781,1.6388603779595408,421.8183795675558,46.692587303962895
782,1.6409563605892468,421.32022038847737,37.281794940217544
783,1.643050621284035,421.75049358525644,27.78314578476899
784,1.645144102645386,421.0843009725736,19.32539780879795
785,1.6472395726584623,420.9154192553767,10.591734910060795
786,1.6493331318477138,419.5103247708373,0.3406204213138846
787,1.6514277435583298,419.7624332725138,-9.05487230459436
788,1.6535225655624404,418.6740654867963,-15.927011011095885
789,1.655616100487628,418.5971617846659,-26.142002391384977
790,1.6577106071833263,418.0514706446972,-34.50947511970578
791,1.6598050724476994,417.75865939394436,-42.25488014904208
792,1.6619001395524664,416.9414642256945,-49.7925638741949
793,1.6639948642035431,416.2174356049834,-60.73432245650971
794,1.6660882997554614,416.2387827799331,-67.8885662287003
795,1.6681827329415837,415.78492336387706,-74.16673986871673
796,1.6702780557373313,415.34659472006484,-82.87937980465964
797,1.6723710846745943,414.5620756418258,-91.84463745705321
798,1.6744651718920411,414.3943117298352,-100.0348973148797
799,1.6765602044792516,413.74516899224113,-108.80280921635901
800,1.6786535596079524,413.13567827977687,-115.75813086052345
801,1.6807491745425278,412.6763465983529,-123.25989541012598
802,1.6828445761171116,412.55294582225804,-130.50804628336076
803,1.6849386388007168,411.8085350237311,-138.52549310033515
804,1.6870339476475265,411.5786296033774,-146.07839869914076
805,1.6891280758541645,410.8726029343443,-154.16879806282068
806,1.691221272327691,410.32336512718933,-160.57862897597323
807,1.6933141346742315,409.62375029912823,-168.00873335920073
808,1.6954090930463133,409.7764600859789,-174.93464469634867
809,1.6975047078021417,409.1484458940817,-181.7894880454095
810,1.6995991246970055,408.7518320963359,-188.76488707512058
811,1.7016934918813407,408.609245047659,-195.83277395849584
812,1.703786903721137,407.7904464454551,-202.13928141468585
813,1.7058818292953146,407.54936714424605,-209.26599052924115
814,1.7079768740006063,407.67414174964136,-216.3957351723388
815,1.710070845319196,407.22518860409355,-223.30199045529235
816,1.7121645316176712,406.3384796343109,-228.44797697344595
817,1.7142597272321454,406.08501918930324,-235.28519182507029
818,1.7163549406546734,405.8206527503457,-241.7899242129527
819,1.7184482195940645,405.2120469383349,-248.79439427479716
820,1.7205423072627637,404.64696636518045,-256.74993591964807
821,1.7226374847113666,404.48273718240665,-261.018150115209
822,1.7247323233526113,403.82187948616547,-267.90652288195236
823,1.7268266901810085,403.6934163443487,-273.66997019472893
824,1.72892134476467,403.2269216050985,-280.2966394730772
825,1.7310153629662073,403.1951361281627,-285.71961544700724
826,1.7331087353021186,402.81407152881656,-292.1501526518361
827,1.7352028820270462,401.8725002089009,-298.05421942446054
828,1.737297419510233,401.9038432225102,-304.18108996588745
829,1.7393924268721555,401.59170059935656,-310.29420695098105
830,1.7414865202316776,401.025632828353,-315.23517591104877
831,1.7435798385311778,401.4465693903462,-321.9561102292087
832,1.7456747741592018,400.02781816328775,-327.630321987887
833,1.7477707733578058,400.3113130926997,-332.78031334189427
834,1.7498644151299778,399.9746148632883,-337.7826840985184
835,1.7519579294274097,399.71411409575325,-343.68389685261343
836,1.754052537005875,399.15555286707337,-348.5171347415209
837,1.756146014277543,398.84526356250126,-354.2166793851002
838,1.7582399685899122,398.4575207321269,-359.0713120092373
839,1.760335124398212,397.57508016551725,-364.75587394470887
840,1.7624306374180432,397.7218043834475,-370.5098339968171
841,1.764524733445493,397.40815902736784,-375.9085462741913
842,1.7666195957988082,397.37007863420604,-380.3406337246338
843,1.7687146552767006,396.8929693998027,-385.8489528995838
844,1.7708085687106505,396.0040182034274,-389.88632010991245
845,1.7729026984403262,396.4522609219668,-394.571640318935
846,1.7749968373222131,395.65907612332984,-400.2772265886726
847,1.7770919795414395,396.0881225950116,-405.7923927060835
848,1.7791866891650514,395.45696916452596,-409.4154250228142
849,1.7812805740714612,395.37539657726785,-415.4346821944717
850,1.7833749145944944,394.9884598137359,-419.9932418422979
851,1.7854698174814119,394.6246871873543,-425.2299830552162
852,1.7875649050000997,394.0255238392417,-428.92711334421085
853,1.7896586091751823,393.78441975071786,-434.063971987621
854,1.7917528105223397,393.59626477137357,-438.1676288950276
855,1.7938472619734778,393.1602440027156,-443.3187874205755
856,1.7959410333998334,393.1817002755009,-447.2057220149432
857,1.7980353139963554,392.62921797611074,-451.0329144915687
858,1.8001292949050451,392.28692800155096,-457.0570422529413
859,1.8022240144636215,392.4225101231723,-460.5048814874499
860,1.8043180357006787,391.93650013433006,-464.39969992931935
861,1.8064120149556366,391.54461149572967,-469.5322837816542
862,1.808507216693214,391.287302998355,-472.1374534993339
863,1.8106012235056632,391.2649375746411,-477.5367831051245
864,1.8126961076333348,390.91405996542517,-481.0960550528979
865,1.8147906359659112,390.8488215510475,-485.9894420993328
866,1.816885013662702,390.7704918587262,-491.26218151976457
867,1.8189799788179999,389.8434481205061,-494.30797917241057
868,1.8210733357472892,389.83992155411977,-497.60192290291286
869,1.8231675363973032,389.81285583522924,-502.9579407044965
870,1.8252628639859947,389.82271292378437,-507.66026311225994
871,1.8273578690890415,389.5004685640599,-510.25076398062095
872,1.8294529153678178,389.4911085755612,-514.8870845659774
873,1.8315468366202061,388.9337890334172,-518.1169166839287
874,1.8336403420201965,388.5085403381076,-521.8811351514679
875,1.8357342642631629,388.5142190782397,-526.1580974235426
876,1.837828606636473,388.29838325583427,-529.3927214975356
877,1.8399232687279,388.3143296436008,-533.6134766015714
878,1.8420169361094605,388.14181074102356,-537.4165601302999
879,1.8441103454239045,388.04971237553326,-541.2195943032708
880,1.8462047113551943,387.9821705846853,-544.9596324098608
881,1.848300337583767,387.7816832202524,-547.9930688877887
882,1.850395118058644,386.9536823322008,-551.4733956166624
883,1.8524895015648957,387.4654129427031,-555.9309672556907
884,1.85458435317291,387.63617252978486,-559.0780803619534
885,1.8566786691854407,386.6369279434364,-562.261942392805
886,1.8587722962005393,387.00495884481114,-565.597355965164
887,1.8608667292143481,386.509246656114,-568.6062190705283
888,1.8629623979972338,386.1959871260151,-572.2073096707549
889,1.8650575007618033,386.83263317236043,-576.6821367580505
890,1.8671515757398978,386.3577075817153,-580.3071538932879
891,1.86924567270883,386.361350012856,-583.0829231836145
892,1.8713402290883943,385.9641933989169,-587.166883667901
893,1.8734333441485889,385.9987835904521,-589.3774600609968
894,1.8755274569663687,386.0727928086682,-593.1230467143426
895,1.8776226584010878,385.6301067909654,-596.5266501975855
896,1.8797156234954413,385.66633707007077,-599.3671760298993
897,1.8818097674713492,385.4436804530498,-602.3430231276476
898,1.8839051205157094,384.9825482997143,-605.5192467649288
899,1.886000042933448,385.8543074294622,-610.0043440932549
900,1.8880949075451439,385.1460057725127,-612.224214395517
901,1.8901881584759161,385.4433595331132,-616.7744392117754
902,1.892283217936019,385.59076571686575,-620.5052885578361
903,1.8943782680554568,384.5913014239046,-621.7157641438541
904,1.8964720473710392,385.02448976913377,-624.4243064062049
905,1.8985668668489433,385.0720228481009,-628.4947971321644
906,1.9006612809862096,384.3373208764822,-630.2918979913535
907,1.902755719587151,384.6688613374518,-635.3829758734746
908,1.904849757588545,384.49491861829534,-637.3741198436812
909,1.9069430754605277,384.65426066867167,-640.338678583861
910,1.9090378340013505,384.5728224371462,-643.7122754219756
911,1.9111324914183263,384.6340873405349,-645.8478635017728
912,1.913226965923519,384.3659680436282,-648.1998492011575
913,1.915321381331026,384.4520232409133,-652.5644692936315
914,1.9174162748437817,384.5175022938732,-655.3942855951759
915,1.91951096404297,384.5704048439287,-657.6439539696992
916,1.9216039358616672,384.99961074076356,-660.869637123178
917,1.9236986253914137,384.6977968528707,-664.0798090962594
918,1.9257933066276691,383.998492509397,-665.895524023634
919,1.9278873651498682,384.22076106855684,-668.8979977965513
920,1.9299807661659822,384.5656349440696,-671.8039036974936
921,1.9320760482648573,384.4246477187433,-675.3974821915044
922,1.934171767524072,384.22482183977735,-677.5356251041086
923,1.9362651059315399,384.1982974482999,-680.2650192330044
924,1.938359138419254,384.3281966592301,-683.7949598787958
925,1.9404538735984294,384.22872048829964,-686.4297164800244
926,1.9425479146608418,384.079956253393,-688.959521852603
927,1.9446418189559174,384.5798311939947,-690.9752254270426
928,1.9467371502259871,384.7998640256975,-694.3810359971005
929,1.9488329760684335,385.02662555514206,-698.4155515597888
930,1.9509268120448882,384.9895413229684,-702.0446441112318
931,1.953019609354344,384.9832362590202,-702.4645725400629
932,1.9551147244404972,384.73302049699413,-704.6759554675675
933,1.957209950604826,384.92327309761225,-707.2014045099073
934,1.9593041179655175,384.9386689138045,-712.2571546971918
935,1.9613980124620214,384.5934009947883,-713.8127895355624
936,1.9634920823781827,385.130850622062,-716.3159830524734
937,1.9655870316775599,385.1200655395628,-719.0375075534728
938,1.9676813106463258,385.28429447700364,-721.1838472027101
939,1.9697755380711686,385.54486401015345,-724.6799014810782
940,1.9718704076888727,385.91720241748766,-727.1373501255639
941,1.9739643213778544,385.6233007693189,-729.9217447112795
942,1.9760582139073395,385.43140216904794,-732.1470933632884
943,1.9781533744008393,385.7642565783188,-734.0446977382209
944,1.980249297656676,386.2555780314152,-739.2216407561522
945,1.9823436902775773,385.93869785480456,-740.6059642950875
946,1.9844363854611324,386.3920156560488,-743.1403523253704
947,1.986530057736426,386.2339115126728,-745.1747272103514
948,1.988624138262085,386.5433172740658,-746.9549198624226
949,1.9907191302641989,386.6686941137337,-751.7529904468083
950,1.9928140678397719,386.7696286297329,-752.6642471449239
951,1.994908057158038,387.12985845534865,-756.5908480048518
952,1.9970037235567513,387.2954718167657,-758.1309944336218
953,1.999098539119481,387.73104912828757,-761.0447375107407
954,2.001191245179364,387.24723469748125,-764.0811188249141
955,2.003285465781134,387.7654239628263,-766.4236672032511
956,2.005380090953843,388.0771529518884,-768.6815318715123
957,2.007473757612322,389.11859416824143,-772.2751329057546
958,2.0095674385752345,388.532694307352,-774.7143174219947
959,2.0116620669227445,388.8565949938081,-776.798412468119
960,2.0137574654124313,388.53734079497076,-777.896805790686
961,2.015851542299029,388.7944400898562,-781.6947869258212
962,2.017945842236743,389.53020370677825,-785.3228327495251
963,2.0200414078173843,389.67921623410433,-787.3047157696956
964,2.0221364472105585,390.0351004387963,-790.2810893675393
965,2.0242304661583193,390.29494368870877,-792.6212855454716
966,2.0263241213554704,390.5536369257604,-794.9122552980286
967,2.028418169537371,390.4062780522391,-796.6473359258456
968,2.030512126699397,390.785446491884,-799.7211804163886
969,2.032607257696191,391.27187864767404,-803.3036132301982
970,2.0347026748788237,391.3112217405468,-804.9912154668385
971,2.036797432049628,392.19469810384106,-808.1578838896767
972,2.0388917803566513,391.9334320825748,-809.3435867590377
973,2.0409854404727548,392.69606456861027,-814.246523600251
974,2.043079158497923,393.31990002398663,-815.9830068335109
975,2.0451737042342053,393.21794348676394,-818.2699456711159
976,2.047267957686092,393.74157678045134,-821.6767256526884
977,2.0493625921646865,393.8727939682274,-822.3483343658922
978,2.051458159400133,394.0812371919273,-827.9454673410631
979,2.0535521918605197,394.91786730810196,-828.6029443777984
980,2.055645062675616,395.1300809442288,-831.7809260011301
981,2.0577393587752955,395.0013393376633,-834.5148931806302
982,2.059834437786395,395.9442118909134,-836.9209047545518
983,2.061928055170489,395.9872215503926,-839.5818554365754
984,2.0640226957402352,396.261130398892,-843.2581862599214
985,2.066118258189404,396.92824402632965,-846.4500988504591
986,2.068213196804832,396.79767118129337,-847.7131791998445
987,2.0703072818107917,398.1897575873106,-852.1087558396343
988,2.072400931462771,397.7257519826222,-852.8404379111496
989,2.074494103322103,398.4962663764826,-855.5550092204655
990,2.076588647294614,398.7346505742467,-859.3751151548418
991,2.0786837571325223,398.8192287927067,-860.9851748481093
992,2.0807786951127576,399.68974147983135,-865.1995162726962
993,2.0828733611799306,399.7047546604076,-866.1021277716003
994,2.0849676047315464,399.9223389085101,-867.2147580743765
995,2.08706191167589,400.23436539608787,-872.1236014644055
996,2.0891552570733616,401.09172542691095,-874.6877715193876
997,2.0912498961643236,401.45068507461457,-876.7708335800194
998,2.0933446561638878,402.19976829343807,-881.5370585615374
999,2.0954387435644386,402.6602750185679,-883.535036077302
1000,2.0975335870618825,402.649322150934,-886.0003687618504
1001,2.099629070349723,404.02325581013616,-889.9553579142214
1002,2.1017228492895934,404.0192267833707,-891.5404023522105
1003,2.1038170482062775,404.1933326816828,-894.4020152426774
1004,2.1059122372778973,405.10276782590955,-897.9811354892216
1005,2.10800554057148,406.07497834286136,-902.3238471036151
1006,2.110098599114947,405.9683407121649,-903.762286533693
1007,2.1121927216235163,406.635303468239,-908.2175585665041
1008,2.1142879182187984,406.9533032044095,-910.2447579399376
1009,2.1163820759811065,407.5291768576656,-911.6423388205435
1010,2.118476597123504,408.34831766897673,-917.0130509608865
1011,2.120572077635568,408.2755064706958,-918.3850990385114
1012,2.122666143506846,408.9678365637374,-922.348006786204
1013,2.12475947440395,409.818720224586,-925.1391330987262
1014,2.1268549228070284,410.1840339766623,-928.7339095563867
1015,2.1289503858580807,410.9566692456194,-931.2206331700094
1016,2.131043274916299,411.5044085907048,-933.9200971540452
1017,2.1331378502136085,411.12241097762654,-936.1185160733185
1018,2.135233020544507,412.1997941088712,-938.929527276615
1019,2.137327211773404,412.810290048165,-943.8236600939383
1020,2.1394213678417553,413.9080415548899,-946.3852241889812
1021,2.1415151935265153,414.16813462881487,-950.4687079319478
1022,2.143609686067666,414.64051837175134,-953.1974052060806
1023,2.1457039096890913,415.6851555176112,-956.9711613998555
1024,2.1477977892281794,416.0068978536276,-960.385054434823
1025,2.149892773795189,417.27627726113076,-963.0879989407536
1026,2.151988207011953,417.86609947488364,-968.3746348241692
1027,2.154083430042502,417.64914654678466,-969.6158019653487
1028,2.1561769020273363,418.92087548781035,-973.3600561895407
1029,2.158269727638565,418.71285134428337,-976.3382683931702
1030,2.1603643338266334,420.45336695310897,-980.8782491417189
1031,2.1624594611960894,420.55527195417574,-986.2410756497472
1032,2.1645538445620423,421.5527065409211,-988.0314265576988
1033,2.166649266160557,421.2872824811258,-989.4401357196542
1034,2.1687438965600263,423.04633484128533,-997.5687840521815
1035,2.1708363804402464,422.58411593190294,-997.1593636998748
1036,2.17292939543057,424.0214613293148,-1003.4204610970042
1037,2.1750246621139153,424.0577026820685,-1004.8075368703797
1038,2.1771189095943266,424.8494682810569,-1008.9504562037625
1039,2.179212962470575,425.7814805709121,-1011.9989655200619
1040,2.1813066434396426,426.8377607139933,-1016.5116161433717
1041,2.183402629792164,426.11837334377543,-1018.4439150469985
1042,2.185498119455816,427.4017583881352,-1021.796352443428
1043,2.1875916200185137,427.5802502478651,-1027.7071466439806
1044,2.189686441120868,428.7698871933848,-1030.17883823148
1045,2.191781413276182,429.192239117552,-1035.5766984407487
1046,2.193875147711239,430.323838586721,-1040.3182862082895
1047,2.1959686613130316,430.78570235640325,-1041.7491713230595
1048,2.198063923558019,431.269554767103,-1046.2383452322658
1049,2.2001595001532226,431.8737043855671,-1050.4240064190326
1050,2.202253779153767,432.0642069477073,-1054.6446963491148
1051,2.2043460760907565,432.540377087489,-1058.0284317737942
1052,2.206440891990371,433.16900213329325,-1060.4143686668347
1053,2.2085356491852317,433.1497306711242,-1066.7788164735994
1054,2.2106277016542335,434.4220922025902,-1067.13543916975
1055,2.212721958545959,434.8632287569436,-1073.0791550170827
1056,2.2148185083900422,434.1489365046481,-1075.9255586209797
1057,2.216913061952383,435.71711941221326,-1081.2182603871793
1058,2.219006160150891,435.79192104178225,-1087.5529862887042
1059,2.2211007684745443,437.09766009728753,-1090.8351779428197
1060,2.2231966067711273,436.44799147802496,-1091.7549534642992
1061,2.2252915180225106,438.55867061476664,-1100.7943608881178
1062,2.2273849286831946,437.95405732939776,-1101.9773322573958
1063,2.2294794057777056,437.8537464932683,-1106.8481942440649
1064,2.231574082226972,439.1972294301676,-1110.1046778924215
1065,2.2336675726385264,438.6205337716678,-1117.3062110900428
1066,2.2357616690730993,439.76119466138607,-1119.130399687657
1067,2.237857388038379,439.57414896460904,-1125.5672383929677
1068,2.2399520699736297,439.77072492126047,-1126.821899128905
1069,2.2420449617357057,439.8994853468288,-1133.5967999956592
1070,2.2441391380853632,439.46038926111555,-1136.917016183873
1071,2.2462342793770116,439.97493074725224,-1140.2849734505103
1072,2.248330004000319,439.9935063307493,-1146.2012674183081
1073,2.2504234986669656,440.4748334051118,-1149.083543034012
1074,2.2525166459790467,440.1769415444461,-1157.102187686556
1075,2.254612702557845,441.51857290490756,-1161.376175559806
1076,2.2567074239010356,440.38113303853885,-1165.1163839034598
1077,2.25879926569608,439.5083216046335,-1169.6357347621622
1078,2.2608934332232278,439.47755670066374,-1171.5222230358336
1079,2.2629890832862967,438.2114626568798,-1176.0781250539198
1080,2.2650815906481947,438.6775635814644,-1181.0799657593993
1081,2.26717631551426,438.36630729494436,-1187.509870600881
1082,2.2692717091510235,437.3557930134755,-1190.1631004125918
1083,2.2713660430599174,437.021768572858,-1194.727113571414
1084,2.273460830916725,436.06170462157996,-1200.2306762728317
1085,2.2755552510450507,434.658910283843,-1202.3369080438572
1086,2.2776502981151867,436.06250528130715,-1211.8852810028131
1087,2.2797428242388995,434.8140799242862,-1213.688315397382
1088,2.281836092329788,433.94680749404205,-1216.0207974481154
1089,2.283933556285596,434.8914911095934,-1224.0612252040485
1090,2.286028868050817,433.7628738785861,-1224.944670045323
1091,2.2881212248812486,433.90297994568147,-1230.7711299627103
1092,2.290215014848569,433.92902910632296,-1234.3831798295998
1093,2.292310229911211,433.05411691555594,-1236.7104155423526
1094,2.2944051456334345,433.6550283310039,-1243.704843725403
1095,2.2964983471898495,433.1881430908793,-1247.691132918267
1096,2.2985921024349003,433.3014148780804,-1250.2146311105084
1097,2.3006888643809247,433.35684207582375,-1255.7367552358307
1098,2.302783634096356,434.1271576069325,-1260.1523399347952
1099,2.3048756698218886,433.98291708347983,-1263.2459806256238
1100,2.3069695720010412,433.43858624536074,-1265.4085592647493
1101,2.3090651112173397,433.8010624514886,-1270.5023880084234
1102,2.311158495429861,434.3479020657444,-1275.1292638398447
1103,2.3132509513768182,433.88086267282677,-1277.7379854221333
1104,2.31534766594442,434.4661326477255,-1283.966838358329
1105,2.3174438092641236,434.66562560576267,-1286.4970896485186
1106,2.3195366518474128,434.31509968496994,-1288.8015139214833
1107,2.321631141204296,434.1810196162548,-1292.9795249448023
1108,2.323727832694395,435.10279692327595,-1297.6356241369856
1109,2.3258211826493147,434.5617771925552,-1298.131914762002
1110,2.3279133966950116,435.85527021336827,-1304.3582841725145
1111,2.330008120458155,435.75483431884913,-1307.8536776157594
1112,2.332103956675321,435.7969016866833,-1313.3436555221026
1113,2.334197579452735,436.4169884163864,-1317.3916258203444
1114,2.336290017181209,437.6034436849897,-1323.1346704154948
1115,2.338385505091734,436.8421760550287,-1325.3664591480558
1116,2.340480189114194,437.19662583525684,-1328.819669067925
1117,2.342573391055059,436.8429078141329,-1329.852530093002
1118,2.344667848677038,437.2144801987513,-1333.8696231158947
1119,2.3467629878884537,438.6692163822172,-1341.7197953167945
1120,2.348858220839854,438.3128000125657,-1342.91789849257
1121,2.35095250082758,440.0869819485877,-1350.94035692825
1122,2.3530449396760944,439.32577733099413,-1351.4260510531174
1123,2.355141499104623,438.8707426562009,-1351.7027264612398
1124,2.3572378412451434,440.8841082594327,-1360.9724866026652
1125,2.3593294861259198,441.1138557893106,-1364.766886480326
1126,2.3614224992004984,440.49353582552635,-1365.2105646795962
1127,2.363517948981548,441.4511466449151,-1372.0891824317814
1128,2.3656139136423477,442.1159321721561,-1374.4472369599903
1129,2.367706660383537,443.7842924566632,-1383.0993590130395
1130,2.3698014470222093,442.8695867567873,-1382.751226431758
1131,2.3718977582075165,445.07210583308205,-1392.5510994573042
1132,2.3739899214574836,444.0235725751957,-1391.0726956466945
1133,2.3760825194215927,444.83506744065556,-1394.6196035765095
1134,2.378179070039863,446.02563275506003,-1402.5686791382282
1135,2.380273759058959,446.0438926840062,-1404.936620915585
1136,2.382365673610318,446.1860006362735,-1407.9878078676177
1137,2.3844604460166168,447.81320342313717,-1414.5246548750717
1138,2.3865571190304595,448.53463520591845,-1420.6233547488268
1139,2.3886520978255446,449.548666805355,-1424.4174127957103
1140,2.3907442891236066,450.3051197235642,-1428.7229304418815
1141,2.3928386457990913,450.9166251353816,-1432.776934396035
1142,2.394934562690242,450.136486016672,-1433.3135407732705
1143,2.397029599690107,451.3717600234619,-1436.8458211543625
1144,2.3991222591305954,451.7121723810279,-1441.4682613156197
1145,2.401217024080888,452.4193508064812,-1446.0124617760491
1146,2.403314513026698,454.0845365107219,-1453.5627403127605
1147,2.4054081911284184,454.71791149002865,-1458.0622983152568
1148,2.4075011183217048,454.8195196413141,-1459.9326297746707
1149,2.4095960074264258,455.8428824968689,-1466.9556065831284
1150,2.4116926326559978,456.7132770993271,-1470.143010759751
1151,2.41378425055939,457.7511734101538,-1475.5603701978275
1152,2.415877382497087,458.51242303530813,-1479.7568333306062
1153,2.4179783678062123,459.5010978571738,-1484.6877666038747
1154,2.4200733739460714,459.9781988200078,-1488.003560795368
1155,2.422162501290004,460.5089459607428,-1491.9140423334711
1156,2.424257158180454,460.766276380891,-1495.235916323639
1157,2.426355368807169,462.63459611844104,-1503.2933472440016
1158,2.4284477900186845,464.25934761040065,-1510.2215402104769
1159,2.43053883847394,463.2924010794285,-1507.7434343367875
1160,2.4326356353293934,465.4782747063016,-1517.8552875812304
1161,2.434732612021302,464.80737984251255,-1517.528975886765
1162,2.4368252927922227,466.53280094074637,-1523.80211013735
1163,2.43891890863681,467.69116007961304,-1530.3841587372324
1164,2.441014895314609,468.06386558791485,-1531.9856363090066
1165,2.4431105244568765,469.99925911326534,-1540.5339059380133
1166,2.4452031167440684,470.701547161856,-1544.2194267496586
1167,2.4472938786799143,470.76514513726414,-1545.9777202926716
1168,2.4493915902413868,472.1202852517757,-1552.6414422125854
1169,2.4514877943094935,475.23409605251703,-1564.2479079346517
1170,2.4535774837073663,474.7818249034695,-1564.9759581328765
1171,2.4556717453467782,475.8062411233185,-1569.8231264081082
1172,2.457770725968573,477.9905859853819,-1578.595761648311
1173,2.459865450868259,479.1683723967492,-1584.326829665193
1174,2.461954843714291,478.8296976316969,-1584.8700858537984
1175,2.464051305962942,480.37430903277203,-1590.5433480687168
1176,2.4661493201186655,482.47919045170073,-1598.7673417288645
1177,2.468239991051035,482.6708711799838,-1602.276244596799
1178,2.4703335941159144,483.23077115603587,-1605.2843752913548
1179,2.472432426226094,484.73054218254833,-1611.6259348469507
1180,2.47452690434623,486.24762435323913,-1618.8313936106765
1181,2.476615373809059,490.44782801899913,-1633.7250938311581
1182,2.478710457672189,488.7803692338408,-1628.6848056457304
1183,2.48080966574444,489.3281785968489,-1632.311379156033
1184,2.48290090100287,491.7732813657331,-1642.2633208696648
1185,2.4849923340191187,491.7653104324226,-1642.823303293694
1186,2.4870897130294636,493.3408161137302,-1648.6583167684362
1187,2.4891862386660164,496.33739995390084,-1662.2297659675623
1188,2.491278235985619,498.0296037022735,-1667.7863671840296
1189,2.4933690456944357,500.44360249291844,-1678.724076725299
1190,2.495466543397291,501.09917882172186,-1681.2774417834303
1191,2.497563830960505,503.346159680774,-1690.095196184944
1192,2.499654519205421,503.45490913297516,-1692.1827677716751
1193,2.5017479497353943,504.4396714953764,-1696.4794189667355
1194,2.5038480054516667,506.79522874494023,-1705.491904867322
1195,2.505943433921919,507.93834138825446,-1711.134237457219
1196,2.5080284861327207,510.3685055599963,-1719.8531553382575
1197,2.510123955773609,511.2043034233151,-1724.11626802453
1198,2.5122261646694253,512.3982194825495,-1730.3486133937902
1199,2.5143177674343575,514.8109575639834,-1739.4754539054454
1200,2.516405803072155,514.1376330617851,-1737.7041365892178
1201,2.5185026929964116,516.8224458691571,-1748.0443710618877
1202,2.5206041831245063,519.1183569732738,-1756.9294489415743
1203,2.5226964757648327,521.8216267777083,-1765.8734713911583
1204,2.5247869961159406,524.5547648977255,-1777.5037391259032
1205,2.5268843920051487,523.9765826533105,-1777.0431586166642
1206,2.528980483597168,527.1667860414769,-1788.182711510181
1207,2.5310684597394695,529.7630642166466,-1798.658433589537
1208,2.533161718042206,530.8695674903463,-1803.160029724757
1209,2.53526488574662,533.3780134750888,-1813.5974874199596
1210,2.5373603920777454,536.7315869889838,-1826.0084831357747
1211,2.539445749963502,536.0449145125482,-1823.3626901561086
1212,2.5415417180131348,537.0156671183972,-1828.7379342282218
1213,2.5436457679371425,538.7880247329325,-1836.3705075151138
1214,2.545736808475733,541.2721009243844,-1844.9301795129875
1215,2.5478233832874237,545.2167125865915,-1859.4616458659
1216,2.54992085584226,547.0125854575169,-1867.366695246455
1217,2.5520207655356866,548.5455963668668,-1873.3761901297496
1218,2.5541098448110064,549.4720486838954,-1878.2553183309415
1219,2.5562002600365847,554.1964022541815,-1893.9499563254087
1220,2.558305455724291,557.845904232391,-1907.2644029197882
1221,2.5604026511470312,555.8787816872454,-1902.301474351232
1222,2.5624826414852553,559.4493932064142,-1914.3106294289958
1223,2.564574391949512,561.0011313543295,-1921.4239244567786
1224,2.5666808497683498,566.0960048885036,-1940.518648995544
1225,2.5687773451615423,566.1633607569082,-1940.7443861755958
1226,2.5708608935170316,569.2281434725691,-1952.9482828006187
1227,2.5729575952355885,570.5771829297003,-1958.786412520119
1228,2.575060651513359,575.430978107989,-1977.742864250341
1229,2.577148431575012,575.9350486045797,-1977.7046925725765
1230,2.5792346077561192,577.9655275711075,-1986.0913082379666
1231,2.5813352493894732,576.7895847219438,-1983.8511508263007
1232,2.5834369526956515,586.8427858604086,-2019.7783236583086
1233,2.5855218346006232,587.8156873201556,-2022.2955548740392
1234,2.587610713900489,588.09572166984,-2025.1254204248507
1235,2.5897186990593415,591.5101019230158,-2037.1119884366858
1236,2.5918181690667126,598.923619267916,-2063.431102485425
1237,2.5938985009385314,598.2140258259027,-2061.762943379384
1238,2.5959901966325076,600.9153759485741,-2072.424218342334
1239,2.5980970827886534,605.9169368815337,-2089.863237232332
1240,2.6001911974764487,603.906938906548,-2083.0264328023723
1241,2.6022734575046016,610.9621832683794,-2107.3994581970596
1242,2.604374761438423,611.6501403313266,-2111.645944130981
1243,2.606480077670044,616.8915155206661,-2130.7311606744843
1244,2.6085618800169397,621.4215402705374,-2145.941187042496
1245,2.610646200048581,620.53400504702,-2145.5423525042497
1246,2.6127580952497533,625.7078442304435,-2162.59382714236
1247,2.6148609257992828,628.8686252504128,-2174.3269027156916
1248,2.616933454172155,632.9666378062981,-2189.6518596413994
1249,2.619020659870304,632.335542039003,-2189.2339399404837
1250,2.6211346279669097,639.9760564883474,-2215.0309306236973
1251,2.623236503452788,641.5015964521938,-2221.525701285076
1252,2.6253090562225565,647.8583013778681,-2244.207660067765
1253,2.6274000701334055,647.1929555128614,-2242.9247276613446
1254,2.629513118467727,651.0958223064019,-2256.6304313343803
1255,2.631604301330356,657.0221997858899,-2277.692824448509
1256,2.633685254021577,661.9609446527203,-2295.5963234345368
1257,2.6357889797673804,660.5499704586604,-2293.4626048727964
1258,2.637895874321367,666.208143794958,-2311.931393260093
1259,2.6399747081141895,668.392231112425,-2320.7146483443576
1260,2.6420591747927733,676.4600374182011,-2349.4283527417883
1261,2.6441764666284318,680.1710394676169,-2361.5983591772906
1262,2.6462775406423154,683.6527478757905,-2374.4338640290025
1263,2.6483402943393326,685.1336137301325,-2379.206266368915
1264,2.650428729148096,691.841736878093,-2404.671514848296
1265,2.652562718674548,698.6963741383338,-2429.020021625338
1266,2.654664088292312,700.437262703805,-2435.1334813875437
1267,2.656712651557163,701.7794181243407,-2440.1336535088253
1268,2.6588106765908748,711.4798028636806,-2474.9666843835375
1269,2.6609452450324915,719.2918221701274,-2503.884206909652
1270,2.663032290426174,716.3696639888383,-2492.9545166643206
1271,2.6650914877184944,724.477828052678,-2520.5524147813494
1272,2.6671986225603375,720.5342367923034,-2508.8893690884893
1273,2.6693218160411916,728.9946240891725,-2538.0625891570444
1274,2.6714003686163363,730.4187656129832,-2544.401537859942
1275,2.673473653710363,735.6548254475091,-2562.4925432096634
1276,2.675588689124729,742.9321820904343,-2589.6224925602965
1277,2.6776964003773744,746.3534077097369,-2600.625152165471
1278,2.6797534796790945,755.4969108339188,-2631.3979642714608
1279,2.681845016836506,764.8785418555548,-2667.930907571049
1280,2.6839785543392702,769.9725745840868,-2684.9763294523154
1281,2.6860638705482365,759.2599709760404,-2646.392254009806
1282,2.688115580192901,771.2374781115745,-2688.897759576996
1283,2.6902421071216107,766.9815767928682,-2676.4025837415843
1284,2.6923784453538007,782.04641006308,-2729.2147764444353
1285,2.6944235266222867,791.1616779314606,-2760.723439941086
1286,2.6964818302236213,797.5417424798957,-2783.949192615164
1287,2.698646249049189,791.9222817355668,-2763.9899516367013
1288,2.7007725953070936,800.9594009592691,-2795.890684285391
1289,2.7027692368507834,814.1289198541443,-2842.2171539088604
1290,2.7048443440936585,810.8776442515195,-2831.229712326256
1291,2.7070515904059915,837.2170039007318,-2924.2461853174927
1292,2.7091632832728005,822.5126884456566,-2874.124311759161
1293,2.7110832098570423,839.0182550066559,-2929.95986171069
1294,2.713194248534394,835.0038988302365,-2917.987893803783
1295,2.7154564422347596,840.1065247410588,-2935.5436460094147
1296,2.7175455830902693,850.7484874551092,-2972.3023298600406
1297,2.7194409477796717,877.7504752211128,-3066.0661474533094
1298,2.72159410281056,855.2585910150816,-2989.0976463507905
1299,2.723868494276683,867.5683621647672,-3032.896320581878
1300,2.725905473691433,865.3771468887392,-3023.5130770116184
1301,2.7277938720843573,877.7681922300039,-3068.784631152764
1302,2.730005424734083,877.3047965219412,-3067.5356470722268
1303,2.7322910595910366,884.8758152672808,-3095.020624443348
1304,2.7342323934891035,895.4677293632502,-3130.056787977924
1305,2.7361123669415965,919.5302022107807,-3214.2269585170375
1306,2.73841292247591,914.897437875746,-3199.471023508082
1307,2.7407262152838343,927.2461854343691,-3243.874791280856
1308,2.7424923562337074,931.2267901812647,-3256.8776651647013
1309,2.7444202272828333,959.2724226639752,-3355.659214335786
1310,2.7468188489948773,953.5392500638849,-3335.911165793976
1311,2.7491571251284848,965.1184314118153,-3375.844563654656
1312,2.7509012180135843,968.8216368519559,-3389.231778753629
1313,2.7528220566885997,981.4186483180673,-3434.574151387742
1314,2.7552245852341666,990.8659913950742,-3467.612666228816
1315,2.7575799064734774,977.0823282413664,-3418.854051532296
1316,2.7593246433872425,1042.6270951640415,-3648.3232225081765
1317,2.761234187120032,1029.3485020773585,-3602.3951159832372
1318,2.7636390504715083,1049.6039999613595,-3671.1485331328727
1319,2.765948826576436,1034.4103517725182,-3619.7785053075377
1320,2.7676191435751902,973.4157886286355,-3407.569077780973
1321,2.769651838220211,1046.7110437436163,-3664.499060999661
1322,2.772055945845228,1062.0548042262442,-3714.3196589252434
1323,2.7739175955497957,902.8125700197294,-3160.603692459974
1324,2.775657495525559,1036.302205840641,-3628.224679236977
1325,2.7780509401576134,1096.6941142596697,-3838.224016874107
1326,2.7804282678176238,1043.4555645703128,-3653.4770449935727
1327,2.7823699672164355,1081.550523943839,-3782.8323291426073
1328,2.7838806433920418,1241.1536092667584,-4345.373290067688
1329,2.7859958234637583,963.3304122774755,-3371.6564429711643
