,k,Pk0,Pk2
0,0.0029665470748989845,195498.28884566913,-8754.616029984922
1,0.005026374055021859,192681.38095611212,-1295.8879460279495
2,0.007149300621522788,270595.6197356833,-11713.451964853226
3,0.009278869254964255,268337.2618592553,149956.52814671875
4,0.011450332619344701,262337.85164416383,-53053.96430508851
5,0.013492955871419151,236266.09602163307,35319.96787923824
6,0.01558905561191893,217622.3897199866,3033.9304062134056
7,0.017694083672553172,174501.10200894618,9513.364145151476
8,0.019817874803135297,152402.17590297072,23191.489027848365
9,0.02192074938196264,122484.45430980559,28219.17188658975
10,0.02398877635566245,108353.95147224209,20.152846671655876
11,0.026092869718961156,90349.34885185733,-2548.259590330426
12,0.028234663152781798,72009.25483263645,14823.724434081943
13,0.03032284873509123,58978.57663188471,-773.5616455569008
14,0.03240263258943404,51018.21683297412,586.3356358361597
15,0.03449210129864554,40402.57438050542,-4015.7573725824573
16,0.03658588147515197,34696.332468845154,-777.4437589839176
17,0.038684769492669774,29728.62180088714,-885.9527038909335
18,0.040788988884582836,26296.28346355705,-519.5879562980933
19,0.04289390876967646,22473.691351788697,-1250.8698642144673
20,0.04498336005546935,20702.915598722146,995.5480279716933
21,0.047064985294738244,19999.656367018848,-2050.7174530030607
22,0.04917111919158227,19197.436237390546,-727.6387314604933
23,0.051262169141742274,19345.81412492402,437.8999745798313
24,0.05335525146837034,19243.40670093966,-951.3623780914539
25,0.05546637228956934,19449.53168790922,839.4544126406863
26,0.057573188192548086,19593.232213822484,-666.1360239169451
27,0.05965884044590281,20426.776906773717,394.57246181320676
28,0.061745123021595065,20912.46123993343,-222.48555128414208
29,0.0638268929113719,20084.79042678062,235.33634351931332
30,0.06592966228838451,20005.686978517064,112.9464395936863
31,0.06803125784825748,20008.592309352738,1018.0206657359745
32,0.07013131008699486,19633.91392233733,-177.988687473333
33,0.07223032366074338,18778.20190251408,162.79137581183465
34,0.07432334270720506,17852.415866171596,94.4655856901962
35,0.07642066756954473,17257.325281906753,-496.91576354320296
36,0.07850471694556041,15874.771440673934,1293.8325753050474
37,0.08059701946059529,14715.421013591544,-316.39675290109034
38,0.08269521798132064,13561.825163118721,63.288428902437786
39,0.08478307522909848,12621.291136360946,339.8416159400151
40,0.08687780839616016,11679.024450753095,-214.11748911284764
41,0.08897524569656534,10719.381293020953,-278.1613871968467
42,0.09108077810470518,9708.67020785027,792.2686960963687
43,0.09318432266948053,9373.840438750269,-2.509237954189582
44,0.0952788764104831,8660.722811869595,-156.07653012563688
45,0.09736254237981037,8230.80575245022,267.9737842179173
46,0.09944832814799408,7803.055080296188,100.17435167974902
47,0.1015460879802399,7618.006731937623,-51.14513438966558
48,0.10364263756677322,7341.5261430628825,-286.22893809336364
49,0.10573893905394659,7094.912775624744,63.32346327583984
50,0.10783958559814742,6994.466931856083,70.73116308421251
51,0.10993894058501318,6796.634470860005,146.1226418497376
52,0.11203921431523854,6737.416747314988,-41.05218883861645
53,0.11412334585697578,6615.087921820165,47.446873604339736
54,0.1162159397555423,6603.090409880417,194.30372976185734
55,0.11831372048037725,6620.711248243871,84.9625802704691
56,0.12039723118070132,6537.523123233202,283.071759961323
57,0.12249223631878574,6454.771591227819,-105.7999637214287
58,0.12458825984258635,6431.887238968293,161.75328761269728
59,0.12668846771583772,6330.802056430549,-72.34518218754786
60,0.1287846620419941,6167.582690420357,-125.19862259593926
61,0.13087133937881498,6070.532336034105,101.86073407120729
62,0.13297548334406448,5958.956398444937,179.02788917053567
63,0.13506910815256093,5771.435766907703,138.50127927335353
64,0.13716388258568254,5714.081649610493,-9.880803907343088
65,0.13926047573721634,5506.476906326707,240.22416804261997
66,0.14134668829083769,5367.8387224715025,34.324296299132044
67,0.1434475230090064,5133.597670272163,101.37465994461176
68,0.14554528534185418,5001.920419436418,27.385515484552776
69,0.14763320610735878,4824.674128956304,94.9952053433636
70,0.14972114728432864,4773.499108913983,20.556544034297353
71,0.15181380487515775,4601.10941612696,83.02499107133683
72,0.15392114901003526,4518.608153508717,169.67605064832108
73,0.15602147473412367,4397.197125254598,77.03154709491264
74,0.15811617475881218,4299.169476237325,64.45234302392046
75,0.16021187122717997,4162.033306850313,46.17894988532003
76,0.1623006419462899,4080.195704994189,-33.710595629509655
77,0.1643899033199985,3969.749441171309,-44.76067849640554
78,0.16648355823815117,3938.340030451024,-36.81793994936272
79,0.16857196837784735,3879.8592236426366,2.3335693396433723
80,0.17066413320893647,3767.8793706194697,148.7108645138092
81,0.17277086992561352,3727.448360249021,215.84872528927244
82,0.17486965460096995,3700.6302256242006,80.96964974586956
83,0.17695857694944453,3615.9376244903438,69.82453281396627
84,0.17905245093155753,3600.258287017806,-19.297185825109658
85,0.18115265212612636,3548.174298435844,70.28324796704355
86,0.1832476884130739,3475.423110354773,48.796104173476685
87,0.1853312475833926,3411.0736807717167,119.45488157866642
88,0.1874284892203219,3385.579264065268,70.96245097031539
89,0.1895337179075755,3309.3174237101484,57.98077822876052
90,0.1916268196474026,3304.5248786828665,6.5930398225627425
91,0.1937183403446853,3211.049604263573,93.39736215172422
92,0.1958131498886989,3185.676120107919,67.00653610535024
93,0.19790587400989662,3134.467687342103,74.9781239293227
94,0.19999906515978938,3091.5747798448238,89.65859421651851
95,0.2020893038374759,3047.3890290709332,26.356098883840083
96,0.2041823192148178,2981.1495806614876,49.0055768908137
97,0.2062825911013838,2943.625883000482,71.81701822031233
98,0.20837701891459662,2916.257209644693,116.2898430914105
99,0.21046758167944032,2863.884200782191,33.92597920398207
100,0.21256678542440183,2814.6366944190036,52.37132288961595
101,0.2146619261104852,2806.322998750925,51.44400742664239
102,0.21675618057220372,2751.231147205105,107.44958772278683
103,0.2188528705899679,2717.3853384485164,-65.20578493961808
104,0.22094564274530842,2669.491401698327,35.18915782989117
105,0.2230395148320731,2647.8974769262086,44.406140753923545
106,0.22513567328585352,2597.9879442878405,67.24011284280172
107,0.22722785048644015,2582.355312802767,49.281866920096704
108,0.22931975112872324,2546.705340218612,83.17719556913958
109,0.23141147723465103,2513.622353536834,26.187316813191142
110,0.23350584674782457,2496.824679882659,76.50448777299916
111,0.23560416522029054,2463.6514801622125,51.93288632775701
112,0.2377006336558307,2432.802746030822,53.808189064594124
113,0.23979727503904752,2411.8111374374757,9.369407036205525
114,0.2418944602532704,2375.5299809916273,75.06712256285934
115,0.2439884227569783,2357.953165328199,12.552896816234552
116,0.24608359968283072,2325.149731314795,61.9867200120254
117,0.24817552807053123,2294.2677219204224,37.76118852125437
118,0.25026237006475704,2270.054518250715,51.83780642990806
119,0.25235861551053484,2240.8125680514495,10.066456041205237
120,0.25445470778669854,2213.8909945537703,62.54558173442245
121,0.2565487653287422,2207.8159522572582,31.080154130529834
122,0.2586464955058471,2195.0839044,52.01730753715656
123,0.2607443047329862,2151.6094102431275,86.55264338189806
124,0.26284383121734134,2144.5728083052372,64.19375839557878
125,0.264929885565984,2114.2344295718185,61.340093098618205
126,0.2670163698864118,2085.541251425881,57.63329028314643
127,0.269112135390912,2073.800805579598,24.565065324560365
128,0.27120764961246213,2049.279068262487,53.83469022619777
129,0.27330509996536784,2027.251140255931,41.78990798540209
130,0.27539842121309294,2018.7123005979374,21.5498812441954
131,0.27749656900268016,1996.3120945995734,56.521462361898905
132,0.27959864364035925,1977.3838443598327,38.26517772448216
133,0.2816878213234348,1957.2941728630676,24.281440007022404
134,0.28377609558542155,1937.0135096053211,23.151644737489452
135,0.2858732754634003,1915.6703664176712,50.674618187771905
136,0.28796861590208045,1904.4624341623676,39.99560331722017
137,0.2900612915162532,1875.6403477215426,18.875508727029704
138,0.2921547032025089,1860.7957574730476,40.23235244163684
139,0.2942501291133245,1846.757641842104,68.93834454565597
140,0.2963444256131289,1840.2067030132655,31.897432566611506
141,0.2984361415704375,1820.3601116476525,41.79044424814436
142,0.3005318840555698,1806.301562256375,0.8509162061582897
143,0.30262777760316095,1788.2629739204926,46.98066278612491
144,0.3047248035439954,1782.2585296054115,17.736208749162884
145,0.3068210272572538,1758.058563772127,45.114946067645796
146,0.3089144805088237,1747.4488595012847,50.98938783145712
147,0.31101080657849756,1726.2309138359626,37.476922392794954
148,0.31310885951912926,1710.9166580958595,61.09554150314383
149,0.3151991603466065,1699.448402687637,36.66436223309925
150,0.317288667284839,1687.383277092111,50.986634252996886
151,0.31938044185106124,1680.7020891762832,40.60680313366822
152,0.3214783648369702,1663.7665474637326,43.13139992889277
153,0.3235785211189416,1649.6222234858749,45.50190995867482
154,0.32566935894833426,1641.7964915407674,33.07691406535959
155,0.32776077751211374,1628.2977844766538,44.81087322732962
156,0.3298523230655558,1607.8067934193657,43.41013761933765
157,0.3319485433973702,1603.3078418505745,57.87228990279268
158,0.33404540358127904,1589.5047955279542,48.64193020244991
159,0.33613494177837844,1574.3208835661264,27.341111052895055
160,0.3382313832787478,1563.8934960711929,46.7893809346775
161,0.3403308518124324,1551.9704285307005,40.87810305206608
162,0.3424246601457981,1545.4237082007485,49.44801467683532
163,0.3445197272986724,1535.5801354249636,31.6229786788521
164,0.3466158524641983,1521.219784225333,34.861793880265935
165,0.3487089916477683,1510.551179622966,39.54329488917346
166,0.35080114560367615,1506.1250011929428,35.72579436790922
167,0.35289356821720286,1495.2982177678605,48.32669933743096
168,0.3549881110219297,1479.6635654651045,37.09812702291014
169,0.35708559248027844,1471.8536986167235,43.54354152193724
170,0.3591813496003593,1457.6374414844051,27.01855986175091
171,0.3612749400626811,1453.4243290820336,24.200148827700936
172,0.3633693413142722,1439.2335212556115,46.066846110664244
173,0.3654632219855477,1431.1661189225135,61.590355692942474
174,0.3675603773529471,1424.863448915325,5.162575142598616
175,0.36965434919829326,1411.2771999690199,25.430283901478628
176,0.3717418094879197,1403.4119961863253,23.946574575568466
177,0.37383404253825586,1399.1706067042642,52.39034939070151
178,0.3759308579415973,1383.5626925532708,51.30690519016557
179,0.37802985088946095,1375.7201845210247,46.27484143210049
180,0.3801213498834686,1369.3528675516368,42.39092461405584
181,0.38221306010699313,1356.4224483042503,35.40432554863917
182,0.3843141376638833,1354.98428733237,29.88099426936525
183,0.3864096355836929,1340.9825200530615,37.597781524948715
184,0.388502907295756,1335.2723936412428,35.820746667637884
185,0.39059769208540335,1330.446569674524,31.303408847704898
186,0.3926958121232196,1321.340522785284,27.008782093166744
187,0.39478921808384226,1309.2125335767907,28.911610490220305
188,0.39687821409975554,1305.484782741664,30.532337226634752
189,0.39897073627813356,1293.372474263806,35.267494404872096
190,0.401067192451382,1288.8888777849897,29.48438938548919
191,0.40316228148056854,1286.5059324032868,43.89675290928145
192,0.4052546340249366,1272.0413734802619,46.951846440254336
193,0.4073499183903822,1267.7804505340846,46.635186124501885
194,0.4094468722071623,1260.3864131235848,40.75833391292674
195,0.41154432885897757,1253.2807591661924,22.23920725052388
196,0.41363408239228544,1250.5176098523755,47.24220165231639
197,0.41572494638156243,1242.619374740216,38.823059552075044
198,0.41782181997781404,1235.005706685948,50.42839377324247
199,0.4199166506307261,1227.117700440953,39.216249676807095
200,0.4220107143757513,1218.463986138358,36.459558994563615
201,0.42410542949066876,1212.792962469617,19.769072934773316
202,0.4262013850195404,1205.1748783427297,39.87990400219147
203,0.4282955296445312,1200.647385380783,54.68650219769137
204,0.430391806688861,1195.0305690565442,33.72273431463534
205,0.432488575457924,1187.116113015788,30.41185181908477
206,0.4345806090039814,1181.5637323251744,28.317712039614168
207,0.43667244097425384,1176.991699389712,41.995773144056756
208,0.4387671492209622,1170.9616594706422,36.60915015410549
209,0.4408622534544343,1166.0119659010356,35.02643263481632
210,0.44295516415095815,1159.9797358042604,40.81526376480601
211,0.4450482683181851,1153.904417107021,42.14081839174089
212,0.44714683875742495,1147.0228988145936,18.175390675069384
213,0.44924362280569813,1143.2400478558993,41.00759746009879
214,0.4513338633316258,1137.6240770255054,28.386944122659084
215,0.45342753643259276,1134.6914728692198,31.859701368068645
216,0.45552189548586586,1129.0961563518936,40.26673406863465
217,0.45761716616081083,1125.0873081384766,33.21808519011287
218,0.4597117909764672,1117.675631170314,37.2133496492808
219,0.4618031890496857,1111.4371254445803,29.733934647805942
220,0.4638995470730997,1104.3457593168869,37.69607866756379
221,0.4659948171464902,1098.6973804735192,36.23555698921141
222,0.46808929446972725,1095.0765437920443,27.106971807603802
223,0.47018492649495636,1086.8233780828468,38.21285367385144
224,0.4722792778491551,1086.401552460847,39.305214540957955
225,0.47437272572904565,1078.1882768184996,32.35353602982255
226,0.47646593372141327,1074.840566306126,38.396242074696794
227,0.47856230727426236,1068.1742385110913,39.42413326974708
228,0.48065904058976644,1066.9255631155304,32.59095815702182
229,0.4827512226177774,1062.063135292788,36.854932155381
230,0.4848441163240575,1058.8033547589318,38.722510441849245
231,0.4869397730506266,1054.1479607112128,38.22431723640538
232,0.48903678813400875,1045.431698601906,34.30660984400737
233,0.49113096964965397,1042.6616371352798,38.46966052639497
234,0.49322332174786626,1038.4475364298353,37.045345745390335
235,0.4953187148676145,1033.382481706813,37.68183805144224
236,0.49741120358770496,1032.3228097624315,42.769670953251264
237,0.49950082345999325,1023.4352903391288,38.48299058090559
238,0.5015952506837275,1020.8156541221832,32.68863142261293
239,0.5036919972981919,1019.2593356272415,34.9818702804613
240,0.5057872116617207,1010.1484351114476,40.093530512147616
241,0.5078828569897101,1009.4004937667878,33.72242969556613
242,0.5099793452386306,1004.0914202633201,31.264454743488063
243,0.5120767256379639,999.8742665095693,29.974572722535086
244,0.5141702395931294,999.5599185716364,36.37359670995067
245,0.51626132102766,991.9144145211096,39.305974153679614
246,0.5183576899265504,989.6612421567338,34.66739400652996
247,0.5204524416424112,983.1148687449936,39.65062288123545
248,0.5225430403510469,979.564698121218,42.54261849791217
249,0.5246378991347941,978.0985865834924,38.70478708829689
250,0.5267345150769579,974.7442119919966,32.56489984109056
251,0.5288284644781793,971.5489251628672,42.39612960006018
252,0.5309200047543352,965.4854641881956,30.95142583160188
253,0.5330154787982235,963.014414380751,37.987843203078796
254,0.5351140455458262,961.0773558211655,36.52683957324666
255,0.5372066203065362,956.00189897795,42.416950694199194
256,0.5392991990272246,952.9536584062872,36.62384507614602
257,0.5413944118270408,947.6295236184552,32.92531768136264
258,0.5434881995106379,944.3491778508298,41.587264949831734
259,0.5455829952492127,942.3107057382734,44.35023233767209
260,0.5476769745662954,942.8055661246764,40.208723491865285
261,0.5497697255495043,935.1132501146251,48.14575394199629
262,0.5518645446467839,931.7758122281349,34.87013346084597
263,0.5539598571350287,928.6985772264362,44.543389556336116
264,0.5560564538950566,923.9363058283509,41.77095784434232
265,0.5581500505101624,923.1388611364059,40.60587757348087
266,0.5602409063261653,918.9831251357633,45.58696071900703
267,0.5623379637803174,917.7064511413656,43.16584321191396
268,0.5644363283026402,912.403802365347,40.620210853555065
269,0.5665273824761494,910.4678353349391,44.3876226912832
270,0.568621249018378,907.2029444591524,48.1092549099669
271,0.5707181447612965,903.5270103346213,44.464787510357326
272,0.5728127938597997,901.3501001631494,40.94998268914087
273,0.5749070881546879,899.2848118735143,49.95584023988124
274,0.5769991470923068,895.4169141990404,49.04671018944867
275,0.5790956911760897,892.0836892767142,42.770685591656346
276,0.5811893306261757,891.5636352476981,44.22057682770904
277,0.5832802267374103,886.9418206252359,45.981232150304166
278,0.5853761830306536,883.8968959107283,53.52454271028052
279,0.5874711784415975,881.806357564111,48.20112270417254
280,0.5895653958899879,877.604688946397,45.6915908619182
281,0.591659786459685,876.5893178718511,58.0249679056974
282,0.5937551851921442,875.0975964628562,48.07178960174564
283,0.5958498092767481,870.6848314646786,53.9311917921939
284,0.5979447066705442,868.2887181254151,55.45903756606435
285,0.6000383505174957,867.4398129167082,58.53332220983303
286,0.6021313016181767,864.4405191644117,57.33006704392081
287,0.6042246965556944,861.0281728740874,58.94975359576685
288,0.6063189733697846,860.7814909538387,61.30728887979494
289,0.6084147213727373,858.5959694051437,60.597288605550304
290,0.6105090855473989,857.2817861686522,57.95640160999709
291,0.6126037649785722,850.960430697738,65.83802356760872
292,0.6147002391370655,850.7746122575451,63.39292481104679
293,0.616794938930829,846.5099450974084,56.33621854773258
294,0.6188886865784012,845.2037478029723,61.60945988167078
295,0.6209825762252046,841.6873710898894,74.59491310105994
296,0.6230764414889526,840.2105136503377,68.82433916022306
297,0.6251725389343245,837.9437657179832,68.77836807643843
298,0.627266923011265,837.006935207759,63.860228712528645
299,0.6293596211388142,833.4548983982529,69.84268631049446
300,0.6314513250607457,832.8070097258329,73.95765523138402
301,0.6335475720513941,830.2839762990661,66.98391647311401
302,0.6356444982495617,830.0434054229609,73.51589859847519
303,0.6377358562255245,828.0814119145541,72.34516053186314
304,0.6398302949107263,825.675141351385,75.63381804740321
305,0.6419256185614247,823.5288927199862,77.54539283761575
306,0.6440214843206593,821.1060270292418,75.98871354589286
307,0.6461142033434962,820.1766749309011,80.71635159074708
308,0.6482061138478032,818.3914915577026,75.18839872876188
309,0.6503020867345045,814.2575179444151,80.96442819387607
310,0.652398185537932,815.3427373201201,81.10967040600663
311,0.6544932048530038,813.2748497233778,85.88854156027047
312,0.6565867871776386,812.3476308072834,91.89856041097995
313,0.6586827890115348,811.15738891839,83.91058493282313
314,0.6607793300725506,808.8639941278745,90.37901295273517
315,0.6628724964198541,807.1346985326091,92.00021092950314
316,0.6649654402217313,805.2589226005776,92.40435642397699
317,0.667059865407609,804.2116965436708,95.54271824683995
318,0.6691532523078332,802.3530534160975,97.35772204150626
319,0.6712457992597233,801.56101995387,99.45047088339217
320,0.6733390782258323,799.8640551692436,99.85376360870808
321,0.6754367503383576,798.2223234695623,104.42855367786822
322,0.6775335143160066,799.4220655707747,112.57401533738731
323,0.679624621064033,795.2149781134146,103.68082856773952
324,0.6817180292738917,794.2545481426489,106.61831029285426
325,0.6838149015047629,794.5098364322633,109.68914684875229
326,0.6859101434268815,794.1538163151563,110.86545169280426
327,0.6880046468184081,792.9097883094431,113.74740596021125
328,0.6900999637264865,790.986862208161,118.09457407367368
329,0.6921965733216279,791.1832861466177,116.8059776556015
330,0.6942884945981568,788.8939983979276,120.27310439831254
331,0.6963781649531228,788.316665056894,124.69838927523236
332,0.6984747371200234,785.9523867552382,125.85246921421275
333,0.7005690388882679,787.9069225363631,123.29472819481981
334,0.7026621579778546,786.2578443444032,129.2199623494253
335,0.704757268847954,785.0315414854884,135.04989940259844
336,0.7068509057629639,783.6937367796709,127.75148950116788
337,0.708945644402387,784.5475982560472,137.49674815726237
338,0.7110406815970572,783.6696864544463,145.08788374930828
339,0.7131372373036142,782.8029143159471,144.36148982453776
340,0.7152323589250973,782.2558350083868,148.03232615789221
341,0.7173245162021571,780.9435241028763,153.89253712504006
342,0.7194199711852413,780.0711100264002,152.55686969425398
343,0.7215151322330351,781.3271018606739,159.0899897351787
344,0.7236102334592447,781.6032610011764,155.55568921808086
345,0.7257047129497166,779.7501705220133,163.38689425293214
346,0.7277958825256088,780.6282167567396,164.41746020829746
347,0.7298900912292255,779.4375743931597,170.002830158807
348,0.7319867159780691,780.8476923918043,175.31863607113775
349,0.7340808521059053,779.921121294129,177.26869152110916
350,0.7361738853270124,779.3659142266695,179.9258795335952
351,0.7382682123604443,780.4248307248704,188.38059293874392
352,0.7403641944498084,780.4650428004755,192.78600760945253
353,0.7424576311971561,782.125000123132,196.0984277622512
354,0.7445523870480827,781.7120071206552,189.35052544631037
355,0.7466478284648128,780.2595815610022,199.58858207724012
356,0.7487413917548734,781.8873351534988,204.4294196081098
357,0.7508354594737505,780.6294904738203,216.65540158036808
358,0.7529278056847568,782.1045959440156,213.12886389852594
359,0.7550230257904859,782.7536211372212,216.48097770882853
360,0.7571167923480437,782.6335634185729,225.53414771929135
361,0.7592113317151179,784.3188605760134,230.8802320595896
362,0.7613074731933067,782.8771471209197,231.0151705759095
363,0.7634009581307508,785.3778508085394,238.45013462553135
364,0.7654969266569684,786.0603399825245,245.8866690897904
365,0.7675905899780763,787.1929156760579,251.9898637427321
366,0.7696837880547684,787.6617740637766,260.3709124980399
367,0.7717795008463626,788.7652142363511,257.1492291135822
368,0.7738757788346248,789.8387640033312,267.4542381875397
369,0.7759706260990727,790.9686197434758,273.36222656128945
370,0.7780620795267656,792.6537180919906,280.5695993123549
371,0.7801559906208961,794.3386197090301,280.0124523534597
372,0.7822523136569128,796.0862980219832,291.0140749696838
373,0.7843481481853999,797.4263555133132,295.31246898801504
374,0.7864425511046899,799.1779434930733,304.43783952095237
375,0.7885343495966205,797.8677756816885,312.6923228017531
376,0.7906286372458883,802.1772426643207,320.15060334674496
377,0.7927244345313397,803.3724867374406,326.3629207261765
378,0.794818005513127,806.6492846167637,329.54591448501213
379,0.7969121491149282,807.1493953378682,336.3361978313297
380,0.7990047112993173,807.1153557470518,337.9112148909433
381,0.8010984966914405,812.2667377080727,354.54529938677825
382,0.8031950165575023,813.5288674800793,367.220600507808
383,0.80529055904954,813.9612249287003,343.92024507694845
384,0.8073868607794276,811.7647090134914,303.73655989358593
385,0.8094799923089985,810.5981134001282,261.9772266784739
386,0.8115723232550889,810.9874414304604,225.28014958501961
387,0.8136672975922271,809.6740851590396,188.35426368544674
388,0.8157631100610689,806.4512063152907,151.24015921550608
389,0.8178569790142735,805.2764504350257,115.76522259564918
390,0.8199506303068442,803.9234508159145,75.18771138518224
391,0.8220462665916841,804.0764887361356,38.12683556027828
392,0.8241405937791958,803.4077499931846,9.357099263311515
393,0.8262325853224312,800.4075187596226,-29.962988169246902
394,0.8283265675885274,799.8504891962583,-56.690288196696784
395,0.8304231027322762,799.106002443191,-95.96472341016481
396,0.832516312308734,797.3263226449317,-120.50175635450564
397,0.8346104967180491,798.8243590039262,-153.2551554760915
398,0.8367055646585567,795.988550418981,-188.14180491647886
399,0.8387997810841866,795.007277321109,-213.89998229014972
400,0.8408959249120883,793.5775451042247,-243.0454391512976
401,0.8429902851163829,792.325376490822,-276.98081212735775
402,0.8450834013034724,791.5004243958901,-308.67526132019657
403,0.8471787052036875,792.0127797217942,-328.07377863575823
404,0.8492741754489669,790.4254485301758,-363.72154028047913
405,0.8513666186650054,788.1106197965657,-388.55262125034193
406,0.8534586558453424,789.0327382483713,-412.57812702244223
407,0.8555555147205227,787.2766925842218,-441.4715519498514
408,0.8576510528712873,788.7995147020383,-461.40337679118375
409,0.8597438531231701,786.948790897389,-491.54780650584405
410,0.8618396600787528,786.012326820438,-507.59574582428826
411,0.8639352641137702,785.2406656502005,-545.3196792423074
412,0.8660278348127696,784.4588237188422,-561.8206109241133
413,0.8681190723532742,783.2709341963915,-585.441184253247
414,0.8702145301226206,783.8748900771636,-608.5106996002819
415,0.8723097299260473,782.4485543626937,-632.6355290400238
416,0.8744009465527449,782.0137202158123,-650.5130665146489
417,0.8764962014565297,782.4477454757067,-680.0158087122682
418,0.8785921785819074,780.8733336594917,-698.7776238744968
419,0.8806862529738079,781.9522205673211,-719.1738449922667
420,0.8827803474942315,780.9271872827106,-747.0100677302701
421,0.884876552415157,779.4145876102184,-763.5923569925877
422,0.8869727619955021,779.3879483123283,-784.6310914945516
423,0.8890661549276524,780.139734284258,-801.7887618552502
424,0.8911606435626759,778.6081638911526,-825.6198532294628
425,0.8932564177642083,776.5119191088711,-843.0429362594232
426,0.8953515942364704,777.3136009200814,-859.4902129893097
427,0.8974449590572777,778.294632843277,-878.595532479649
428,0.8995380126042275,777.1114764463167,-903.722710210171
429,0.9016308480731973,776.9286500818737,-916.0715638113244
430,0.9037248205752632,777.5058214284394,-931.2135159988524
431,0.9058194398636225,776.1139881871804,-951.0600813930673
432,0.9079139093175219,777.0380963098216,-971.1776011464754
433,0.910011764746055,776.6378384190244,-987.8789294346794
434,0.9121056647167038,776.5242564257295,-1004.4467086067975
435,0.9141967683902507,776.6918270300118,-1019.4067089891215
436,0.9162922424058753,776.0163594502956,-1037.8603547548687
437,0.9183868595164038,777.4938810384792,-1055.7617493168825
438,0.9204815946523948,775.7377146633848,-1068.4103862786596
439,0.9225765682279964,777.0869264834107,-1084.1859311820788
440,0.9246708776548578,776.7787162545776,-1105.3502274751347
441,0.9267650233208798,777.1651564646295,-1115.2012302476219
442,0.9288581102404102,776.8134185106073,-1131.2031743746438
443,0.9309518934142385,777.7516454716252,-1149.196245777388
444,0.9330469160925099,777.5617094080022,-1159.6176817935861
445,0.9351415764644654,774.9811114036629,-1174.0664016830183
446,0.9372369506587555,776.258189327134,-1189.8045095641305
447,0.9393287530448476,777.557576853989,-1208.4890321592345
448,0.9414229216419412,777.6271422754515,-1218.5862640655305
449,0.9435209341962445,779.6466792554456,-1236.903204340548
450,0.9456148252799238,778.3158070056156,-1247.6635346027974
451,0.9477091255207061,777.6255103971329,-1261.8131417698314
452,0.9498037238864095,779.1112066149244,-1274.8533642594755
453,0.9518981043411001,779.680342260927,-1289.3592661526272
454,0.9539914706287521,779.583463623392,-1305.644480183492
455,0.9560859977890608,781.1700143503116,-1318.2590875955523
456,0.9581821096695351,780.5195148900951,-1326.9546507608395
457,0.9602755737793266,782.0390126105664,-1339.0771739983234
458,0.9623691838562978,782.9961311168496,-1354.1194234544732
459,0.9644636726355348,784.5802066779836,-1368.0027920670175
460,0.9665572681340019,785.1561653173328,-1376.2240978014543
461,0.9686506726657692,785.4059121510096,-1395.1801433898606
462,0.9707453651438224,785.2986974450525,-1406.327127570294
463,0.9728397447984573,787.2986065184706,-1420.1582023060434
464,0.9749341599912872,788.8648981693123,-1431.7470702669536
465,0.9770309382258842,786.8435112451898,-1440.2647847901383
466,0.9791243621626365,788.076465503994,-1456.7910085781775
467,0.9812186011668534,791.0766632895304,-1467.958956972364
468,0.9833152549762485,788.6519855398813,-1472.765977559153
469,0.9854083366977224,792.4937131792541,-1492.7673001830956
470,0.9875013366256304,793.9011201952911,-1503.8572935383265
471,0.9895964031766183,795.4133291150976,-1521.2737020222612
472,0.9916911272506032,795.8900609840089,-1528.1014541783318
473,0.9937856031740195,796.4971390178237,-1536.319845770976
474,0.9958807301039379,797.3768731243779,-1550.2337942674988
475,0.9979746323874407,798.5673216051533,-1560.4219740194726
476,1.0000664008054638,801.8796974692475,-1576.3221010604843
477,1.0021595314674534,801.6614086580994,-1589.1536386304208
478,1.0042547648495364,805.5218332489355,-1598.58697423255
479,1.006349085630113,806.659851235186,-1614.6059697837397
480,1.0084443367657523,807.0045191266248,-1627.722862381747
481,1.0105398481990022,809.8004706017508,-1636.5791169619397
482,1.0126348213072522,811.329415673633,-1649.8685020168145
483,1.0147293432188107,812.1871324426841,-1662.152003701881
484,1.0168223222913106,814.2611002084819,-1676.382053492388
485,1.0189181991118834,815.6528416374915,-1684.7222873652265
486,1.0210135889667047,816.7530498506105,-1693.9017103576962
487,1.023105517395174,822.1835678513975,-1713.0325245466122
488,1.0251997072975425,823.519781913538,-1727.8062187355224
489,1.0272950549324347,822.8060282209082,-1727.1553724690195
490,1.0293904044607038,825.8358912190106,-1743.9117711076199
491,1.0314847550764672,829.6131755619241,-1760.8089361121495
492,1.0335791521913305,832.0851841358798,-1770.8723261499163
493,1.035674282724225,834.2387546307682,-1787.667852186864
494,1.0377683744197583,836.1672357670003,-1788.7981124064204
495,1.0398611358062981,839.3850069642685,-1815.5816377151257
496,1.0419559810580585,840.3459216781214,-1817.3123313244478
497,1.0440519355231435,843.8163151378351,-1838.7374904023563
498,1.0461442665368221,847.6617720469106,-1858.6557752004987
499,1.048238151325366,849.5517619412756,-1863.2673089060395
500,1.0503312794335307,852.7530956225904,-1882.981265445595
501,1.0524262698953144,855.4850109112207,-1892.2145977795333
502,1.0545208315883745,856.345662432542,-1902.7969542654016
503,1.0566150350094698,861.5258618305509,-1919.533860690177
504,1.058711440318921,864.8979658113394,-1935.467082175426
505,1.060803734980524,866.0271035383231,-1950.7645062655995
506,1.0628970711462522,872.3470594706472,-1959.0485148785122
507,1.0649945592352892,873.1737054934918,-1978.769502685633
508,1.0670895920886003,876.7439662236045,-1993.545650827909
509,1.0691815189460832,878.9434447329915,-2004.080922959976
510,1.0712752972137536,881.620843989054,-2019.330632560863
511,1.073371173619778,888.5882547438083,-2042.9626812037989
512,1.0754657024825272,889.2877060083346,-2054.2957261658007
513,1.077559391113827,895.3311089931362,-2071.5676508685438
514,1.079654167044188,895.3328533724466,-2087.6178737522578
515,1.081749685406742,898.4781180022169,-2100.0435544542056
516,1.0838429051818583,901.0717298716046,-2117.844281673908
517,1.0859346611894292,904.4991877476838,-2137.341462945303
518,1.0880274765489322,909.7542975580164,-2148.567923657233
519,1.0901226378244568,912.5357580345171,-2166.284612020392
520,1.092218906510469,916.3830754609261,-2191.5342106984704
521,1.0943142405516277,921.3343750169182,-2205.203954214325
522,1.0964083656069452,922.8862097181021,-2232.390788551859
523,1.098504575117021,926.2467179885148,-2236.3134232206307
524,1.100598880587325,930.2653164771241,-2270.2955664057704
525,1.1026907648634887,930.9368104638706,-2274.503142544279
526,1.1047864761829782,935.4408254372468,-2301.753234200723
527,1.1068805633882368,934.9215729141824,-2311.372170196005
528,1.1089715885079452,940.521062115853,-2330.8772846846664
529,1.1110674731376504,940.655986895766,-2356.6508590679878
530,1.1131638031712348,945.4764175594569,-2367.5758399218653
531,1.1152567400703868,947.8346860976992,-2398.179593182329
532,1.1173518797395834,949.4454789188529,-2421.5373767523615
533,1.1194466841667583,949.7395460067919,-2440.192764748529
534,1.1215386388653605,949.9896501475735,-2457.0615902732443
535,1.1236321502294464,955.3366646688504,-2470.601988034635
536,1.1257265608788465,954.6897696325956,-2505.2498970218735
537,1.127823511019811,953.4432440946644,-2509.386769273672
538,1.1299186917312898,950.2651099471422,-2537.9963824547303
539,1.1320102853860914,951.9733998200344,-2561.3068439455533
540,1.1341022265777971,950.4059337466002,-2579.4004436699934
541,1.136196488705377,948.9617561341074,-2609.3763161360657
542,1.1382919496812383,947.4297515656237,-2626.8050714957035
543,1.1403848113573067,947.2082753407938,-2649.9085170483877
544,1.1424801205078854,945.761198788403,-2663.8292581650153
545,1.144579099546908,951.0870684590112,-2698.6076468551632
546,1.1466743733674984,948.4953847699039,-2712.9158050086276
547,1.1487627957344069,946.7046304920691,-2721.726943564544
548,1.1508586543248278,951.8952993993272,-2762.1671396359393
549,1.1529561980713183,948.9435307289473,-2765.5553871220045
550,1.1550454984226184,953.0972696215466,-2790.092584233536
551,1.1571409429142046,951.5767194037105,-2802.635810271918
552,1.159240859340017,956.767671108192,-2836.6620080790335
553,1.1613355832020602,958.3248553074226,-2853.22222206933
554,1.163423871831942,958.3933544112219,-2866.24820448966
555,1.1655188736812345,958.3129173000362,-2882.890509007464
556,1.1676174368768866,961.9953599905997,-2906.741902720001
557,1.1697080797153998,959.0723786887788,-2909.5596386541406
558,1.171800206369591,966.3845117817943,-2944.4617146976757
559,1.17389591489135,970.8374076736552,-2970.385386921114
560,1.1759888523797297,969.1720720368317,-2976.5658070689087
561,1.1780809947202961,973.5139336165743,-3005.1663721021478
562,1.1801761196344618,975.2267130124725,-3020.9757687427305
563,1.1822736635654147,979.2134515662842,-3049.165229875633
564,1.1843710306693693,979.9686509440116,-3052.695001079254
565,1.1864625384002512,984.0378491465079,-3079.472652405794
566,1.1885545198904406,989.0307685906085,-3105.5761468825763
567,1.1906522613678343,986.0539591960942,-3111.3072815066166
568,1.192750069492095,988.5591547390444,-3125.080695454771
569,1.1948381381583106,996.2757926295579,-3159.340275669148
570,1.1969297222624806,999.130031407345,-3181.7881616146246
571,1.1990290164311135,1005.039721457893,-3202.6785536272373
572,1.2011243924560484,1009.8187982711719,-3233.6458607564755
573,1.2032149592826593,1018.885001813111,-3269.4935952681863
574,1.2053132365828256,1011.6843117770136,-3257.460745342802
575,1.20741576508926,1021.9240237229459,-3295.224387820144
576,1.2095030565711475,1028.8723304037467,-3326.2279631103024
577,1.2115949657999687,1042.6484033805534,-3381.720411468545
578,1.2136960046145377,1037.249486592643,-3366.966001927365
579,1.2157928316049589,1040.7910265704043,-3383.497995191991
580,1.21787984102748,1048.002344785888,-3424.2999165008937
581,1.2199725120701903,1049.1101058124118,-3435.8003944889056
582,1.2220773486348555,1059.8071436507194,-3479.63124505456
583,1.2241717280648772,1056.4103161936644,-3471.1742700353498
584,1.2262574809145717,1063.3115802882564,-3497.676476157941
585,1.22835205989159,1064.1641854529564,-3511.678724996181
586,1.2304511070315651,1074.0907111526953,-3551.9971738188397
587,1.2325439941641703,1079.5820167017962,-3572.66290006289
588,1.2346327282165248,1081.7488868895384,-3591.1940421114923
589,1.2367296121231413,1096.008393208273,-3650.5104951176672
590,1.238832433751825,1108.5688771554894,-3692.6288066864386
591,1.2409238541102623,1106.3667794011283,-3689.2131210262737
592,1.243012379245932,1114.8525171456886,-3731.696358843272
593,1.2451094606314712,1110.021977717217,-3717.755660090189
594,1.2472066170026377,1121.7168680690118,-3757.0062580458102
595,1.2492929515805862,1133.7884775335772,-3812.238547954944
596,1.2513843202334647,1136.7707166456196,-3821.2789586485856
597,1.2534920777891505,1140.1086920233893,-3842.375879251713
598,1.2555889180496558,1152.5191465052524,-3889.2123167141644
599,1.257667580798784,1176.1823450195152,-3974.6953050256748
600,1.2597632986068967,1162.2101743503392,-3934.115547309615
601,1.2618709074503869,1180.9724807866041,-4005.639737477313
602,1.2639618917954016,1198.4297138625993,-4062.6181940994084
603,1.2660463256389345,1211.2855719898141,-4116.245564293214
604,1.268151380164154,1201.7125142988446,-4087.8097703988224
605,1.2702573897615381,1214.4881557102383,-4138.995750693114
606,1.2723329096911193,1231.5733203975674,-4195.263891027154
607,1.2744197010315288,1245.8625102942324,-4252.717829223627
608,1.2765327006010119,1237.9216134764197,-4229.035395921053
609,1.2786342467193723,1269.4445091485811,-4340.531904509257
610,1.280707182799757,1265.8110618948308,-4333.402779595754
611,1.2827931530633179,1288.170025762815,-4413.50201831111
612,1.2849085387747612,1295.8095039441757,-4442.680269112419
613,1.287000364654089,1310.7969927966597,-4498.828243632808
614,1.2890781709908103,1315.3238748320973,-4523.413246113352
615,1.2911842108955598,1328.1950093587875,-4569.654490677795
616,1.2932965864662813,1339.051218040383,-4609.927240996514
617,1.2953774115066516,1355.036312086406,-4663.531935693754
618,1.2974494068131983,1376.696861359143,-4741.175151050271
619,1.2995653278098822,1390.0633100832124,-4794.203692023645
620,1.3016791376111048,1395.2473676647342,-4813.660990084374
621,1.3037423234004764,1404.8350484945795,-4850.996957936615
622,1.3058199114096363,1427.6268108936438,-4936.6526265114635
623,1.3079467955462118,1435.7298593445948,-4965.346757190223
624,1.3100601882305882,1461.7909242568526,-5064.425727061637
625,1.312113308135768,1468.650415356575,-5089.700192772925
626,1.3141962752176515,1463.4370254253763,-5074.586299208033
627,1.3163277077674513,1503.0001836667764,-5212.285044409011
628,1.3184175493918626,1517.4109107854542,-5264.006102937984
629,1.3204856618221223,1519.5989839613196,-5270.152578833452
630,1.3225968812824558,1567.5204368950278,-5448.509454473283
631,1.324712528812616,1558.1191263838302,-5414.234900197808
632,1.3267701241226586,1611.2287324465783,-5602.374206790203
633,1.3288455369869492,1641.4256676977022,-5711.759558738143
634,1.331007859279665,1636.4355298106389,-5697.232153821302
635,1.3331193077637633,1636.0107355268026,-5699.1427073365685
636,1.335111114646517,1606.9562352245136,-5602.176907978209
637,1.3372000138113185,1663.3660591240289,-5798.372441079738
638,1.3394207042773567,1740.6073282384812,-6066.089597984681
639,1.3415191831855293,1745.332636663205,-6091.350889595287
640,1.343419658472025,1785.0383880202878,-6224.544190129471
641,1.3455475267642247,1771.9581351633772,-6182.778607683731
642,1.3478257671998863,1820.306742012979,-6353.328572984526
643,1.349910545699746,1841.4109679105266,-6426.347202709567
644,1.3517701887420612,1837.1757324616167,-6416.932007376157
645,1.3539417100377606,1923.8198992559037,-6711.05394497315
646,1.3562514521124112,1933.7259135579086,-6761.423168976226
647,1.3583044750242828,1997.4550500946166,-6981.321842254651
648,1.3600937081391848,2075.025946479016,-7246.108152835628
649,1.362315666351114,2041.6035858453808,-7131.405533566705
650,1.3646739887244697,2104.068078757891,-7361.025496203161
651,1.3666040349314283,2129.8653579931624,-7444.4652264378
652,1.3683585203137423,2012.2447648275052,-7038.204223141128
653,1.3706879171444677,2184.1452043652894,-7638.238166266413
654,1.3730812726720756,2280.208383806275,-7975.216050982381
655,1.3749143385354152,2250.5010873073143,-7870.137566479239
656,1.376679031839902,2298.6365284509798,-8043.992120013469
657,1.3790764132796052,2276.4914866910153,-7970.538033204492
658,1.3814727924700456,2446.311661794188,-8551.36725341893
659,1.3833424067073374,2633.6858205600074,-9207.090122834508
660,1.3850593718572481,2111.4954127517894,-7390.7201186972925
661,1.387433769507078,2116.5932072754763,-7402.924703064783
662,1.3897620281243455,2632.4761962740413,-9215.540769443556
663,1.3917897627196847,3433.016570612057,-12024.060675740604
664,1.3929979117318791,3011.455991085848,-10540.095968800466
