,k,Pk0,Pk2
0,0.0029665470748989845,5142.389327457063,-4373.515417782949
1,0.005026374055021859,5829.326482296771,3105.6911482623354
2,0.007149300621522788,7341.934284979469,-6141.797495842944
3,0.009278869254964255,8916.599067787398,3518.8604263062903
4,0.011450332619344701,9538.100270861469,-4217.889380378943
5,0.013492955871419151,12494.665787611575,-931.4654680598798
6,0.01558905561191893,11399.292222746533,-374.5238381196798
7,0.017694083672553172,11229.996021310335,-3454.696433143524
8,0.019817874803135297,12121.838244920104,2533.973959352666
9,0.02192074938196264,11853.27764446392,1100.9829552227764
10,0.02398877635566245,12349.61209511041,-634.4302109774653
11,0.026092869718961156,11601.523257940924,-1487.383968843339
12,0.028234663152781798,11171.392653079774,-1164.1992738619106
13,0.03032284873509123,10968.575027760131,-218.3220306910074
14,0.03240263258943404,10542.243185726074,-333.15784303093585
15,0.03449210129864554,9793.122278077954,-751.0028411554053
16,0.03658588147515197,9782.719769689957,1211.5845514259604
17,0.038684769492669774,9673.71571184931,218.77190633229006
18,0.040788988884582836,8980.356108683194,-370.9023598022042
19,0.04289390876967646,8710.559535047043,-499.26647305599175
20,0.04498336005546935,8322.342550702782,1107.3337955488475
21,0.047064985294738244,8209.45334107091,-393.96887683723963
22,0.04917111919158227,7845.270810689833,-212.22235054578368
23,0.051262169141742274,7721.519403867211,-1.8627038221730785
24,0.05335525146837034,7473.513200034162,287.8665714125403
25,0.05546637228956934,7203.905536698177,-278.3708890627705
26,0.057573188192548086,7162.907605675309,403.21265573198457
27,0.05965884044590281,6843.249792423366,425.66592768248796
28,0.061745123021595065,6879.009451941351,-260.6141203531833
29,0.0638268929113719,6535.216304080775,120.53662262100666
30,0.06592966228838451,6305.319520526618,62.78270699187757
31,0.06803125784825748,6349.112012105088,-156.65870086311045
32,0.07013131008699486,6028.345208293032,-317.4976735996415
33,0.07223032366074338,5953.43960375825,-225.92243529911588
34,0.07432334270720506,5742.266653342705,151.85554251090835
35,0.07642066756954473,5654.14658657367,-48.23339354201572
36,0.07850471694556041,5535.985028662898,15.376638703425774
37,0.08059701946059529,5186.981406189602,-162.83617047547605
38,0.08269521798132064,5094.3365907339785,-172.67721545405155
39,0.08478307522909848,4922.262991036965,36.3808476107605
40,0.08687780839616016,4793.696386966511,38.446639725315826
41,0.08897524569656534,4594.821046158772,-51.76822212138469
42,0.09108077810470518,4445.5288566899,23.906040212957265
43,0.09318432266948053,4285.83275029678,-23.261240369781184
44,0.0952788764104831,4196.663420082574,86.98973400625084
45,0.09736254237981037,4120.010580628313,99.34671503209081
46,0.09944832814799408,3950.4172034447256,34.13737717991966
47,0.1015460879802399,3911.640762202485,-56.69538508316777
48,0.10364263756677322,3754.4787319202887,-68.66110700163304
49,0.10573893905394659,3679.0148201605825,43.06981520046029
50,0.10783958559814742,3595.9768584193353,35.95158040081036
51,0.10993894058501318,3567.245307751819,125.27016122263507
52,0.11203921431523854,3417.527425405107,94.80570123399966
53,0.11412334585697578,3369.1170396979696,162.6557012749826
54,0.1162159397555423,3311.8367034196817,115.4274290283928
55,0.11831372048037725,3266.0314279464355,-21.331833786850066
56,0.12039723118070132,3195.3698582896927,117.05650079732155
57,0.12249223631878574,3133.1480838514985,23.865769716329684
58,0.12458825984258635,3080.360541363342,62.4073857289018
59,0.12668846771583772,3020.175647938676,37.5575123505945
60,0.1287846620419941,2982.709301944107,3.3673042944716918
61,0.13087133937881498,2911.6091989575493,170.13097001258987
62,0.13297548334406448,2867.0628184340208,-27.276771554044828
63,0.13506910815256093,2775.086360392574,32.06489528941241
64,0.13716388258568254,2745.6636576543087,66.81105609191548
65,0.13926047573721634,2659.2515049637523,48.49156404526243
66,0.14134668829083769,2625.1556950640665,-17.314720714449262
67,0.1434475230090064,2542.7884088318165,75.45084202121102
68,0.14554528534185418,2515.903890253225,39.79933782131677
69,0.14763320610735878,2473.71606251132,-18.362052905711465
70,0.14972114728432864,2419.283047828957,-19.741053199959854
71,0.15181380487515775,2340.1983338615846,51.524342916431564
72,0.15392114901003526,2324.892726070284,-2.304669966608802
73,0.15602147473412367,2260.1341015363537,103.05793029095587
74,0.15811617475881218,2219.2530028685565,-21.618117738089342
75,0.16021187122717997,2199.60894442869,13.348324378072164
76,0.1623006419462899,2130.824691845329,53.62920839778789
77,0.1643899033199985,2088.9667781453427,21.424739841820035
78,0.16648355823815117,2082.228881722838,27.425424817755868
79,0.16857196837784735,2031.7416027580045,65.36657598027497
80,0.17066413320893647,2009.3317389649235,60.68217746317485
81,0.17277086992561352,1994.4027070847287,43.64699247580128
82,0.17486965460096995,1956.4816388470472,38.58556002359187
83,0.17695857694944453,1905.703463830942,29.0285981753917
84,0.17905245093155753,1914.4945632372887,53.57135230490813
85,0.18115265212612636,1873.7422314995324,85.90914016849587
86,0.1832476884130739,1851.6468194262711,21.132345957863922
87,0.1853312475833926,1829.4237948488037,37.77133683299347
88,0.1874284892203219,1804.506830444616,51.176299388218666
89,0.1895337179075755,1772.4565970217534,52.706737280907426
90,0.1916268196474026,1751.059995776501,62.465781405110896
91,0.1937183403446853,1711.4467585144757,69.8757679030843
92,0.1958131498886989,1699.42370734174,52.43078518675995
93,0.19790587400989662,1662.5278388557651,35.95133139628363
94,0.19999906515978938,1652.940629627271,93.40672821928668
95,0.2020893038374759,1619.7857085915061,62.828610446338764
96,0.2041823192148178,1606.2736022272986,11.423684207622255
97,0.2062825911013838,1585.2078337533321,56.09623512873162
98,0.20837701891459662,1558.0228976872065,45.640794318502444
99,0.21046758167944032,1544.1540966696937,23.573525465323684
100,0.21256678542440183,1510.7045329503158,12.788846071736671
101,0.2146619261104852,1496.7093018390594,35.5320019056274
102,0.21675618057220372,1480.695333692378,59.98437024430478
103,0.2188528705899679,1460.7156580839298,53.79761979320926
104,0.22094564274530842,1436.951591994926,58.3059091131538
105,0.2230395148320731,1422.7371787526172,62.86854571726592
106,0.22513567328585352,1401.990216831087,53.16402283354371
107,0.22722785048644015,1392.8018577674109,45.43572304875808
108,0.22931975112872324,1369.1340002582876,6.642550371661723
109,0.23141147723465103,1359.7609977681557,95.94976354911506
110,0.23350584674782457,1334.7619812438882,51.58006011310318
111,0.23560416522029054,1325.486515320273,46.613759713533035
112,0.2377006336558307,1306.6850213265595,55.01566066234346
113,0.23979727503904752,1300.7492896514873,45.823902477826735
114,0.2418944602532704,1279.5139914422437,74.42150416795236
115,0.2439884227569783,1263.2533735197828,25.011031689866574
116,0.24608359968283072,1250.8837072922195,69.08965554784854
117,0.24817552807053123,1227.7927954972388,53.52152101983894
118,0.25026237006475704,1222.2739886541856,63.69131050396756
119,0.25235861551053484,1209.8044956836036,39.41421656320466
120,0.25445470778669854,1201.0696427953803,56.22590219286532
121,0.2565487653287422,1189.6403840306355,83.00188137755933
122,0.2586464955058471,1181.8396467270543,55.153015106499794
123,0.2607443047329862,1159.4939650865554,76.2598908377654
124,0.26284383121734134,1156.8819063442397,48.44150399616012
125,0.264929885565984,1139.0748397902096,39.39480247509679
126,0.2670163698864118,1131.5553490780503,65.86002195346924
127,0.269112135390912,1117.033336631929,58.847385633777705
128,0.27120764961246213,1106.5112358020176,37.29361603042283
129,0.27330509996536784,1088.2502541195981,50.65718633014839
130,0.27539842121309294,1082.7238887903334,38.7024489000455
131,0.27749656900268016,1071.009310119154,69.89313932671504
132,0.27959864364035925,1063.5807710110118,49.35336755749838
133,0.2816878213234348,1052.7960249073806,75.51654121325187
134,0.28377609558542155,1043.0136780518355,41.20353502718895
135,0.2858732754634003,1031.8705727688803,52.51403772588192
136,0.28796861590208045,1022.5491454221468,61.254145334936176
137,0.2900612915162532,1011.6766005502902,55.07200127543571
138,0.2921547032025089,1005.5576981096056,70.88698171769896
139,0.2942501291133245,1000.5916045528529,49.75062382535029
140,0.2963444256131289,991.970782489118,62.29063734944948
141,0.2984361415704375,979.2023017862073,37.51659193286397
142,0.3005318840555698,975.4869483538556,52.6256679796852
143,0.30262777760316095,963.5095108382418,61.48485423926225
144,0.3047248035439954,955.8411318942299,41.98890328874332
145,0.3068210272572538,948.3744324024469,54.56836810307201
146,0.3089144805088237,940.82925797946,49.740835579224616
147,0.31101080657849756,932.6564425428719,42.49540040550621
148,0.31310885951912926,921.0408799049901,47.29681926990455
149,0.3151991603466065,917.347577078763,45.543400393468254
150,0.317288667284839,912.0659024692785,38.77843495482107
151,0.31938044185106124,903.1668105310478,45.633286403507185
152,0.3214783648369702,900.047276244996,52.5758986960898
153,0.3235785211189416,889.200445485556,49.12543020578606
154,0.32566935894833426,881.5578064412665,45.89295178167613
155,0.32776077751211374,871.6708990902979,39.234472679368785
156,0.3298523230655558,866.9407258884452,48.571607555904386
157,0.3319485433973702,861.6977659959475,55.7766786479053
158,0.33404540358127904,855.3086349427484,57.3461031276244
159,0.33613494177837844,849.5551601608497,47.30352214343533
160,0.3382313832787478,841.8464008723163,55.099405879887364
161,0.3403308518124324,834.9246086181207,47.38802250209997
162,0.3424246601457981,828.8633164552618,54.528921191474566
163,0.3445197272986724,823.2916191636563,41.13527068846917
164,0.3466158524641983,820.120332950757,53.2483375820767
165,0.3487089916477683,809.66324494885,41.22884332623481
166,0.35080114560367615,804.8466789601864,52.785982421146144
167,0.35289356821720286,800.4952005071473,32.397994222735065
168,0.3549881110219297,793.44955659951,45.503886544635655
169,0.35708559248027844,791.2050646313082,41.80496306329511
170,0.3591813496003593,784.7528616028118,42.228490732255246
171,0.3612749400626811,777.0155876733314,48.792277978368276
172,0.3633693413142722,773.807138969321,44.10582201701228
173,0.3654632219855477,766.3819781087948,45.89025293490631
174,0.3675603773529471,762.4196461384231,41.53902328713663
175,0.36965434919829326,757.5653102897317,43.47910524389855
176,0.3717418094879197,751.4205544215932,38.943351491110064
177,0.37383404253825586,747.3557394748964,43.85068909099741
178,0.3759308579415973,745.6208071974173,44.2181675484712
179,0.37802985088946095,737.438852994805,49.99201702837053
180,0.3801213498834686,733.8002034820739,44.47921987763069
181,0.38221306010699313,732.0906768813297,48.71546912306291
182,0.3843141376638833,722.4181048033361,44.16920028221487
183,0.3864096355836929,719.7486804729162,41.34280317915289
184,0.388502907295756,715.5171536577744,47.459466279720466
185,0.39059769208540335,710.8133643728745,53.266609257152574
186,0.3926958121232196,706.3662475707945,43.86636289440176
187,0.39478921808384226,703.5838018170084,37.569443382203715
188,0.39687821409975554,697.7561055132467,41.79825627728725
189,0.39897073627813356,694.0594935355244,46.48554045070439
190,0.401067192451382,690.4646530004417,52.72908346087975
191,0.40316228148056854,683.7879625646626,44.82309290408742
192,0.4052546340249366,680.8181347810893,44.29298467855115
193,0.4073499183903822,678.3883411791508,42.26188938355008
194,0.4094468722071623,674.1739408559541,46.31029343707308
195,0.41154432885897757,672.1466711368986,44.02018277784223
196,0.41363408239228544,665.1835279773376,41.19473578972889
197,0.41572494638156243,661.4726712762808,37.39324287145382
198,0.41782181997781404,657.1586562253158,50.554869216006644
199,0.4199166506307261,651.6539354826373,38.24950867539618
200,0.4220107143757513,650.2678882398932,41.30061833945755
201,0.42410542949066876,646.2733154358565,45.2036302675437
202,0.4262013850195404,643.6584542541683,41.30553359770687
203,0.4282955296445312,640.6768089749675,49.29672874729086
204,0.430391806688861,636.9922249038224,43.066554637632564
205,0.432488575457924,633.5840981778363,44.28976226291913
206,0.4345806090039814,628.9581129854472,43.71259778999201
207,0.43667244097425384,628.0401287777785,49.907870373011406
208,0.4387671492209622,623.9453545327258,37.15570400839378
209,0.4408622534544343,621.322190435835,38.382112040431004
210,0.44295516415095815,619.4151814891218,38.369575996573346
211,0.4450482683181851,613.4201091424742,43.21440429507133
212,0.44714683875742495,610.990690765969,42.43328524666407
213,0.44924362280569813,608.8469729850003,36.71093829215916
214,0.4513338633316258,605.4494192739481,39.41147510071414
215,0.45342753643259276,600.1914027952294,39.627640967369246
216,0.45552189548586586,596.9493957516787,42.10733145539397
217,0.45761716616081083,597.1767706115036,36.7422178309106
218,0.4597117909764672,590.5000087875887,41.575454028728586
219,0.4618031890496857,586.5090332957947,33.20800495175534
220,0.4638995470730997,588.0548587003368,43.12586680415204
221,0.4659948171464902,583.9709961603174,41.61808258338041
222,0.46808929446972725,580.048062203533,38.112188716768834
223,0.47018492649495636,577.9763387839758,39.94142539113997
224,0.4722792778491551,576.14998474573,41.88837386229809
225,0.47437272572904565,573.4613720885862,45.0444580027392
226,0.47646593372141327,569.8816797776215,37.47527458800373
227,0.47856230727426236,565.7126706942081,37.5178089452429
228,0.48065904058976644,564.2744269248896,37.21043996508288
229,0.4827512226177774,560.5853172147799,34.40403399614076
230,0.4848441163240575,558.6330116592677,39.30051573078523
231,0.4869397730506266,556.1500863291894,39.01541743361211
232,0.48903678813400875,555.2862535342974,33.44861374602246
233,0.49113096964965397,550.1868131960882,35.35122679617597
234,0.49322332174786626,549.4765108045473,38.88204089392211
235,0.4953187148676145,546.6905807231141,40.23201423056176
236,0.49741120358770496,544.7788828606657,43.12283703998322
237,0.49950082345999325,540.3084295423433,37.56831517981729
238,0.5015952506837275,538.3673761085596,36.99577511716021
239,0.5036919972981919,537.8268216684511,33.45231577531076
240,0.5057872116617207,535.8360684299544,37.28033025754647
241,0.5078828569897101,532.9794324069467,36.03539986025823
242,0.5099793452386306,529.8038702770216,34.15350160953549
243,0.5120767256379639,528.0754052906127,36.25098817432525
244,0.5141702395931294,526.1377126162947,35.969791315981496
245,0.51626132102766,523.4543676955027,34.44770818884575
246,0.5183576899265504,520.8019288261014,36.93646129762404
247,0.5204524416424112,518.8991882078392,39.4591092223709
248,0.5225430403510469,516.3995014698521,35.18360395476198
249,0.5246378991347941,514.1145255917772,33.19614349295695
250,0.5267345150769579,511.14425564261524,37.701111262303804
251,0.5288284644781793,508.7138567389916,33.9731859331683
252,0.5309200047543352,506.4843232277625,37.982682770476245
253,0.5330154787982235,505.82545319571335,34.799863363596465
254,0.5351140455458262,502.77703848372744,39.50030966318143
255,0.5372066203065362,501.4847257916409,34.62877730097282
256,0.5392991990272246,499.5107415712777,34.939476733134185
257,0.5413944118270408,496.5712733642969,33.669696158098034
258,0.5434881995106379,495.6748973170729,34.601046575071734
259,0.5455829952492127,495.25434598843236,33.319656254554374
260,0.5476769745662954,492.156176848171,32.75247006863979
261,0.5497697255495043,490.70102717522025,35.22239351219016
262,0.5518645446467839,488.8050933180773,35.17525159034566
263,0.5539598571350287,487.2263199645036,35.350997209824335
264,0.5560564538950566,484.4597759247124,31.86977187385586
265,0.5581500505101624,481.9735738657854,35.113623843716596
266,0.5602409063261653,479.3192350296993,39.034195913552125
267,0.5623379637803174,478.9109296408172,34.92635605499167
268,0.5644363283026402,477.02032528210185,32.53984588737115
269,0.5665273824761494,474.682303044783,33.151249715349266
270,0.568621249018378,472.4146521605369,31.081665167090595
271,0.5707181447612965,471.52088617223274,33.97237656407985
272,0.5728127938597997,469.88998686985457,32.117269570321795
273,0.5749070881546879,468.19523227408206,34.85469433084917
274,0.5769991470923068,467.2376201236044,33.675064037989316
275,0.5790956911760897,464.9628753050282,30.74938924567903
276,0.5811893306261757,463.6636011538597,33.074310558056645
277,0.5832802267374103,462.1813000706468,34.53026984154553
278,0.5853761830306536,460.4831892354749,31.61402393479427
279,0.5874711784415975,457.19970894111185,29.485363986940232
280,0.5895653958899879,456.8933212141971,34.294411051499196
281,0.591659786459685,455.4583829821046,29.515120089087457
282,0.5937551851921442,452.51817867655603,31.292297243576975
283,0.5958498092767481,451.6879677041192,35.38775460084786
284,0.5979447066705442,448.8440233222498,27.500480616159983
285,0.6000383505174957,449.2007260853769,28.529007968218952
286,0.6021313016181767,447.14198491951373,27.994708944805623
287,0.6042246965556944,445.19549877509115,28.06482796731963
288,0.6063189733697846,443.37636566984077,33.92895636336696
289,0.6084147213727373,443.60801207802285,32.84437793840645
290,0.6105090855473989,440.1730787182052,31.464593769199887
291,0.6126037649785722,438.9640276743063,29.895684940334963
292,0.6147002391370655,438.33673855152585,32.684316591631415
293,0.616794938930829,435.8599793751541,26.88278624896119
294,0.6188886865784012,436.4621110836756,29.235210066022695
295,0.6209825762252046,434.29999445123445,32.68525260568719
296,0.6230764414889526,432.5528153993964,34.66114043098318
297,0.6251725389343245,430.2205554062856,28.24587531540166
298,0.627266923011265,430.2686821553988,28.580908557112956
299,0.6293596211388142,428.9632196211081,30.706824692768993
300,0.6314513250607457,426.1170562127469,34.64951681396146
301,0.6335475720513941,424.2949870310376,26.941548078426734
302,0.6356444982495617,423.1486011799269,30.53146024758348
303,0.6377358562255245,422.37667262767155,29.739400433220442
304,0.6398302949107263,420.56531597260835,28.336759918166166
305,0.6419256185614247,419.19290597085086,27.259261127594794
306,0.6440214843206593,418.3632252833006,30.16810140202838
307,0.6461142033434962,417.0364134852665,32.07794186909307
308,0.6482061138478032,415.3964673318687,27.743130095602627
309,0.6503020867345045,413.97519043030246,29.91461143757011
310,0.652398185537932,412.8597602260849,27.816621308155007
311,0.6544932048530038,411.58664323022765,28.160306984813428
312,0.6565867871776386,411.23500165737556,31.947890500397335
313,0.6586827890115348,410.70725890604837,27.083120319878283
314,0.6607793300725506,408.3244373190827,30.787035305816712
315,0.6628724964198541,406.38103216048745,29.67057091511204
316,0.6649654402217313,406.1512663059405,31.306592664645574
317,0.667059865407609,404.1838280757301,30.688980226088958
318,0.6691532523078332,402.5732661498195,29.97492003981371
319,0.6712457992597233,401.86105457083283,28.363802956994324
320,0.6733390782258323,401.3255495852369,27.128246599386664
321,0.6754367503383576,400.2026565153687,26.95181295935631
322,0.6775335143160066,398.3162048210755,29.45956322295007
323,0.679624621064033,396.5157672135776,25.62375000414973
324,0.6817180292738917,396.79463732611936,28.04364167465249
325,0.6838149015047629,394.6763065366065,27.041481513821616
326,0.6859101434268815,393.7285436703428,25.814246944647586
327,0.6880046468184081,392.9489802690648,28.205573909466153
328,0.6900999637264865,391.2613570091538,24.525695885247078
329,0.6921965733216279,390.41202444321993,25.758874819442926
330,0.6942884945981568,389.11485487977575,28.193481324434625
331,0.6963781649531228,387.6911261338028,26.3858168101135
332,0.6984747371200234,386.5966743662278,26.489632264614315
333,0.7005690388882679,385.8907619730289,27.972963946228287
334,0.7026621579778546,383.97621427472643,27.403102265514974
335,0.704757268847954,383.5283807617353,26.081813251712482
336,0.7068509057629639,382.8083699999485,29.110306708200916
337,0.708945644402387,381.058228054056,26.40807479182644
338,0.7110406815970572,380.6493055115256,26.8531364482499
339,0.7131372373036142,378.9865420242135,26.038215530450223
340,0.7152323589250973,377.6436443841203,25.46424360908895
341,0.7173245162021571,377.1254023247774,26.864289829959624
342,0.7194199711852413,375.9966147490383,23.242126238709595
343,0.7215151322330351,375.0894324026708,27.118458829349407
344,0.7236102334592447,373.8202036140403,25.452535660586083
345,0.7257047129497166,373.35485488018634,26.967857070562186
346,0.7277958825256088,372.6463709355529,28.238057942830626
347,0.7298900912292255,369.7844226835206,24.87794878370102
348,0.7319867159780691,369.6094923539962,28.01845691719927
349,0.7340808521059053,368.57651847650493,24.753980190510738
350,0.7361738853270124,367.26959352076045,24.62055857866721
351,0.7382682123604443,366.8849884485305,26.494073755208362
352,0.7403641944498084,365.26974231235096,24.846919139597684
353,0.7424576311971561,364.367611035886,23.790708074882293
354,0.7445523870480827,363.7677217315643,24.806732388931373
355,0.7466478284648128,362.9271993341621,24.915941341397787
356,0.7487413917548734,362.05082810251974,25.68892060521338
357,0.7508354594737505,361.34203838182054,23.271042686303552
358,0.7529278056847568,360.35780519721163,23.67419045399764
359,0.7550230257904859,359.1855883988788,23.858426355386722
360,0.7571167923480437,358.2362651104728,25.464622016643897
361,0.7592113317151179,357.4147844605065,24.322957581520647
362,0.7613074731933067,356.5647282661203,21.603009747331164
363,0.7634009581307508,355.9693104600822,25.25506310399833
364,0.7654969266569684,354.30403392055376,24.87355747325046
365,0.7675905899780763,353.7024026833238,25.467284621443145
366,0.7696837880547684,352.67353187290934,22.294337041085406
367,0.7717795008463626,351.52148119819793,25.311952008153185
368,0.7738757788346248,350.63461328105774,22.86526386618824
369,0.7759706260990727,350.33328721815474,22.958461143723156
370,0.7780620795267656,349.48066487370335,25.800081375026704
371,0.7801559906208961,348.0289554874923,23.95987731298278
372,0.7822523136569128,347.41208331324833,23.742799635732734
373,0.7843481481853999,346.4191615350846,22.810197816995608
374,0.7864425511046899,346.41491992664214,24.630897365703994
375,0.7885343495966205,345.0478055454799,23.80115036737102
376,0.7906286372458883,344.0956918230843,21.948256675319186
377,0.7927244345313397,343.2345687327097,24.209398311157653
378,0.794818005513127,342.55657675779213,22.860253827387115
379,0.7969121491149282,340.9721319101771,23.442950152887708
380,0.7990047112993173,340.844048102167,23.152872844583296
381,0.8010984966914405,339.62220215038855,25.834489734787326
382,0.8031950165575023,338.40575685009304,24.55668711978094
383,0.8052905677217739,338.3102902683713,23.15982131595103
384,0.8073868841230295,337.95149315197295,23.46466315978052
385,0.8094800557409162,336.17541978403983,24.90816974326355
386,0.8115724907946299,335.2844872077489,20.772247806131006
387,0.8136674854006812,334.48091377298607,25.25478687196651
388,0.8157633267681768,334.1588628197882,22.901751294229335
389,0.8178572815764139,333.3046747713368,25.75798931187478
390,0.8199509017046862,332.5877821254464,20.793263170393683
391,0.8220464110750062,332.3341393566787,23.623435320367758
392,0.8241406544737637,331.1753798781626,20.77160546036676
393,0.8262328397247414,330.39572805267227,21.297124414434947
394,0.8283269471334518,329.8675140133157,22.990354670984654
395,0.8304231064697798,328.8899872471171,20.082101928874565
396,0.8325161683796762,327.4334885732521,23.9757121333847
397,0.8346105557242035,327.1964491415359,22.922370670439246
398,0.8367059794413102,326.13999364404765,21.526006306028798
399,0.8388002445604258,325.7253130863244,20.305256825789055
400,0.8408960756111226,324.5036306051595,21.646274770563853
401,0.8429905652842218,324.39313688618745,23.815499058624006
402,0.84508401313589,323.2716982942918,21.804272768124513
403,0.8471791713809247,322.66136429697997,22.66042911368081
404,0.8492743362825239,321.9376853969232,22.170308504514253
405,0.8513668888602299,321.22455350112506,23.378159255588148
406,0.8534589296280589,320.92033783289816,21.691980673116706
407,0.8555558405338324,319.6984971959796,24.572326630951707
408,0.8576516874123633,319.52090744174296,22.749272665024016
409,0.859744590599333,318.5947632695367,21.927363892958695
410,0.8618400547669827,317.7184707385814,21.010450746704535
411,0.8639350434441438,317.0738329988218,19.483867068905766
412,0.8660280248974203,316.20083820406415,23.635491581744905
413,0.8681201347325478,315.5149240483133,21.33990477617172
414,0.8702157283801463,314.14310318045096,20.043338468791692
415,0.872310621353091,314.5226931440988,20.867690849190357
416,0.8744020359703552,313.2842350619467,21.862865446632956
417,0.8764972088477568,312.5611821647906,19.85183368032533
418,0.878592835994214,312.6241286276489,23.14010907232423
419,0.8806870131084201,311.9656152867409,21.008912095204685
420,0.8827812802431019,310.80436570841664,21.637955077368634
421,0.884877279658285,310.47676709049153,19.537768204083292
422,0.8869730004154345,310.1806254218099,20.612361740631552
423,0.8890661750433553,309.02063211167297,22.182592129797644
424,0.891161435679344,308.2923536544975,21.58103920995752
425,0.8932577960179496,307.8239733083229,20.480755311586
426,0.8953527392107627,307.2801227236269,21.46635982240488
427,0.8974462460666859,306.2303787205271,22.344487141046756
428,0.899539340962409,305.6175150887352,22.170749636215877
429,0.9016318169027592,305.01463854689473,20.42941639236542
430,0.9037252249745606,304.00025648946445,19.745822150324436
431,0.9058199443223193,303.8534450951506,20.992698787484336
432,0.907915243986348,303.4743193134872,19.84153153626673
433,0.9100128049501981,302.5028594717767,20.25767107400726
434,0.9121059966002629,301.979436994864,19.691153318058852
435,0.9141972861830797,301.27154436498085,21.046494606942108
436,0.9162932496702593,300.4750923193644,20.71960378965597
437,0.9183878012752863,299.67936109411943,20.25517091740459
438,0.9204823185419505,298.8598169013892,19.000319774751613
439,0.9225773629784582,298.4325024625235,20.11135060921261
440,0.9246718174739146,298.3975687832757,21.078624592585935
441,0.926766211900197,297.82556765898835,19.467271127463658
442,0.9288591582540804,296.7166626820068,20.13249173279673
443,0.9309526610700547,296.08929484601725,19.54384879095544
444,0.9330479303067369,295.94679085861833,21.303311894101967
445,0.9351433527997749,294.92089774109877,20.75425940724047
446,0.9372383527365933,295.0199407086791,19.65468945648223
447,0.939329757499591,294.001132402243,19.38298990001145
448,0.9414230571985791,293.1672747188672,19.05597395744486
449,0.9435210054806012,293.05239845633633,21.366898269779753
450,0.9456162503172072,291.917782103019,20.617458801961252
451,0.9477100092887099,291.61006884837497,19.28354933291065
452,0.9498046323041349,290.66499808621046,20.8642081583402
453,0.9518991548408083,290.45514660832737,19.951572478032677
454,0.9539929332702277,289.8645313670764,19.710487553378137
455,0.9560874898052096,289.6594910636681,18.603675967214173
456,0.9581824530689178,288.6408360217956,19.76267107958505
457,0.9602770371571748,288.3698693503513,21.24499108682766
458,0.9623710723241273,287.62633643134524,18.812181482290107
459,0.9644648349083941,287.4832758005438,19.383806732366118
460,0.966557887379011,286.7671642973828,19.526083876477838
461,0.9686513195291268,286.2260636322738,20.08244245182522
462,0.9707470393683869,285.3164128066206,19.405689425665514
463,0.9728419987888902,285.12355349589444,19.57518323369022
464,0.9749363451418961,284.6939020353467,20.327383213560363
465,0.9770319720978949,283.399491566326,19.649819019987046
466,0.9791260608689247,283.43871100583897,20.429550355930242
467,0.981219993418123,282.7770337672625,18.921876572386246
468,0.9833154848012966,281.94968272812935,20.607021665045245
469,0.985409217900734,281.6215999247059,20.855668948306374
470,0.9875034929558208,280.770323645511,19.76143286855198
471,0.989598845059814,280.3200400604528,19.19064226024553
472,0.9916925524589582,280.1411476202002,19.31033209047891
473,0.9937866222530743,279.3580022426652,19.778401276918324
474,0.9958822538585521,278.87405582227575,19.473515950119108
475,0.9979763461234663,278.38050347890646,20.033908364173787
476,1.0000687382803208,278.1306175718686,19.596462867730246
477,1.0021620574674717,277.5566443415654,19.30826817127336
478,1.0042566040705312,277.1259726262576,20.276251685517177
479,1.0063510481087232,275.92991154107085,18.557453654869988
480,1.0084458017147504,276.0669232557142,19.581497875383622
481,1.0105412449330358,275.828579583188,20.7492004475059
482,1.0126363206852906,274.72760134132295,18.593558723689977
483,1.014731689048677,274.30083963680266,20.127922139774416
484,1.0168251811607234,273.91027479405045,19.16151334398607
485,1.0189183181794257,273.126122581199,19.221860637438375
486,1.0210135131858313,273.2810060842544,20.203321393900545
487,1.023107899818119,272.4006227800641,18.4962434651263
488,1.0252035642142994,272.2275036447169,19.20745548157518
489,1.0272979326699727,271.91581859502827,18.256355096025235
490,1.0293915165160124,271.0377727418765,19.90473722137854
491,1.0314862118776227,270.88301127717614,19.48484897367135
492,1.0335813276438528,269.90820872996596,19.935211912952703
493,1.0356760372494827,269.7844090020955,18.918169292089516
494,1.0377697665518313,269.15018603779356,19.27142582624083
495,1.0398635542890804,268.7170902043744,19.529439308465236
496,1.0419580022733907,268.23639350989134,18.691821853531437
497,1.0440530837182007,267.82952309055867,19.623384365931486
498,1.0461463909219801,267.6224067796235,21.006313997424517
499,1.048241289239942,266.6134883916011,18.296291873803323
500,1.0503346504195201,266.27982058715077,19.569672087088144
501,1.0524278880438542,265.88905506300085,19.291462786088086
502,1.0545231057279465,265.53783843738967,19.31006341285123
503,1.0566172205725972,265.11812798081246,18.828092606713263
504,1.0587125681053644,264.94257962821786,19.53630871987248
505,1.060806974942881,264.1770003231173,20.457801345380073
506,1.062900937291859,263.6884340707412,19.332543136943276
507,1.0649968400029963,263.27577578867,20.76165338280324
508,1.0670917748856612,262.94477782343245,19.96964404170812
509,1.0691837840599538,262.3655080810287,19.61287131483673
510,1.0712784055790137,261.8279152260769,20.734895177874023
511,1.0733741944109443,261.2363274740958,19.40425534260238
512,1.0754689143080451,261.24655505293094,20.554936376370733
513,1.0775625935653539,260.4405185629599,19.13143148030294
514,1.079656551776009,260.08871945602027,20.29845249402548
515,1.081751759033872,259.7430065923026,20.406083068814674
516,1.0838450038800544,259.25712913474104,20.207142772737285
517,1.0859393346043436,258.91808068797866,19.862199212694065
518,1.0880340737032612,258.62459990038434,19.670988652942597
519,1.0901280973397867,258.1058575080973,20.125704215456036
520,1.0922232205093443,257.622985911243,19.936415503810625
521,1.0943183198095006,257.70369820521364,20.519351721620183
522,1.0964124680620808,256.9158975752763,19.387701608375135
523,1.0985066965945804,256.544557288667,20.01908493574706
524,1.1006022506925348,256.16642623034204,21.548569026317285
525,1.1026960746069068,255.72070086311058,20.929638403540913
526,1.104789420523433,255.42133999142334,19.544951151620175
527,1.1068841457204943,255.04525019291037,20.89963908076374
528,1.1089772649904681,254.52057868143623,20.692293057465093
529,1.1110723868790173,254.27239049371155,20.482333545136512
530,1.113168427194727,253.8517458236184,19.76752345121407
531,1.1152626776337078,253.31118932306396,20.58642382940541
532,1.1173574051129724,252.91383686211006,20.86478867809102
533,1.119450573697561,252.58506007487057,20.70970220015072
534,1.1215436337779248,251.65975642489863,20.572871140351022
535,1.1236390334415942,251.9644286311169,20.192806186614458
536,1.1257332200225998,251.41088834488272,20.09700254882437
537,1.1278283378211404,251.1229063494095,21.852827072195126
538,1.1299238131648552,250.43614713723622,21.48770497847355
539,1.132017447124327,250.11069062955005,20.353862382532153
540,1.134110650036949,250.01174171312675,21.070332054335807
541,1.1362036259959787,249.52707052367484,20.26218033592982
542,1.1382991427598659,248.92191471798915,20.05161583817278
543,1.1403936066737896,248.74222236530719,21.17467695289898
544,1.1424878264606209,248.11714673368292,20.396254744438508
545,1.1445836717483504,247.9240056652366,21.293155658778055
546,1.1466778755714095,247.4076100879698,21.426692367245458
547,1.1487715351237628,247.22559018891775,20.257633757279
548,1.1508672245306748,247.02965699248332,20.555628144758757
549,1.152961670034179,246.74583569152605,21.140029085082656
550,1.1550551275418117,246.25389757063297,21.677515807477086
551,1.1571500620004906,245.65290643648063,21.457378400662897
552,1.1592451155989445,245.10813324596307,21.563272264570948
553,1.1613401484055899,245.55357442340318,22.67541176216956
554,1.1634328135986687,244.78867659119842,22.391067432087876
555,1.1655280225544649,244.36177312127975,22.65172042212868
556,1.1676232414157608,244.1318638830746,23.31106419803852
557,1.1697157183635434,243.52509248084115,21.10046732175506
558,1.171809765164966,243.35750748150411,22.340481431847067
559,1.1739036754657965,243.14188912263708,22.30613488872414
560,1.1759974618047027,243.03665707559978,22.91830972685539
561,1.1780927342002254,242.3330834639994,21.766636495454065
562,1.1801886215978319,242.0373033875982,21.32383528967053
563,1.1822824649467334,241.72932964118746,21.9158996171979
564,1.1843777187054296,241.25058793528632,22.851634582850544
565,1.1864731317277017,241.0805551327068,22.887680744377104
566,1.1885662199882188,240.94147578366778,23.49249367868458
567,1.1906603290984812,240.38518458499894,22.953475681486616
568,1.1927560449071208,239.98235888995507,22.795117545344276
569,1.1948501301675682,239.5412338520597,23.65334004558432
570,1.196942866326464,239.41336147225527,24.34263885935016
571,1.1990363434731066,239.12137903621078,22.068369000669012
572,1.2011315528209288,238.72292847895812,23.82416780878705
573,1.2032252726398727,238.1118294644154,22.76270842747132
574,1.205319131714267,238.39980340846827,24.439448759499463
575,1.2074143429200774,238.1243773705762,23.061087821868803
576,1.2095073316728018,237.5408393106641,23.555206680885366
577,1.211602159357548,237.26730319273224,23.705964223699567
578,1.2136984428310558,237.012468128439,24.630128757719934
579,1.2157943340364452,236.58614935434545,25.169788622654437
580,1.217888268816351,236.1019051931048,25.288476761525878
581,1.2199821909033837,236.00345040648295,24.216992635047966
582,1.2220779372220854,235.66642565897862,24.84634431781658
583,1.2241720630448372,235.7372598113341,24.677914787906733
584,1.2262656486341297,235.1417439088374,25.696761694428904
585,1.2283602712023978,234.87848447876593,25.702783895978556
586,1.230453847781421,234.88666019936244,24.39394722852936
587,1.2325484279288663,234.39804862395044,25.20050163677759
588,1.2346427330328844,234.11666681153648,25.238339222511037
589,1.2367368340043534,233.54262445596584,24.94860080933482
590,1.2388320989568682,233.46974327194636,26.005917751064665
591,1.2409254956441091,233.2133904910365,25.67711910094434
592,1.2430201387037565,233.10914275665058,25.299975363213537
593,1.2451147141570293,232.7060988979259,25.576052117919968
594,1.2472087367784284,232.39621893320466,26.602762160762467
595,1.249302614173833,231.99038173369948,25.52792062586851
596,1.2513971052845823,231.840395717139,27.18927971787509
597,1.2534931066319515,231.80767619810595,26.787566379813732
598,1.2555863817711985,231.19153275835504,26.431812109245243
599,1.257678969059161,230.96994363230914,27.307076128448937
600,1.2597748382104277,230.77947425475128,26.896894023941922
601,1.2618698898493887,230.85751609038266,27.122316604700927
602,1.2639640740660565,230.13521795789143,27.249049194040747
603,1.266059176034634,230.00602116364465,27.026958987909676
604,1.26815329738596,229.91854955919976,27.173326937069227
605,1.2702469827768745,229.7935351337149,27.46738609552552
606,1.272341439773769,229.05475234746177,27.933099769848003
607,1.2744361591580655,228.98370244762077,27.695899329944726
608,1.2765301570381213,228.58367419991131,28.227086469033384
609,1.2786243195908502,228.86586730495964,29.337750135392582
610,1.2807201779848052,228.52293109074103,28.133892290333602
611,1.2828149770647865,228.02934510278567,28.719786508366774
612,1.28490831046805,227.845502832155,28.2357164690408
613,1.2870024746125797,227.7751745883074,29.266204297421435
614,1.2890960788179595,227.4227842960252,28.48344914922174
615,1.2911903407610128,227.43042392500246,28.89059793445683
616,1.2932847299377603,227.08240712421983,30.104650786140567
617,1.295379834193548,227.00562974878073,29.309379113615464
618,1.2974743412448833,227.0720465268347,30.890042398503752
619,1.299568838606027,226.33492095127798,30.543077598594117
620,1.3016640567270552,225.8186214260965,29.678516554665762
621,1.3037578272673165,225.66648487805028,31.047903985919767
622,1.3058518980796576,225.47968132245018,30.115897103282446
623,1.3079469520711469,225.661736469829,31.444590885582894
624,1.3100414674631762,225.15989103389387,30.92849780021083
625,1.3121343419146885,225.22962188422142,32.202351651096045
626,1.3142291157646366,224.91139682681805,31.3562100701495
627,1.3163249547628966,224.578733133852,32.05398790620842
628,1.3184204308819243,224.666034476649,32.88467345808927
629,1.320514045081714,224.00170612326858,31.886079344064875
630,1.322607731116918,224.16763942946088,32.285827280526924
631,1.3247030067977636,223.71779661577833,32.87290086336691
632,1.3267964975071294,223.95546381695067,33.33163286087111
633,1.3288900457896358,223.67094322155305,33.14602016595926
634,1.3309846323229146,223.29771025845392,33.85316381365879
635,1.3330795391690438,223.45873812782213,33.2427218314591
636,1.335173949560825,222.99983322727547,33.38768722728298
637,1.3372672428845813,222.99457197015894,33.94336041627013
638,1.3393616502777206,222.8964743594578,34.721762533848285
639,1.3414564546808454,222.4872778171594,35.34717456749032
640,1.3435497634465539,222.3431767588558,35.41735836384028
641,1.3456439095281743,222.05246793235168,35.15343507479019
642,1.3477398961804745,222.05527344038356,35.4296132468189
643,1.3498356331361778,222.04062649662862,36.32784985336541
644,1.3519291222201564,221.81338896919695,35.655351348964565
645,1.3540221824451044,221.46013062549315,36.47473159227061
646,1.3561174165883387,221.72642360093417,37.57893583234152
647,1.3582118000666776,221.1950902178457,37.063012293782336
648,1.360305548489477,220.9952304881836,38.00686782709378
649,1.3624016471705516,220.96149928266826,36.58908365533896
650,1.364496581524498,220.9790722301231,37.96157451333628
651,1.366589927521404,220.7144699334374,38.08213058028346
652,1.3686839345616666,220.61606501154864,38.29097753298961
653,1.3707785136744248,220.55174001021643,38.71917880610521
654,1.3728736781569988,220.38015353106272,39.5996868716863
655,1.3749673745335222,219.90185310558775,39.662370203030456
656,1.3770602631292597,220.06413798286513,39.532293108126396
657,1.379155717578164,219.74087337931527,39.94467113569501
658,1.3812508039107998,219.85500506041714,40.14936933618148
659,1.3833453325862841,219.62102413535655,40.91708632200696
660,1.3854396647384786,219.39350511241372,40.42583492381921
661,1.387533616953471,219.5037128582,41.04223425927811
662,1.389628935147901,219.5217464002924,40.899629197304535
663,1.3917230672721894,219.26447015085895,41.79722808813598
664,1.3938172778813163,219.18017702422856,41.43193859076485
665,1.3959128506087028,219.1062564373466,42.93500459520665
666,1.3980069894682674,218.80574319448215,42.66908850603915
667,1.400100032768225,218.92357526336772,42.987081102828256
668,1.4021942273095422,218.68775723174693,44.14682141961674
669,1.4042879724639459,218.7405405097667,43.595100830453006
670,1.4063822250727482,218.52415081063847,44.621105638909064
671,1.4084777998796327,218.43815259340806,44.91190076713639
672,1.4105725454065003,218.37521084011104,45.55325132819774
673,1.412666035757187,218.45364816753258,45.9806662001608
674,1.4147597581950535,218.17694425662128,46.2183177898421
675,1.4168552493745823,218.1334802683392,45.87670340109906
676,1.4189502707585735,217.7962239415553,47.569188011500884
677,1.4210439871962917,218.0055520657325,46.62450158869753
678,1.4231379588066748,217.9568720419965,47.340792970366216
679,1.4252323843784174,217.84538449153214,48.01354902599685
680,1.4273263645812686,217.9414704052515,47.78447617551521
681,1.4294209343777806,217.73750251582504,49.27197714460385
682,1.4315160587565352,217.68603992587745,48.615927088943586
683,1.4336101809254245,217.82922075686912,50.28786796106408
684,1.4357047233292217,217.5459169101904,49.723372732576266
685,1.4377991034950037,217.78372449953147,50.44596640855084
686,1.439893269172154,217.56376300438416,50.795300751065014
687,1.4419870983325702,217.44882719213376,51.16905776454115
688,1.4440820971476513,217.4330412683414,51.72099404801766
689,1.4461780146809415,217.49206715974424,52.761429953750124
690,1.4482723645441788,217.61913963606193,53.06689929600417
691,1.4503661519067539,217.37369733002333,53.188983363282226
692,1.4524608997459605,217.3891172099403,53.917384146418925
693,1.454556191478353,217.4597802159155,54.550813154416154
694,1.4566505605195028,217.1367758688553,54.46361461519574
695,1.4587435672120013,217.52063238625908,55.61648021581344
696,1.460836376274075,217.2358375852291,55.711790530419734
697,1.4629315024559504,217.32297276557438,56.46728396254768
698,1.465026115161985,217.31906540597228,56.54217261286576
699,1.4671201905708728,217.2172292393383,57.93172119896401
700,1.4692142550197365,217.33186329642047,57.467066792869815
701,1.4713085109511452,217.2859478541661,58.41451326942771
702,1.4734040883627781,216.98950060986843,58.48924049412383
703,1.4754983077923518,217.08786784134173,60.03553805216866
704,1.4775927333883283,217.443393478968,59.62022263421761
705,1.479686516386449,217.3753807797077,60.91235584749524
706,1.4817805445745025,217.41381690767716,61.06514804140256
707,1.483876051193717,217.37252108332893,62.07084163115553
708,1.4859713583510508,217.4996545883525,62.56802013401646
709,1.4880662760111125,217.60999904099194,63.29510220351659
710,1.4901603423423662,217.79204271066467,64.54407464085487
711,1.4922546168830801,217.61579139784104,62.91722235472819
712,1.4943493508016918,217.65926272376564,64.72232755783116
713,1.4964436549031517,217.7847061128001,65.0141705176693
714,1.4985372426394363,217.993663808738,66.41467053610897
715,1.5006303537214591,217.8228647566249,67.36687021695363
716,1.5027246941647125,217.87712853620624,67.14929098503411
717,1.5048198674391857,218.1005373947793,67.86692895487478
718,1.5069136003861163,218.10893597095352,69.2863973729735
719,1.5090076377683221,218.22545952256235,68.9425243833755
720,1.5111026723067662,218.12109634926466,69.32461440966973
721,1.5131971028762412,218.41147655029388,71.19622220751398
722,1.5152912609041667,218.467015896678,71.92867426137316
723,1.5173854934463344,218.4160299537485,71.93567589377149
724,1.5194808793753787,218.43200034049894,72.14513071412436
725,1.5215756259285513,218.81823217465873,73.29570902813424
726,1.5236695807770564,218.87568586635473,74.17374424908526
727,1.5257641081783464,218.91883609926117,74.56458705306443
728,1.5278584873608179,218.93873155591174,75.80103852445166
729,1.5299536435991428,219.20022621563703,76.50042157244566
730,1.5320476585044298,219.2152239304698,77.5710443027999
731,1.5341414384393777,219.74465455871083,77.5083027974835
732,1.536236950937659,219.46414115532588,79.78137780979363
733,1.5383317033374695,219.8413859128288,79.36208799953097
734,1.5404255753841434,219.79179598510052,80.44043803568874
735,1.5425198393431812,220.23314159963775,80.73873225328579
736,1.5446136227526486,220.27268213380017,82.36785039943429
737,1.5467072285753283,220.31268062752036,82.45390924600683
738,1.5488013111816905,220.33395498390786,83.44130977844846
739,1.550896674249749,220.77697056611694,84.23659399885867
740,1.552991701547339,220.87276267721248,85.07217097404725
741,1.5550856629518366,221.17654457802706,86.58737225341687
742,1.5571801051512508,221.28248969130757,87.81624501184984
743,1.559274417579796,221.41505628415769,87.04331914180224
744,1.5613691533539047,221.6646735756294,87.95743817156388
745,1.5634631934261796,221.5933487073791,89.63314726426776
746,1.5655577892497892,222.0977297691489,90.44800148854168
747,1.5676527275763066,222.25784386867304,90.96970320249406
748,1.5697461748764228,222.5445667846638,92.3103969720821
749,1.5718402189801153,222.43758925505023,93.08460831779368
750,1.5739346218160084,222.71940716494333,93.85121307478772
751,1.5760295037244485,223.18105520067328,95.954422695616
752,1.5781239238326052,223.383520582981,96.51136288146907
753,1.5802176736109215,223.6640838475722,96.89950883610855
754,1.5823123941098438,223.70051067913207,98.16329561106662
755,1.5844068047546922,224.19300460652536,99.19604751151007
756,1.5864996832696292,224.4371817390064,100.44440123975563
757,1.5885944598128996,224.555793084559,100.87765236000243
758,1.5906903325437156,224.91346261263848,101.88609083700368
759,1.592784689092666,225.47849094275088,104.14492903472326
760,1.5948796873290236,225.45121619737915,104.54238694712404
761,1.5969745597395735,225.78697471433725,105.11706856094897
762,1.5990689218084002,225.9494723325573,105.86057504741672
763,1.6011633213632455,226.63625291604586,108.41139719432817
764,1.6032577776043084,226.85709591557696,108.90107401909398
765,1.6053514020964894,226.89788443939963,109.6653526241904
766,1.607445093072501,227.203136860913,111.82634688368177
767,1.6095393086936036,227.46287193699393,109.0048440182033
768,1.6116336711357766,227.02466717993067,102.35906521586084
769,1.6137279918528686,226.73095865590324,95.94479448282502
770,1.6158221116449558,226.7737053339458,91.21911882371933
771,1.6179176229648538,226.275908249785,84.68540358582568
772,1.6200131612431772,225.97338198654413,79.05170892845105
773,1.6221069236192778,225.8602799235367,73.46367501363841
774,1.6242011307622557,225.6759000654187,67.979945184826
775,1.6262960841945175,225.36254577195146,62.858751940360946
776,1.6283896203498047,225.10703590283103,56.77673101225638
777,1.6304834947928883,224.77267509862452,50.68021028139915
778,1.632578127710653,224.75583791557005,46.77411248548673
779,1.6346731813158608,224.4795025579005,40.879994556166906
780,1.636767172365261,224.4816399412231,35.450317019933536
781,1.6388603779595408,224.19871975923658,30.174681084930672
782,1.6409563605892468,223.8280826117789,25.639457129714437
783,1.643050621284035,223.56291558712414,20.49921718196603
784,1.645144102645386,223.48688179798745,14.753531608168762
785,1.6472395726584623,223.1834433271891,10.25258470240174
786,1.6493331318477138,223.33140081662444,5.149895159349114
787,1.6514277435583298,222.8500525569876,-0.3742575372975229
788,1.6535225655624404,222.96336706728667,-4.276070911454959
789,1.655616100487628,222.60694686139638,-8.703101518624978
790,1.6577106071833263,222.34068669808096,-13.89861535261452
791,1.6598050724476994,221.97763746994593,-18.867743322814224
792,1.6619001395524664,222.2190812949382,-22.56903586223627
793,1.6639948642035431,221.76571785936255,-28.30758281456554
794,1.6660882997554614,221.5513668947184,-32.782747561619146
795,1.6681827329415837,221.68866474512,-36.453160632353
796,1.6702780557373313,221.30612318756852,-42.02291392926023
797,1.6723710846745943,221.1524206835716,-45.61261373443111
798,1.6744651718920411,220.95333672354403,-50.3651876714647
799,1.6765602044792516,220.64702446470383,-54.25043861282908
800,1.6786535596079524,220.41925924130973,-58.41447023150105
801,1.6807491745425278,220.53322017403946,-63.297114592836316
802,1.6828445761171116,220.24658335421694,-66.90328637682101
803,1.6849386388007168,220.17443284203463,-71.06569019986948
804,1.6870339476475265,219.9188586893676,-75.47766481569657
805,1.6891280758541645,219.61646451529563,-79.11452078540306
806,1.691221272327691,219.588555085363,-83.08002889752902
807,1.6933141346742315,219.38748727277817,-87.11437407200447
808,1.6954090930463133,219.34919433603338,-90.89670680664645
809,1.6975047078021417,219.35165841549053,-94.73999429553831
810,1.6995991246970055,219.06478381705944,-99.22588006393136
811,1.7016934918813407,218.88791895051315,-102.91457726669654
812,1.703786903721137,218.84816699468374,-106.4182765189397
813,1.7058818292953146,218.54112905213893,-110.67556868512996
814,1.7079768740006063,218.5366905347233,-113.6524050339513
815,1.710070845319196,218.28230883059126,-117.9396542139238
816,1.7121645316176712,218.30213183035409,-121.65476263864555
817,1.7142597272321454,218.1116274814222,-125.1606993954316
818,1.7163549406546734,217.89765498658062,-128.4045031990557
819,1.7184482195940645,217.78030572996153,-132.4857978839713
820,1.7205423072627637,217.60928033746367,-135.91538941004399
821,1.7226374847113666,217.61395211039942,-139.77197989613308
822,1.7247323233526113,217.26891486839284,-142.8811696366798
823,1.7268266901810085,217.2103608492104,-146.21112624530016
824,1.72892134476467,217.07849098222778,-149.38470349833065
825,1.7310153629662073,217.0051681096844,-153.18589969268393
826,1.7331087353021186,217.17903683353612,-156.47084523563484
827,1.7352028820270462,216.9121606623595,-159.34651696241613
828,1.737297419510233,216.77988660897174,-163.581548395837
829,1.7393924268721555,216.73412565749518,-166.10551946529745
830,1.7414865202316776,216.5841784298913,-169.77646375234326
831,1.7435798385311778,216.3022593383425,-172.63518388725697
832,1.7456747741592018,216.353892207767,-176.18123016624193
833,1.7477707733578058,216.38630608262451,-178.52405674150063
834,1.7498644151299778,216.15986561058565,-181.86606311834535
835,1.7519579294274097,215.79505224976808,-184.3911615984857
836,1.754052537005875,216.0516440886013,-188.07426396366702
837,1.756146014277543,215.73073925777126,-191.2026409409917
838,1.7582399685899122,215.784977977948,-194.19595489093803
839,1.760335124398212,215.59272136921953,-197.49966180450912
840,1.7624306374180432,215.31489721049354,-199.8380126129501
841,1.764524733445493,215.54581441464484,-202.75907144122846
842,1.7666195957988082,215.44302335240255,-205.27047695087688
843,1.7687146552767006,215.40896601202647,-208.88029986416748
844,1.7708085687106505,215.19134347581857,-211.58648578227152
845,1.7729026984403262,215.3727989109923,-214.39692571271902
846,1.7749968373222131,215.4291683266666,-216.95225007680463
847,1.7770919795414395,215.00709343483004,-219.56835099714826
848,1.7791866891650514,214.98409150262358,-222.5095623379514
849,1.7812805740714612,214.78249592230725,-225.0403203559179
850,1.7833749145944944,214.80841201202514,-228.24417824494785
851,1.7854698174814119,214.76831064365703,-230.42445731448552
852,1.7875649050000997,214.70111708011441,-233.69265943526815
853,1.7896586091751823,214.65758212047285,-236.04424740675614
854,1.7917528105223397,214.68748117791947,-238.75734260046
855,1.7938472619734778,214.44319625980023,-241.68450744713908
856,1.7959410333998334,214.34541573155727,-243.64901647130498
857,1.7980353139963554,214.39534947968605,-246.24271482456948
858,1.8001292949050451,214.24943035143096,-249.14279883619173
859,1.8022240144636215,214.16842275965152,-250.48002705793184
860,1.8043180357006787,214.22905066450787,-253.28819942209455
861,1.8064120149556366,214.3386962012005,-256.8788361721779
862,1.808507216693214,214.28218486433278,-258.59582704118833
863,1.8106012235056632,214.19030777340433,-261.2206731784108
864,1.8126961076333348,214.0641384440641,-263.2887255836948
865,1.8147906359659112,213.70616698081574,-265.7639429337639
866,1.816885013662702,214.05539246897428,-268.79094234778444
867,1.8189799788179999,214.005355625455,-271.2631629079453
868,1.8210733357472892,213.85158883181677,-272.9954440251326
869,1.8231675363973032,213.86553688914532,-275.2495946484205
870,1.8252628639859947,213.7027735289032,-278.1764686391924
871,1.8273578690890415,213.87893243988532,-279.94044601755104
872,1.8294529153678178,213.60397945902875,-282.2169955066644
873,1.8315468366202061,213.90073833771012,-284.9689411139638
874,1.8336403420201965,213.68429234457207,-287.09634546224225
875,1.8357342642631629,213.72667199081948,-289.0469273900296
876,1.837828606636473,213.7258161685079,-291.24506321053184
877,1.8399232687279,213.7650641497333,-294.03580210046465
878,1.8420169361094605,213.64063688778535,-295.8171769270041
879,1.8441103454239045,213.68335579436436,-297.75079847936723
880,1.8462047113551943,213.88762704066335,-299.8055674454722
881,1.848300337583767,213.93999661399363,-302.57693803010164
882,1.850395118058644,213.67531909373602,-303.9573737921873
883,1.8524895015648957,213.4044528265671,-305.9239011424128
884,1.85458435317291,213.78722735616452,-309.2118300886703
885,1.8566786691854407,213.50864703914243,-310.76084801920405
886,1.8587722962005393,213.70451367682523,-312.6979113141196
887,1.8608667292143481,213.6921920237169,-315.0298160639489
888,1.8629623979972338,213.42806173866387,-316.7925045777315
889,1.8650575007618033,213.80533283956865,-318.79052857521873
890,1.8671515757398978,213.98087849110246,-320.56190450223374
891,1.86924567270883,213.88536798732366,-323.2889750143856
892,1.8713402290883943,213.73439604385817,-324.4993740160907
893,1.8734333441485889,214.0448632806365,-327.5315108715699
894,1.8755274569663687,213.93390034004796,-329.3663646413163
895,1.8776226584010878,213.7590049339425,-330.7031118556492
896,1.8797156234954413,213.91964255630177,-333.3710117925059
897,1.8818097674713492,214.0151312619905,-335.0423301579931
898,1.8839051205157094,213.8994114065232,-336.5338445893539
899,1.886000042933448,214.00662689767367,-338.9214584761164
900,1.8880949075451439,214.24151321999489,-340.4809116196311
901,1.8901881584759161,214.10392588788537,-342.74073215175343
902,1.892283217936019,214.07862137446008,-344.46146859047775
903,1.8943782680554568,214.09720600183326,-346.8442205292751
904,1.8964720473710392,214.16321610030383,-347.6559200045558
905,1.8985668668489433,214.37930389756954,-351.04546757492403
906,1.9006612809862096,214.17773855164882,-351.6769646101367
907,1.902755719587151,214.40572453779427,-353.5144772680386
908,1.904849757588545,214.24786252164606,-354.9827194565696
909,1.9069430754605277,214.69743642500393,-356.98802626941455
910,1.9090378340013505,214.3883609891564,-359.141559158173
911,1.9111324914183263,214.5627357873312,-360.89368433960834
912,1.913226965923519,214.65104738546214,-362.279372345641
913,1.915321381331026,214.66758592308102,-364.44689290960173
914,1.9174162748437817,215.0308955179232,-366.8574890810257
915,1.91951096404297,214.90976851877306,-367.63659265177785
916,1.9216039358616672,215.06350044231795,-369.86389446436345
917,1.9236986253914137,214.82356961844138,-371.6301509963276
918,1.9257933066276691,215.16983640684245,-373.50929897275614
919,1.9278873651498682,215.37360966454298,-375.506775386393
920,1.9299807661659822,215.5984746426419,-377.05560350470216
921,1.9320760482648573,215.4352132330109,-378.8836806944768
922,1.934171767524072,215.6549428086523,-379.81330886181576
923,1.9362651059315399,215.7150858394146,-382.52525652188854
924,1.938359138419254,215.81328265448585,-383.9747550023966
925,1.9404538735984294,215.65407518410936,-385.6224625280799
926,1.9425479146608418,215.73577496658075,-386.25162431744565
927,1.9446418189559174,216.4558374408804,-390.0302883629607
928,1.9467371502259871,216.25812882254212,-390.74313455641663
929,1.9488329760684335,216.50044601412318,-392.71407318536626
930,1.9509268120448882,216.5347070421211,-393.87701786103594
931,1.953019609354344,216.66859982485303,-395.7264035558415
932,1.9551147244404972,216.91311448480374,-398.1365531424178
933,1.957209950604826,216.87070644221157,-398.9881517949751
934,1.9593041179655175,216.9144659068616,-401.1153628946601
935,1.9613980124620214,216.88339624226185,-402.4040231722034
936,1.9634920823781827,217.08817238813364,-404.08916631357636
937,1.9655870316775599,217.40791207417442,-406.07716186018996
938,1.9676813106463258,217.44427251922693,-407.5899546504055
939,1.9697755380711686,217.64498220600197,-409.83574643410003
940,1.9718704076888727,217.90868799693018,-411.31919755562456
941,1.9739643213778544,217.96679742970557,-413.11244336353207
942,1.9760582139073395,217.98727693283354,-414.4928069091808
943,1.9781533744008393,218.3326486521991,-415.9467524205421
944,1.980249297656676,218.3541324005333,-416.81937385233624
945,1.9823436902775773,218.53259094129373,-419.57382202323265
946,1.9844363854611324,218.62996835985078,-420.56564301351705
947,1.986530057736426,219.07733644947467,-422.47730480324486
948,1.988624138262085,218.9993908662089,-423.3004265112481
949,1.9907191302641989,219.40177363037552,-426.55082032970546
950,1.9928140678397719,219.4961174653345,-427.63271459417416
951,1.994908057158038,219.82168510023018,-429.1068788127945
952,1.9970037235567513,220.05219530227888,-431.1951640583135
953,1.999098539119481,220.1156566701562,-432.5016569758499
954,2.001191245179364,220.15659873639171,-433.4969401094142
955,2.003285465781134,220.48198539100105,-435.2730389715665
956,2.005380090953843,220.63400951414425,-437.42080939203635
957,2.007473757612322,220.57643709929778,-438.0804531538383
958,2.0095674385752345,221.27202131283232,-441.67347392321085
959,2.0116620669227445,221.20220712935858,-442.4015488034453
960,2.0137574654124313,221.56637213755747,-443.87179351767867
961,2.015851542299029,221.9143286903048,-445.8573503499
962,2.017945842236743,221.7086849289138,-447.18223667617923
963,2.0200414078173843,222.524023691801,-449.27183739025014
964,2.0221364472105585,222.4393555843563,-451.03225820279715
965,2.0242304661583193,222.68563921007473,-451.83853328761313
966,2.0263241213554704,222.7701493816844,-453.8345938659293
967,2.028418169537371,223.01819940958538,-455.675340294085
968,2.030512126699397,223.32483539443427,-457.072812956281
969,2.032607257696191,223.53185211897264,-458.86163839566484
970,2.0347026748788237,223.73574647304244,-460.36274573300386
971,2.036797432049628,224.13156548354883,-462.4264567600487
972,2.0388917803566513,224.52307608640314,-463.12235482141944
973,2.0409854404727548,224.57514719084307,-464.7933615709889
974,2.043079158497923,224.93098254244268,-467.10539959179226
975,2.0451737042342053,225.15463105819646,-468.83802121720737
976,2.047267957686092,225.29020590367,-470.273999899672
977,2.0493625921646865,226.08728003682413,-472.149440347885
978,2.051458159400133,225.74549646702957,-473.43195864244
979,2.0535521918605197,226.37128062854657,-475.1728131098494
980,2.055645062675616,226.7106498303116,-477.2699660209153
981,2.0577393587752955,226.8896864092939,-479.25613411936297
982,2.059834437786395,227.0531131819897,-480.3205154037415
983,2.061928055170489,227.4340906280947,-482.94483665755513
984,2.0640226957402352,227.71770163481446,-483.8039812479861
985,2.066118258189404,228.03192742115326,-486.1489443277352
986,2.068213196804832,228.12479213174058,-487.6401573965437
987,2.0703072818107917,228.49957592480226,-488.98794283644094
988,2.072400931462771,228.9573664957483,-491.6703831643963
989,2.074494103322103,229.67686975957932,-493.5049153164193
990,2.076588647294614,229.61485035343304,-494.51077100953376
991,2.0786837571325223,230.1755333107833,-496.8481006282298
992,2.0807786951127576,230.06717189201646,-498.3193987879999
993,2.0828733611799306,230.50231383441184,-499.9507830544467
994,2.0849676047315464,230.87677583249024,-501.3440525158593
995,2.08706191167589,231.1348378703846,-503.76893389540726
996,2.0891552570733616,231.66821795299543,-505.47699586892145
997,2.0912498961643236,232.22766922284208,-507.4067545125472
998,2.0933446561638878,232.27547528892686,-508.6270993721762
999,2.0954387435644386,232.87985810106196,-511.23216038593654
1000,2.0975335870618825,232.55073673590599,-512.3881671804603
1001,2.099629070349723,233.34505146928132,-514.386684409298
1002,2.1017228492895934,233.73750221406627,-516.5014204862314
1003,2.1038170482062775,234.3008323872959,-518.1903718081467
1004,2.1059122372778973,234.31476430813618,-519.6656367454711
1005,2.10800554057148,234.90691530042696,-521.8327011461937
1006,2.110098599114947,235.11869822391964,-524.301724314607
1007,2.1121927216235163,235.61026153365924,-525.7108460998455
1008,2.1142879182187984,236.00336716026123,-527.8156249165096
1009,2.1163820759811065,236.27310106461388,-528.5213083090076
1010,2.118476597123504,236.88563891933916,-531.0190460005524
1011,2.120572077635568,236.7529000237279,-532.5861404355416
1012,2.122666143506846,237.54630169485324,-536.069596026359
1013,2.12475947440395,238.0589953144645,-537.3107365625017
1014,2.1268549228070284,238.63795499973398,-540.4991913963473
1015,2.1289503858580807,238.60926910969943,-540.7233702908072
1016,2.131043274916299,239.17774247770643,-542.9938914332422
1017,2.1331378502136085,239.5761174312435,-545.7658002790821
1018,2.135233020544507,239.9736025340148,-546.8274367231916
1019,2.137327211773404,240.1979781958907,-549.2851564385404
1020,2.1394213678417553,240.9600469558592,-551.7201478911926
1021,2.1415151935265153,241.2741017606246,-553.0104058545078
1022,2.143609686067666,241.88051171672691,-555.2669843341433
1023,2.1457039096890913,242.22919604263404,-557.1419496600017
1024,2.1477977892281794,242.48502576298955,-559.8539467894103
1025,2.149892773795189,243.1151745956267,-561.9046931624996
1026,2.151988207011953,243.38083963426146,-563.9763347380946
1027,2.154083430042502,244.4857423281775,-567.5286454091549
1028,2.1561769020273363,244.20242164211743,-568.0505138874021
1029,2.158269727638565,244.6683366387215,-569.8717128712138
1030,2.1603643338266334,245.18216835258593,-571.7992374467918
1031,2.1624594611960894,245.59092494468226,-574.8497711830136
1032,2.1645538445620423,246.02784384049005,-576.7899670257659
1033,2.166649266160557,246.2391512909498,-578.9258140437665
1034,2.1687438965600263,246.67393499882039,-580.819415579861
1035,2.1708363804402464,247.18610819989104,-583.2265980574109
1036,2.17292939543057,247.46308290083348,-584.2456397642799
1037,2.1750246621139153,248.43223747155318,-587.6211008974185
1038,2.1771189095943266,248.7988659004202,-590.9659077328002
1039,2.179212962470575,249.05580273379167,-592.9613801706363
1040,2.1813066434396426,249.7733647019665,-595.2799331584047
1041,2.183402629792164,249.59816852789146,-597.9691150611342
1042,2.185498119455816,250.20904167492006,-598.786846662545
1043,2.1875916200185137,250.6328163823668,-602.6152224216829
1044,2.189686441120868,251.0740425618241,-603.6478602803394
1045,2.191781413276182,251.7815763097548,-607.0668190871639
1046,2.193875147711239,251.71885256731184,-608.9538121181129
1047,2.1959686613130316,252.4918267927084,-612.3062219780605
1048,2.198063923558019,252.7299438995793,-614.1178969743906
1049,2.2001595001532226,253.49757655842538,-616.736687322849
1050,2.202253779153767,253.47787057302205,-618.9457899647427
1051,2.2043460760907565,254.19041234737188,-622.961117321376
1052,2.206440891990371,254.75634709787195,-624.4800440919821
1053,2.2085356491852317,254.91797982178994,-628.0312025162892
1054,2.2106277016542335,255.6176081024043,-629.4258586908674
1055,2.212721958545959,255.46981607570297,-631.9307851025401
1056,2.2148185083900422,255.73070543995615,-633.073114410981
1057,2.216913061952383,256.6637367913775,-637.4202936568789
1058,2.219006160150891,256.96145347224166,-641.2343118133847
1059,2.2211007684745443,257.41234232844033,-641.786924211004
1060,2.2231966067711273,256.8941659662244,-644.8652895506427
1061,2.2252915180225106,257.48213205718923,-645.6498201807136
1062,2.2273849286831946,257.72268118920147,-650.2425989586214
1063,2.2294794057777056,257.93833895183536,-652.3051361677046
1064,2.231574082226972,258.70354677176,-655.3776394427144
1065,2.2336675726385264,257.9253241756143,-657.939631932513
1066,2.2357616690730993,258.8824792279716,-660.0640668091003
1067,2.237857388038379,259.28712744693144,-664.5665351970778
1068,2.2399520699736297,259.5760105010797,-666.0091428357842
1069,2.2420449617357057,259.90983068835095,-670.0922538015237
1070,2.2441391380853632,259.4131939668866,-672.7676321132047
1071,2.2462342793770116,260.0331501854109,-674.7759591294355
1072,2.248330004000319,260.0913653550489,-677.6795386799514
1073,2.2504234986669656,260.3501917923397,-680.8198120984332
1074,2.2525166459790467,259.6776115172947,-682.3436254642727
1075,2.254612702557845,260.37993706556136,-687.1220149402726
1076,2.2567074239010356,259.90320152435527,-687.4321825750899
1077,2.25879926569608,259.93236324245225,-692.6946210153649
1078,2.2608934332232278,260.0741932997667,-694.6214618273526
1079,2.2629890832862967,259.82485051952614,-698.1127311423949
1080,2.2650815906481947,260.2046298057455,-700.7015043954462
1081,2.26717631551426,259.5598641943114,-703.4164987621768
1082,2.2692717091510235,258.9893109065095,-706.0455733829016
1083,2.2713660430599174,259.2601428260148,-709.0620844466981
1084,2.273460830916725,258.92966111887165,-712.8002158381632
1085,2.2755552510450507,258.20205080315884,-715.2125693101317
1086,2.2776502981151867,258.2398507671353,-718.0017232882357
1087,2.2797428242388995,258.00320949082766,-720.7782218698453
1088,2.281836092329788,257.8959485138795,-723.5644801961924
1089,2.283933556285596,257.3465044506653,-724.7404190085674
1090,2.286028868050817,257.6837129204161,-729.6885446242691
1091,2.2881212248812486,257.93837870895663,-732.2290388950369
1092,2.290215014848569,257.8204001382576,-734.0078695716551
1093,2.292310229911211,257.55011022014304,-736.5329720060995
1094,2.2944051456334345,257.4853326974182,-738.5935394395258
1095,2.2964983471898495,258.22999219911674,-742.998954985504
1096,2.2985921024349003,257.9297858416808,-744.4497972405662
1097,2.3006888643809247,258.4902907068349,-747.9266585693335
1098,2.302783634096356,258.3718853948434,-750.6089056943592
1099,2.3048756698218886,258.70587566464917,-753.0298133067303
1100,2.3069695720010412,257.9903508641574,-754.1392409768226
1101,2.3090651112173397,258.500943095223,-757.8886781523751
1102,2.311158495429861,259.22270049032244,-760.1063589256302
1103,2.3132509513768182,258.60236598992526,-761.124153166777
1104,2.31534766594442,259.0434811634501,-765.3735441002062
1105,2.3174438092641236,259.2817017307611,-767.6683130546794
1106,2.3195366518474128,259.69976670928014,-771.2903183128396
1107,2.321631141204296,259.89155958023,-773.2809827853947
1108,2.323727832694395,259.9432941834534,-776.0159487214206
1109,2.3258211826493147,260.1572219206512,-778.2645645064687
1110,2.3279133966950116,260.057766444464,-780.1821856917484
1111,2.330008120458155,260.407040057067,-782.6843291565029
1112,2.332103956675321,260.64268138854527,-785.9201177762264
1113,2.334197579452735,260.98510265206863,-787.4275502740734
1114,2.336290017181209,261.1496592477525,-790.6675015962297
1115,2.338385505091734,262.00735337997645,-795.1892282168583
1116,2.340480189114194,262.0823554903145,-796.5119717151749
1117,2.342573391055059,262.25426442961106,-799.9736300736344
1118,2.344667848677038,262.9681287109335,-802.1312336431987
1119,2.3467629878884537,262.28828360282625,-802.455259190188
1120,2.348858220839854,263.09374435403913,-806.796196338767
1121,2.35095250082758,263.21728386200857,-808.3027716734597
1122,2.3530449396760944,262.9697954884969,-809.3564926923613
1123,2.355141499104623,264.27480133269796,-815.0432042946259
1124,2.3572378412451434,264.53918890192114,-817.0353775639131
1125,2.3593294861259198,264.83201568529915,-819.5521849732271
1126,2.3614224992004984,264.72539909387706,-821.3093095172032
1127,2.363517948981548,266.1787137364023,-826.7051769649479
1128,2.3656139136423477,266.0940497516599,-828.8324399945363
1129,2.367706660383537,266.2055126070834,-829.8311163337155
1130,2.3698014470222093,266.77069581124505,-833.3564756821004
1131,2.3718977582075165,266.99805178937083,-835.2117839121335
1132,2.3739899214574836,267.4998365398387,-838.2294154330091
1133,2.3760825194215927,267.6951131259485,-840.5732870164196
1134,2.378179070039863,268.53424883228126,-844.4289592319143
1135,2.380273759058959,269.06860464724093,-847.6725433224215
1136,2.382365673610318,268.78549053450973,-848.3685532159382
1137,2.3844604460166168,269.4255706758945,-851.2591541650916
1138,2.3865571190304595,270.3335021385077,-855.9439598956708
1139,2.3886520978255446,270.507734184028,-857.2009467553754
1140,2.3907442891236066,271.0981175209485,-860.5010290420668
1141,2.3928386457990913,270.7496396602244,-861.0654563475425
1142,2.394934562690242,272.3840476311933,-867.1204928095235
1143,2.397029599690107,272.1690624190604,-867.586929816253
1144,2.3991222591305954,272.83034477271974,-870.9860351915445
1145,2.401217024080888,273.7418339745991,-875.5077589233913
1146,2.403314513026698,273.9102844948676,-876.5132901978074
1147,2.4054081911284184,274.97050813988744,-881.9656879089366
1148,2.4075011183217048,275.68900941482667,-885.6063286864365
1149,2.4095960074264258,275.64062935883925,-887.360321371836
1150,2.4116926326559978,276.63595425867106,-890.7703470479913
1151,2.41378425055939,277.1212373922861,-893.4969158402508
1152,2.415877382497087,277.41903913969117,-896.3594870498914
1153,2.4179783678062123,277.654541498902,-896.7968843943635
1154,2.4200733739460714,279.0806687571613,-902.8337772733393
1155,2.422162501290004,279.1092595105059,-905.1207612706997
1156,2.424257158180454,279.225921754689,-906.4778387364877
1157,2.426355368807169,279.57190626450506,-908.8515170222181
1158,2.4284477900186845,281.396080135755,-915.5684192799121
1159,2.43053883847394,281.04684226958915,-915.2204219155865
1160,2.4326356353293934,281.68309264120876,-918.6843890626625
1161,2.434732612021302,282.89157770426795,-924.3035990143624
1162,2.4368252927922227,283.6851336171807,-927.1767891950878
1163,2.43891890863681,284.65194327370216,-931.2737238829743
1164,2.441014895314609,284.75965294001696,-933.1013934952923
1165,2.4431105244568765,284.8304068892171,-933.8895004806919
1166,2.4452031167440684,286.6794861996166,-941.2697086320852
1167,2.4472938786799143,286.46781049181703,-940.9068487868037
1168,2.4493915902413868,288.22889343525407,-948.1330634575979
1169,2.4514877943094935,287.7898007237125,-947.4216442865375
1170,2.4535774837073663,289.6644269335322,-954.802110258952
1171,2.4556717453467782,290.8476010040105,-960.2598398588817
1172,2.457770725968573,291.45058369824295,-962.3430823964379
1173,2.459865450868259,291.96386088593295,-964.9973990462396
1174,2.461954843714291,292.60238328063576,-967.5446641245318
1175,2.464051305962942,292.5322901061763,-969.4603975150337
1176,2.4661493201186655,294.0206016430002,-975.0284979361367
1177,2.468239991051035,293.85321464476283,-974.8823288674732
1178,2.4703335941159144,296.3135235211518,-984.0027558783462
1179,2.472432426226094,295.9323238413729,-984.6713936121249
1180,2.47452690434623,296.5107168248537,-986.3011309752914
1181,2.476615373809059,298.2549053565973,-993.5836043423222
1182,2.478710457672189,298.8164096074169,-996.5827208944607
1183,2.48080966574444,299.19995800443735,-998.0734336589765
1184,2.48290090100287,300.25901387998266,-1002.4992437508844
1185,2.4849923340191187,301.62563544752084,-1008.1651199652007
1186,2.4870897130294636,303.1371859662141,-1014.2489576286454
1187,2.4891862386660164,303.8984290796592,-1017.5308613088523
1188,2.491278235985619,304.25851019734625,-1018.7431406175689
1189,2.4933690456944357,306.1152895426723,-1026.5824658040772
1190,2.495466543397291,306.6596382838523,-1029.2825001905044
1191,2.497563830960505,306.74491268548803,-1029.6460744089172
1192,2.499654519205421,308.2526586977228,-1035.4080671361141
1193,2.5017479497353943,309.44748274336206,-1041.5733527669602
1194,2.5038480054516667,312.5100149012857,-1051.9871895968192
1195,2.505943433921919,311.71102924427004,-1049.8864764191442
1196,2.5080284861327207,312.1635182272952,-1052.4163519722324
1197,2.510123955773609,313.20825075686975,-1056.7895743244005
1198,2.5122261646694253,315.03854621723247,-1063.4725451142617
1199,2.5143177674343575,315.9699244666359,-1067.0664986986546
1200,2.516405803072155,317.19650772120787,-1072.1109507077813
1201,2.5185026929964116,318.7208850732898,-1078.2400485178719
1202,2.5206041831245063,319.0463788834742,-1080.2564708955686
1203,2.5226964757648327,321.00167264310386,-1087.50414040466
1204,2.5247869961159406,321.5905205842182,-1089.9243804342132
1205,2.5268843920051487,323.44362607854913,-1097.6579925067774
1206,2.528980483597168,324.46624152608325,-1101.357219419176
1207,2.5310684597394695,325.77889685898043,-1106.2778380544967
1208,2.533161718042206,327.0200874950217,-1111.6596891812305
1209,2.53526488574662,328.2564078406092,-1116.6508367379392
1210,2.5373603920777454,329.0604543622063,-1119.4127137038854
1211,2.539445749963502,330.47255177521623,-1125.0832819713266
1212,2.5415417180131348,331.4634857246268,-1128.8478937690588
1213,2.5436457679371425,333.1822543693262,-1135.30466702479
1214,2.545736808475733,333.84086407342545,-1138.0799453253383
1215,2.5478233832874237,336.2064031322731,-1147.1308386721187
1216,2.54992085584226,336.90246103344805,-1150.0421402494205
1217,2.5520207655356866,338.52682906094054,-1156.434831955393
1218,2.5541098448110064,339.6962509808913,-1161.2468920249087
1219,2.5562002600365847,341.8312393931386,-1169.4429822884856
1220,2.558305455724291,342.8769755565728,-1172.243806351376
1221,2.5604026511470312,344.34547710923454,-1178.621268444182
1222,2.5624826414852553,346.7474785456614,-1186.790736882628
1223,2.564574391949512,347.47848659180215,-1190.6806279623263
1224,2.5666808497683498,348.25619196143447,-1193.3921484045616
1225,2.5687773451615423,349.97327114544913,-1199.7163601707282
1226,2.5708608935170316,351.8158434936207,-1206.9059494532717
1227,2.5729575952355885,353.6863218849764,-1214.301371743204
1228,2.575060651513359,356.09757980975445,-1223.448569863791
1229,2.577148431575012,357.8539098302886,-1229.58741992759
1230,2.5792346077561192,357.1324111089105,-1226.6970985399278
1231,2.5813352493894732,359.84743342303125,-1237.1074284449826
1232,2.5834369526956515,362.7652301878461,-1247.4791727647807
1233,2.5855218346006232,364.8039040331204,-1256.085743200582
1234,2.587610713900489,365.47225916153803,-1258.226150593229
1235,2.5897186990593415,366.5080843594672,-1262.4308430932147
1236,2.5918181690667126,368.91226762655987,-1270.4926421394293
1237,2.5938985009385314,369.1298320685767,-1271.9860966211043
1238,2.5959901966325076,370.96236011182697,-1279.0296493657468
1239,2.5980970827886534,375.24049169260337,-1294.0157023418983
1240,2.6001911974764487,375.9243658465053,-1297.0120433901968
1241,2.6022734575046016,379.3797401609522,-1308.9392905748477
1242,2.604374761438423,380.2733254361376,-1313.3446244794388
1243,2.606480077670044,384.0194431445452,-1326.4185846203288
1244,2.6085618800169397,382.4048840626242,-1321.332241033883
1245,2.610646200048581,382.8350888393131,-1323.0471682587824
1246,2.6127580952497533,386.9109967868312,-1338.2919683900354
1247,2.6148609257992828,391.90101105065685,-1355.408629814995
1248,2.616933454172155,390.9548017542341,-1352.86827592333
1249,2.619020659870304,394.3960509399103,-1365.1727671841877
1250,2.6211346279669097,395.0271921352483,-1367.3907457801959
1251,2.623236503452788,399.20138266933435,-1382.475551732281
1252,2.6253090562225565,397.885900434017,-1378.1557098078101
1253,2.6274000701334055,400.64210246430287,-1389.4012685473513
1254,2.629513118467727,406.394460955629,-1408.04071283189
1255,2.631604301330356,405.3060091426699,-1404.9254834298952
1256,2.633685254021577,412.6318150360956,-1431.3437990054208
1257,2.6357889797673804,413.73214318454376,-1435.7374114238364
1258,2.637895874321367,412.5600102276184,-1431.9324091957246
1259,2.6399747081141895,417.23502380219776,-1448.033198959992
1260,2.6420591747927733,415.7697444871635,-1443.730197176258
1261,2.6441764666284318,420.7178984530528,-1461.1357339701933
1262,2.6462775406423154,422.3961559596953,-1467.095478453683
1263,2.6483402943393326,425.84781368699885,-1479.8392666105708
1264,2.650428729148096,427.38388335549865,-1485.1285301127466
1265,2.652562718674548,433.5886912374756,-1507.5133318195915
1266,2.654664088292312,435.886609395618,-1515.9062626356845
1267,2.656712651557163,438.7979402377346,-1526.1782739121284
1268,2.6588106765908748,436.6504638964685,-1518.2463220610546
1269,2.6609452450324915,442.1343396494139,-1538.4859124885954
1270,2.663032290426174,445.3619435705542,-1550.021060146958
1271,2.6650914877184944,452.42197903745245,-1574.6224867288431
1272,2.6671986225603375,454.752805262553,-1583.373573411796
1273,2.6693218160411916,455.9352461228304,-1587.6069804876288
1274,2.6714003686163363,460.1485574319501,-1602.477566004418
1275,2.673473653710363,459.4295348342526,-1599.8261053415947
1276,2.675588689124729,462.42921137931404,-1611.297496013319
1277,2.6776964003773744,469.7314080287726,-1636.8108499611128
1278,2.6797534796790945,470.21487710188524,-1639.2701259339804
1279,2.681845016836506,468.3762601361136,-1632.6186027283231
1280,2.6839785543392702,474.8225861879404,-1654.829881373369
1281,2.6860638705482365,472.58532081491757,-1648.2967168706793
1282,2.688115580192901,478.4047256967609,-1668.3165754117022
1283,2.6902421071216107,481.71127031458497,-1680.6706954784402
1284,2.6923784453538007,500.294759206173,-1745.344155207498
1285,2.6944235266222867,494.5009911593037,-1725.4654878457404
1286,2.6964818302236213,491.97886004855343,-1716.5500625282139
1287,2.698646249049189,498.47679496358927,-1739.7848744374721
1288,2.7007725953070936,498.2065926263756,-1739.491755278816
1289,2.7027692368507834,503.4626700119248,-1757.5361039903607
1290,2.7048443440936585,512.7739057134086,-1790.412123677055
1291,2.7070515904059915,512.8371813087947,-1791.5584820200659
1292,2.7091632832728005,521.5291858640945,-1821.9888360493444
1293,2.7110832098570423,521.4248011860086,-1820.6843081073691
1294,2.713194248534394,520.2844340852118,-1817.6446360476575
1295,2.7154564422347596,525.7717361239914,-1836.7471792108163
1296,2.7175455830902693,540.3405154847118,-1889.007061657971
1297,2.7194409477796717,531.2889295193903,-1856.249142124243
1298,2.72159410281056,540.6667782814186,-1889.154128776781
1299,2.723868494276683,542.1876254778912,-1895.6823096610105
1300,2.725905473691433,556.765643616437,-1945.7358306096016
1301,2.7277938720843573,551.1425549505033,-1927.1111820713636
1302,2.730005424734083,563.28546735062,-1969.6390041116422
1303,2.7322910595910366,560.2209613293351,-1959.0431423822884
1304,2.7342323934891035,577.0154944260522,-2017.9002751275423
1305,2.7361123669415965,560.5333602540514,-1960.0895186402597
1306,2.73841292247591,576.0746507857426,-2013.8126595335339
1307,2.7407262152838343,585.7927831737302,-2049.2768398508356
1308,2.7424923562337074,592.4911697598297,-2073.6351792693813
1309,2.7444202272828333,572.292809009988,-2001.9926480743072
1310,2.7468188489948773,590.9443591055508,-2067.808980684083
1311,2.7491571251284848,604.2684008589695,-2113.3727219361194
1312,2.7509012180135843,579.3257025730023,-2026.7280176978495
1313,2.7528220566885997,603.2986683598401,-2110.173127783566
1314,2.7552245852341666,612.4001849438235,-2142.6110707881
1315,2.7575799064734774,616.5603744518462,-2157.799482178463
1316,2.7593246433872425,673.5032748776024,-2358.0389813554434
1317,2.761234187120032,633.0739210193675,-2215.6612140647917
1318,2.7636390504715083,630.9248125245254,-2207.9691104133553
1319,2.765948826576436,648.620701792736,-2269.903485462255
1320,2.7676191435751902,617.3549401887484,-2160.2917929986074
1321,2.769651838220211,662.782821631394,-2319.7059156571536
1322,2.772055945845228,706.3260894377368,-2471.4216762678707
1323,2.7739175955497957,680.7233504712212,-2382.7248213680828
1324,2.775657495525559,720.9563050670256,-2522.907406422543
1325,2.7780509401576134,610.2150605702112,-2135.367735021566
1326,2.7804282678176238,659.5834289571941,-2308.5534542192854
1327,2.7823699672164355,612.5216306335989,-2144.3721298874752
1328,2.7838806433920418,1161.3606525715097,-4063.7304586940013
1329,2.7859958234637583,246.31256328148407,-862.0939714851942
