,k,Pk0,Pk2
0,0.0029665470748989845,1502.1509647990943,-2102.462075092695
1,0.005026374055021859,5370.064075830442,3630.2016628136025
2,0.007149300621522788,5685.645131115744,298.6292099339693
3,0.009278869254964255,6178.008209825862,-2020.5051155769772
4,0.011450332619344701,6270.769298092624,-3377.753663406709
5,0.013492955871419151,7500.148753511462,645.069394352348
6,0.01558905561191893,7609.261397047588,-2695.886401501483
7,0.017694083672553172,7501.713372709938,3780.815736104745
8,0.019817874803135297,8382.38200031313,-853.8587588378725
9,0.02192074938196264,9092.575601492967,-649.2089691063554
10,0.02398877635566245,8871.779306584163,225.62811076671898
11,0.026092869718961156,8496.543769160196,-767.5408809958226
12,0.028234663152781798,8830.932731206163,1628.2161790627808
13,0.03032284873509123,8698.87346439954,-201.5062275143578
14,0.03240263258943404,8402.856734013738,-408.4853940182977
15,0.03449210129864554,8202.946084936095,1673.2044265062289
16,0.03658588147515197,7979.115565891384,1080.632714060666
17,0.038684769492669774,7665.306779017638,311.3073276776712
18,0.040788988884582836,7406.718303888827,-298.35875640138875
19,0.04289390876967646,7231.79852035552,-168.12695816145282
20,0.04498336005546935,7148.9125918473765,890.9741614286893
21,0.047064985294738244,6897.277784551878,126.86261052118817
22,0.04917111919158227,6640.195349934445,531.8322888771994
23,0.051262169141742274,6418.29522431671,-380.6641911318585
24,0.05335525146837034,6314.559945183789,44.948894932065905
25,0.05546637228956934,6027.13641584739,224.9758529576157
26,0.057573188192548086,5987.654508715038,-23.708297688444627
27,0.05965884044590281,5788.56327283704,392.00973594728487
28,0.061745123021595065,5679.403090102949,99.06439903463757
29,0.0638268929113719,5652.172446941179,182.00639061349497
30,0.06592966228838451,5456.331334661535,-580.6887491216975
31,0.06803125784825748,5466.607883330735,804.8833785132883
32,0.07013131008699486,5355.382107390812,446.1928205583571
33,0.07223032366074338,5246.011182549884,671.845233985214
34,0.07432334270720506,5097.501036150664,640.2935094280442
35,0.07642066756954473,4946.348313811477,-219.84088230070282
36,0.07850471694556041,4893.933396880191,718.5923652898435
37,0.08059701946059529,4774.978459946766,336.26913443306165
38,0.08269521798132064,4639.217766793614,88.81054326447332
39,0.08478307522909848,4464.706776107281,574.3875986359783
40,0.08687780839616016,4367.279962944412,340.6579915696356
41,0.08897524569656534,4263.259294635928,-31.368317090764936
42,0.09108077810470518,4166.216139235615,313.89290724215465
43,0.09318432266948053,4046.510467428134,45.28849625566504
44,0.0952788764104831,3997.6049884921226,230.2386000682551
45,0.09736254237981037,3781.6307798963303,168.24087306080423
46,0.09944832814799408,3706.313067923289,403.06964853905686
47,0.1015460879802399,3602.2130821478668,27.727498294386518
48,0.10364263756677322,3420.132310393257,229.1624050302181
49,0.10573893905394659,3398.734584093734,270.1136479862497
50,0.10783958559814742,3299.56146862518,85.80223148165221
51,0.10993894058501318,3279.7364537116846,366.0337201674996
52,0.11203921431523854,3155.8922997820837,128.59254009306773
53,0.11412334585697578,3050.478881554183,341.76241533255126
54,0.1162159397555423,2974.5147140062004,185.21586707400658
55,0.11831372048037725,2934.037115435645,87.6807917154132
56,0.12039723118070132,2860.8532125618453,198.31723427344207
57,0.12249223631878574,2792.466613453933,139.12676857167088
58,0.12458825984258635,2769.084662097617,194.7103550921124
59,0.12668846771583772,2700.756832189883,23.01460031427495
60,0.1287846620419941,2627.3453903940026,218.46265908521391
61,0.13087133937881498,2577.2626628163107,247.13698348416875
62,0.13297548334406448,2539.0688859656266,187.64085499362466
63,0.13506910815256093,2499.1881878806194,188.5224406252203
64,0.13716388258568254,2456.246856487119,186.75727296056525
65,0.13926047573721634,2421.867721517104,222.53364128243192
66,0.14134668829083769,2355.6989665407054,197.51633020088937
67,0.1434475230090064,2339.936342417053,145.92811976537612
68,0.14554528534185418,2261.6998866896774,160.579432120941
69,0.14763320610735878,2242.062208656038,65.6785834817213
70,0.14972114728432864,2228.8701915583188,140.210731360908
71,0.15181380487515775,2159.480976049065,88.00645509960204
72,0.15392114901003526,2106.2807851797784,158.5601243570771
73,0.15602147473412367,2079.7952641241895,105.77960205671715
74,0.15811617475881218,2035.0219187654482,35.86584793312495
75,0.16021187122717997,1996.956030350304,127.80881584737013
76,0.1623006419462899,1963.174736129499,122.61543784593819
77,0.1643899033199985,1900.1248430108722,113.90688422448046
78,0.16648355823815117,1870.1153712928758,120.01772341518655
79,0.16857196837784735,1850.8145898382509,136.21150775676398
80,0.17066413320893647,1769.5206359559263,121.84172759144525
81,0.17277086992561352,1749.5429281036502,148.24249052614434
82,0.17486965460096995,1712.326890639098,116.8604145530818
83,0.17695857694944453,1686.5412071275236,143.2047504137435
84,0.17905245093155753,1639.7593226924532,101.93481916682387
85,0.18115265212612636,1610.9138017898981,140.30103985177806
86,0.1832476884130739,1577.8718417406892,113.77128375541007
87,0.1853312475833926,1564.8081786641987,181.2326451854761
88,0.1874284892203219,1508.646910756132,141.1219524566643
89,0.1895337179075755,1493.223263298553,103.12599064870903
90,0.1916268196474026,1480.931165352712,104.30904462790738
91,0.1937183403446853,1456.7142304658773,147.63031487114245
92,0.1958131498886989,1434.2442162954474,100.73729917232804
93,0.19790587400989662,1407.1092662943047,126.50376729638698
94,0.19999906515978938,1389.5540507761593,156.1161756727648
95,0.2020893038374759,1379.921398106076,107.98285896984028
96,0.2041823192148178,1341.3857169077803,122.64845625119088
97,0.2062825911013838,1327.977341448157,132.47572649955393
98,0.20837701891459662,1310.3717214605867,143.5760418406375
99,0.21046758167944032,1300.9706242399718,96.78370534386146
100,0.21256678542440183,1270.8701225209857,104.59988354417328
101,0.2146619261104852,1251.3620068771045,114.3293490641807
102,0.21675618057220372,1228.6685460254812,107.97216824861133
103,0.2188528705899679,1206.2707873581742,103.26104462395143
104,0.22094564274530842,1189.527855232423,86.51536446815808
105,0.2230395148320731,1169.940880693924,112.37322108760688
106,0.22513567328585352,1152.5297284614917,115.79088628280441
107,0.22722785048644015,1135.2819067082985,127.74383869585644
108,0.22931975112872324,1116.2144526902966,91.4990215981898
109,0.23141147723465103,1097.221843123699,115.66949504444675
110,0.23350584674782457,1081.405995408345,101.23135881240985
111,0.23560416522029054,1067.8609057767444,111.93316679240164
112,0.2377006336558307,1047.5407299848516,97.4201547021813
113,0.23979727503904752,1025.6731161006712,85.86412971059993
114,0.2418944602532704,1013.4704481325836,132.9761596213435
115,0.2439884227569783,997.9597986821502,114.62443887180191
116,0.24608359968283072,983.3823387351929,131.37856375674224
117,0.24817552807053123,962.4846459816021,108.84830396337992
118,0.25026237006475704,952.2586621623586,104.48915269967051
119,0.25235861551053484,944.1187888166065,115.07237483953239
120,0.25445470778669854,927.8493192806122,118.96435887693758
121,0.2565487653287422,919.4494290929941,106.48048022286471
122,0.2586464955058471,901.9963615796189,86.97744543389587
123,0.2607443047329862,886.8623594380659,113.76130078425861
124,0.26284383121734134,870.7668992804137,111.15308284789239
125,0.264929885565984,858.8418223270485,106.79252376077828
126,0.2670163698864118,850.6493848177912,95.75578642556665
127,0.269112135390912,839.6713110184187,110.71003419781647
128,0.27120764961246213,829.7977940261858,113.14171089031943
129,0.27330509996536784,815.9832361395157,100.39775402692281
130,0.27539842121309294,810.9876739264732,112.45732342263541
131,0.27749656900268016,792.7892328999575,125.26702408122307
132,0.27959864364035925,785.2798041820071,106.88955336237844
133,0.2816878213234348,773.5799467682318,114.96479174445395
134,0.28377609558542155,768.8144659592539,112.29278730360103
135,0.2858732754634003,757.2925627707555,120.16937136432826
136,0.28796861590208045,742.896788788523,112.68801289535799
137,0.2900612915162532,730.248824294592,100.33655794720502
138,0.2921547032025089,726.644702697446,107.57500441626924
139,0.2942501291133245,714.4651804327477,109.82150267772629
140,0.2963444256131289,705.8730251985552,114.98799524094873
141,0.2984361415704375,696.4722117491921,113.24001143229361
142,0.3005318840555698,687.5238027238347,106.38934220337312
143,0.30262777760316095,678.3060909599603,115.07976688675244
144,0.3047248035439954,665.8448061703872,109.021590927222
145,0.3068210272572538,663.5228299749328,116.46230359143128
146,0.3089144805088237,650.4045177914204,116.29258250077189
147,0.31101080657849756,642.702791929277,117.02477644471662
148,0.31310885951912926,636.6552687850955,113.1470395310911
149,0.3151991603466065,630.0910140237285,112.50739114977056
150,0.317288667284839,617.5139164488038,114.11141781486722
151,0.31938044185106124,612.8359437588716,110.83976341883621
152,0.3214783648369702,604.0036907125503,112.73326367038537
153,0.3235785211189416,599.0967314046096,106.09937139741646
154,0.32566935894833426,586.5754389809607,107.24188441228314
155,0.32776077751211374,583.2226541174996,100.53725959195798
156,0.3298523230655558,573.9520812092244,107.1176284546838
157,0.3319485433973702,568.5349182878509,109.30978552536621
158,0.33404540358127904,561.2967311543337,104.25130924405683
159,0.33613494177837844,554.5621857414418,109.0846935039048
160,0.3382313832787478,548.7739394281599,109.04479040621513
161,0.3403308518124324,541.6638918940346,110.38166078246724
162,0.3424246601457981,538.2401191818772,111.88997533342332
163,0.3445197272986724,529.2845899753917,102.91255055753604
164,0.3466158524641983,521.9881107165772,105.7371948272277
165,0.3487089916477683,518.0179639549499,110.38850167699316
166,0.35080114560367615,511.2604207658507,104.31060515921429
167,0.35289356821720286,504.97824782332464,108.68514485597888
168,0.3549881110219297,501.7699172265934,109.98500478245843
169,0.35708559248027844,494.27132082312966,115.18204423398656
170,0.3591813496003593,488.1074212136514,105.20902193850344
171,0.3612749400626811,484.0458837094173,110.82797188490355
172,0.3633693413142722,476.74532267647044,111.3621334406219
173,0.3654632219855477,471.0294583323377,106.67018524965074
174,0.3675603773529471,468.3018751249154,105.45659113946155
175,0.36965434919829326,461.02615415628895,111.25371168304416
176,0.3717418094879197,456.05790513576636,113.41506391574164
177,0.37383404253825586,453.7883990501716,110.230528288429
178,0.3759308579415973,447.50312931475,114.96555295399692
179,0.37802985088946095,442.5846599832093,112.91582088788235
180,0.3801213498834686,437.80923022657197,110.30792208794323
181,0.38221306010699313,430.97668937042374,116.4026310763337
182,0.3843141376638833,428.52394322318554,113.67819012803746
183,0.3864096355836929,424.7110617990595,116.56545785793304
184,0.388502907295756,419.871701186497,108.94656089210307
185,0.39059769208540335,414.42774585809667,114.65930967513881
186,0.3926958121232196,408.5105015477948,108.94449174518287
187,0.39478921808384226,406.1517519932503,111.21967864688037
188,0.39687821409975554,401.22017389188255,111.55327170972899
189,0.39897073627813356,396.75300292666145,108.85920743809837
190,0.401067192451382,392.62683814733964,108.91034252583125
191,0.40316228148056854,389.3760976807196,111.40755932277486
192,0.4052546340249366,384.7483005122035,104.25588965787848
193,0.4073499183903822,380.8958187907924,109.25543305278904
194,0.4094468722071623,376.94493777252205,107.53816606289763
195,0.41154432885897757,372.59217425837426,110.0057807890885
196,0.41363408239228544,368.574285005329,110.91284641078755
197,0.41572494638156243,365.1414543823426,102.49451059696266
198,0.41782181997781404,361.68309976932954,115.0187719209625
199,0.4199166506307261,359.5100182064248,113.17283115404696
200,0.4220107143757513,354.48154020321806,108.71070597819731
201,0.42410542949066876,350.99985302109786,112.91001872187799
202,0.4262013850195404,349.64571217120175,113.05677878909619
203,0.4282955296445312,343.9749885766273,113.78824679750149
204,0.430391806688861,342.0565374798771,113.47377731333566
205,0.432488575457924,337.07695756211604,110.94810470285279
206,0.4345806090039814,333.801457593742,108.02941555923923
207,0.43667244097425384,331.1988660295604,111.62961528207217
208,0.4387671492209622,328.23919485211263,107.48330375862325
209,0.4408622534544343,325.1217865737545,110.08048880233595
210,0.44295516415095815,320.65870472131945,109.20351880543834
211,0.4450482683181851,317.65604632162604,110.02505521529585
212,0.44714683875742495,315.00243928762495,109.99395193750071
213,0.44924362280569813,312.70083915454416,109.42491832526778
214,0.4513338633316258,310.53177339598597,113.61564514495805
215,0.45342753643259276,306.3725622205454,109.93343134942182
216,0.45552189548586586,303.6255390731027,110.88634966654783
217,0.45761716616081083,300.29226363648075,114.00438569505395
218,0.4597117909764672,298.0085098159625,112.11778277143424
219,0.4618031890496857,294.68533744585386,109.04698264744208
220,0.4638995470730997,291.76496308801535,107.20449831421703
221,0.4659948171464902,289.90733110256315,113.44828073388736
222,0.46808929446972725,287.80123951546074,109.84650611560555
223,0.47018492649495636,284.6011650634773,109.71756934135122
224,0.4722792778491551,281.51538017071306,109.04420399705047
225,0.47437272572904565,279.58757550488787,109.06242821400194
226,0.47646593372141327,276.8700798336064,110.11166153604432
227,0.47856230727426236,274.48807796071156,111.47793266590342
228,0.48065904058976644,271.60014454102065,108.58358199028275
229,0.4827512226177774,269.2316682887143,114.22308132740005
230,0.4848441163240575,267.2602594246828,108.39784829532407
231,0.4869397730506266,265.18225334858545,109.9118865903415
232,0.48903678813400875,262.7899445072525,110.34911147924828
233,0.49113096964965397,259.4796090238646,110.6457582790693
234,0.49322332174786626,257.78483399065414,111.9501526586251
235,0.4953187148676145,255.4477174497118,110.04777901660226
236,0.49741120358770496,253.91364972574084,112.03579374765258
237,0.49950082345999325,251.38422034673047,110.14024599740793
238,0.5015952506837275,249.25235915509197,110.0277023273002
239,0.5036919972981919,246.8804684263767,109.11580385692616
240,0.5057872116617207,244.35582665231837,111.24748751405932
241,0.5078828569897101,242.55117638068887,110.5954634352997
242,0.5099793452386306,239.97147651712785,111.40331007330026
243,0.5120767256379639,238.7880226946036,110.1181010135591
244,0.5141702395931294,235.89898460871373,109.6927479027279
245,0.51626132102766,234.73915208282963,110.08782235851069
246,0.5183576899265504,232.92187450424782,110.71487764106789
247,0.5204524416424112,230.10318350684003,108.82629617910966
248,0.5225430403510469,229.00735099337123,110.04587305082883
249,0.5246378991347941,227.007978366279,107.37313389402905
250,0.5267345150769579,224.8710820685591,107.0773228137248
251,0.5288284644781793,223.26980843942428,109.69147229090353
252,0.5309200047543352,221.17605900122314,110.62605263816344
253,0.5330154787982235,219.24634854541526,108.92331229151353
254,0.5351140455458262,218.06522011875632,109.78413066051996
255,0.5372066203065362,216.2010602123676,109.36602633600774
256,0.5392991990272246,214.72827313070889,109.83942724168416
257,0.5413944118270408,213.16099969126168,108.52655879278294
258,0.5434881995106379,211.35553636726578,109.80795774652756
259,0.5455829952492127,210.13450232455094,110.51835304358065
260,0.5476769745662954,208.04489218724547,109.95663169610376
261,0.5497697255495043,206.84453278818617,108.99506871643354
262,0.5518645446467839,204.63030281544155,108.05696482281282
263,0.5539598571350287,203.38945515845893,109.72210911216374
264,0.5560564538950566,201.31583134585193,108.50348485464214
265,0.5581500505101624,200.29865202906598,110.28308448775685
266,0.5602409063261653,199.31269915880245,110.79276492301987
267,0.5623379637803174,197.6002477945096,112.37992612913982
268,0.5644363283026402,196.01783936689975,108.63153886250018
269,0.5665273824761494,194.4619832780256,110.22671020745786
270,0.568621249018378,192.67030821283134,109.74420107334586
271,0.5707181447612965,190.968824577367,110.09511275292228
272,0.5728127938597997,189.9499445248831,109.74284528363864
273,0.5749070881546879,189.23966920897644,109.36272854078838
274,0.5769991470923068,187.1530849941976,109.97331625032389
275,0.5790956911760897,185.82985284820492,109.59635212845423
276,0.5811893306261757,184.51641144617315,109.23582247929856
277,0.5832802267374103,183.23948104065937,108.87891956789119
278,0.5853761830306536,182.05070046614586,110.37115800012202
279,0.5874711784415975,180.9316929307704,108.73849048568844
280,0.5895653958899879,179.93001543589446,110.23598329882837
281,0.591659786459685,178.59477843875015,111.20361073258547
282,0.5937551851921442,177.56893377266553,110.5019429365957
283,0.5958498092767481,176.10512967671372,109.05654066652681
284,0.5979447066705442,175.06430849265118,110.65865620922516
285,0.6000383505174957,173.49749809570636,110.9013826829519
286,0.6021313016181767,171.9274401816053,109.09827229228148
287,0.6042246965556944,171.19671164638868,109.4229073815443
288,0.6063189733697846,170.30397530405,111.15125020975107
289,0.6084147213727373,169.64854020353604,110.56184133810093
290,0.6105090855473989,168.0614020741345,110.26941645662097
291,0.6126037649785722,167.1971771106158,111.72686957235766
292,0.6147002391370655,165.82579016636583,112.07715643097414
293,0.616794938930829,164.95341842018837,111.39806466285835
294,0.6188886865784012,163.94580114355014,111.47504760034039
295,0.6209825762252046,162.55185509691313,111.09237788057038
296,0.6230764414889526,162.01432260557124,112.36487624578174
297,0.6251725389343245,160.41640068916655,110.44397802946278
298,0.627266923011265,158.9429157323045,109.57627295989067
299,0.6293596211388142,158.50888603145182,111.08896202383052
300,0.6314513250607457,157.93093898927427,111.12528178847334
301,0.6335475720513941,156.64211221108602,110.62615084301854
302,0.6356444982495617,156.12635022213456,111.86965700891459
303,0.6377358562255245,155.22123042881253,112.25367790704804
304,0.6398302949107263,154.26574172296677,112.35664923105568
305,0.6419256185614247,153.08773685706683,112.20950570143515
306,0.6440214843206593,152.55244158186449,113.26400725072013
307,0.6461142033434962,151.7068503868975,112.50788840109051
308,0.6482061138478032,150.63967026672142,112.35777900207796
309,0.6503020867345045,149.97485125017573,113.26530298625823
310,0.652398185537932,149.0417637175364,113.37026615470054
311,0.6544932048530038,148.1197054924524,112.96414546603725
312,0.6565867871776386,147.30618199171465,113.24004942138474
313,0.6586827890115348,146.7326553437218,113.18920273600011
314,0.6607793300725506,145.51891457887518,112.58360233518103
315,0.6628724964198541,145.60223272563246,115.70149933176599
316,0.6649654402217313,144.08032445147543,114.0513696815012
317,0.667059865407609,143.40327437152098,115.1071718331385
318,0.6691532523078332,142.65748999489662,113.18152926467084
319,0.6712457992597233,142.02532154529933,114.09061864058414
320,0.6733390782258323,140.9521312293262,114.39783081579519
321,0.6754367503383576,141.08140732956457,116.09940243492018
322,0.6775335143160066,140.22049453219785,115.21186086367463
323,0.679624621064033,139.2541691053618,116.14403823837189
324,0.6817180292738917,138.81271903486189,115.92549542429877
325,0.6838149015047629,137.97489942511223,116.65454838665795
326,0.6859101434268815,137.47793108699278,117.34313856908024
327,0.6880046468184081,136.88546792940295,116.66617288978092
328,0.6900999637264865,136.23349632134398,117.16062757810373
329,0.6921965733216279,135.86988257892094,118.31222946723203
330,0.6942884945981568,135.17023118144473,118.72479255326478
331,0.6963781649531228,134.58222771435751,118.50085926468356
332,0.6984747371200234,134.02787571513682,118.66246049347606
333,0.7005690388882679,133.52469953461733,119.08013067375744
334,0.7026621579778546,132.86371177959646,120.38635999960749
335,0.704757268847954,132.23718577736696,118.97376622145232
336,0.7068509057629639,131.8735263421661,120.07785048427729
337,0.708945644402387,131.2804410014587,121.19590334937162
338,0.7110406815970572,130.85673217631523,121.28134374537629
339,0.7131372373036142,130.7501515202764,122.02839903502253
340,0.7152323589250973,129.87019307980583,122.03872372948712
341,0.7173245162021571,129.54299770005815,123.34823867408024
342,0.7194199711852413,129.02879428387462,123.06248971383101
343,0.7215151322330351,128.7651712661228,123.80582986915961
344,0.7236102334592447,128.39796542649393,124.48283076243483
345,0.7257047129497166,128.06668094239882,125.26697776000186
346,0.7277958825256088,127.66674137281261,125.16735036462272
347,0.7298900912292255,127.23748173488524,125.64379810994976
348,0.7319867159780691,126.99731958669214,126.27324319999175
349,0.7340808521059053,126.42812079448301,127.19606320398503
350,0.7361738853270124,126.5092700366372,129.0346643102937
351,0.7382682123604443,125.9659634902357,128.53143215869227
352,0.7403641944498084,125.90904902524917,130.33249718697894
353,0.7424576311971561,125.19247347387363,129.4484748257984
354,0.7445523870480827,124.98602809611424,129.98163479073625
355,0.7466478284648128,124.6404571092462,131.31149176533876
356,0.7487413917548734,124.62464558415478,132.07654102493848
357,0.7508354594737505,124.37262351610364,132.48155062028056
358,0.7529278056847568,123.93815200501317,132.97013823537932
359,0.7550230257904859,123.73296908910095,133.6091564648862
360,0.7571167923480437,123.9471403648851,135.18272854620253
361,0.7592113317151179,123.55437555903181,135.90725063299823
362,0.7613074731933067,123.44606776085668,137.2444951629855
363,0.7634009581307508,123.01731015280738,137.42541841401825
364,0.7654969266569684,123.04398428412604,138.87975560491117
365,0.7675905899780763,122.93077869779019,139.438977079521
366,0.7696837880547684,123.10373800263054,141.51513899916705
367,0.7717795008463626,123.00617708900637,142.34239988909704
368,0.7738757788346248,122.86417743879335,142.84305887045636
369,0.7759706260990727,122.58398695610884,143.39710911984528
370,0.7780620795267656,122.56745278292361,144.97657473316104
371,0.7801559906208961,122.54070322762561,145.8859990507176
372,0.7822523136569128,122.36688922141543,146.522088386103
373,0.7843481481853999,122.40593034033819,147.93940437725857
374,0.7864425511046899,122.83255448784136,150.0929082551461
375,0.7885343495966205,122.51775246580983,150.36744422859505
376,0.7906286372458883,122.8210985786598,152.18521183210166
377,0.7927244345313397,122.55414855472387,153.29955375160125
378,0.794818005513127,122.72632828012259,154.6651165057843
379,0.7969121491149282,122.85579338352925,155.47624215848614
380,0.7990047112993173,123.33834723143107,158.0068247432267
381,0.8010984966914405,123.20209029467901,158.88014466539775
382,0.8031950165575023,123.47287097141978,160.67470946107363
383,0.80529055904954,122.48024906157369,156.14589005947627
384,0.8073868607794276,121.16807361840665,149.52590581507988
385,0.8094799923089985,119.6876249929248,143.39317116274137
386,0.8115723232550889,118.26355918272691,135.74898328684108
387,0.8136672975922271,117.48796288192702,131.02514898780134
388,0.8157631100610689,115.85548562507535,124.10670259970644
389,0.8178569790142735,114.67851281432723,118.46830455749487
390,0.8199506303068442,113.72216581849919,113.9526112752414
391,0.8220462665916841,112.24869400441732,107.5735358719054
392,0.8241405937791958,111.35305991600153,103.4178661057706
393,0.8262325853224312,110.3222079838026,98.48511205413998
394,0.8283265675885274,109.4868862253974,94.99744425102391
395,0.8304231027322762,107.961806445349,89.01989871712257
396,0.832516312308734,107.1437709602989,85.7794172175683
397,0.8346104967180491,105.88991225686974,81.22834580232396
398,0.8367055646585567,105.28085073294929,77.51128134475005
399,0.8387997810841866,104.5345863754814,74.24737513552725
400,0.8408959249120883,103.58740429500972,71.18915209644899
401,0.8429902851163829,102.74485111677464,68.0628578463738
402,0.8450834013034724,101.71247452969605,64.16286769814438
403,0.8471787052036875,100.85225655789229,61.18755787701243
404,0.8492741754489669,100.06314581642773,58.25527356963809
405,0.8513666186650054,99.26912705696138,55.04327079066147
406,0.8534586558453424,98.42083342113578,51.92297951814197
407,0.8555555147205227,97.88438999822753,50.36895923425056
408,0.8576510528712873,97.05686942537805,46.606616774281065
409,0.8597438531231701,96.4966396075547,44.44950786101363
410,0.8618396600787528,95.60244898657916,42.0588123313644
411,0.8639352641137702,94.8509904639311,39.47115577362324
412,0.8660278348127696,94.19343580256208,37.58070985674702
413,0.8681190723532742,93.52695940695065,35.20289244087955
414,0.8702145301226206,93.07495292876175,33.204096895903255
415,0.8723097299260473,92.1812144003405,31.075967197508096
416,0.8744009465527449,91.86317709906517,29.551429069357464
417,0.8764962014565297,90.9861103608184,27.185249592705688
418,0.8785921785819074,90.57523328148893,25.56873667756176
419,0.8806862529738079,90.06553069496749,24.395842862027358
420,0.8827803474942315,89.68163218427514,22.555317653802913
421,0.884876552415157,88.75358556679306,20.707319742257273
422,0.8869727619955021,88.39006163071134,19.36051608890328
423,0.8890661549276524,87.97994523334837,17.63676346090118
424,0.8911606435626759,87.27990775676584,16.1608152757096
425,0.8932564177642083,86.80863639464687,14.303845024294507
426,0.8953515942364704,86.0809311937587,12.428593418935614
427,0.8974449590572777,85.88099169108864,12.18718192552387
428,0.8995380126042275,85.25831258428171,10.751360742049616
429,0.9016308480731973,84.85448844679549,9.63141795584303
430,0.9037248205752632,84.09528727074877,7.375357811877868
431,0.9058194398636225,84.15427311644267,7.735703093973823
432,0.9079139093175219,83.3593218983441,5.994574041364576
433,0.910011764746055,82.89998792135198,4.465665691559588
434,0.9121056647167038,82.44465284625514,3.3665798102301148
435,0.9141967683902507,82.04801216930065,2.049677690805022
436,0.9162922424058753,81.73277001014378,1.7271021222123968
437,0.9183868595164038,81.1922308490764,0.31296694472361486
438,0.9204815946523948,80.9389524072082,-0.17233556481299253
439,0.9225765682279964,80.53830620693542,-1.4787026834923502
440,0.9246708776548578,80.20565074628423,-2.7163448035930915
441,0.9267650233208798,79.84808327648382,-2.9314811903049764
442,0.9288581102404102,79.41446777043318,-3.927181256224778
443,0.9309518934142385,79.07631543508477,-4.938927923515433
444,0.9330469160925099,78.68682265320349,-5.782612667106852
445,0.9351415764644654,78.59477161017406,-5.8100927888540745
446,0.9372369506587555,78.16915326407137,-6.922575302571148
447,0.9393287530448476,77.77774314204075,-8.483845630954445
448,0.9414229216419412,77.52045313627305,-8.101745677665235
449,0.9435209341962445,76.9983814366293,-9.594526109559505
450,0.9456148252799238,76.8116182712734,-10.302998847198767
451,0.9477091255207061,76.35628890180514,-11.067280969213883
452,0.9498037238864095,76.09601665191127,-11.965577119187465
453,0.9518981043411001,75.84146991686701,-12.25920354505713
454,0.9539914706287521,75.64466996354685,-13.059782255695076
455,0.9560859977890608,75.4784610374003,-12.771587561071412
456,0.9581821096695351,75.09374608224385,-13.672674501869485
457,0.9602755737793266,74.92406047941093,-14.317187649865966
458,0.9623691838562978,74.45848500080538,-15.056522026921876
459,0.9644636726355348,74.5926972894756,-15.572915495310731
460,0.9665572681340019,74.11380442952826,-15.851635866400505
461,0.9686506726657692,73.77614087972772,-16.633106690455143
462,0.9707453651438224,73.49395453134794,-17.55034983750963
463,0.9728397447984573,73.24328028182421,-17.97424493565571
464,0.9749341599912872,73.13892899768959,-18.99410014651816
465,0.9770309382258842,73.21622330915564,-18.007322164727185
466,0.9791243621626365,72.62317131179807,-19.774439433268668
467,0.9812186011668534,72.54898396107356,-19.764611496369856
468,0.9833152549762485,72.41630906593107,-20.42617386546531
469,0.9854083366977224,72.1556538825236,-21.31047483384312
470,0.9875013366256304,72.28173869797705,-20.833874581334868
471,0.9895964031766183,71.64415335875553,-22.2718627273796
472,0.9916911272506032,71.8192152270793,-21.111860687939252
473,0.9937856031740195,71.31192456334857,-22.64137078962765
474,0.9958807301039379,71.17858483624973,-23.119397388930192
475,0.9979746323874407,71.12736815893766,-23.45681163694401
476,1.0000664008054638,70.98578620165091,-24.43811792834596
477,1.0021595314674534,71.06306695905967,-23.33989482057487
478,1.0042547648495364,70.60477736043707,-24.89411547646531
479,1.006349085630113,70.54516702506193,-25.172884491254337
480,1.0084443367657523,70.48398802023657,-25.094531659185954
481,1.0105398481990022,70.08906350015259,-26.66438130405481
482,1.0126348213072522,70.2017842210556,-26.052921117104525
483,1.0147293432188107,70.06990878014152,-27.269630796730638
484,1.0168223222913106,69.7619248487981,-27.23991463355154
485,1.0189181991118834,69.77849294290388,-27.74606469283041
486,1.0210135889667047,69.77408901858757,-28.079446321303447
487,1.023105517395174,69.7164850957812,-28.31456261468061
488,1.0251997072975425,69.5080533415088,-28.696165839527335
489,1.0272950549324347,69.71839082165769,-28.152113013988913
490,1.0293904044607038,69.36261600110812,-29.937603156304192
491,1.0314847550764672,69.3269545201027,-30.362566140147237
492,1.0335791521913305,69.16721776938951,-31.33573229509601
493,1.035674282724225,68.66573054741023,-32.87083050315043
494,1.0377683744197583,69.46074610322727,-30.992718726769656
495,1.0398611358062981,68.9084756941906,-33.37075271446316
496,1.0419559810580585,68.79852591026543,-33.25393481369844
497,1.0440519355231435,68.73997091239048,-33.258419008798455
498,1.0461442665368221,68.6646915024408,-34.18766951811431
499,1.048238151325366,68.57771748097773,-35.07979348755519
500,1.0503312794335307,68.43267262035509,-35.44036290648268
501,1.0524262698953144,68.76786014777434,-35.205112847479135
502,1.0545208315883745,68.46682351470355,-36.58803588955179
503,1.0566150350094698,68.28244299835853,-37.806372833675695
504,1.058711440318921,68.57985904464019,-36.89656046154061
505,1.060803734980524,67.98056746806068,-38.682973748970774
506,1.0628970711462522,68.1593670948063,-38.48324174663115
507,1.0649945592352892,67.77615980032162,-40.80299660013661
508,1.0670895920886003,67.8990299794594,-40.792528350800836
509,1.0691815189460832,67.97953022386501,-41.445169777130694
510,1.0712752972137536,67.87751001984039,-42.4041671976262
511,1.073371173619778,67.70475264207677,-42.735382327885944
512,1.0754657024825272,67.56183082999254,-44.51712440046123
513,1.077559391113827,67.74165947755253,-44.488298269211306
514,1.079654167044188,67.48960934185853,-46.80193423295293
515,1.081749685406742,67.20069906207488,-47.41776010703705
516,1.0838429051818583,67.94458002595172,-45.76329414162076
517,1.0859346611894292,67.06493923995768,-50.02932449948376
518,1.0880274765489322,67.51663881205101,-48.84131259576597
519,1.0901226378244568,66.62666933423937,-51.302782094528915
520,1.092218906510469,66.70994128669675,-52.66151095520662
521,1.0943142405516277,67.01263265279265,-51.862852766229715
522,1.0964083656069452,65.78415326180902,-57.08136291734393
523,1.098504575117021,66.73147078944449,-55.203766128883906
524,1.100598880587325,65.80295589945631,-59.14431045366122
525,1.1026907648634887,66.14593164462748,-58.842238750037204
526,1.1047864761829782,65.46002261089717,-61.32098053594261
527,1.1068805633882368,64.72641431113631,-64.1182987014165
528,1.1089715885079452,65.01042978922683,-63.35839988574397
529,1.1110674731376504,63.90771622440746,-68.75651660200846
530,1.1131638031712348,64.45488738029525,-67.76129378350502
531,1.1152567400703868,63.10075859235524,-72.8735224713354
532,1.1173518797395834,63.22840641624307,-73.55307604059728
533,1.1194466841667583,62.42524733065241,-77.03381150646388
534,1.1215386388653605,61.41756757736202,-80.8617052337447
535,1.1236321502294464,61.55604995032722,-80.86681004329556
536,1.1257265608788465,60.099166050586035,-84.87837544842345
537,1.127823511019811,59.947162591419904,-87.12033039985688
538,1.1299186917312898,58.30486629938545,-91.68433075253388
539,1.1320102853860914,57.43178214566132,-95.36547801347453
540,1.1341022265777971,55.980451140216445,-99.36197100255802
541,1.136196488705377,54.73198687060799,-103.98222366286542
542,1.1382919496812383,53.49901550528035,-107.68682790325803
543,1.1403848113573067,53.14689517699314,-110.99413887061675
544,1.1424801205078854,51.90348020943852,-113.7192932823705
545,1.144579099546908,51.406495444289654,-115.28636879812858
546,1.1466743733674984,51.03256682718628,-118.03434160843068
547,1.1487627957344069,50.23384452079594,-119.3041795570917
548,1.1508586543248278,49.769800641611404,-120.31131423288764
549,1.1529561980713183,49.42003749772975,-122.18704416966725
550,1.1550454984226184,49.186444519989976,-123.48569861794245
551,1.1571409429142046,48.75823502331377,-124.05364184909457
552,1.159240859340017,48.46079388056595,-125.66414709266412
553,1.1613355832020602,48.29966263878502,-126.35152420183063
554,1.163423871831942,48.11883506742644,-127.69804149718621
555,1.1655188736812345,48.03520734475904,-129.1823185271535
556,1.1676174368768866,47.87215054399836,-129.94328751554167
557,1.1697080797153998,47.73017279862056,-130.79859931235757
558,1.171800206369591,47.61857688762149,-131.973867605948
559,1.17389591489135,46.90601011179159,-131.6146477900374
560,1.1759888523797297,46.95997725954296,-133.16047116143486
561,1.1780809947202961,47.00130106042336,-134.2332363535365
562,1.1801761196344618,46.97121769723367,-135.04955552494621
563,1.1822736635654147,46.68100275601155,-135.51898181760026
564,1.1843710306693693,46.51959136016896,-135.91801041749292
565,1.1864625384002512,46.56475290868861,-136.58725207278093
566,1.1885545198904406,46.33494231904851,-137.02682698773424
567,1.1906522613678343,46.21693001963662,-138.21257016370078
568,1.192750069492095,46.433368932078814,-139.25959398609407
569,1.1948381381583106,46.168043738195166,-139.0406626751187
570,1.1969297222624806,46.22173496537574,-140.31146513233034
571,1.1990290164311135,46.23983685483757,-141.25631106631457
572,1.2011243924560484,46.559463509894776,-142.63402049087657
573,1.2032149592826593,46.086581756359465,-141.86959703872665
574,1.2053132365828256,46.41708438440616,-143.72445971366076
575,1.20741576508926,46.35571890486508,-144.2309768385508
576,1.2095030565711475,46.200940211167776,-144.238631289825
577,1.2115949657999687,46.12778233535056,-144.61302833176478
578,1.2136960046145377,46.34133520730448,-145.804924077556
579,1.2157928316049589,46.38027144269662,-146.91447788994807
580,1.21787984102748,46.73207209471199,-148.35571837278698
581,1.2199725120701903,46.50335042162683,-148.15502675290773
582,1.2220773486348555,46.434868092936085,-148.56493376200777
583,1.2241717280648772,46.730693642832,-150.35366426286564
584,1.2262574809145717,47.02953575190984,-151.24579844293243
585,1.22835205989159,46.846555118905876,-151.3628245046524
586,1.2304511070315651,47.15395312750812,-152.99230534398922
587,1.2325439941641703,47.12949154446389,-152.95297929571166
588,1.2346327282165248,47.27603939727921,-154.20001784953237
589,1.2367296121231413,47.243606552448036,-154.52881294505764
590,1.238832433751825,47.60161375672227,-155.952712457412
591,1.2409238541102623,47.46588917871896,-155.87189368612903
592,1.243012379245932,47.90605758195719,-158.09056960656827
593,1.2451094606314712,47.92616008894851,-158.2193999168136
594,1.2472066170026377,48.077370729202,-159.1463211088865
595,1.2492929515805862,48.509883737831984,-160.83205906476522
596,1.2513843202334647,48.56596933725831,-161.57908331796884
597,1.2534920777891505,48.67163553969844,-162.16701161217262
598,1.2555889180496558,49.02090488150301,-163.65069001327296
599,1.257667580798784,49.42413030475588,-165.26897255168373
600,1.2597632986068967,49.668730935137305,-166.46024283934617
601,1.2618709074503869,49.667532524957615,-166.8994967518768
602,1.2639618917954016,50.10347265783751,-168.54266183693076
603,1.2660463256389345,50.386622307648516,-169.74129994502744
604,1.268151380164154,50.85289550812441,-171.6065630213303
605,1.2702573897615381,50.99928931336583,-172.34093875231912
606,1.2723329096911193,51.18526534694136,-172.98295977229827
607,1.2744197010315288,51.336575605172726,-174.0651639692545
608,1.2765327006010119,52.29123892624223,-177.4991881407935
609,1.2786342467193723,51.85673935405386,-176.5347216623538
610,1.280707182799757,52.72919051447381,-179.5531961941419
611,1.2827931530633179,52.93247300490372,-180.5908159202788
612,1.2849085387747612,53.307771286214354,-182.11280427764038
613,1.287000364654089,53.83331266983094,-184.0297228304664
614,1.2890781709908103,54.758197680351124,-187.27307558684464
615,1.2911842108955598,54.03535509408837,-185.1912299185139
616,1.2932965864662813,54.80177596113937,-187.92922810168008
617,1.2953774115066516,55.42899308850122,-190.31648327694543
618,1.2974494068131983,55.972640757805365,-192.16311637818026
619,1.2995653278098822,56.064669553123096,-192.84886455498514
620,1.3016791376111048,56.45515652569879,-194.41191124203863
621,1.3037423234004764,57.53834438391819,-198.3398856706173
622,1.3058199114096363,57.35662967947714,-198.08947663723822
623,1.3079467955462118,57.72867557141044,-199.32426318832393
624,1.3100601882305882,60.03389047366469,-207.4558512561758
625,1.312113308135768,59.829100032669956,-206.91835126357026
626,1.3141962752176515,59.633259717353205,-206.5349925394
627,1.3163277077674513,60.50911043707807,-209.57050177214742
628,1.3184175493918626,62.102712435253025,-215.13724770002622
629,1.3204856618221223,61.393268879691604,-213.01228127460374
630,1.3225968812824558,62.576655067215,-217.11336240832236
631,1.324712528812616,63.24716515362642,-219.78590308315907
632,1.3267701241226586,65.2074872383636,-226.63351643939416
633,1.3288455369869492,65.19213594721518,-226.54664318015773
634,1.331007859279665,65.58504077673804,-228.10818446821244
635,1.3331193077637633,66.52963242520903,-231.55076289785177
636,1.335111114646517,67.37621432228516,-234.43786709703048
637,1.3372000138113185,67.2233787114178,-234.16737526458806
638,1.3394207042773567,68.30272665056631,-238.1662232704099
639,1.3415191831855293,69.28211854404665,-241.2932233600523
640,1.343419658472025,70.24281725203966,-244.45872917251802
641,1.3455475267642247,69.31833085685938,-241.82636087703386
642,1.3478257671998863,70.95789324258709,-247.5904762692015
643,1.349910545699746,74.50412998437815,-260.1255432872089
644,1.3517701887420612,75.7714995832917,-264.23158964589857
645,1.3539417100377606,76.18545393623458,-266.0665911426789
646,1.3562514521124112,73.3270574112313,-256.257536535227
647,1.3583044750242828,77.55393794648803,-270.62671494412825
648,1.3600937081391848,79.16176986350642,-276.6676905863963
649,1.362315666351114,79.67784760700265,-278.410755751626
650,1.3646739887244697,80.00662437338767,-279.7091379312647
651,1.3666040349314283,80.48371198808691,-281.57635119307184
652,1.3683585203137423,80.07353445308806,-279.79281776279356
653,1.3706879171444677,90.15317406653327,-315.2329772385445
654,1.3730812726720756,83.70757439341777,-292.7862426298327
655,1.3749143385354152,90.90149934975716,-318.1931162104718
656,1.376679031839902,90.50632353228197,-316.5166320141234
657,1.3790764132796052,95.26674855464547,-333.2110439269894
658,1.3814727924700456,94.4328778365719,-330.6906592557299
659,1.3833424067073374,95.86704370491978,-335.15598231041395
660,1.3850593718572481,90.7830138947428,-317.6599911521937
661,1.387433769507078,89.95558926521294,-314.7666778728169
662,1.3897620281243455,94.86435934096995,-332.089379375347
663,1.3917897627196847,85.24231051608733,-298.46273052791184
664,1.3929979117318791,271.8652642080763,-951.528424728267
