,k,Pk0,Pk2
0,0.0029665470748989845,31497.043112884516,-24155.41747741851
1,0.005026374055021859,39687.877461144584,-25489.676864916
2,0.007149300621522788,45404.75367922655,10268.832832460437
3,0.009278869254964255,54876.2373083039,16964.625755753983
4,0.011450332619344701,52368.88404287466,-8416.395998629849
5,0.013492955871419151,53013.313233553665,15932.488011064395
6,0.01558905561191893,53733.93169467429,-4003.6431294538856
7,0.017694083672553172,52562.08186215473,12271.51307854718
8,0.019817874803135297,51782.3660451094,7282.138138717151
9,0.02192074938196264,50926.13501290711,5606.8774898913325
10,0.02398877635566245,48962.72951659849,2330.288237980717
11,0.026092869718961156,44113.54246708995,-7424.455723169981
12,0.028234663152781798,42954.61586124022,8633.754597374395
13,0.03032284873509123,40314.59723153807,9467.343874555856
14,0.03240263258943404,37329.390639208985,-1392.21361929077
15,0.03449210129864554,36839.59815444606,997.7839472798644
16,0.03658588147515197,32859.380276658594,3101.61360241935
17,0.038684769492669774,32406.65381136563,-1704.6383413453902
18,0.040788988884582836,29782.205542514865,3464.040253784474
19,0.04289390876967646,30617.704092654483,-1703.295918165612
20,0.04498336005546935,29278.80547049996,566.327707450484
21,0.047064985294738244,27673.85332639834,2024.718667737168
22,0.04917111919158227,26618.572915936664,2414.240513975589
23,0.051262169141742274,25223.718466859897,1085.177456434816
24,0.05335525146837034,23962.99904350457,3227.9376496413015
25,0.05546637228956934,24536.95499800317,1419.8419818237628
26,0.057573188192548086,22323.826542400675,-704.7166295200075
27,0.05965884044590281,21782.272994062252,2133.0867490483574
28,0.061745123021595065,20983.603826056184,-836.4883814176163
29,0.0638268929113719,20327.91245863417,472.5639625909089
30,0.06592966228838451,19248.175944214057,-1073.7760884554352
31,0.06803125784825748,18123.8781594322,1226.398354427883
32,0.07013131008699486,17686.401729393543,1487.5441741546742
33,0.07223032366074338,17012.478781764916,-20.612085622655496
34,0.07432334270720506,16551.653802561214,935.6010157662244
35,0.07642066756954473,15552.395593449768,315.5781908431648
36,0.07850471694556041,15026.538992179974,830.8874563331922
37,0.08059701946059529,14240.873515809035,661.410628225594
38,0.08269521798132064,13836.877835275971,1102.259991905742
39,0.08478307522909848,13155.511920038773,818.303230468433
40,0.08687780839616016,12822.869419115563,242.6581394857829
41,0.08897524569656534,12413.468769789797,418.5761876682352
42,0.09108077810470518,11816.91872896131,368.72270661092625
43,0.09318432266948053,11504.334177265819,458.5278370034525
44,0.0952788764104831,11236.462644763982,647.353518396676
45,0.09736254237981037,10734.806835947747,189.00585396211267
46,0.09944832814799408,10624.926630871227,318.27899950050266
47,0.1015460879802399,10141.812128437194,63.596993465167195
48,0.10364263756677322,9906.839336315903,278.9115842254313
49,0.10573893905394659,9591.25336503349,544.0576845450798
50,0.10783958559814742,9420.145811956074,590.7417173186184
51,0.10993894058501318,9233.996782413284,177.56824410312626
52,0.11203921431523854,8910.458825047113,57.08638969233627
53,0.11412334585697578,8530.378945290302,326.8190990300337
54,0.1162159397555423,8449.812995012611,512.7068523014145
55,0.11831372048037725,8285.374305952842,821.0651296681353
56,0.12039723118070132,7986.605412362193,689.3347761620698
57,0.12249223631878574,7668.991307354483,295.09153857879335
58,0.12458825984258635,7468.426175353462,428.98527296974976
59,0.12668846771583772,7189.069096717624,229.24413612202815
60,0.1287846620419941,7149.266814396233,298.57977928007534
61,0.13087133937881498,6912.9361363206945,134.02113460436783
62,0.13297548334406448,6689.998318851864,356.85023532380086
63,0.13506910815256093,6593.432850055212,464.71611360434355
64,0.13716388258568254,6393.467904101171,313.82557126013336
65,0.13926047573721634,6228.92998919193,469.7895810881644
66,0.14134668829083769,6050.818421825699,389.5590911926892
67,0.1434475230090064,5898.27983388296,411.38186507724254
68,0.14554528534185418,5701.030597483065,322.7048708153188
69,0.14763320610735878,5630.343340394745,439.4782389198861
70,0.14972114728432864,5490.849693533423,214.48081475762248
71,0.15181380487515775,5348.8256459956765,408.34952706643224
72,0.15392114901003526,5239.760360723177,450.7339406634281
73,0.15602147473412367,5131.557253325917,381.69815934964043
74,0.15811617475881218,5009.488335902427,296.65992376602725
75,0.16021187122717997,4922.179597786542,376.2341374075244
76,0.1623006419462899,4776.421711186569,470.8779096030563
77,0.1643899033199985,4678.193541216647,288.4493585504103
78,0.16648355823815117,4580.974139575959,339.2493148603054
79,0.16857196837784735,4488.622030442507,389.46143700303867
80,0.17066413320893647,4418.670623283157,479.3588381829542
81,0.17277086992561352,4288.194586252057,448.79052731206986
82,0.17486965460096995,4202.746116620417,484.8797663365688
83,0.17695857694944453,4092.86635241614,403.8251459200346
84,0.17905245093155753,4037.201517944041,331.54026478679424
85,0.18115265212612636,3947.8687061856276,461.2868869835333
86,0.1832476884130739,3886.657669588918,445.06112514137425
87,0.1853312475833926,3819.7215984223494,571.5974085483027
88,0.1874284892203219,3688.5652896944976,415.86580751194487
89,0.1895337179075755,3621.773275708215,427.1464671756997
90,0.1916268196474026,3567.6341874968225,375.515026654595
91,0.1937183403446853,3482.705312583496,486.464657680982
92,0.1958131498886989,3410.247366400625,453.2051407479945
93,0.19790587400989662,3356.24779565928,492.1806830393999
94,0.19999906515978938,3288.4918423748995,536.4948938517928
95,0.2020893038374759,3251.6663939669493,435.3324076870808
96,0.2041823192148178,3180.0699793499944,465.7118647012805
97,0.2062825911013838,3123.3627968912638,441.97810517147457
98,0.20837701891459662,3058.6431286088136,475.7613181823037
99,0.21046758167944032,3016.202804012686,459.97835854884477
100,0.21256678542440183,2938.8335863902985,511.71709327915084
101,0.2146619261104852,2876.97572072138,408.6192657591461
102,0.21675618057220372,2841.2059305956413,513.3189114562243
103,0.2188528705899679,2793.399769660566,474.96892214977015
104,0.22094564274530842,2746.998682665261,529.9792514196429
105,0.2230395148320731,2691.1272200054887,516.4224292213743
106,0.22513567328585352,2647.679307216296,539.5285130459727
107,0.22722785048644015,2588.158417486759,502.64016452976284
108,0.22931975112872324,2563.8671105705002,502.2573720360467
109,0.23141147723465103,2512.2279855133734,489.80905798023065
110,0.23350584674782457,2465.1862909619445,529.0718823306565
111,0.23560416522029054,2439.1495530523816,515.4632948220287
112,0.2377006336558307,2397.24585503857,522.1031381732512
113,0.23979727503904752,2353.623697199655,539.7011927078817
114,0.2418944602532704,2308.891426515406,542.5753365508908
115,0.2439884227569783,2259.1781830252876,459.1751342195795
116,0.24608359968283072,2241.1187489369163,558.3902773693386
117,0.24817552807053123,2182.1196256687167,553.0449823267675
118,0.25026237006475704,2156.9341253800494,565.0925447926644
119,0.25235861551053484,2105.6821354904732,514.3298314379304
120,0.25445470778669854,2097.4527616214714,528.7968287096321
121,0.2565487653287422,2067.4588951660417,598.4006059331766
122,0.2586464955058471,2022.1596879443866,514.0889346711627
123,0.2607443047329862,1992.0353214053735,521.0266381937889
124,0.26284383121734134,1962.4625488340535,559.5743303315536
125,0.264929885565984,1934.3025381185257,552.4866974485427
126,0.2670163698864118,1894.815855707638,550.0596301326148
127,0.269112135390912,1868.9093496616533,549.9376949394999
128,0.27120764961246213,1845.83050276056,585.32303287371
129,0.27330509996536784,1813.3261052390376,572.249866524357
130,0.27539842121309294,1798.50129226703,552.6723587508726
131,0.27749656900268016,1770.2494451109424,577.9473975688394
132,0.27959864364035925,1735.4396642104678,529.8757122282682
133,0.2816878213234348,1706.6822353152459,541.6798444518079
134,0.28377609558542155,1686.7800638858291,539.8144986908936
135,0.2858732754634003,1669.7001525428325,609.1725559725395
136,0.28796861590208045,1640.341324896889,555.2794535904993
137,0.2900612915162532,1620.0074974385227,573.6453363441875
138,0.2921547032025089,1590.1437849412362,552.662207707845
139,0.2942501291133245,1568.5849593328162,557.8466399937981
140,0.2963444256131289,1543.4403775022774,535.5445107388895
141,0.2984361415704375,1525.0165403158028,586.3323126652514
142,0.3005318840555698,1506.9951723372285,569.4914927816525
143,0.30262777760316095,1485.7957914723906,560.1636747795521
144,0.3047248035439954,1457.7893238327817,573.2807494145062
145,0.3068210272572538,1444.1325102304695,577.3539165470484
146,0.3089144805088237,1419.4270425910518,588.4542769835161
147,0.31101080657849756,1400.5564786444995,592.5450173326226
148,0.31310885951912926,1385.2651782223857,568.1896667532451
149,0.3151991603466065,1368.3629358540015,581.9047012085807
150,0.317288667284839,1346.4646652273639,577.8295620716757
151,0.31938044185106124,1335.7527415534464,574.9981593080922
152,0.3214783648369702,1308.0605093437368,562.1254737877621
153,0.3235785211189416,1296.2268474550647,578.6892063535076
154,0.32566935894833426,1275.6935495921186,588.0759883320089
155,0.32776077751211374,1269.4152444909323,576.3494041812038
156,0.3298523230655558,1249.101313732082,582.4814402056578
157,0.3319485433973702,1234.2381712408962,583.7304634405031
158,0.33404540358127904,1216.995703226301,572.5581463307825
159,0.33613494177837844,1197.2483189135867,590.422882086463
160,0.3382313832787478,1192.0715500216654,604.4108139686039
161,0.3403308518124324,1167.0239991966328,572.1209085024244
162,0.3424246601457981,1156.4428482555988,587.7552955573998
163,0.3445197272986724,1143.0529804515468,589.4033201707226
164,0.3466158524641983,1121.1789174052974,581.0477636912374
165,0.3487089916477683,1114.4974515151641,583.6565499532072
166,0.35080114560367615,1095.4879175932695,572.2977917160171
167,0.35289356821720286,1087.504144449806,584.7825281778629
168,0.3549881110219297,1073.43778895856,596.2129383401906
169,0.35708559248027844,1060.9791485647384,593.9415435983453
170,0.3591813496003593,1046.3883022799855,575.8850790526717
171,0.3612749400626811,1032.2121502639968,583.3974809735968
172,0.3633693413142722,1024.3730362938147,585.8407011271396
173,0.3654632219855477,1013.9325077235715,589.8941787824847
174,0.3675603773529471,994.49527241199,574.8222978988248
175,0.36965434919829326,990.8380608509726,590.1644569270533
176,0.3717418094879197,977.0925721501839,578.8187028890895
177,0.37383404253825586,967.2808289172491,587.0493348772867
178,0.3759308579415973,956.7369297074254,573.3196337743793
179,0.37802985088946095,945.9445528830789,581.8357265961588
180,0.3801213498834686,936.6918241563043,577.7596397848171
181,0.38221306010699313,920.9016947544437,587.80986042303
182,0.3843141376638833,910.942001373548,572.2466521845504
183,0.3864096355836929,900.7587610590614,576.9158399758677
184,0.388502907295756,894.7828635752597,584.5399754223708
185,0.39059769208540335,883.9915666049761,580.9614183116477
186,0.3926958121232196,874.7230777066211,584.0702876242796
187,0.39478921808384226,862.1902088334724,578.8001852249678
188,0.39687821409975554,855.5104371481967,578.7717321410703
189,0.39897073627813356,844.4916181955749,567.04502794555
190,0.401067192451382,836.6583908249681,567.6471098622513
191,0.40316228148056854,827.8820823975273,574.1140676801153
192,0.4052546340249366,817.6868713868831,571.5191481776892
193,0.4073499183903822,807.5316030536203,569.6577107837808
194,0.4094468722071623,800.349208404016,566.0765630524885
195,0.41154432885897757,792.3138436288499,573.2628487215246
196,0.41363408239228544,784.5634457213445,568.5730553508514
197,0.41572494638156243,774.9017625902674,567.3738074953878
198,0.41782181997781404,767.1823230918668,560.4672821168383
199,0.4199166506307261,763.2707436220841,572.416760909465
200,0.4220107143757513,752.8773725914929,561.0674069560672
201,0.42410542949066876,743.711850629899,559.5907498525956
202,0.4262013850195404,732.7192261278351,553.541389021881
203,0.4282955296445312,729.8198151516494,563.1318032498405
204,0.430391806688861,721.9852830413239,566.1504588570734
205,0.432488575457924,716.0844827859493,560.940696611162
206,0.4345806090039814,707.8203885858641,552.3024365274036
207,0.43667244097425384,698.93724530754,555.7855716017267
208,0.4387671492209622,694.4426697624052,556.6165366503299
209,0.4408622534544343,688.390534322306,553.9340689216464
210,0.44295516415095815,680.8050638228015,554.8641107187169
211,0.4450482683181851,673.7018012965018,549.2095447207575
212,0.44714683875742495,667.0417393991077,555.0639640905276
213,0.44924362280569813,660.0991321875364,544.8226808013472
214,0.4513338633316258,654.787979472818,548.5623569314971
215,0.45342753643259276,650.702886898514,549.4486629041229
216,0.45552189548586586,644.883318269218,551.9764557868189
217,0.45761716616081083,637.105500001503,545.7045490654904
218,0.4597117909764672,632.6694162009832,551.5870949470213
219,0.4618031890496857,624.6576734888118,540.7199175794182
220,0.4638995470730997,620.8879463368887,549.2400520057904
221,0.4659948171464902,614.5171501555449,547.394629741904
222,0.46808929446972725,609.2616735204672,541.7113040988419
223,0.47018492649495636,602.1943974518596,540.1698914045885
224,0.4722792778491551,598.0868435063572,537.1708383798956
225,0.47437272572904565,594.6686956152898,540.3351525327995
226,0.47646593372141327,585.8229861615694,538.3395463976119
227,0.47856230727426236,580.4397890651156,537.4459316177183
228,0.48065904058976644,575.7604338138659,528.77633990054
229,0.4827512226177774,570.3594544737073,535.8498452077557
230,0.4848441163240575,566.4202067559273,533.1977305911058
231,0.4869397730506266,560.1010941809077,528.9192178142006
232,0.48903678813400875,557.3194574317049,535.1354475183792
233,0.49113096964965397,553.4068392841538,530.3789289118715
234,0.49322332174786626,548.6292382022804,533.1259709704868
235,0.4953187148676145,542.768209139586,523.151247867672
236,0.49741120358770496,540.4661453221557,533.4064116963073
237,0.49950082345999325,532.2109251942022,521.7042538508525
238,0.5015952506837275,527.2046842837414,520.1999426929737
239,0.5036919972981919,522.584778781662,517.0081218682202
240,0.5057872116617207,520.9853779922746,524.6134195794449
241,0.5078828569897101,513.5758214765665,516.3281729103918
242,0.5099793452386306,511.4077926557068,520.9220970483931
243,0.5120767256379639,507.122778655782,520.6858238786581
244,0.5141702395931294,502.4539660884444,515.0367540769414
245,0.51626132102766,497.87858165214374,515.2532436200285
246,0.5183576899265504,494.4481428055148,512.6098310752859
247,0.5204524416424112,491.45967833311863,515.5456537223841
248,0.5225430403510469,486.527205415639,513.3791832937784
249,0.5246378991347941,483.2466727815859,512.3794503241605
250,0.5267345150769579,477.26308708119524,504.0226333018899
251,0.5288284644781793,477.0312741742806,514.0361858026134
252,0.5309200047543352,469.04646230796715,499.31596038308095
253,0.5330154787982235,466.55428101545806,501.76684528158063
254,0.5351140455458262,462.7631019806752,505.7365207151323
255,0.5372066203065362,457.78600271961136,499.9491494376558
256,0.5392991990272246,455.18307944734454,498.65009660223006
257,0.5413944118270408,452.5204902006102,497.6184985271463
258,0.5434881995106379,448.76206834904815,498.08012438897157
259,0.5455829952492127,445.0749118847701,494.68517092961906
260,0.5476769745662954,440.7759798438724,493.753808160168
261,0.5497697255495043,438.23563932406745,491.96594895672206
262,0.5518645446467839,435.123905096653,492.3065579595838
263,0.5539598571350287,430.4365475555744,487.1288635025204
264,0.5560564538950566,427.55793814434315,485.8477788913041
265,0.5581500505101624,424.34579305471794,491.3798721057289
266,0.5602409063261653,421.3433626381802,484.5866750421982
267,0.5623379637803174,418.8930639975295,486.4839165511361
268,0.5644363283026402,414.25952910556435,479.93537503504916
269,0.5665273824761494,412.1436385100239,481.27241435660494
270,0.568621249018378,408.52207039902015,480.86196592778464
271,0.5707181447612965,404.4224112914891,476.8575251794486
272,0.5728127938597997,402.6220111520577,477.38815675315425
273,0.5749070881546879,399.0655181971075,474.3664499583388
274,0.5769991470923068,397.53682389900416,476.3449254055159
275,0.5790956911760897,394.08208779952577,474.11444764277803
276,0.5811893306261757,390.60181315554786,474.0844409503167
277,0.5832802267374103,388.23629605572023,472.2278014835181
278,0.5853761830306536,384.9830945999916,470.02353504409945
279,0.5874711784415975,383.5070020908335,471.34166337319806
280,0.5895653958899879,380.2061398834113,468.2163345124947
281,0.591659786459685,376.6906716743149,464.54754182977007
282,0.5937551851921442,374.2052285263175,466.1668424146391
283,0.5958498092767481,371.1860746966401,463.94584217466564
284,0.5979447066705442,368.62291717925274,461.3843208009218
285,0.6000383505174957,365.56565896883785,459.28481000771353
286,0.6021313016181767,364.53446872294876,457.4961068625362
287,0.6042246965556944,360.49536769597444,454.812816696206
288,0.6063189733697846,357.36942665313916,453.93146760238204
289,0.6084147213727373,356.526360745265,454.80880341773457
290,0.6105090855473989,353.588289441438,452.5971241956734
291,0.6126037649785722,352.2378873381584,455.7306696823204
292,0.6147002391370655,348.67948341306044,450.8900949496275
293,0.616794938930829,346.6714961643773,450.38338184648694
294,0.6188886865784012,344.0685224387267,449.4885804673633
295,0.6209825762252046,340.7998192874684,445.3850353891105
296,0.6230764414889526,339.76461335803015,447.5463392908726
297,0.6251725389343245,336.5525369190337,442.5253652712079
298,0.627266923011265,334.9962634460025,444.0313416828749
299,0.6293596211388142,333.4924056170971,444.74872974965757
300,0.6314513250607457,330.2184933700721,439.73434072240303
301,0.6335475720513941,328.3192395277808,439.4135854515164
302,0.6356444982495617,325.1769454839807,435.1525091090435
303,0.6377358562255245,323.575323134545,436.993922963503
304,0.6398302949107263,323.21301062418894,439.9723080919424
305,0.6419256185614247,319.6342706375765,434.2440571956074
306,0.6440214843206593,317.70648515809046,433.2625992170814
307,0.6461142033434962,315.56324033194903,432.8525189976869
308,0.6482061138478032,313.23457637661534,428.80815583927216
309,0.6503020867345045,311.6866678813556,429.4090222672145
310,0.652398185537932,308.9967658915253,427.2181233529993
311,0.6544932048530038,307.90843081875664,427.98983919096696
312,0.6565867871776386,305.3324032925329,424.6337915150464
313,0.6586827890115348,303.2516839975328,423.25585328082656
314,0.6607793300725506,302.1587638315174,424.6153469286474
315,0.6628724964198541,299.17024140238436,420.76874084484564
316,0.6649654402217313,296.7340586905188,416.5839469474863
317,0.667059865407609,295.65554052382464,418.6359374015385
318,0.6691532523078332,293.3181787515677,415.03079631129526
319,0.6712457992597233,292.5451701904377,418.26179534315696
320,0.6733390782258323,289.90325618972963,413.94947139678345
321,0.6754367503383576,287.65006965281685,411.9724154169965
322,0.6775335143160066,287.0123377811886,413.70777610522634
323,0.679624621064033,285.1924401721788,412.6579739735089
324,0.6817180292738917,283.1100540886812,411.06790769881576
325,0.6838149015047629,281.73805940858387,409.90787922087594
326,0.6859101434268815,280.03493324582024,409.4687494623084
327,0.6880046468184081,278.01914623000175,406.9222412558131
328,0.6900999637264865,275.4765656335806,401.9903974273857
329,0.6921965733216279,273.8595841176675,402.7708004026457
330,0.6942884945981568,272.79719764875176,403.1503318612373
331,0.6963781649531228,270.88399678854216,399.50363728984235
332,0.6984747371200234,269.51039264325084,400.3648090703111
333,0.7005690388882679,267.8565183883254,398.0079520003314
334,0.7026621579778546,266.6087466539598,398.64896498275266
335,0.704757268847954,263.8008581392267,393.8420978910936
336,0.7068509057629639,262.8411744043354,394.06131975485107
337,0.708945644402387,260.97750411477364,391.3257714232561
338,0.7110406815970572,260.10395104614,393.4868704885393
339,0.7131372373036142,258.22178131622127,390.2001112035744
340,0.7152323589250973,257.0961197288777,390.59847337927715
341,0.7173245162021571,254.7266216133253,387.39027525630587
342,0.7194199711852413,253.70726138469502,387.3740820078895
343,0.7215151322330351,252.870615745153,387.80595898517737
344,0.7236102334592447,251.3508306898479,385.86868061651353
345,0.7257047129497166,249.60129835883163,384.42818195062836
346,0.7277958825256088,248.09612477234575,383.4221798672826
347,0.7298900912292255,246.66440959754098,381.9652224212313
348,0.7319867159780691,245.89133451304113,382.50433014072195
349,0.7340808521059053,243.91552536219555,378.9681674134087
350,0.7361738853270124,241.53009334462388,375.3469283137791
351,0.7382682123604443,240.83786814654624,375.920323711427
352,0.7403641944498084,239.7929147968105,376.0437838318591
353,0.7424576311971561,237.59956628711157,372.2387018851339
354,0.7445523870480827,237.26338330160004,374.4986471700075
355,0.7466478284648128,235.53500816631916,371.43219977112716
356,0.7487413917548734,233.93650437052955,370.12540084384875
357,0.7508354594737505,232.73247462200118,369.32591084461257
358,0.7529278056847568,231.50726627421443,367.6281149485752
359,0.7550230257904859,229.98780311767047,366.8056251033365
360,0.7571167923480437,228.6597222361704,364.8462955237556
361,0.7592113317151179,228.05630525180732,365.4362586831551
362,0.7613074731933067,226.68022261312103,363.7387727433184
363,0.7634009581307508,224.97650221652262,362.6641211800097
364,0.7654969266569684,224.52921644332437,363.24247685593787
365,0.7675905899780763,222.34571564067141,359.3475856511844
366,0.7696837880547684,221.60773237590698,359.71100208369387
367,0.7717795008463626,220.1267545773107,357.83966784227266
368,0.7738757788346248,219.11946926000036,356.8115846807271
369,0.7759706260990727,217.68098702751837,356.01101599670466
370,0.7780620795267656,216.44105035765065,353.55167777142145
371,0.7801559906208961,214.96109048618555,351.1557917101824
372,0.7822523136569128,214.46995484422447,352.66139052952377
373,0.7843481481853999,212.87218592228035,350.1980567886587
374,0.7864425511046899,212.16758452117668,350.11780484177297
375,0.7885343495966205,210.84003162550934,348.07298648082576
376,0.7906286372458883,209.97981806847096,348.8353204178905
377,0.7927244345313397,208.41486405691037,346.3598056915291
378,0.794818005513127,207.10092506993183,344.4753648265932
379,0.7969121491149282,206.5566548419212,344.32869206737774
380,0.7990047112993173,205.21776082845386,342.79912866234395
381,0.8010984966914405,204.30090569179578,342.6617988584938
382,0.8031950165575023,203.57668785356356,342.69040554806355
383,0.8052905677217739,202.79891994976407,342.07405637630796
384,0.8073868841230295,200.51665130950448,337.54476591649893
385,0.8094800557409162,201.06097647508437,341.3568994547482
386,0.8115724907946299,199.06945525546078,337.20892240441407
387,0.8136674854006812,198.868096934017,338.46190830021953
388,0.8157633267681768,197.263021235109,335.8456881914506
389,0.8178572815764139,196.1624276274189,334.3925327237999
390,0.8199509017046862,195.57148353199804,334.9006992988772
391,0.8220464110750062,193.66263708496956,330.8412573133184
392,0.8241406544737637,193.3019775526484,331.72124983142646
393,0.8262328397247414,191.5933638810313,329.0452389363484
394,0.8283269471334518,190.8524593521591,328.5299947910341
395,0.8304231064697798,190.12871838914467,327.6438933158821
396,0.8325161683796762,188.75042967414552,325.599902801739
397,0.8346105557242035,188.9837456446313,328.06468871202344
398,0.8367059794413102,187.2671223454675,324.5331587170391
399,0.8388002445604258,186.54548228255237,324.18294253355606
400,0.8408960756111226,185.52080446274118,322.7887498923772
401,0.8429905652842218,184.68133547054165,322.09235934063287
402,0.84508401313589,184.21913634524404,322.6038602201751
403,0.8471791713809247,182.96897951777396,320.36061267509564
404,0.8492743362825239,181.9264124112791,318.5937561218753
405,0.8513668888602299,180.96962795645985,318.2488749859001
406,0.8534589296280589,180.29748495081913,317.33180035019075
407,0.8555558405338324,179.0597000663931,315.835453105349
408,0.8576516874123633,178.2764222292563,314.44873364768114
409,0.859744590599333,177.50578408203927,314.8225751300824
410,0.8618400547669827,176.30166296111992,312.1376400307261
411,0.8639350434441438,175.63278067499098,311.8775572793652
412,0.8660280248974203,174.97101207098888,311.6886257990685
413,0.8681201347325478,173.8276167168236,309.40838458455136
414,0.8702157283801463,172.97396662668518,308.6398686395236
415,0.872310621353091,172.02141003421366,307.4282663305579
416,0.8744020359703552,171.4513800164277,307.3049478274068
417,0.8764972088477568,170.6727858097921,305.95250248719503
418,0.878592835994214,170.1134179504201,305.79409221578516
419,0.8806870131084201,169.4933399224472,305.6904546701182
420,0.8827812802431019,168.5467618645467,304.41949225825783
421,0.884877279658285,166.9940905815058,300.26311504645855
422,0.8869730004154345,166.3560286554263,300.60503967904657
423,0.8890661750433553,166.30891665819772,301.5978102818647
424,0.891161435679344,165.39967945520132,300.0681817223261
425,0.8932577960179496,164.3969834689351,298.75139681494784
426,0.8953527392107627,162.9929810838676,295.9980350993377
427,0.8974462460666859,163.23108802645345,297.8472449553984
428,0.899539340962409,161.8344740827657,295.1147427995516
429,0.9016318169027592,161.1646042379473,294.68417918251043
430,0.9037252249745606,160.65629855468092,294.01298761190867
431,0.9058199443223193,159.93217440998626,293.9322271768066
432,0.907915243986348,158.96333946660388,291.7796859092537
433,0.9100128049501981,158.46944418194354,291.49331319598684
434,0.9121059966002629,157.85146849737518,291.29501013538305
435,0.9141972861830797,156.64909507685934,288.6962354864237
436,0.9162932496702593,156.28523239720795,289.0745746312503
437,0.9183878012752863,155.32475085480604,287.1735371628336
438,0.9204823185419505,155.06881557628626,287.52004378934555
439,0.9225773629784582,153.99214169066542,285.7501477868288
440,0.9246718174739146,153.5504735877217,285.61069672756076
441,0.926766211900197,153.0657304177604,284.7380214540107
442,0.9288591582540804,152.03490545469765,282.996747072458
443,0.9309526610700547,151.32948625443288,282.76335747515367
444,0.9330479303067369,150.86808848245195,281.962658876627
445,0.9351433527997749,149.75021370380625,280.0260547097462
446,0.9372383527365933,149.46303523516883,280.4204725448375
447,0.939329757499591,148.81315808753476,279.1763294385255
448,0.9414230571985791,147.9726249792913,278.04680422100546
449,0.9435210054806012,147.30150207448443,277.19403162188536
450,0.9456162503172072,147.0665218052395,277.35332019082983
451,0.9477100092887099,146.40539026648892,276.5987768929851
452,0.9498046323041349,145.4115488334615,274.3081684987609
453,0.9518991548408083,144.75188222385438,273.9329342897473
454,0.9539929332702277,144.22159297363703,273.5787797526701
455,0.9560874898052096,143.9494343486391,273.48519454568134
456,0.9581824530689178,143.35622079214446,272.63536512076723
457,0.9602770371571748,142.5978040130948,271.4029903098923
458,0.9623710723241273,141.81420565610915,269.92268612163974
459,0.9644648349083941,141.11830763858967,268.61727900418344
460,0.966557887379011,140.50489810082442,268.25089446177316
461,0.9686513195291268,140.0343315029981,267.7305853281456
462,0.9707470393683869,139.5403326146299,267.30198091701715
463,0.9728419987888902,139.1647965261562,266.95973169985155
464,0.9749363451418961,138.11327915165694,265.0104268771445
465,0.9770319720978949,137.89268673765835,265.2305165578449
466,0.9791260608689247,136.9962302773125,263.57411696235255
467,0.981219993418123,136.4850627500186,262.87291466990916
468,0.9833154848012966,135.60097251825974,261.03287339419313
469,0.985409217900734,135.5285497455198,261.61675370941435
470,0.9875034929558208,135.07185218064492,260.9280597420971
471,0.989598845059814,134.38868250088683,260.25637559710344
472,0.9916925524589582,133.7603254766628,259.1279151238327
473,0.9937866222530743,133.0417639618339,257.7545093107747
474,0.9958822538585521,132.81944274220507,258.04884630912505
475,0.9979763461234663,132.12481111350277,256.7824753992475
476,1.0000687382803208,131.64800009024555,256.0192941202844
477,1.0021620574674717,131.00596939250985,254.89773157909278
478,1.0042566040705312,130.4211905872021,254.30586990290814
479,1.0063510481087232,129.67872906096747,252.8913540404557
480,1.0084458017147504,129.42991629798638,253.00929498733305
481,1.0105412449330358,128.47681855209203,250.90265090480426
482,1.0126363206852906,128.4081434963934,251.50494381917477
483,1.014731689048677,128.0842194342629,251.38434186676747
484,1.0168251811607234,127.42000152605732,250.07077531997714
485,1.0189183181794257,126.69757751033876,248.91109983675878
486,1.0210135131858313,126.03244524560604,247.92252689925795
487,1.023107899818119,126.0606405748404,248.6765853454868
488,1.0252035642142994,125.06764881988785,246.35070323167164
489,1.0272979326699727,124.95474196802245,247.19329623910593
490,1.0293915165160124,124.37875578379362,245.85040229092562
491,1.0314862118776227,124.10096203366825,245.86133319134552
492,1.0335813276438528,123.31810109462332,243.99382106749687
493,1.0356760372494827,122.79721788973467,243.22346087662862
494,1.0377697665518313,122.6255330185467,243.5998343620606
495,1.0398635542890804,122.28485353737668,242.91517969882716
496,1.0419580022733907,121.5519184905787,241.59517706981373
497,1.0440530837182007,120.91286893403911,240.33882820904785
498,1.0461463909219801,120.32149705971563,239.32580951175993
499,1.048241289239942,120.10366076824143,239.64420117186103
500,1.0503346504195201,119.67413605687399,238.68418580880217
501,1.0524278880438542,119.11642709144185,237.9191205577774
502,1.0545231057279465,118.79992372127691,237.54282958710436
503,1.0566172205725972,118.2666895778765,236.72042812698712
504,1.0587125681053644,117.81813175723734,236.20993990868865
505,1.060806974942881,117.41364240344917,235.5098872968902
506,1.062900937291859,116.77435990411486,233.98836352700567
507,1.0649968400029963,116.51804929187482,234.16914918254537
508,1.0670917748856612,115.80542799630967,232.6253698134817
509,1.0691837840599538,115.67980696430199,232.98370253629713
510,1.0712784055790137,114.94731471281555,231.0891938773144
511,1.0733741944109443,114.71546690762192,231.1800794094521
512,1.0754689143080451,114.48399475384723,231.39646151498
513,1.0775625935653539,113.84060859053535,230.0665145468929
514,1.079656551776009,113.55319301396403,229.80896472157457
515,1.081751759033872,112.98583680858388,228.41042639063878
516,1.0838450038800544,112.64265276548205,228.091716654901
517,1.0859393346043436,111.97001262966765,226.60940180599
518,1.0880340737032612,111.9884717489091,227.37458604033466
519,1.0901280973397867,111.32561456310414,225.77894161709887
520,1.0922232205093443,110.89145460672718,225.36384611502623
521,1.0943183198095006,110.66734765269872,224.97896514280396
522,1.0964124680620808,110.29658438758213,224.8111088240996
523,1.0985066965945804,109.67120346258763,223.3308755170983
524,1.1006022506925348,109.64648858027427,223.7773979366801
525,1.1026960746069068,108.99685506254173,222.24440183842498
526,1.104789420523433,108.76757230514168,222.28387704260672
527,1.1068841457204943,108.29550240098598,221.37617629872256
528,1.1089772649904681,108.0450661429101,221.16714499037752
529,1.1110723868790173,107.81191034421511,220.87569627617222
530,1.113168427194727,107.44732418565461,220.38512576428562
531,1.1152626776337078,106.99763297538463,219.46298135331014
532,1.1173574051129724,106.26720941341455,218.02996001615028
533,1.119450573697561,106.36995388482688,218.73155936039134
534,1.1215436337779248,105.63157445624891,216.9897604298574
535,1.1236390334415942,105.15154072300307,216.2896960320591
536,1.1257332200225998,104.94187802523678,215.7312900548758
537,1.1278283378211404,104.46641423277208,215.08137702220293
538,1.1299238131648552,104.31201446905662,215.01522168016228
539,1.132017447124327,103.7714293333698,214.0054986785103
540,1.134110650036949,103.52654984458718,213.82113357862727
541,1.1362036259959787,103.05260849957223,212.8013801403883
542,1.1382991427598659,102.96274414391111,213.03237463268374
543,1.1403936066737896,102.55849405948187,212.26344533110642
544,1.1424878264606209,102.20906216466842,211.59642799212153
545,1.1445836717483504,101.94323609769651,211.49585923815695
546,1.1466778755714095,101.42396902764499,210.14470593013203
547,1.1487715351237628,101.07280732096908,209.63399047900876
548,1.1508672245306748,100.74571043357588,209.38745606923402
549,1.152961670034179,100.44434637772743,208.77073261626387
550,1.1550551275418117,100.23665351310018,208.29214808090927
551,1.1571500620004906,99.59970738472768,206.9696055113981
552,1.1592451155989445,99.52421057915593,207.36424045448223
553,1.1613401484055899,99.03995828356202,205.97925584331497
554,1.1634328135986687,99.10308137677423,207.1449822332151
555,1.1655280225544649,98.52214501500471,205.5615610228098
556,1.1676232414157608,98.07380772573393,204.6940263900696
557,1.1697157183635434,97.6214818901975,203.59778047168513
558,1.171809765164966,97.48722042728652,203.73148076822392
559,1.1739036754657965,97.27612884945722,203.64632027732296
560,1.1759974618047027,97.20926719530544,203.8141576213811
561,1.1780927342002254,96.42172886798959,201.49399518255566
562,1.1801886215978319,96.59336073358732,202.98792058889396
563,1.1822824649467334,95.89940420170812,201.07809515487838
564,1.1843777187054296,95.59633553734358,200.45577852195578
565,1.1864731317277017,95.33893178022066,200.07957825480642
566,1.1885662199882188,95.22704561681824,200.08429228527848
567,1.1906603290984812,94.83133637868424,199.4532800102374
568,1.1927560449071208,94.45969429960849,198.60537390280814
569,1.1948501301675682,94.22652825696879,198.384733563605
570,1.196942866326464,93.8561396875334,197.5923398551466
571,1.1990363434731066,93.97594610432473,198.50678064749252
572,1.2011315528209288,93.59755942595777,197.7163135329786
573,1.2032252726398727,93.22990701169536,196.79009070996838
574,1.205319131714267,92.92981713005754,196.46404099423566
575,1.2074143429200774,92.62052528251859,195.69100591775654
576,1.2095073316728018,92.41925907034043,195.51502921535968
577,1.211602159357548,91.83038001610025,194.0244188403083
578,1.2136984428310558,91.91454083794952,194.80558372388245
579,1.2157943340364452,91.50401401765173,193.96301320615777
580,1.217888268816351,91.13900394925324,193.11603427816166
581,1.2199821909033837,91.04684371299591,193.11007729944413
582,1.2220779372220854,90.83188075151448,192.84663609591308
583,1.2241720630448372,90.54695072716316,192.32048562216644
584,1.2262656486341297,90.1715940064578,191.4762815262054
585,1.2283602712023978,89.98097644243539,191.40387573413568
586,1.230453847781421,89.70352435384112,190.9184564681299
587,1.2325484279288663,89.17501024046965,189.66806827613124
588,1.2346427330328844,89.273294766253,190.29468539448254
589,1.2367368340043534,88.7192146536582,188.81416396814626
590,1.2388320989568682,88.62694976122303,188.8738480714102
591,1.2409254956441091,88.34551351185017,188.2280749956436
592,1.2430201387037565,88.34360441679955,188.75358815896976
593,1.2451147141570293,87.94851906496876,187.74879362881077
594,1.2472087367784284,87.46064325518732,186.53602848284334
595,1.249302614173833,87.64980944463954,187.38129227986778
596,1.2513971052845823,87.12678367166863,186.24593960733694
597,1.2534931066319515,87.06651996396108,186.43270376428802
598,1.2555863817711985,86.89889131859847,186.24706787011883
599,1.257678969059161,86.26632888844051,184.4966246852086
600,1.2597748382104277,86.25237619917974,184.79038522366702
601,1.2618698898493887,86.2213786683118,185.04288032696186
602,1.2639640740660565,85.78920424943965,184.04841448079827
603,1.266059176034634,85.77321605785303,184.36870368663634
604,1.26815329738596,85.32449102993041,183.0171094515972
605,1.2702469827768745,85.18444400639717,183.15150284021152
606,1.272341439773769,85.04533042819067,183.047246889245
607,1.2744361591580655,84.76636664033704,182.26092134561227
608,1.2765301570381213,84.4826794479448,181.7859621981001
609,1.2786243195908502,84.06725184626264,180.74023215304936
610,1.2807201779848052,84.241545887057,181.71662949127403
611,1.2828149770647865,83.90301209049977,180.7740960575457
612,1.28490831046805,83.68600981026309,180.3656019257695
613,1.2870024746125797,83.5501066304157,180.27883969766177
614,1.2890960788179595,83.09057995860128,179.21683631680432
615,1.2911903407610128,82.85725275469625,178.82007967226812
616,1.2932847299377603,82.7564031217097,178.73836550978797
617,1.295379834193548,82.63335472409119,178.7274065392579
618,1.2974743412448833,82.44092382581086,178.33053850722547
619,1.299568838606027,82.23090420202735,177.84711251489594
620,1.3016640567270552,81.85207849950686,176.9802945140813
621,1.3037578272673165,81.66693063555982,176.6509431338277
622,1.3058518980796576,81.73056533233643,177.08643265269941
623,1.3079469520711469,81.390692536766,176.29295725878862
624,1.3100414674631762,81.34378309127996,176.5241332113979
625,1.3121343419146885,80.93028255554398,175.59279446069266
626,1.3142291157646366,80.91852783261737,175.61053784679635
627,1.3163249547628966,80.68901079652812,175.2233074567982
628,1.3184204308819243,80.41412537618277,174.63852594977496
629,1.320514045081714,80.3724660216721,174.70939047946186
630,1.322607731116918,80.27477445556613,174.70236646429217
631,1.3247030067977636,80.14788123600418,174.50110207556415
632,1.3267964975071294,79.71791398395642,173.39869723944324
633,1.3288900457896358,79.65842073621762,173.4627139077559
634,1.3309846323229146,79.57462520756145,173.3391729142606
635,1.3330795391690438,79.35275294293727,172.95471144997524
636,1.335173949560825,79.35629493126031,173.22978565794017
637,1.3372672428845813,78.95430807069897,172.3169946365456
638,1.3393616502777206,78.73837350320883,171.72714140380532
639,1.3414564546808454,78.85075188839951,172.23406346004572
640,1.3435497634465539,78.55051841649674,171.53780747421027
641,1.3456439095281743,78.4999600506424,171.6421618957498
642,1.3477398961804745,78.10145597818753,170.57798067791668
643,1.3498356331361778,78.11234284705255,170.92690270796876
644,1.3519291222201564,77.842583166513,170.32520118297748
645,1.3540221824451044,77.6425637001428,169.91180328177884
646,1.3561174165883387,77.6702546983375,170.1654685355587
647,1.3582118000666776,77.5324408944857,169.91876472127447
648,1.360305548489477,77.51759621253682,170.17427051338447
649,1.3624016471705516,77.1716376296449,169.2784633658558
650,1.364496581524498,77.06582312665964,169.15018514283574
651,1.366589927521404,76.96154515951493,168.95990485410383
652,1.3686839345616666,76.59643564234486,168.10523544885893
653,1.3707785136744248,76.47228569484456,167.95003015247983
654,1.3728736781569988,76.37277906576213,167.89233115751182
655,1.3749673745335222,76.3059722310933,167.74692541836313
656,1.3770602631292597,76.21839904126051,167.79952447651496
657,1.379155717578164,76.07056822694561,167.4195744546862
658,1.3812508039107998,75.8828873680024,167.11446151791026
659,1.3833453325862841,75.82529659848288,167.07440404455878
660,1.3854396647384786,75.64899211466407,166.66479768576212
661,1.387533616953471,75.63384947980056,166.8930106272541
662,1.389628935147901,75.29870695262534,165.97089955547327
663,1.3917230672721894,75.3559427878695,166.34729982803904
664,1.3938172778813163,75.13938172612357,165.8697878795342
665,1.3959128506087028,75.1703257841927,166.2516092251129
666,1.3980069894682674,74.98067353075368,165.78831587124435
667,1.400100032768225,74.75000605071513,165.15658342469501
668,1.4021942273095422,74.76411303741594,165.31377970351105
669,1.4042879724639459,74.57933766605565,164.95092565397198
670,1.4063822250727482,74.56405397717337,165.06249924699395
671,1.4084777998796327,74.4936356300129,165.0691550663247
672,1.4105725454065003,74.30166703763818,164.64772869380207
673,1.412666035757187,74.18148573599854,164.41516901542224
674,1.4147597581950535,74.0208158977563,164.14165507284213
675,1.4168552493745823,74.09245954027924,164.39048855910238
676,1.4189502707585735,73.82322487003164,163.76790823642665
677,1.4210439871962917,73.82438376287094,163.99827626520536
678,1.4231379588066748,73.70394898654223,163.76134191577822
679,1.4252323843784174,73.56360776924107,163.54506523033402
680,1.4273263645812686,73.38394954417633,162.97981445400399
681,1.4294209343777806,73.53837002906155,163.67981251765224
682,1.4315160587565352,73.383224592925,163.35386012213795
683,1.4336101809254245,73.26795741527773,163.22646326314967
684,1.4357047233292217,73.08826227633186,162.74295106500188
685,1.4377991034950037,73.20668492674815,163.2771073896638
686,1.439893269172154,73.00500541703369,162.85150086132415
687,1.4419870983325702,73.03282508082148,163.09881420340764
688,1.4440820971476513,73.02162674617898,163.1043246251439
689,1.4461780146809415,72.72877730011898,162.4098969164594
690,1.4482723645441788,72.71604840940931,162.48209481747978
691,1.4503661519067539,72.689760600053,162.55357706276024
692,1.4524608997459605,72.58420283761876,162.39151973967688
693,1.454556191478353,72.47434990942892,162.0230794542622
694,1.4566505605195028,72.51962133314147,162.39274598018633
695,1.4587435672120013,72.24579011024235,161.68092205454434
696,1.460836376274075,72.3899848761994,162.18249962207398
697,1.4629315024559504,72.29783010261528,162.005343235808
698,1.465026115161985,72.15813059192104,161.84568652552522
699,1.4671201905708728,72.17229887979144,161.93169395540005
700,1.4692142550197365,72.01543053248132,161.53763841683852
701,1.4713085109511452,72.08394286471429,161.93359211824477
702,1.4734040883627781,72.05947563941558,162.04205254793993
703,1.4754983077923518,72.01621260387076,161.9591144382155
704,1.4775927333883283,71.97499148172598,161.91091482388512
705,1.479686516386449,71.59772837505012,160.88654558655062
706,1.4817805445745025,71.88758772305532,161.9573233932058
707,1.483876051193717,71.7509320669973,161.62366237358742
708,1.4859713583510508,71.60641300897433,161.30092041089793
709,1.4880662760111125,71.62605945402268,161.5434813579771
710,1.4901603423423662,71.69724133061459,161.94715468356796
711,1.4922546168830801,71.65073828657188,161.74758295486177
712,1.4943493508016918,71.5222248943639,161.44555911336636
713,1.4964436549031517,71.49980315761357,161.39020414592605
714,1.4985372426394363,71.45219578797095,161.39209843452653
715,1.5006303537214591,71.51555541123668,161.75581521466205
716,1.5027246941647125,71.5652563738039,162.0428331464528
717,1.5048198674391857,71.31568800574925,161.41638581471838
718,1.5069136003861163,71.43990832872629,161.7762668382313
719,1.5090076377683221,71.38069258096513,161.76976703816177
720,1.5111026723067662,71.32192117419869,161.5877719218678
721,1.5131971028762412,71.44440499428771,162.22457353154428
722,1.5152912609041667,71.30710887781572,161.84001874561645
723,1.5173854934463344,71.30862856717575,162.027073517719
724,1.5194808793753787,71.36024481143616,162.207192683931
725,1.5215756259285513,71.33154429822908,162.14606760651003
726,1.5236695807770564,71.43482403653111,162.57710138187431
727,1.5257641081783464,71.32732989756916,162.3717346856869
728,1.5278584873608179,71.51274762863028,163.05590497820697
729,1.5299536435991428,71.25260739839005,162.3466689583278
730,1.5320476585044298,71.48125429482779,163.16978548471184
731,1.5341414384393777,71.32438229559989,162.77291513996295
732,1.536236950937659,71.43426050984644,163.13436079655665
733,1.5383317033374695,71.45562226709086,163.3372559483981
734,1.5404255753841434,71.29231119988138,162.85969487899752
735,1.5425198393431812,71.40143009695427,163.275071863224
736,1.5446136227526486,71.5595318321242,163.89988976616328
737,1.5467072285753283,71.43319666996973,163.4937493935387
738,1.5488013111816905,71.49747447431311,163.8260242277688
739,1.550896674249749,71.41594025635823,163.5590770675573
740,1.552991701547339,71.51053809991775,164.0634686819163
741,1.5550856629518366,71.55922812183236,164.3122520083482
742,1.5571801051512508,71.63827994025462,164.5181012843757
743,1.559274417579796,71.61417188193235,164.46924510270816
744,1.5613691533539047,71.7496140979517,165.00037450467934
745,1.5634631934261796,71.78050549402559,165.2257788861777
746,1.5655577892497892,71.80157147170488,165.39567864496786
747,1.5676527275763066,71.7360121686218,165.22321351838823
748,1.5697461748764228,71.76793769116549,165.39765690083155
749,1.5718402189801153,71.90457980952418,165.9177446520945
750,1.5739346218160084,72.01284651890859,166.3448776110509
751,1.5760295037244485,72.02002961480659,166.3955728197182
752,1.5781239238326052,72.10718781891237,166.66736604837078
753,1.5802176736109215,72.0729362330922,166.608622994946
754,1.5823123941098438,72.19204108260682,167.03875843653853
755,1.5844068047546922,72.25658836713761,167.3835418583753
756,1.5864996832696292,72.19650017993544,167.20708886351383
757,1.5885944598128996,72.39784158186227,167.94972833331667
758,1.5906903325437156,72.38031623726054,167.86517492716862
759,1.592784689092666,72.65461028354393,168.8891695115974
760,1.5948796873290236,72.71975070762375,169.02171494192973
761,1.5969745597395735,72.66129012854154,168.90802572023685
762,1.5990689218084002,72.82187261379454,169.53404540124512
763,1.6011633213632455,72.98917623612259,170.02977946714276
764,1.6032577776043084,72.88816056902941,169.83504666932225
765,1.6053514020964894,73.08105289369544,170.41213743354942
766,1.607445093072501,73.32879199911517,171.213660849726
767,1.6095393086936036,72.58173645414115,168.55442771017803
768,1.6116336711357766,71.06152806422583,163.0177176317955
769,1.6137279918528686,70.0299896282339,159.29935779225357
770,1.6158221116449558,69.18292629942998,156.06242445958918
771,1.6179176229648538,68.03501195288366,151.9572731594501
772,1.6200131612431772,67.26014514639596,149.13107083218455
773,1.6221069236192778,66.29976658617707,145.6000144978306
774,1.6242011307622557,65.68817812172753,143.37424832169708
775,1.6262960841945175,64.91856068223237,140.52254430438757
776,1.6283896203498047,64.42359776916386,138.7246400249332
777,1.6304834947928883,63.55116215986821,135.56064342356257
778,1.632578127710653,63.224189604250455,134.20447784395498
779,1.6346731813158608,62.58466770410233,131.97196266926085
780,1.636767172365261,62.042080057495546,129.97013821366784
781,1.6388603779595408,61.5162658892702,127.96855069885667
782,1.6409563605892468,61.00976141467395,126.18037556205488
783,1.643050621284035,60.60670242101189,124.71017121864725
784,1.645144102645386,60.19029001003,123.0198026431783
785,1.6472395726584623,59.6073453062116,121.02385555952095
786,1.6493331318477138,59.19459024711128,119.53274300756381
787,1.6514277435583298,58.88095400539917,118.15822706765826
788,1.6535225655624404,58.53443182093238,117.03320222286202
789,1.655616100487628,58.01522095867961,114.98407852456491
790,1.6577106071833263,57.60999929701321,113.54196486792134
791,1.6598050724476994,57.30947859993458,112.3782489541067
792,1.6619001395524664,56.92978218716227,110.99968571595373
793,1.6639948642035431,56.6352725951374,109.86055773470011
794,1.6660882997554614,56.299712074820796,108.5997675416762
795,1.6681827329415837,55.92268071204893,107.28122311337059
796,1.6702780557373313,55.60431642038872,106.08569298596602
797,1.6723710846745943,55.153163139681475,104.3817631633237
798,1.6744651718920411,55.094083840183686,104.0995476974752
799,1.6765602044792516,54.56877935039039,102.24053384978168
800,1.6786535596079524,54.51568370770048,101.8649042693508
801,1.6807491745425278,54.036717108016944,100.18929450547711
802,1.6828445761171116,53.76873245273365,99.27877454915286
803,1.6849386388007168,53.66529615040524,98.74087461924624
804,1.6870339476475265,53.24660655904292,97.26006481691341
805,1.6891280758541645,53.07796838949877,96.52612320591544
806,1.691221272327691,52.74477488506152,95.28512333891425
807,1.6933141346742315,52.47188286265086,94.2796779871189
808,1.6954090930463133,52.301069499701754,93.71592931941096
809,1.6975047078021417,52.00006011082715,92.53330029810238
810,1.6995991246970055,51.85068190821866,91.88762962255831
811,1.7016934918813407,51.49375401912189,90.60793590166274
812,1.703786903721137,51.29044207143228,89.78617008233947
813,1.7058818292953146,51.163908887496966,89.30604955351278
814,1.7079768740006063,50.87716783600385,88.14985573473557
815,1.710070845319196,50.64412845794704,87.35605994708058
816,1.7121645316176712,50.44076519360902,86.53667412931385
817,1.7142597272321454,50.20309197252621,85.65889954833163
818,1.7163549406546734,50.072102590841425,85.07955282153017
819,1.7184482195940645,49.904081944104995,84.4485648035968
820,1.7205423072627637,49.62502664122493,83.47457502893113
821,1.7226374847113666,49.463542804080355,82.79153545249211
822,1.7247323233526113,49.32408226566199,82.084359460081
823,1.7268266901810085,48.94639464817845,80.82075427316536
824,1.72892134476467,48.75871638812896,80.1611807272358
825,1.7310153629662073,48.74607063828553,79.96968100510347
826,1.7331087353021186,48.4810881381961,78.8605958752647
827,1.7352028820270462,48.35357647339103,78.45447714910004
828,1.737297419510233,48.042641277680815,77.19015485841341
829,1.7393924268721555,48.029112191509206,77.25439110498267
830,1.7414865202316776,47.88392022457428,76.47638611025138
831,1.7435798385311778,47.64150149620475,75.57345140493696
832,1.7456747741592018,47.52879677813205,75.16451440967214
833,1.7477707733578058,47.23459195533066,74.0817340414406
834,1.7498644151299778,47.255367994153275,74.04026195470136
835,1.7519579294274097,47.09029813323015,73.39767293981282
836,1.754052537005875,46.74851658080206,72.19429011840774
837,1.756146014277543,46.70210035218579,71.89467184260454
838,1.7582399685899122,46.465560634816875,71.05127474248664
839,1.760335124398212,46.38887497284383,70.63031723695151
840,1.7624306374180432,46.108627445595026,69.63608469631556
841,1.764524733445493,46.07649282094493,69.45415045317162
842,1.7666195957988082,46.04001733701644,69.23398942599566
843,1.7687146552767006,45.885081944233356,68.52003386766512
844,1.7708085687106505,45.62281189499067,67.660859933079
845,1.7729026984403262,45.5155964053181,67.14479777811783
846,1.7749968373222131,45.43485846895758,66.81736721148054
847,1.7770919795414395,45.284589600524576,66.18524561178609
848,1.7791866891650514,45.04210812932604,65.25811490475856
849,1.7812805740714612,44.9692895637002,64.85972000267839
850,1.7833749145944944,44.82714738736488,64.30159319588697
851,1.7854698174814119,44.810294809101435,64.16672501779384
852,1.7875649050000997,44.5707635969289,63.25828191055446
853,1.7896586091751823,44.37703579510026,62.465116883948326
854,1.7917528105223397,44.38372731398064,62.44501227416046
855,1.7938472619734778,44.23480886171524,61.77274808882807
856,1.7959410333998334,44.210356433966766,61.63709268609501
857,1.7980353139963554,44.01976159526878,60.975545045384145
858,1.8001292949050451,43.884186543349315,60.42450171352577
859,1.8022240144636215,43.88980576095541,60.251152504900816
860,1.8043180357006787,43.61798259291441,59.18086772482255
861,1.8064120149556366,43.57797134872222,59.066867163252596
862,1.808507216693214,43.415898768804844,58.36493332142672
863,1.8106012235056632,43.31623527816303,57.920793443522214
864,1.8126961076333348,43.235300057118444,57.572805073566855
865,1.8147906359659112,43.23620795417211,57.3995885497962
866,1.816885013662702,43.15059214508958,57.0348021813328
867,1.8189799788179999,42.92748528631973,56.16537343034688
868,1.8210733357472892,42.784503457071544,55.667011995470176
869,1.8231675363973032,42.67209922237176,55.134293766180775
870,1.8252628639859947,42.64136114801541,54.94871708136453
871,1.8273578690890415,42.52080331586681,54.411756776148074
872,1.8294529153678178,42.327303873332994,53.616472119409686
873,1.8315468366202061,42.448882342735054,53.981336335857264
874,1.8336403420201965,42.17456650186228,52.85948510656621
875,1.8357342642631629,42.145830596265796,52.79147458527999
876,1.837828606636473,42.108487134943275,52.606159104107945
877,1.8399232687279,41.88988399382919,51.673060097234206
878,1.8420169361094605,41.88477594496445,51.63005154531914
879,1.8441103454239045,41.73573979327174,50.9012251516963
880,1.8462047113551943,41.58761237724862,50.246303520326826
881,1.848300337583767,41.59173147189637,50.309865907915174
882,1.850395118058644,41.52124629709546,49.80470516181355
883,1.8524895015648957,41.48538165940799,49.54912628696671
884,1.85458435317291,41.31453091931044,48.81178480370754
885,1.8566786691854407,41.425044606852175,49.23510685694713
886,1.8587722962005393,41.18296691465406,48.16232840630053
887,1.8608667292143481,41.11266404804329,47.8824536591435
888,1.8629623979972338,41.05017483914062,47.501161455108054
889,1.8650575007618033,40.971743910197716,47.22624567343178
890,1.8671515757398978,40.96029578340496,47.07017005338791
891,1.86924567270883,40.81798549973492,46.374519977714286
892,1.8713402290883943,40.85331950692276,46.38083537063836
893,1.8734333441485889,40.619307031181016,45.47260668510232
894,1.8755274569663687,40.572949389437476,45.14829695405888
895,1.8776226584010878,40.51920566957193,44.964038465120595
896,1.8797156234954413,40.40315378739599,44.37709016907852
897,1.8818097674713492,40.514435436782165,44.639858719636514
898,1.8839051205157094,40.246321465555894,43.55544721792663
899,1.886000042933448,40.252555849793794,43.4983879072476
900,1.8880949075451439,40.23441806752887,43.38112148760995
901,1.8901881584759161,40.036507744978,42.42973661875605
902,1.892283217936019,40.21104759987972,42.95553723120866
903,1.8943782680554568,39.92183832263475,41.85800954077374
904,1.8964720473710392,39.970780264698625,41.89779166756815
905,1.8985668668489433,39.98271350567303,41.777436884353335
906,1.9006612809862096,39.849652079237536,41.23384793441117
907,1.902755719587151,39.92798830397587,41.265676026320904
908,1.904849757588545,39.70423337826196,40.407066456733006
909,1.9069430754605277,39.741366053419966,40.50007678170375
910,1.9090378340013505,39.55381151373212,39.71158915262015
911,1.9111324914183263,39.519849205780254,39.38156360653739
912,1.913226965923519,39.59964281058233,39.55586393970091
913,1.915321381331026,39.3030028583175,38.32931735468706
914,1.9174162748437817,39.51985001744441,39.07290353398826
915,1.91951096404297,39.30933114512793,38.22933319786129
916,1.9216039358616672,39.25993007804398,37.929727882621066
917,1.9236986253914137,39.24241422415286,37.667937123283366
918,1.9257933066276691,39.11874821731798,37.026017990370164
919,1.9278873651498682,39.2484867520209,37.32047989837676
920,1.9299807661659822,39.073260511792,36.540030136678205
921,1.9320760482648573,39.08597174904532,36.58421263358118
922,1.934171767524072,39.02162481397972,36.05679512454888
923,1.9362651059315399,38.86928990488132,35.57148565714618
924,1.938359138419254,39.01231923382507,35.80797054549981
925,1.9404538735984294,38.800770748268114,34.80999445502359
926,1.9425479146608418,38.93750861120959,35.16638283740341
927,1.9446418189559174,38.762785952467524,34.378137124972824
928,1.9467371502259871,38.74037522031077,34.29684834049457
929,1.9488329760684335,38.816961694875374,34.33224258116154
930,1.9509268120448882,38.686832387646774,33.660682575369094
931,1.953019609354344,38.74071185960899,33.774230123730995
932,1.9551147244404972,38.583494623737444,33.03210061480257
933,1.957209950604826,38.549656956657806,32.792090144929986
934,1.9593041179655175,38.50585858837527,32.54273574024566
935,1.9613980124620214,38.42052927300593,31.97459910280442
936,1.9634920823781827,38.468593684888134,32.072568980716646
937,1.9655870316775599,38.397431488370685,31.534023082653018
938,1.9676813106463258,38.43853257304078,31.72854104929175
939,1.9697755380711686,38.42060101830974,31.23874868934823
940,1.9718704076888727,38.26888593255255,30.67516196437697
941,1.9739643213778544,38.2639059379106,30.469906036913212
942,1.9760582139073395,38.155965604296185,29.909366650889982
943,1.9781533744008393,38.34398893647856,30.327236932871063
944,1.980249297656676,38.01166861464116,29.005186400152265
945,1.9823436902775773,38.27186035748046,29.66817807374235
946,1.9844363854611324,38.137437233566416,29.113361952938927
947,1.986530057736426,38.014393179695894,28.496582727291468
948,1.988624138262085,38.2110588418157,29.010523559834454
949,1.9907191302641989,37.957270120588106,28.033890010060375
950,1.9928140678397719,38.099062571170194,28.32420721579945
951,1.994908057158038,38.03173559363805,27.88995850982788
952,1.9970037235567513,37.84300148452825,27.10501378653946
953,1.999098539119481,38.01524431377708,27.315714699634732
954,2.001191245179364,37.78216875607061,26.412702059453604
955,2.003285465781134,37.99036557142909,26.913293484919784
956,2.005380090953843,37.861353978262756,26.21118734957907
957,2.007473757612322,37.87240383809116,26.06803596298512
958,2.0095674385752345,37.86505044067503,25.883250539358865
959,2.0116620669227445,37.73655607570114,25.161719250959575
960,2.0137574654124313,37.87258162121982,25.50664098738918
961,2.015851542299029,37.8584257770198,25.072168378086708
962,2.017945842236743,37.81331089280593,24.82770050591094
963,2.0200414078173843,37.80260451040755,24.57165400375451
964,2.0221364472105585,37.67033566661367,23.91344907902743
965,2.0242304661583193,37.77176844071371,24.14795498092438
966,2.0263241213554704,37.432185045049664,22.667906182676436
967,2.028418169537371,37.804623604386514,23.76053580663185
968,2.030512126699397,37.63539741809554,22.97201676160998
969,2.032607257696191,37.70345483390699,23.021027285552787
970,2.0347026748788237,37.632777961142395,22.432969890076592
971,2.036797432049628,37.40603366161907,21.524520203485697
972,2.0388917803566513,37.73021364503437,22.398573366080356
973,2.0409854404727548,37.557150189393425,21.546978174325588
974,2.043079158497923,37.71598135895764,21.702967633353545
975,2.0451737042342053,37.549453079907025,21.078219946165508
976,2.047267957686092,37.36790936217724,20.330587087255324
977,2.0493625921646865,37.60748697526595,20.73437842642011
978,2.051458159400133,37.418893631883584,19.882872895772035
979,2.0535521918605197,37.59340087417828,20.154584489637966
980,2.055645062675616,37.55490267533244,19.884020168262595
981,2.0577393587752955,37.40844270790626,19.163069093671222
982,2.059834437786395,37.52641343944581,19.35582461711572
983,2.061928055170489,37.324894702190065,18.252718415847607
984,2.0640226957402352,37.58373375668339,18.99454821117797
985,2.066118258189404,37.36527794845488,18.003778251485873
986,2.068213196804832,37.41140460139189,17.99207022341223
987,2.0703072818107917,37.52961042996992,18.109526546112214
988,2.072400931462771,37.41732640640373,17.2364329850795
989,2.074494103322103,37.51779286841269,17.497556056544184
990,2.076588647294614,37.24747669509065,16.265358127027447
991,2.0786837571325223,37.4229935565047,16.616038180478032
992,2.0807786951127576,37.38174768565243,16.219945423440944
993,2.0828733611799306,37.36616510675923,15.791533958524752
994,2.0849676047315464,37.43252095131378,15.872310913448068
995,2.08706191167589,37.27038733306591,15.020004817377025
996,2.0891552570733616,37.49700336955539,15.463795899819607
997,2.0912498961643236,37.26175913092957,14.50991586916393
998,2.0933446561638878,37.334388732242665,14.356732303520804
999,2.0954387435644386,37.318843292657796,13.98530802453639
1000,2.0975335870618825,37.11268095694712,13.021417507663775
1001,2.099629070349723,37.38114946141236,13.595459822725175
1002,2.1017228492895934,37.170548099487526,12.619372111252165
1003,2.1038170482062775,37.305573409679184,12.912426320801778
1004,2.1059122372778973,37.246743758390366,12.293062457272322
1005,2.10800554057148,37.23085448638421,11.914080227471326
1006,2.110098599114947,37.41071202863337,12.310233967208054
1007,2.1121927216235163,36.982567046842426,10.668954467388824
1008,2.1142879182187984,37.31659750190295,11.441998146789127
1009,2.1163820759811065,37.0377983090152,10.090989336262563
1010,2.118476597123504,37.107754350370094,10.159616017128291
1011,2.120572077635568,37.259590449729345,10.338154240316598
1012,2.122666143506846,36.949998805826695,8.893619676618139
1013,2.12475947440395,37.410852628769845,10.092119225358143
1014,2.1268549228070284,36.8537276796385,7.8665474092436325
1015,2.1289503858580807,37.126912784907994,8.64452130012486
1016,2.131043274916299,37.260143388471434,8.62563932851312
1017,2.1331378502136085,36.9099121558494,7.074771593528859
1018,2.135233020544507,37.059737529972054,7.3973128681087905
1019,2.137327211773404,36.83905895998743,6.360626859092983
1020,2.1394213678417553,37.16295784596949,6.9874757194960075
1021,2.1415151935265153,36.97881460210281,5.931304404762793
1022,2.143609686067666,36.762200311604374,5.185888917234606
1023,2.1457039096890913,36.891615877371656,5.023977966089401
1024,2.1477977892281794,36.7051164772259,4.156450406651466
1025,2.149892773795189,37.0768687864941,5.134438820783604
1026,2.151988207011953,36.77210687987965,3.632461668523452
1027,2.154083430042502,36.83676085852907,3.766256150713562
1028,2.1561769020273363,36.921238781139834,3.464721810042482
1029,2.158269727638565,36.548560624469715,1.7230842541323526
1030,2.1603643338266334,36.828850706542724,2.6391066025686487
1031,2.1624594611960894,36.35855465340366,0.6508728553210701
1032,2.1645538445620423,36.590816690429456,1.078351762478287
1033,2.166649266160557,36.59232478955815,0.6332447048034925
1034,2.1687438965600263,36.341079408179674,-0.5677563690752325
1035,2.1708363804402464,36.663902745398424,0.11653568672224537
1036,2.17292939543057,36.295142427322624,-1.5561598293503502
1037,2.1750246621139153,36.661591103831796,-0.6164610267393986
1038,2.1771189095943266,36.23857898393187,-2.478619926119574
1039,2.179212962470575,36.18371791595996,-2.951630410657533
1040,2.1813066434396426,36.45742793659223,-2.618833338075962
1041,2.183402629792164,35.78630810358882,-5.2143679643184475
1042,2.185498119455816,36.383578735494645,-3.2755813173668518
1043,2.1875916200185137,35.74809110426313,-5.9963864271575
1044,2.189686441120868,36.01115474428597,-5.436216837263865
1045,2.191781413276182,35.786683345672664,-6.4812047035886176
1046,2.193875147711239,35.63441755476609,-7.378099750392353
1047,2.1959686613130316,35.93098314816232,-7.064120351822071
1048,2.198063923558019,35.32383148509422,-9.309609274450198
1049,2.2001595001532226,35.67617082918161,-8.647930814806346
1050,2.202253779153767,35.171902648399055,-10.550042698079428
1051,2.2043460760907565,35.18270799247933,-10.78503595265411
1052,2.206440891990371,35.26557243535585,-10.711275184896127
1053,2.2085356491852317,34.6128233975225,-13.63864738539623
1054,2.2106277016542335,35.160139785621055,-12.129502491012303
1055,2.212721958545959,34.67796441516224,-14.121991389990477
1056,2.2148185083900422,34.54921610851258,-14.861050639417753
1057,2.216913061952383,34.62115430172232,-15.011890246369125
1058,2.219006160150891,33.784159548188775,-18.225634406425165
1059,2.2211007684745443,34.541449437182514,-16.049775975731713
1060,2.2231966067711273,33.49289347056909,-19.951094116930033
1061,2.2252915180225106,34.03436439551125,-18.52463856778409
1062,2.2273849286831946,33.337205136123956,-21.08547655702561
1063,2.2294794057777056,33.19775554820762,-22.064285685620447
1064,2.231574082226972,33.52898639114343,-21.42246107090892
1065,2.2336675726385264,32.469002573701225,-25.22776630911742
1066,2.2357616690730993,33.31130201134302,-22.90978933904904
1067,2.237857388038379,32.12900256000479,-27.264947712944554
1068,2.2399520699736297,32.55240213169273,-25.97572600261836
1069,2.2420449617357057,31.88826227597605,-28.735341192578016
1070,2.2441391380853632,31.373165534434907,-31.001613307254
1071,2.2462342793770116,31.817884758843146,-29.53925895459689
1072,2.248330004000319,30.61694088623495,-33.85259625663846
1073,2.2504234986669656,31.288217489285536,-32.381147314184645
1074,2.2525166459790467,30.230885867542412,-35.82114257900416
1075,2.254612702557845,30.09727808268793,-36.85445065926238
1076,2.2567074239010356,29.817057941013562,-37.85448368652988
1077,2.25879926569608,28.973124293982583,-41.01353994646541
1078,2.2608934332232278,29.26833580764773,-40.80456461417616
1079,2.2629890832862967,28.24281604526099,-44.13907724056139
1080,2.2650815906481947,28.107965786384202,-44.844112602185426
1081,2.26717631551426,27.430355402024958,-47.276262824617035
1082,2.2692717091510235,26.950287435811468,-49.41705417542305
1083,2.2713660430599174,26.59681893252832,-50.95265195494418
1084,2.273460830916725,25.976077229096948,-53.24672792525897
1085,2.2755552510450507,25.474977166676098,-55.00966009439719
1086,2.2776502981151867,25.125785184041597,-56.44829554183005
1087,2.2797428242388995,24.98279150693194,-57.23339658027684
1088,2.281836092329788,24.716196779014982,-58.15375253507158
1089,2.283933556285596,24.647001691861853,-58.8835927775952
1090,2.286028868050817,24.45831691685989,-59.52307755313187
1091,2.2881212248812486,24.431711607938606,-60.00239858718442
1092,2.290215014848569,24.326728177256545,-60.58807459012254
1093,2.292310229911211,24.21492305848707,-61.12413788672814
1094,2.2944051456334345,24.194321916908226,-61.5322385298314
1095,2.2964983471898495,24.186798270906426,-62.16444530591892
1096,2.2985921024349003,24.121289709730387,-62.707316663993936
1097,2.3006888643809247,24.11699503227944,-63.04225834933404
1098,2.302783634096356,24.006416172440783,-63.38539526560839
1099,2.3048756698218886,24.074594341382635,-63.93556745468899
1100,2.3069695720010412,24.020425322963018,-64.27792528631916
1101,2.3090651112173397,23.97569384872164,-64.71328216037074
1102,2.311158495429861,23.985966087853004,-65.03948671786992
1103,2.3132509513768182,23.985116077530222,-65.44484712702915
1104,2.31534766594442,23.871602199583588,-65.78920791814288
1105,2.3174438092641236,24.002999463300917,-66.2080081257911
1106,2.3195366518474128,23.947507549502895,-66.54498009150942
1107,2.321631141204296,23.913862029608193,-66.76265621681196
1108,2.323727832694395,24.00169907836039,-67.26275219204685
1109,2.3258211826493147,23.89857299455459,-67.49220606100383
1110,2.3279133966950116,23.97639074802755,-67.84420439987892
1111,2.330008120458155,24.013406815656605,-68.32488691862174
1112,2.332103956675321,23.967579779125618,-68.44384365292143
1113,2.334197579452735,24.0291871030678,-68.97414106564668
1114,2.336290017181209,23.97516074104177,-69.07652913931807
1115,2.338385505091734,24.07266036365314,-69.5807261903699
1116,2.340480189114194,24.06204234881351,-69.90130129865652
1117,2.342573391055059,24.108101185092124,-70.27273912143188
1118,2.344667848677038,24.15084919815762,-70.65117086588047
1119,2.3467629878884537,24.089252239605973,-70.75355833584588
1120,2.348858220839854,24.109570925203244,-71.01378885223295
1121,2.35095250082758,24.201883299837398,-71.55582479299309
1122,2.3530449396760944,24.236059702120183,-71.8837119000089
1123,2.355141499104623,24.26324900634242,-72.13555033535627
1124,2.3572378412451434,24.26162490520023,-72.40999975899733
1125,2.3593294861259198,24.37051178128275,-72.9020256404761
1126,2.3614224992004984,24.350581143388016,-73.09817728191058
1127,2.363517948981548,24.417959554994766,-73.49219903059763
1128,2.3656139136423477,24.463980473788954,-73.9230409122947
1129,2.367706660383537,24.46818457583704,-74.02723136111179
1130,2.3698014470222093,24.390476904338712,-74.05453356741899
1131,2.3718977582075165,24.551656738356595,-74.76727430421886
1132,2.3739899214574836,24.64072300443038,-75.14107250447398
1133,2.3760825194215927,24.552992444124833,-75.0939833007844
1134,2.378179070039863,24.664716066070255,-75.5524444263952
1135,2.380273759058959,24.750201902800438,-76.03941148835703
1136,2.382365673610318,24.759823356768088,-76.26922955091183
1137,2.3844604460166168,24.790473051585018,-76.4902968805591
1138,2.3865571190304595,24.901856069119876,-77.04070359591344
1139,2.3886520978255446,24.892079765594712,-77.20723675203243
1140,2.3907442891236066,24.995755942853727,-77.60437852383203
1141,2.3928386457990913,24.96222848807123,-77.67154992288015
1142,2.394934562690242,25.088591424084044,-78.33339822173274
1143,2.397029599690107,25.15018763525116,-78.63642554156445
1144,2.3991222591305954,25.14062737754371,-78.76661310813631
1145,2.401217024080888,25.22646489855491,-79.1572423464297
1146,2.403314513026698,25.300405645634825,-79.58913236371596
1147,2.4054081911284184,25.295866733444687,-79.75192265578535
1148,2.4075011183217048,25.351043584434674,-80.02511902347567
1149,2.4095960074264258,25.441864947242685,-80.39047853616347
1150,2.4116926326559978,25.57768118605863,-81.02376486326517
1151,2.41378425055939,25.532707441840234,-80.99700839617681
1152,2.415877382497087,25.694057434794313,-81.64157994530761
1153,2.4179783678062123,25.635131432208734,-81.6387445279317
1154,2.4200733739460714,25.761173591243367,-82.2089027348949
1155,2.422162501290004,25.889602950759034,-82.76353463226482
1156,2.424257158180454,25.897416481956597,-82.9321359092994
1157,2.426355368807169,25.911219609559673,-83.13304336487448
1158,2.4284477900186845,25.990492824422887,-83.48751343528001
1159,2.43053883847394,26.177295178458927,-84.21806406147584
1160,2.4326356353293934,26.203086281578628,-84.36144801695463
1161,2.434732612021302,26.25806677881417,-84.80004343003183
1162,2.4368252927922227,26.358319795293717,-85.1761576351675
1163,2.43891890863681,26.413812930214657,-85.48133624198742
1164,2.441014895314609,26.468126374378354,-85.84029219616218
1165,2.4431105244568765,26.58006850286108,-86.26419837855263
1166,2.4452031167440684,26.688907682510298,-86.72702557188622
1167,2.4472938786799143,26.685270321351563,-86.83832545459721
1168,2.4493915902413868,26.772304381645032,-87.28246403245366
1169,2.4514877943094935,26.931451676930475,-87.97083394342718
1170,2.4535774837073663,26.95944012594641,-88.08351457327137
1171,2.4556717453467782,27.00858988232479,-88.38919192633348
1172,2.457770725968573,27.183007101486165,-88.97142021953968
1173,2.459865450868259,27.231844982036005,-89.17243551687184
1174,2.461954843714291,27.324267810954396,-89.67899407270313
1175,2.464051305962942,27.405953157946882,-90.04237166333408
1176,2.4661493201186655,27.518241525902145,-90.54380785871855
1177,2.468239991051035,27.64921743687621,-91.06302210840502
1178,2.4703335941159144,27.610718747789967,-90.99566349583036
1179,2.472432426226094,27.82257334586687,-91.8673117841792
1180,2.47452690434623,27.803400793983073,-91.93686181789315
1181,2.476615373809059,28.091193686827335,-92.90392413209784
1182,2.478710457672189,28.001311027463245,-92.75217583966085
1183,2.48080966574444,28.170930626201116,-93.44821018309406
1184,2.48290090100287,28.20400599727746,-93.60920252325052
1185,2.4849923340191187,28.36500592641192,-94.26492047983555
1186,2.4870897130294636,28.411386474820617,-94.52190979822856
1187,2.4891862386660164,28.534102506918597,-95.0520915937393
1188,2.491278235985619,28.715202610782267,-95.66111048756247
1189,2.4933690456944357,28.82971565523485,-96.09768955266544
1190,2.495466543397291,28.85622051492693,-96.37418484680973
1191,2.497563830960505,28.980236747492434,-96.8238186768166
1192,2.499654519205421,29.122428723752886,-97.42220273213832
1193,2.5017479497353943,29.1785978889021,-97.70112469263296
1194,2.5038480054516667,29.340820305324794,-98.30518223103569
1195,2.505943433921919,29.434697781710447,-98.70138727420964
1196,2.5080284861327207,29.528729501825165,-99.12048877304704
1197,2.510123955773609,29.63795870069046,-99.60963965651653
1198,2.5122261646694253,29.65040610334418,-99.71365828975541
1199,2.5143177674343575,29.911145510375782,-100.65131928623124
1200,2.516405803072155,30.15485187304517,-101.49669950527029
1201,2.5185026929964116,30.10737700963757,-101.44969072233177
1202,2.5206041831245063,30.312857508592806,-102.20871479795701
1203,2.5226964757648327,30.30051937483136,-102.34567472981163
1204,2.5247869961159406,30.597687213445724,-103.33233038423022
1205,2.5268843920051487,30.796193116741186,-104.12189513194613
1206,2.528980483597168,30.810000739835175,-104.2663804508534
1207,2.5310684597394695,30.903640783100165,-104.53796546827797
1208,2.533161718042206,31.071790491282183,-105.18045759704951
1209,2.53526488574662,31.21393344691526,-105.8453023694349
1210,2.5373603920777454,31.303686357340403,-106.16992037913711
1211,2.539445749963502,31.474233844551556,-106.87637171280822
1212,2.5415417180131348,31.56197459359445,-107.27221193161664
1213,2.5436457679371425,31.995443967749512,-108.77189438859958
1214,2.545736808475733,31.877030173680225,-108.3794821912876
1215,2.5478233832874237,32.03499368587538,-108.99523780879223
1216,2.54992085584226,32.14911824606287,-109.53894036589412
1217,2.5520207655356866,32.346967735663554,-110.23391619222389
1218,2.5541098448110064,32.60024384154126,-111.13035995467771
1219,2.5562002600365847,32.64769756367162,-111.40070428098444
1220,2.558305455724291,32.85286050596341,-112.14065179602039
1221,2.5604026511470312,33.01688853423935,-112.716279229957
1222,2.5624826414852553,33.12195741584045,-113.04952945042557
1223,2.564574391949512,33.328107345479886,-113.97385156074063
1224,2.5666808497683498,33.658763781834274,-115.12536182770408
1225,2.5687773451615423,33.62568442454798,-115.06881619328098
1226,2.5708608935170316,33.994974925275045,-116.37171257681771
1227,2.5729575952355885,33.95746988865524,-116.36026935115046
1228,2.575060651513359,34.30339091714668,-117.57234021457683
1229,2.577148431575012,34.23249321074365,-117.4675771952771
1230,2.5792346077561192,34.58708690410436,-118.71429586505519
1231,2.5813352493894732,34.78253610666179,-119.4525717507666
1232,2.5834369526956515,34.95735196552846,-120.1129288089768
1233,2.5855218346006232,35.13144565367902,-120.73145270668151
1234,2.587610713900489,35.31879593046068,-121.38677840555795
1235,2.5897186990593415,35.45275277459156,-121.98201394546824
1236,2.5918181690667126,35.66451810566603,-122.73827261147014
1237,2.5938985009385314,35.9060665225346,-123.5875954465123
1238,2.5959901966325076,35.81768039208695,-123.33965684900457
1239,2.5980970827886534,36.19911115104747,-124.66315583233269
1240,2.6001911974764487,36.41610542489813,-125.53691000022998
1241,2.6022734575046016,36.74354167719927,-126.64213857579404
1242,2.604374761438423,36.86213863481719,-127.14925079876618
1243,2.606480077670044,37.19826994502674,-128.3006591727446
1244,2.6085618800169397,37.419461264727836,-129.19369681379297
1245,2.610646200048581,37.357255284087906,-129.0126829891668
1246,2.6127580952497533,37.74749265184456,-130.37605071988014
1247,2.6148609257992828,37.82117599357734,-130.69356466024908
1248,2.616933454172155,38.260285826001436,-132.32017794987183
1249,2.619020659870304,38.37007619105928,-132.72489567002535
1250,2.6211346279669097,38.75828724968955,-134.13799743737079
1251,2.623236503452788,38.78036231623627,-134.24956053499432
1252,2.6253090562225565,38.94273031265345,-134.7990056589226
1253,2.6274000701334055,39.5287192470856,-136.95627578139235
1254,2.629513118467727,39.671675162221035,-137.46540963653612
1255,2.631604301330356,39.74800680106707,-137.72832720104896
1256,2.633685254021577,40.171407433247985,-139.18745028779367
1257,2.6357889797673804,40.2293790704161,-139.5183037757774
1258,2.637895874321367,40.0430076262087,-138.95120060372872
1259,2.6399747081141895,40.61432740837238,-140.893204275954
1260,2.6420591747927733,41.05134582641598,-142.39319618008184
1261,2.6441764666284318,40.86420880496258,-141.9445404686253
1262,2.6462775406423154,41.192569957247485,-142.9566613437154
1263,2.6483402943393326,41.84575726823304,-145.35430592102645
1264,2.650428729148096,42.24082742246316,-146.74144438165007
1265,2.652562718674548,42.45466411257343,-147.54931219931208
1266,2.654664088292312,42.84301084225113,-148.85807925828485
1267,2.656712651557163,42.95320723773658,-149.26548996005124
1268,2.6588106765908748,43.31602830855647,-150.6273104040221
1269,2.6609452450324915,42.968348231150614,-149.49062213196814
1270,2.663032290426174,43.8242931633181,-152.51971286197627
1271,2.6650914877184944,43.76791933679481,-152.23085755584478
1272,2.6671986225603375,44.415936850501616,-154.5964599565708
1273,2.6693218160411916,44.56491496742302,-155.10970400724264
1274,2.6714003686163363,45.41773445758252,-158.1091323932705
1275,2.673473653710363,44.79454833600523,-156.0091828620449
1276,2.675588689124729,45.59836061715019,-158.91121662016053
1277,2.6776964003773744,46.21394838207758,-161.01833173031554
1278,2.6797534796790945,45.73887795715339,-159.31613549467417
1279,2.681845016836506,46.383209242630116,-161.6665620641774
1280,2.6839785543392702,46.80562751094247,-163.1642082298848
1281,2.6860638705482365,47.30709934003101,-164.94962058085275
1282,2.688115580192901,47.414597919052575,-165.32103655949854
1283,2.6902421071216107,47.664717038648526,-166.22471527181312
1284,2.6923784453538007,47.779278355029696,-166.72382312455971
1285,2.6944235266222867,48.85557892438683,-170.485458159647
1286,2.6964818302236213,48.82973475312557,-170.32350055431579
1287,2.698646249049189,49.269214284685034,-171.92242973551905
1288,2.7007725953070936,49.80929686185648,-173.77952305441588
1289,2.7027692368507834,49.816329820154465,-173.88673680233111
1290,2.7048443440936585,49.82002790829398,-173.99117315566826
1291,2.7070515904059915,50.260079666575145,-175.54348768933315
1292,2.7091632832728005,50.79492523871208,-177.41736599988502
1293,2.7110832098570423,51.4496517192469,-179.65578219173358
1294,2.713194248534394,52.02465037233835,-181.78077654455868
1295,2.7154564422347596,53.23814246317131,-185.97292391585816
1296,2.7175455830902693,52.74156161282204,-184.2819983589854
1297,2.7194409477796717,52.64996908159899,-183.97996142131402
1298,2.72159410281056,53.1675460501008,-185.85240100079014
1299,2.723868494276683,54.13830512290032,-189.21804740862902
1300,2.725905473691433,53.247795197789614,-186.17215736236625
1301,2.7277938720843573,54.007495984618444,-188.756680610047
1302,2.730005424734083,55.53346845496531,-194.11721730310958
1303,2.7322910595910366,55.979301159132866,-195.7933572354278
1304,2.7342323934891035,56.164772511476194,-196.35971597221916
1305,2.7361123669415965,56.19085880918809,-196.49165276969276
1306,2.73841292247591,58.19617020045484,-203.4464754103419
1307,2.7407262152838343,57.04625512360982,-199.54233570287144
1308,2.7424923562337074,56.45092940717245,-197.3978210391009
1309,2.7444202272828333,59.088362728857696,-206.75917851728508
1310,2.7468188489948773,58.76411735757569,-205.57685246191102
1311,2.7491571251284848,59.63215885823349,-208.5640321546648
1312,2.7509012180135843,60.83617769996014,-212.849271815556
1313,2.7528220566885997,62.044433821550946,-217.06959678831416
1314,2.7552245852341666,60.40597793739863,-211.36097332669033
1315,2.7575799064734774,61.387698468946645,-214.82682714240235
1316,2.7593246433872425,61.644705315261184,-215.6411289538559
1317,2.761234187120032,61.24654803346923,-214.3169476639272
1318,2.7636390504715083,64.46422541762169,-225.53897665039028
1319,2.765948826576436,64.95748305181465,-227.32415398982573
1320,2.7676191435751902,60.193889024009835,-210.59307614666125
1321,2.769651838220211,62.67910392521006,-219.43303596947246
1322,2.772055945845228,63.44526271525507,-222.03653889760187
1323,2.7739175955497957,75.79979487417202,-265.3974516409244
1324,2.775657495525559,72.35647705832628,-253.35659981202974
1325,2.7780509401576134,59.45392202169274,-208.1580673122057
1326,2.7804282678176238,72.69338128393022,-254.47334386624217
1327,2.7823699672164355,56.91998911993802,-199.43649832990783
1328,2.7838806433920418,82.3727890812413,-288.3831397014708
1329,2.7859958234637583,194.1307899227316,-679.4577647295605
