,k,Pk0,Pk2
0,0.0029665470748989845,67774.60172337107,-56402.21543124511
1,0.005026374055021859,91099.66717404051,80330.71710680456
2,0.007149300621522788,95815.38171258527,-51349.12694189783
3,0.009278869254964255,114187.6431486229,23942.84377574284
4,0.011450332619344701,111592.78009546814,-55091.88723409738
5,0.013492955871419151,148946.12176934665,-20666.714497832694
6,0.01558905561191893,129018.77629512604,3742.778871765453
7,0.017694083672553172,133754.31951700777,-31867.87258996177
8,0.019817874803135297,139979.04083349524,12737.529723641981
9,0.02192074938196264,136001.0011814728,-1129.5617582015468
10,0.02398877635566245,145629.76038673884,-4592.591325136808
11,0.026092869718961156,134355.2577740768,-32245.076775131853
12,0.028234663152781798,135214.12397815054,-9511.464507436476
13,0.03032284873509123,132402.66807330117,-12375.086848716468
14,0.03240263258943404,125429.99047059866,-3355.1552203067536
15,0.03449210129864554,117876.89734507311,-11109.188949305086
16,0.03658588147515197,118164.16072410277,16989.22413779541
17,0.038684769492669774,120319.95680128623,2534.935345957726
18,0.040788988884582836,110164.60119602652,-7073.4085182051385
19,0.04289390876967646,109934.3378882591,-5155.0376442155975
20,0.04498336005546935,108309.1931800132,12736.790720954803
21,0.047064985294738244,104308.78306011038,-3630.9113259806263
22,0.04917111919158227,99265.74413504596,-29.394028557974277
23,0.051262169141742274,99942.02402322796,-2778.689960955471
24,0.05335525146837034,98007.70013250546,4019.4066518803093
25,0.05546637228956934,94928.24072808643,-7127.859671975235
26,0.057573188192548086,95120.62466373862,-298.15989075371255
27,0.05965884044590281,92256.85687232968,2307.456838539117
28,0.061745123021595065,93207.26212364137,-2820.785388809692
29,0.0638268929113719,89744.48915167213,2455.7027213078754
30,0.06592966228838451,89191.5815889846,-1862.9949268537023
31,0.06803125784825748,87736.05473539654,-3847.2075730811557
32,0.07013131008699486,84884.25457213551,-4247.041278508313
33,0.07223032366074338,84536.48617497522,-2977.802216806759
34,0.07432334270720506,82675.6490363744,2196.4836053909953
35,0.07642066756954473,82916.91257407004,-1855.6172899045407
36,0.07850471694556041,81033.46219813162,920.369337459984
37,0.08059701946059529,77358.82325693882,-2241.2567437249745
38,0.08269521798132064,77224.99685009694,-2687.116384034096
39,0.08478307522909848,75563.78607068064,3872.14853997249
40,0.08687780839616016,74913.17399258519,-3167.6009422238326
41,0.08897524569656534,72242.31364294747,73.96620424437798
42,0.09108077810470518,72126.35404458812,376.93223974893107
43,0.09318432266948053,69267.01300061919,1247.4877460621133
44,0.0952788764104831,68634.81041467747,2005.8098001128153
45,0.09736254237981037,68666.72084720491,1452.9518450114947
46,0.09944832814799408,66076.91052496678,-180.3727702052648
47,0.1015460879802399,66122.76253498992,287.06214754201187
48,0.10364263756677322,64627.12128968483,281.51059855267084
49,0.10573893905394659,64541.17959289059,1805.1869643538
50,0.10783958559814742,64092.71022172708,484.9817185367569
51,0.10993894058501318,62964.483110718225,417.75580376370635
52,0.11203921431523854,62156.099419989994,240.15875643451358
53,0.11412334585697578,62231.766964196264,3034.3576530932755
54,0.1162159397555423,60955.29568242133,4675.136666907276
55,0.11831372048037725,61281.848425345896,-55.98846333343229
56,0.12039723118070132,60136.29076541233,3089.601222884835
57,0.12249223631878574,59583.08084485502,-1093.1320173101017
58,0.12458825984258635,58936.582859556096,1637.0598136143485
59,0.12668846771583772,58567.211813965965,-591.8527979633008
60,0.1287846620419941,58780.915388867215,1063.149596858121
61,0.13087133937881498,57756.919693787706,2770.171707752413
62,0.13297548334406448,57518.3760151094,-485.8641577638255
63,0.13506910815256093,56759.37110500315,1399.6184805888754
64,0.13716388258568254,56509.272946431905,834.4133885232035
65,0.13926047573721634,55616.96994144499,1140.107211947421
66,0.14134668829083769,55206.75189886946,-884.0412487995657
67,0.1434475230090064,54766.89671975536,1722.1092852659237
68,0.14554528534185418,54364.17662429311,690.983975305848
69,0.14763320610735878,54199.267598606566,114.8866269136902
70,0.14972114728432864,54261.27872660922,-446.6164735372204
71,0.15181380487515775,52367.08016985618,104.133408953622
72,0.15392114901003526,52956.746842496505,-29.22187229549344
73,0.15602147473412367,52024.05543462709,1257.554387130457
74,0.15811617475881218,51975.513776422245,-613.7539193919806
75,0.16021187122717997,51495.81145999033,60.23597230472939
76,0.1623006419462899,50678.07256964227,-391.7706641067632
77,0.1643899033199985,50848.51931295448,337.2800609797749
78,0.16648355823815117,51002.62093685764,814.5233416577721
79,0.16857196837784735,49978.32547573803,590.0730593075954
80,0.17066413320893647,49933.17771178299,837.7707013939483
81,0.17277086992561352,50117.810033837246,-21.810735438176412
82,0.17486965460096995,49782.19168152237,888.2818588224019
83,0.17695857694944453,49205.554569789565,440.0459369782295
84,0.17905245093155753,49387.5520497712,994.7983293390415
85,0.18115265212612636,48966.40733407462,1738.09495665496
86,0.1832476884130739,48757.44747384551,378.1535671937242
87,0.1853312475833926,48419.84894760684,827.3699983650326
88,0.1874284892203219,48320.49510154712,990.139202745701
89,0.1895337179075755,48149.86557309546,712.4060467403348
90,0.1916268196474026,48051.174417809205,695.8567619579967
91,0.1937183403446853,47185.42704628575,1042.715918791195
92,0.1958131498886989,47249.731126538376,549.026089435956
93,0.19790587400989662,47185.736933691864,382.57351594006656
94,0.19999906515978938,47086.77470986153,1255.5953758726555
95,0.2020893038374759,46762.05939305841,782.5680861671731
96,0.2041823192148178,46716.47265187502,-536.0774660368527
97,0.2062825911013838,46532.2156714705,153.41104167104092
98,0.20837701891459662,46360.60721229687,952.1451646968545
99,0.21046758167944032,46060.15268382572,-267.2156568493524
100,0.21256678542440183,45903.73298146671,-160.73085217748434
101,0.2146619261104852,45636.445555357044,-332.30338806434224
102,0.21675618057220372,45928.35264988329,85.34170312337538
103,0.2188528705899679,45620.55612785679,1002.83304671659
104,0.22094564274530842,45224.49420242589,-802.7747233549094
105,0.2230395148320731,45421.33941502094,1253.2253772532395
106,0.22513567328585352,45089.5813066753,1211.71457516449
107,0.22722785048644015,44926.8636526643,270.5139280930664
108,0.22931975112872324,44626.26959135831,-604.6156678298315
109,0.23141147723465103,44760.51677820426,1448.290110375545
110,0.23350584674782457,44334.00437931158,1203.4603434517105
111,0.23560416522029054,44394.386416507696,799.2296512469798
112,0.2377006336558307,44437.62486393001,591.6956128851648
113,0.23979727503904752,44227.4441596061,270.711722745478
114,0.2418944602532704,44122.871222501286,1338.0010296933694
115,0.2439884227569783,44053.48515694697,454.38226411185093
116,0.24608359968283072,43760.925404828595,753.2705511452278
117,0.24817552807053123,43546.70392142135,-87.09912986645999
118,0.25026237006475704,43544.626009486274,1129.4212152547375
119,0.25235861551053484,43535.17888577069,606.1826061620225
120,0.25445470778669854,43702.117259334904,1307.982483279368
121,0.2565487653287422,43246.99623029188,1356.0287418195
122,0.2586464955058471,43317.845466436076,1454.2589216283673
123,0.2607443047329862,43278.807809699225,1583.9827578114441
124,0.26284383121734134,43218.27102563669,400.47421579654133
125,0.264929885565984,43079.788166141785,482.1392977565882
126,0.2670163698864118,43108.115892244154,1034.6750296163764
127,0.269112135390912,42995.99908760764,839.4887119077614
128,0.27120764961246213,42894.58784670486,91.81971960799395
129,0.27330509996536784,42550.53828215127,806.9846639043221
130,0.27539842121309294,42534.11444108857,-65.08653018887425
131,0.27749656900268016,42782.13495959459,796.4411085496837
132,0.27959864364035925,42542.19092777707,430.5939636986136
133,0.2816878213234348,42584.842088868485,993.8956566842721
134,0.28377609558542155,42476.8598344509,511.41713686054794
135,0.2858732754634003,42311.67772134309,352.4561997414846
136,0.28796861590208045,42254.16958707437,1695.9142009577752
137,0.2900612915162532,42109.4662465358,688.5917117321062
138,0.2921547032025089,42187.59833938691,932.4299100818785
139,0.2942501291133245,42184.61048031456,885.9527283047543
140,0.2963444256131289,42080.32019256838,1307.2276442829864
141,0.2984361415704375,41874.58239708601,306.28196558491624
142,0.3005318840555698,42062.61356568222,637.8188118453104
143,0.30262777760316095,41887.839766812336,935.8260357987851
144,0.3047248035439954,42015.42219906003,421.2332650462104
145,0.3068210272572538,41639.49317643396,251.53777802451108
146,0.3089144805088237,41808.23254142912,550.8375716867856
147,0.31101080657849756,41723.1814906083,702.5900634204248
148,0.31310885951912926,41493.223195161925,1095.095631920553
149,0.3151991603466065,41757.866500075696,104.13408326210276
150,0.317288667284839,41573.80628462153,237.0464273231182
151,0.31938044185106124,41472.51743418736,408.1188053953516
152,0.3214783648369702,41721.371841048625,831.4310452180567
153,0.3235785211189416,41420.74026911036,562.6349912131623
154,0.32566935894833426,41418.76021627696,688.7554660987988
155,0.32776077751211374,41314.123837107596,-129.28314136842008
156,0.3298523230655558,41385.909819650034,706.4674048587931
157,0.3319485433973702,41317.93743845713,1171.624097591218
158,0.33404540358127904,41331.736285228166,889.8921735349013
159,0.33613494177837844,41426.67803156649,366.2068437447082
160,0.3382313832787478,41182.1441690876,694.0565489706188
161,0.3403308518124324,41220.02255674177,275.6269939980113
162,0.3424246601457981,41339.209840602074,1159.000554552428
163,0.3445197272986724,41242.21750844016,151.71277190310738
164,0.3466158524641983,41347.1329136852,603.6837557902602
165,0.3487089916477683,41224.025304073,226.87335907586873
166,0.35080114560367615,41166.18628394746,815.0471060871055
167,0.35289356821720286,41151.14886084998,285.2084058951017
168,0.3549881110219297,41103.67480272328,373.7498089118381
169,0.35708559248027844,41251.94121004678,372.7545856305528
170,0.3591813496003593,40888.55782545363,658.7824117844169
171,0.3612749400626811,41042.31664272553,409.92093867571293
172,0.3633693413142722,41083.8555581496,205.89534490044
173,0.3654632219855477,40978.77619084212,282.3079868460262
174,0.3675603773529471,41031.96186766065,459.3554431151837
175,0.36965434919829326,40930.38811066033,606.3277107020757
176,0.3717418094879197,41003.967559167075,229.10824156341374
177,0.37383404253825586,41063.84141180725,491.8665323163867
178,0.3759308579415973,41065.55355301374,508.57252536521014
179,0.37802985088946095,41059.35738839393,212.55040717571075
180,0.3801213498834686,40978.33453794879,321.2906200111249
181,0.38221306010699313,41244.395837772056,869.062672921794
182,0.3843141376638833,41011.12234669687,331.05104759659
183,0.3864096355836929,41080.699370327595,429.3340854352691
184,0.388502907295756,40999.00207381226,462.6706442158305
185,0.39059769208540335,41031.52600265508,898.02242874631
186,0.3926958121232196,40922.68369250576,530.3566672712813
187,0.39478921808384226,41088.31983719087,457.7187432867755
188,0.39687821409975554,40956.25038310683,409.21673463429374
189,0.39897073627813356,41190.39328383151,459.51617225110823
190,0.401067192451382,41085.76405656146,294.87777745050045
191,0.40316228148056854,40902.48058363385,780.1430083356296
192,0.4052546340249366,41007.420449241945,375.863801598787
193,0.4073499183903822,40995.63376323323,563.6589165289381
194,0.4094468722071623,40930.232473271935,201.6058490314253
195,0.41154432885897757,41121.17697726255,232.0965174484921
196,0.41363408239228544,40993.159009648974,599.2171154362015
197,0.41572494638156243,40962.448296916,286.35027904689935
198,0.41782181997781404,40976.32769566754,960.1382171604911
199,0.4199166506307261,40933.65581729659,108.45377607440244
200,0.4220107143757513,41083.040454372494,589.2876443195223
201,0.42410542949066876,41030.65346177157,482.43303005236373
202,0.4262013850195404,41043.819240721794,420.13814309717014
203,0.4282955296445312,41061.429158222,713.0763055583327
204,0.430391806688861,41059.40140686645,423.07473290246793
205,0.432488575457924,41020.48620476779,638.1907019454013
206,0.4345806090039814,41068.07979417953,248.12247497286353
207,0.43667244097425384,41098.908122330155,1035.3225060662426
208,0.4387671492209622,41232.09077303254,435.6021714134694
209,0.4408622534544343,41237.40205999213,367.04903408606356
210,0.44295516415095815,41277.02225390289,666.912071513881
211,0.4450482683181851,41270.74984671974,952.4821579365771
212,0.44714683875742495,41186.564578811085,659.5513972286739
213,0.44924362280569813,41265.55297587956,198.97208182105516
214,0.4513338633316258,41266.241038226726,513.0333157608569
215,0.45342753643259276,41278.01722701158,437.01697128905465
216,0.45552189548586586,41248.77738773414,580.3132228126043
217,0.45761716616081083,41331.762740511265,432.8198486045377
218,0.4597117909764672,41072.404640718305,632.9038963319334
219,0.4618031890496857,41057.39727088326,103.97399167185408
220,0.4638995470730997,41397.568422211785,382.6736560760589
221,0.4659948171464902,41400.027241331576,428.01141171532817
222,0.46808929446972725,41232.055696146046,468.1948734162688
223,0.47018492649495636,41397.09818786603,726.2045284308688
224,0.4722792778491551,41421.0954302293,563.6303052130936
225,0.47437272572904565,41480.95242690951,781.2281593886094
226,0.47646593372141327,41498.64884833702,289.8313040585215
227,0.47856230727426236,41314.43680652754,143.7117237883025
228,0.48065904058976644,41518.12379094505,145.08933498829418
229,0.4827512226177774,41412.8498089143,606.01565164265
230,0.4848441163240575,41496.96573128145,571.8846180346625
231,0.4869397730506266,41520.24176685452,251.83326658681264
232,0.48903678813400875,41637.17780485801,118.50326749531494
233,0.49113096964965397,41636.37305807468,377.1432231660108
234,0.49322332174786626,41738.32072326003,476.8340022256822
235,0.4953187148676145,41744.8347553178,86.60403544886859
236,0.49741120358770496,41744.65819583718,714.0251658420298
237,0.49950082345999325,41674.298484018,552.8236628305361
238,0.5015952506837275,41742.41785909516,182.8188813431686
239,0.5036919972981919,41927.39031083155,514.9034764982985
240,0.5057872116617207,41843.96300757388,234.17426947862208
241,0.5078828569897101,41941.07903809392,427.31951345604034
242,0.5099793452386306,41831.331968759405,82.72304078530513
243,0.5120767256379639,41934.46987311628,654.5205245951246
244,0.5141702395931294,42028.86108909569,94.22213154582819
245,0.51626132102766,42039.52231703471,307.83756941718275
246,0.5183576899265504,42051.44036037836,649.6370575442271
247,0.5204524416424112,42136.62837864618,510.8691370615681
248,0.5225430403510469,42137.035632103696,516.3909557954898
249,0.5246378991347941,42168.550996363636,190.0937328920156
250,0.5267345150769579,42110.31604725127,348.71505037643243
251,0.5288284644781793,42227.44968802192,539.0269761154825
252,0.5309200047543352,42159.907063397004,371.63575036321055
253,0.5330154787982235,42300.3274647025,318.58485211908896
254,0.5351140455458262,42395.611806846944,659.5671290861179
255,0.5372066203065362,42379.24856082078,433.2886337436209
256,0.5392991990272246,42345.9446379018,17.331367759915373
257,0.5413944118270408,42471.82223495217,136.80230227294248
258,0.5434881995106379,42419.524349761334,243.6493047875926
259,0.5455829952492127,42602.5808131543,256.26573889094095
260,0.5476769745662954,42597.41191066963,564.305691886684
261,0.5497697255495043,42632.757880724675,756.2963756268607
262,0.5518645446467839,42807.06996252464,530.0638713751136
263,0.5539598571350287,42921.17791449955,352.3073094812478
264,0.5560564538950566,42694.82447520524,255.42944900588304
265,0.5581500505101624,42757.97061656671,554.9782492899202
266,0.5602409063261653,42763.392180912684,682.51931955463
267,0.5623379637803174,42948.628161166285,288.1708884813671
268,0.5644363283026402,43028.53620062411,281.76574672261285
269,0.5665273824761494,42976.182993637434,204.36531796866493
270,0.568621249018378,42962.92964112003,76.17581806475343
271,0.5707181447612965,43020.97382072029,463.46962587338277
272,0.5728127938597997,43211.299632611706,666.9181703249943
273,0.5749070881546879,43289.99467796911,442.5158069906854
274,0.5769991470923068,43235.52864837772,267.0548256238347
275,0.5790956911760897,43240.81167865634,323.948553399085
276,0.5811893306261757,43344.56159269368,658.9325718158019
277,0.5832802267374103,43372.61758943502,155.2562364462974
278,0.5853761830306536,43600.24618057213,325.7197024949553
279,0.5874711784415975,43311.93017428037,374.20929035157474
280,0.5895653958899879,43603.530371362474,566.6443512025766
281,0.591659786459685,43578.972162011305,390.8609245239074
282,0.5937551851921442,43624.258562418865,187.06937747014817
283,0.5958498092767481,43709.39795483972,278.31391845460115
284,0.5979447066705442,43638.829345752754,251.92714616115978
285,0.6000383505174957,43771.57362221903,199.0648362789761
286,0.6021313016181767,43864.329577500794,0.3176676119128197
287,0.6042246965556944,43951.10013613418,227.76165690777773
288,0.6063189733697846,43948.847345550435,353.9401145415151
289,0.6084147213727373,44103.22896913327,598.4183667756679
290,0.6105090855473989,44099.73731351551,312.06320315402877
291,0.6126037649785722,44094.867031553265,240.4300948663223
292,0.6147002391370655,44150.098299644735,534.9036381145997
293,0.616794938930829,44242.45421384547,496.54566444704875
294,0.6188886865784012,44360.73754648628,273.95895252169936
295,0.6209825762252046,44415.36868402164,748.9164640613905
296,0.6230764414889526,44434.83024348894,768.6433616444901
297,0.6251725389343245,44412.59539264064,446.2226150364118
298,0.627266923011265,44641.89049820225,235.41031896301774
299,0.6293596211388142,44707.95757171247,390.95251854230224
300,0.6314513250607457,44496.4111311794,449.57907020580063
301,0.6335475720513941,44632.9326145361,142.85427944417225
302,0.6356444982495617,44721.634671293665,601.373762170917
303,0.6377358562255245,44762.79875239296,311.31177054483373
304,0.6398302949107263,44870.73779867695,409.4921761154011
305,0.6419256185614247,44947.912098802706,-117.00449400989861
306,0.6440214843206593,44993.91644002364,266.49020395153485
307,0.6461142033434962,45043.785318821625,683.8163980768343
308,0.6482061138478032,45131.213800750156,509.22454178664776
309,0.6503020867345045,45266.23379804456,436.4502031421479
310,0.652398185537932,45256.84109269359,226.57783601644516
311,0.6544932048530038,45345.93482190105,91.87869327521548
312,0.6565867871776386,45411.35967746653,673.4611436917647
313,0.6586827890115348,45544.29147705154,-13.582339483054273
314,0.6607793300725506,45588.46009414894,776.9225009925949
315,0.6628724964198541,45530.37328003501,669.359332174076
316,0.6649654402217313,45708.94171865593,565.9395542099402
317,0.667059865407609,45696.35026894643,413.3567281517258
318,0.6691532523078332,45812.71339155907,416.20888502943023
319,0.6712457992597233,45836.31731726973,128.5380577149593
320,0.6733390782258323,46053.60064983666,371.5698532492305
321,0.6754367503383576,46146.48992308687,205.91818274285077
322,0.6775335143160066,46138.06791392692,727.3313760140087
323,0.679624621064033,46242.28685977084,268.3678657749138
324,0.6817180292738917,46254.57295788924,443.624361055905
325,0.6838149015047629,46360.59168890592,248.43954486091073
326,0.6859101434268815,46445.26907098476,266.3114863741311
327,0.6880046468184081,46462.293417248795,450.38736161631886
328,0.6900999637264865,46536.5003750465,281.9073881161409
329,0.6921965733216279,46695.61008146198,398.1501128469007
330,0.6942884945981568,46735.815713933385,368.92524212375486
331,0.6963781649531228,46762.64197390084,366.2778150687194
332,0.6984747371200234,46907.31391318159,412.5998063737199
333,0.7005690388882679,46817.69281020411,356.3060478311403
334,0.7026621579778546,46960.635814050234,493.83727095090836
335,0.704757268847954,47002.89113040616,443.5342564044129
336,0.7068509057629639,47167.1088010163,563.9777573763539
337,0.708945644402387,47166.88813693236,330.41132291767167
338,0.7110406815970572,47267.09878541815,718.5070036555355
339,0.7131372373036142,47401.61212612856,272.7915037851047
340,0.7152323589250973,47464.10948087425,461.0717114172994
341,0.7173245162021571,47481.43127418955,388.8638171371333
342,0.7194199711852413,47608.43112087644,-135.83384329462456
343,0.7215151322330351,47687.394022424705,518.3465002597076
344,0.7236102334592447,47754.457734894306,430.2628323168282
345,0.7257047129497166,47899.16805911485,447.9144943616379
346,0.7277958825256088,47992.47506727713,351.0943336439309
347,0.7298900912292255,47884.913075810284,448.92995456978434
348,0.7319867159780691,48110.15799872395,681.1690248437695
349,0.7340808521059053,48129.93167902398,584.1036481069367
350,0.7361738853270124,48316.15458717105,523.8128216072371
351,0.7382682123604443,48408.372949095734,292.2276267721342
352,0.7403641944498084,48436.90042063901,85.51679168799838
353,0.7424576311971561,48450.85527358512,370.31819514173293
354,0.7445523870480827,48561.55526071289,454.2161596351167
355,0.7466478284648128,48669.256451985726,350.8678015141732
356,0.7487413917548734,48842.2528547313,717.5981787175839
357,0.7508354594737505,48947.451465686354,-8.543146469783576
358,0.7529278056847568,48974.86545314906,416.23472149147904
359,0.7550230257904859,49025.07833490971,252.97472335583103
360,0.7571167923480437,49185.9538162979,432.9896899734241
361,0.7592113317151179,49235.09243706321,326.4692370786256
362,0.7613074731933067,49337.51840702131,296.5279585489688
363,0.7634009581307508,49459.733441515615,364.3242065223675
364,0.7654969266569684,49513.46052148595,360.8558120318268
365,0.7675905899780763,49634.569235845316,633.9117825172759
366,0.7696837880547684,49666.079637896066,228.24819618289473
367,0.7717795008463626,49797.802741490785,609.3185875032458
368,0.7738757788346248,49906.353176454075,228.12542474376994
369,0.7759706260990727,49995.64992212521,551.9394966554739
370,0.7780620795267656,50045.185186344956,648.4542779704258
371,0.7801559906208961,50185.1067092954,72.28656908723175
372,0.7822523136569128,50324.54715351525,593.7919724950619
373,0.7843481481853999,50385.85632837182,425.2393407628079
374,0.7864425511046899,50501.89374668218,525.0014874024192
375,0.7885343495966205,50616.23451795719,356.3208223551146
376,0.7906286372458883,50636.138567063914,323.1431094659164
377,0.7927244345313397,50709.38243059573,217.21780175579977
378,0.794818005513127,50924.95656631185,362.4155370838506
379,0.7969121491149282,50894.30459977669,408.19525182540764
380,0.7990047112993173,51165.161412617446,41.57234719155874
381,0.8010984966914405,51089.57850290711,635.8531462331588
382,0.8031950165575023,51245.920383888246,836.9522571184834
383,0.8052905677217739,51342.519586444076,258.6624157338421
384,0.8073868841230295,51522.87678552943,452.0834835766653
385,0.8094800557409162,51605.330031963116,553.1803193667697
386,0.8115724907946299,51667.769798858484,22.318059325103462
387,0.8136674854006812,51771.111535945005,811.5443630166243
388,0.8157633267681768,51908.39704304356,307.93245312914746
389,0.8178572815764139,51974.84151499045,731.0455229337414
390,0.8199509017046862,52049.471790231364,470.3147783470351
391,0.8220464110750062,52264.81045289403,698.6507311459088
392,0.8241406544737637,52375.5531154364,403.7066076293455
393,0.8262328397247414,52421.15716475082,231.83933558290727
394,0.8283269471334518,52613.91715702668,245.32255576643456
395,0.8304231064697798,52676.22317106009,295.15440936586396
396,0.8325161683796762,52649.649125273514,655.4736357614997
397,0.8346105557242035,52842.453329888616,737.1314398113673
398,0.8367059794413102,52937.871440750634,471.40646018804665
399,0.8388002445604258,53077.60155277545,585.2942740905211
400,0.8408960756111226,53098.69266724186,227.1949090807303
401,0.8429905652842218,53258.09006173532,626.9479927489748
402,0.84508401313589,53364.07299561218,308.5622590491861
403,0.8471791713809247,53578.43207705035,573.3937905072328
404,0.8492743362825239,53708.80643057285,347.126781389806
405,0.8513668888602299,53755.186139132464,836.0059601739872
406,0.8534589296280589,53868.7071720434,424.8735731307389
407,0.8555558405338324,53947.6910816266,1162.965549657898
408,0.8576516874123633,54109.23278855379,712.5781851795209
409,0.859744590599333,54244.05014017299,670.9762566882064
410,0.8618400547669827,54357.59074038934,245.5024852755832
411,0.8639350434441438,54530.143142832465,350.268351103623
412,0.8660280248974203,54656.27856131645,877.4284399618466
413,0.8681201347325478,54722.20344145239,476.4584999241383
414,0.8702157283801463,54787.1607102848,585.1234360589137
415,0.872310621353091,55014.18613349813,465.83735151687665
416,0.8744020359703552,55096.24418105197,741.8421840342431
417,0.8764972088477568,55224.79016543179,371.21346228458106
418,0.878592835994214,55383.4554301092,663.9699578804039
419,0.8806870131084201,55502.179292028915,472.7150768659665
420,0.8827812802431019,55633.132054228125,972.5711358341786
421,0.884877279658285,55784.332904568764,178.6554280653999
422,0.8869730004154345,55832.32626884688,607.8928540816033
423,0.8890661750433553,56033.361083867836,637.4140831509313
424,0.891161435679344,56051.95794954871,516.5416045053151
425,0.8932577960179496,56261.5495874349,522.0067474654858
426,0.8953527392107627,56418.67942741599,519.356319363614
427,0.8974462460666859,56480.140120593,819.3118702059778
428,0.899539340962409,56594.93452297973,751.3941434658667
429,0.9016318169027592,56759.79679377138,384.62421053673756
430,0.9037252249745606,56863.25596276887,586.7280165348324
431,0.9058199443223193,56956.39657294464,286.65528198934595
432,0.907915243986348,57253.82877397076,518.5197621457903
433,0.9100128049501981,57254.75074951729,800.600294242017
434,0.9121059966002629,57528.325920224626,574.946519695253
435,0.9141972861830797,57618.67018759305,574.3936642304582
436,0.9162932496702593,57657.51499453117,517.6354182217564
437,0.9183878012752863,57821.47358301926,466.1901657876077
438,0.9204823185419505,57941.86263471417,309.0008445681449
439,0.9225773629784582,58106.8374217993,434.5724705273776
440,0.9246718174739146,58293.80126385796,540.6378165646004
441,0.926766211900197,58396.38923893965,483.0125251777083
442,0.9288591582540804,58456.79946258021,594.8358479520867
443,0.9309526610700547,58704.208687056234,606.6461039935956
444,0.9330479303067369,58781.65621823244,596.4463117030948
445,0.9351433527997749,58968.767206779885,657.3432098192197
446,0.9372383527365933,59127.03836091949,456.7629847843346
447,0.939329757499591,59293.3360379897,515.6450186276413
448,0.9414230571985791,59444.74199889737,599.8612472105342
449,0.9435210054806012,59611.6732908115,647.4087544153742
450,0.9456162503172072,59668.89304404596,860.0184295455671
451,0.9477100092887099,59795.07060212085,479.7547634206222
452,0.9498046323041349,59947.26287932591,799.7227677398075
453,0.9518991548408083,60152.66496353222,626.9316927808973
454,0.9539929332702277,60383.70923404576,829.7520187203444
455,0.9560874898052096,60460.67351470811,288.71930050213956
456,0.9581824530689178,60560.533648600685,894.2212669943991
457,0.9602770371571748,60779.4326457934,908.7098808191392
458,0.9623710723241273,60940.62106535873,398.4538409827692
459,0.9644648349083941,61117.42581220671,516.3639622417799
460,0.966557887379011,61362.25899714752,525.2445827999978
461,0.9686513195291268,61411.594221230036,490.61274707895456
462,0.9707470393683869,61480.10736679698,675.3636444091596
463,0.9728419987888902,61757.09866304924,889.1569757442071
464,0.9749363451418961,61860.93106987625,670.445564781396
465,0.9770319720978949,61970.321861578384,635.7715468147466
466,0.9791260608689247,62115.55888464216,656.7140067933835
467,0.981219993418123,62336.037801058104,580.638788433002
468,0.9833154848012966,62483.01042804089,610.5966230126377
469,0.985409217900734,62641.04631018317,748.4235568935966
470,0.9875034929558208,62720.40917138032,743.8952232946632
471,0.989598845059814,62965.76476120298,630.364921458364
472,0.9916925524589582,63178.73744138988,763.3127780500778
473,0.9937866222530743,63250.60231526564,715.5360210154887
474,0.9958822538585521,63465.57670908249,704.3852364932679
475,0.9979763461234663,63684.954793759454,832.2174850551305
476,1.0000687382803208,63720.44307580502,718.3599779624512
477,1.0021620574674717,63989.991593794315,720.4280104100766
478,1.0042566040705312,64107.688695385856,774.1606999073084
479,1.0063510481087232,64267.5787734302,432.23457081481473
480,1.0084458017147504,64580.36319654729,665.3625444581094
481,1.0105412449330358,64832.26683679604,1025.6558379241355
482,1.0126363206852906,64739.271059514125,432.8327206714206
483,1.014731689048677,64948.47215642715,850.4701359559881
484,1.0168251811607234,65246.223569573864,648.6087678488627
485,1.0189183181794257,65294.51233392382,666.6298169639565
486,1.0210135131858313,65635.10477525553,1119.6524682047313
487,1.023107899818119,65740.37127936697,695.5700358191538
488,1.0252035642142994,65927.13555650171,949.1940377653895
489,1.0272979326699727,66108.47169492958,860.1645274356057
490,1.0293915165160124,66197.25261726645,1004.880859515761
491,1.0314862118776227,66519.96664268017,605.4051585274174
492,1.0335813276438528,66589.13673546877,548.0538807956642
493,1.0356760372494827,66890.56121795015,766.7478490378735
494,1.0377697665518313,67031.01288185258,1062.705517991547
495,1.0398635542890804,67206.47944024141,555.7732417358523
496,1.0419580022733907,67388.12250319618,1093.2467115683883
497,1.0440530837182007,67549.90413372531,850.4460622243306
498,1.0461463909219801,67750.8229660145,1098.3208052342109
499,1.048241289239942,67966.32102130422,1007.3324171366962
500,1.0503346504195201,68086.66916009379,858.474383343415
501,1.0524278880438542,68293.72264107245,819.9213105479487
502,1.0545231057279465,68566.00339620581,1135.2903091223275
503,1.0566172205725972,68713.40589135289,723.724864758563
504,1.0587125681053644,69039.4375396208,1050.307060052481
505,1.060806974942881,69066.50439389318,1176.8520708933652
506,1.062900937291859,69197.92792809488,1112.2402053532649
507,1.0649968400029963,69484.6055647862,1006.5766544300265
508,1.0670917748856612,69772.79273887872,841.5711166742273
509,1.0691837840599538,69800.67244095283,1026.1755445355866
510,1.0712784055790137,70034.87041606432,1123.9633144354873
511,1.0733741944109443,70239.69799816194,1258.4035580386635
512,1.0754689143080451,70444.2240339705,1622.0078949409112
513,1.0775625935653539,70698.7288751499,926.1639014362198
514,1.079656551776009,70945.55858777191,1331.1414097652569
515,1.081751759033872,71078.5024310552,1200.4241414671392
516,1.0838450038800544,71391.37163008236,962.9575627890007
517,1.0859393346043436,71503.14011950526,1101.2051799296955
518,1.0880340737032612,71787.00842490786,1039.6149375877883
519,1.0901280973397867,71961.09746309108,1350.090638535742
520,1.0922232205093443,72140.33271469372,794.9219305954744
521,1.0943183198095006,72464.16619353367,1273.0182803618818
522,1.0964124680620808,72570.18843661582,822.7722037500916
523,1.0985066965945804,72836.87431676182,1066.4317950281684
524,1.1006022506925348,73135.31673521044,1404.526578087799
525,1.1026960746069068,73284.77756675988,1023.9944190730575
526,1.104789420523433,73473.66573190015,933.7526528144244
527,1.1068841457204943,73788.23888495172,1234.0052892953104
528,1.1089772649904681,73913.20144048583,1329.5081911471045
529,1.1110723868790173,74211.95387674039,1209.8993485342035
530,1.113168427194727,74463.53760327853,1135.5538003850465
531,1.1152626776337078,74611.22291939757,1190.0598121900096
532,1.1173574051129724,74847.52695065625,1396.464404673931
533,1.119450573697561,75071.1625381176,1409.8821860168189
534,1.1215436337779248,75254.48731586341,1354.5814729209064
535,1.1236390334415942,75676.67368240372,1102.5060334763016
536,1.1257332200225998,75771.93070994105,960.0674203936609
537,1.1278283378211404,76007.11021854094,1388.3585005716252
538,1.1299238131648552,76100.99815053007,1335.9494865172157
539,1.132017447124327,76448.10146522737,1643.1481267509434
540,1.134110650036949,76808.29505749828,1226.3238189946069
541,1.1362036259959787,77009.87522369059,1412.4823336435832
542,1.1382991427598659,77216.10909975816,1099.0307541192258
543,1.1403936066737896,77283.81759313786,1465.9264348193751
544,1.1424878264606209,77622.87470982879,1171.4217936529467
545,1.1445836717483504,77834.73641125564,1309.9202497562003
546,1.1466778755714095,78112.38522062237,1452.557688385366
547,1.1487715351237628,78339.08604566052,1480.0293855148268
548,1.1508672245306748,78634.20709149264,1422.4151016577546
549,1.152961670034179,78832.24927590464,1581.2037556894966
550,1.1550551275418117,79158.83729912696,1644.6689690614012
551,1.1571500620004906,79288.55761682556,1200.24690792801
552,1.1592451155989445,79738.27154764361,1312.9114216351436
553,1.1613401484055899,79927.18212176344,1697.2383001967034
554,1.1634328135986687,80125.56451099552,1654.5042944121403
555,1.1655280225544649,80333.45746089137,1691.903841217226
556,1.1676232414157608,80600.88747587526,1786.9523024440339
557,1.1697157183635434,80825.6873683915,1684.232374414103
558,1.171809765164966,81162.96206007678,1429.6470711366003
559,1.1739036754657965,81457.24506869641,1643.173831443703
560,1.1759974618047027,81847.24477925293,1653.4044315326137
561,1.1780927342002254,81962.13504404806,1566.2326636806372
562,1.1801886215978319,82269.6705255752,1335.6947863502357
563,1.1822824649467334,82590.83617306782,1862.6117419100883
564,1.1843777187054296,82627.71712769668,1642.9004067101087
565,1.1864731317277017,83008.49036272035,1636.0817286588624
566,1.1885662199882188,83381.2486157685,1809.7175168945134
567,1.1906603290984812,83468.4683152958,1957.0153189834082
568,1.1927560449071208,83796.7818598556,1771.828424049841
569,1.1948501301675682,84100.45460510271,1906.4458687788654
570,1.196942866326464,84292.93101402723,1923.6380278991335
571,1.1990363434731066,84684.08911019813,1498.854132027636
572,1.2011315528209288,84943.06481568179,1857.2728467097102
573,1.2032252726398727,85098.35060068917,1899.3615661177296
574,1.205319131714267,85607.49312424281,2299.7690269453574
575,1.2074143429200774,85968.78684771757,1820.6332510330187
576,1.2095073316728018,86143.424645533,1951.8131744569089
577,1.211602159357548,86347.80316695313,1796.3665011781268
578,1.2136984428310558,86686.65072335351,1947.1141289875982
579,1.2157943340364452,86832.34513613672,2064.0829664624307
580,1.217888268816351,87208.62155593166,2456.5236439101245
581,1.2199821909033837,87453.55930036193,1965.2945481710597
582,1.2220779372220854,87840.53170498065,2310.4873112821338
583,1.2241720630448372,88117.61022356556,2208.8046838045448
584,1.2262656486341297,88406.64765272409,2254.5173978511248
585,1.2283602712023978,88719.4550882609,1974.266689346139
586,1.230453847781421,89133.99660249653,2038.654259207876
587,1.2325484279288663,89376.2359690497,2232.006752397748
588,1.2346427330328844,89536.98589582948,2252.2959634927524
589,1.2367368340043534,89907.33770340956,2143.42566054024
590,1.2388320989568682,90288.9997381841,2534.604315356841
591,1.2409254956441091,90524.12530777966,2332.178184916225
592,1.2430201387037565,90940.71942383923,2302.998212670348
593,1.2451147141570293,91171.35650293872,2404.4983954909544
594,1.2472087367784284,91543.28429266377,2527.2097708039155
595,1.249302614173833,91778.33453491628,2551.862993580091
596,1.2513971052845823,92132.83361335362,2557.9620036250776
597,1.2534931066319515,92440.61432454534,2483.780873560661
598,1.2555863817711985,92779.53452771105,2287.389239623277
599,1.257678969059161,93090.80379111962,2457.658080833282
600,1.2597748382104277,93372.11591693736,2658.430602806865
601,1.2618698898493887,93864.23908705403,2775.9104951718396
602,1.2639640740660565,94130.80586002237,2813.18688498584
603,1.266059176034634,94347.66359913487,2649.0591351906837
604,1.26815329738596,94775.0969328014,2480.497478554126
605,1.2702469827768745,95055.75680800849,2691.717784969873
606,1.272341439773769,95409.57410004173,2731.732555645074
607,1.2744361591580655,95742.90626971751,2507.3355114092574
608,1.2765301570381213,96084.07092133461,2763.1280179864693
609,1.2786243195908502,96455.93243598961,3079.832126724111
610,1.2807201779848052,96790.36312765679,2796.29694146226
611,1.2828149770647865,97164.83374153801,2574.5197598474915
612,1.28490831046805,97323.94307545498,2862.81862802004
613,1.2870024746125797,97922.94748222787,3214.7411282096973
614,1.2890960788179595,98176.57502313808,2587.421120524047
615,1.2911903407610128,98561.76431003203,2819.4043497664024
616,1.2932847299377603,98928.41877937947,3099.4970569780344
617,1.295379834193548,99355.6058967072,3028.8536257976943
618,1.2974743412448833,99698.57766871074,3179.636125829884
619,1.299568838606027,100002.13152140683,3428.505189801945
620,1.3016640567270552,100321.25877942311,2740.7370963246076
621,1.3037578272673165,100744.37622231776,3319.0995446756237
622,1.3058518980796576,101090.92926003729,3359.3050645813423
623,1.3079469520711469,101605.00353794734,3174.1118514334144
624,1.3100414674631762,101824.72852106701,3128.799945487911
625,1.3121343419146885,102241.71516167579,3151.5549398078842
626,1.3142291157646366,102512.13233314939,3101.4355586884667
627,1.3163249547628966,103009.04399166317,3365.628427079988
628,1.3184204308819243,103375.6946115827,3601.973795428419
629,1.320514045081714,103708.84519381003,2919.3483872294823
630,1.322607731116918,104076.66731362462,3124.541349207771
631,1.3247030067977636,104518.8923284134,3502.1638460970216
632,1.3267964975071294,105009.92858610727,3603.620484445343
633,1.3288900457896358,105381.75957914868,3578.3257217540836
634,1.3309846323229146,105662.28553580842,3348.944525882775
635,1.3330795391690438,106265.72343393466,3452.636814180237
636,1.335173949560825,106437.85059039139,3504.5174318856143
637,1.3372672428845813,107007.79846757388,3642.70843757124
638,1.3393616502777206,107296.43010520653,3674.793487244211
639,1.3414564546808454,107718.30879590753,3950.294963181665
640,1.3435497634465539,108199.38498836782,3921.333700373787
641,1.3456439095281743,108550.72842387717,4083.956284001232
642,1.3477398961804745,108881.98006927954,4041.6979873745436
643,1.3498356331361778,109482.75139615076,3967.884982907626
644,1.3519291222201564,109748.8291183709,3733.7678803669337
645,1.3540221824451044,110298.96024030457,4120.926162792628
646,1.3561174165883387,110647.27704949299,4084.0286831456606
647,1.3582118000666776,111033.97254458358,4077.0613430208305
648,1.360305548489477,111533.77480271502,4407.865884805796
649,1.3624016471705516,112031.87874998152,3859.088579017744
650,1.364496581524498,112411.13236591859,4332.504208531423
651,1.366589927521404,112910.48499074242,4193.3599671523425
652,1.3686839345616666,113245.5953709013,4372.514685821033
653,1.3707785136744248,113812.08033807907,4254.9623286721035
654,1.3728736781569988,114028.00662611131,4489.077435782759
655,1.3749673745335222,114504.31291171661,4048.3398041079063
656,1.3770602631292597,114992.78563184528,4405.768482589024
657,1.379155717578164,115491.77844189234,4835.880964503519
658,1.3812508039107998,115926.60686541315,4213.28769638596
659,1.3833453325862841,116265.09991907269,5019.095765673909
660,1.3854396647384786,116742.25535979486,4762.416538005395
661,1.387533616953471,117262.97321018354,4372.788277702653
662,1.389628935147901,117799.730404856,4633.198856950638
663,1.3917230672721894,118255.2889481786,5063.74070667208
664,1.3938172778813163,118593.61444022549,4528.434798871247
665,1.3959128506087028,119187.26377792757,5212.856390273866
666,1.3980069894682674,119638.18933207255,4903.447197989032
667,1.400100032768225,120081.38061496221,4765.277147833163
668,1.4021942273095422,120621.43898075577,5675.727723536707
669,1.4042879724639459,121135.79058456786,4804.496140430796
670,1.4063822250727482,121685.58069669652,5386.868434960785
671,1.4084777998796327,122090.51197557642,5355.987217577579
672,1.4105725454065003,122588.19118367761,5049.276041034591
673,1.412666035757187,123189.7531423911,5165.976507106594
674,1.4147597581950535,123604.92709206224,5275.360273968117
675,1.4168552493745823,124056.1462920826,5527.795314926042
676,1.4189502707585735,124535.02666139288,5390.520060191483
677,1.4210439871962917,124954.7938082787,5142.356538375181
678,1.4231379588066748,125617.19054693148,5438.76535982351
679,1.4252323843784174,126012.94573204458,5841.7058464074935
680,1.4273263645812686,126541.52263656398,5714.701462726425
681,1.4294209343777806,127075.19147194963,5975.480168285178
682,1.4315160587565352,127623.50247344266,5382.686279847273
683,1.4336101809254245,128132.74139330463,6007.907230188325
684,1.4357047233292217,128753.80287074954,5965.620604955145
685,1.4377991034950037,129248.42782256872,5819.658325084124
686,1.439893269172154,129727.3891396994,6228.134206555848
687,1.4419870983325702,130149.68071564921,5946.11183500744
688,1.4440820971476513,130936.97141621007,6613.809280219646
689,1.4461780146809415,131390.00060209172,6089.278655716442
690,1.4482723645441788,131963.75195533712,6100.563935922453
691,1.4503661519067539,132436.49949867674,6041.087620936853
692,1.4524608997459605,132986.238341966,6653.275219829108
693,1.454556191478353,133757.48453671476,6616.3165764147925
694,1.4566505605195028,134075.0390652528,6668.465558212066
695,1.4587435672120013,134592.1635347484,6476.700223769685
696,1.460836376274075,135330.61923069603,7027.928048517936
697,1.4629315024559504,135898.5756421859,6848.276211864555
698,1.465026115161985,136380.36127682033,7285.60831194645
699,1.4671201905708728,137147.81091540187,6937.9303714860625
700,1.4692142550197365,137668.91913439633,6690.988350646028
701,1.4713085109511452,138101.63785924827,7156.495656699626
702,1.4734040883627781,138591.84952223394,7030.238630332584
703,1.4754983077923518,139249.6420350855,7644.525566339814
704,1.4775927333883283,140065.36007704682,7171.419547800551
705,1.479686516386449,140585.63399366583,7403.073040932255
706,1.4817805445745025,141247.64748242087,7156.230478646818
707,1.483876051193717,141755.38158509939,7731.992056266479
708,1.4859713583510508,142340.49911754526,7941.9848939707435
709,1.4880662760111125,143061.6423241064,7741.123671056777
710,1.4901603423423662,143603.7369914062,8267.392812849917
711,1.4922546168830801,144093.0369234491,7463.60220282825
712,1.4943493508016918,144893.81256407936,8224.450749700962
713,1.4964436549031517,145499.16873147342,8056.4371418916735
714,1.4985372426394363,146058.03099263564,8608.899474198366
715,1.5006303537214591,146665.46485160006,8378.63496181723
716,1.5027246941647125,147542.8700453824,8565.814282921265
717,1.5048198674391857,148118.88444675153,8470.207927901964
718,1.5069136003861163,148575.88782799727,9062.120581782407
719,1.5090076377683221,149323.7896295637,8554.77777360255
720,1.5111026723067662,150125.08130608045,8326.131923967789
721,1.5131971028762412,150612.29421059554,9010.700070442434
722,1.5152912609041667,151219.83716789164,9560.193955521543
723,1.5173854934463344,151942.5184543769,9114.03761907781
724,1.5194808793753787,152582.148860365,8625.835426883299
725,1.5215756259285513,153285.82359468698,9335.947453047973
726,1.5236695807770564,153976.99036025497,8971.385112478898
727,1.5257641081783464,154727.41831506425,9526.708637035003
728,1.5278584873608179,155355.46478609194,9923.658254062615
729,1.5299536435991428,155889.46731079518,9766.69114713844
730,1.5320476585044298,156867.7166855066,9620.936705613194
731,1.5341414384393777,157586.60280345453,9151.22446315077
732,1.536236950937659,158281.295527607,10172.053338546491
733,1.5383317033374695,158834.12061477406,10082.251000403137
734,1.5404255753841434,159584.07980957662,9873.6592083987
735,1.5425198393431812,160519.2747297877,10279.00888650827
736,1.5446136227526486,161082.75872967616,10486.251188166287
737,1.5467072285753283,161964.84117230633,10451.030068643171
738,1.5488013111816905,162350.4069058155,10610.034788328467
739,1.550896674249749,163447.66689176636,10843.602205033996
740,1.552991701547339,163961.1466192753,10723.404270053354
741,1.5550856629518366,164900.45928453442,11143.843965867625
742,1.5571801051512508,165516.09151069427,11146.741509523456
743,1.559274417579796,166263.74976552598,10710.31558069849
744,1.5613691533539047,167016.95735623137,10635.556477184953
745,1.5634631934261796,167740.58401665228,11776.04916220804
746,1.5655577892497892,168599.22379014216,11372.473022205992
747,1.5676527275763066,169248.1508910986,11267.731962091097
748,1.5697461748764228,170146.46344154418,11884.869129135679
749,1.5718402189801153,170922.86614616125,12120.082860062237
750,1.5739346218160084,171694.38760223822,11833.723840745071
751,1.5760295037244485,172503.00054775894,12319.718532629407
752,1.5781239238326052,173382.5852625239,12647.848028277947
753,1.5802176736109215,174333.57195513305,12196.08219657685
754,1.5823123941098438,174849.21855118696,12200.9735655887
755,1.5844068047546922,175817.20065385316,12615.865555441764
756,1.5864996832696292,176675.07118162318,13054.555301078435
757,1.5885944598128996,177367.47962809532,13449.752439067444
758,1.5906903325437156,178188.5781831023,12784.271884247431
759,1.592784689092666,179119.2327611837,13761.150981326551
760,1.5948796873290236,179886.056217116,13059.312261668021
761,1.5969745597395735,180826.09528098354,13891.907478601031
762,1.5990689218084002,181778.0063550949,13057.22798674555
763,1.6011633213632455,182495.1328530432,14562.103908185705
764,1.6032577776043084,183593.81032676724,13943.897876827303
765,1.6053514020964894,184404.75477219635,13890.052404563277
766,1.607445093072501,185185.48649504047,14652.012661027267
767,1.6095393086936036,186117.23638580018,12417.410661112694
768,1.6116336711357766,186750.42555789268,8227.992799129652
769,1.6137279918528686,187741.91252985562,4204.010566618148
770,1.6158221116449558,188446.24920057217,644.8774665397514
771,1.6179176229648538,189369.36552833027,-3796.6928700413214
772,1.6200131612431772,190051.692038192,-6939.999932174979
773,1.6221069236192778,191002.68638270328,-11194.75718997158
774,1.6242011307622557,192029.1027847437,-15303.144477513179
775,1.6262960841945175,192662.70181368958,-19174.51292618078
776,1.6283896203498047,193742.2640126139,-22983.43837512524
777,1.6304834947928883,194744.1387471151,-26869.178327413345
778,1.632578127710653,195557.5799476051,-30770.127072328945
779,1.6346731813158608,196303.8530591671,-34899.0464492875
780,1.636767172365261,197287.77459997396,-38326.31896638462
781,1.6388603779595408,198090.6030342159,-42703.73266301565
782,1.6409563605892468,199113.0578836108,-46952.453711937254
783,1.643050621284035,199793.44580404405,-50451.26067529478
784,1.645144102645386,200846.59814223673,-55413.95064017165
785,1.6472395726584623,201810.87868203627,-58436.13867155665
786,1.6493331318477138,202801.08739746458,-63080.92569294922
787,1.6514277435583298,203397.4700533572,-66698.64616121909
788,1.6535225655624404,204703.33984355172,-70257.43218344115
789,1.655616100487628,205604.98256258364,-75171.10417201972
790,1.6577106071833263,206341.22056316576,-79425.86402583488
791,1.6598050724476994,207342.02284442156,-82763.3974541711
792,1.6619001395524664,208403.1635125779,-86364.24387250427
793,1.6639948642035431,209362.40354398952,-91004.05628401879
794,1.6660882997554614,210417.94042583142,-95350.91221082551
795,1.6681827329415837,211367.79369582594,-98661.80109706803
796,1.6702780557373313,212226.23035685837,-103325.55341140254
797,1.6723710846745943,213427.17363987374,-107133.26890072209
798,1.6744651718920411,214283.9727577258,-111697.36136591573
799,1.6765602044792516,215252.9800020987,-115079.87489052607
800,1.6786535596079524,216367.10899856145,-119649.86942526499
801,1.6807491745425278,217379.44123915661,-123907.56807805653
802,1.6828445761171116,218391.58407887863,-127570.70725390191
803,1.6849386388007168,219431.90961392937,-131883.72722284947
804,1.6870339476475265,220345.49116869728,-135914.68598201516
805,1.6891280758541645,221395.5699325494,-140349.4199087971
806,1.691221272327691,222333.79256144952,-144250.61471516552
807,1.6933141346742315,223675.36261790563,-148869.12417304335
808,1.6954090930463133,224494.46173750435,-151550.95699455385
809,1.6975047078021417,225898.8311060093,-156836.71002907684
810,1.6995991246970055,226851.01557445386,-161216.6216301644
811,1.7016934918813407,227775.7991412004,-165142.91893134837
812,1.703786903721137,229098.60880623886,-169295.36509416616
813,1.7058818292953146,230239.75695765545,-173842.50899666888
814,1.7079768740006063,231159.16724531347,-177374.78368107195
815,1.710070845319196,232278.09231036127,-182156.8495967419
816,1.7121645316176712,233657.0092112774,-186950.00265487895
817,1.7142597272321454,234514.6978144503,-191286.10026014713
818,1.7163549406546734,235664.98372328564,-195385.90697856998
819,1.7184482195940645,236674.61138641485,-199681.57558491602
820,1.7205423072627637,237936.7123878923,-204459.58452158436
821,1.7226374847113666,239244.47581888622,-208103.53444070026
822,1.7247323233526113,240363.34449805028,-212740.54348934276
823,1.7268266901810085,241353.64218059392,-216383.7267008487
824,1.72892134476467,242547.46333010786,-221114.21123261604
825,1.7310153629662073,243586.9461794903,-225806.92744922856
826,1.7331087353021186,245082.2456916243,-229406.82423042276
827,1.7352028820270462,246297.41190164292,-234324.02695034095
828,1.737297419510233,247278.58327033167,-239173.5058540525
829,1.7393924268721555,248477.52593248538,-243200.51915078037
830,1.7414865202316776,249697.25474888695,-247634.438342375
831,1.7435798385311778,250982.34904757587,-252289.45613674578
832,1.7456747741592018,252346.55541418208,-257832.45105271885
833,1.7477707733578058,253508.862218775,-260780.9283007038
834,1.7498644151299778,254658.20840526526,-265713.67922203126
835,1.7519579294274097,255922.38591274235,-269848.99387023394
836,1.754052537005875,257453.44929417927,-275192.8122594799
837,1.756146014277543,258662.91374567148,-279823.63143778866
838,1.7582399685899122,259802.52884148541,-283626.2527128611
839,1.760335124398212,260994.0908643753,-288727.90441112546
840,1.7624306374180432,262163.6177625896,-293300.1149908126
841,1.764524733445493,263760.98972018773,-297800.72670123033
842,1.7666195957988082,265067.9045538329,-301988.9156303979
843,1.7687146552767006,266458.9988475828,-307683.1544297048
844,1.7708085687106505,267746.5986526228,-312220.7398913424
845,1.7729026984403262,269354.08071108663,-317102.9276002732
846,1.7749968373222131,270477.7806328945,-320912.5834215118
847,1.7770919795414395,271681.303097105,-325790.984199264
848,1.7791866891650514,273212.049901192,-331113.4572357966
849,1.7812805740714612,274688.50167213054,-336279.9922708945
850,1.7833749145944944,275841.38492250553,-340386.97528333165
851,1.7854698174814119,277495.7749406417,-345243.8915852347
852,1.7875649050000997,278777.37078816554,-350289.2652019012
853,1.7896586091751823,280105.67269566533,-354656.96895878715
854,1.7917528105223397,281438.82029377006,-359449.6986904691
855,1.7938472619734778,283059.2637942624,-364841.600100115
856,1.7959410333998334,284426.55585728167,-369518.7999922746
857,1.7980353139963554,286420.248532869,-375033.5861040932
858,1.8001292949050451,287116.2424639273,-379057.23899846355
859,1.8022240144636215,288428.5531453662,-383385.15298603463
860,1.8043180357006787,290223.1538045922,-388922.03141104983
861,1.8064120149556366,292102.480856507,-395325.5473604655
862,1.808507216693214,293593.3923892374,-400223.93156782456
863,1.8106012235056632,295174.00328593224,-404686.67617419525
864,1.8126961076333348,296482.6936117909,-409922.191588255
865,1.8147906359659112,297994.68248572387,-415429.5123023522
866,1.816885013662702,299723.34115002473,-420733.070487578
867,1.8189799788179999,301051.7739201822,-425575.8331987164
868,1.8210733357472892,302799.88281096314,-430454.6574259634
869,1.8231675363973032,304182.1842691495,-434966.77698580665
870,1.8252628639859947,305944.622023322,-441450.6653693403
871,1.8273578690890415,307565.25797048764,-445690.8471230059
872,1.8294529153678178,309013.98796296085,-452069.4425598123
873,1.8315468366202061,310378.38883244205,-456371.8419580171
874,1.8336403420201965,312218.0832925888,-461596.79843994614
875,1.8357342642631629,314172.9912913429,-467491.4281649287
876,1.837828606636473,315777.09537453676,-473187.2818211551
877,1.8399232687279,317001.5318927917,-478010.85186920344
878,1.8420169361094605,318916.6058289046,-483522.12170106824
879,1.8441103454239045,320484.53044359095,-489624.20014888473
880,1.8462047113551943,322144.20053524006,-494983.5265558364
881,1.848300337583767,324171.71227696113,-500408.7404880828
882,1.850395118058644,325693.03331233753,-505093.75455103134
883,1.8524895015648957,327506.32164419437,-511825.67828989995
884,1.85458435317291,328939.54387076973,-517556.8882924046
885,1.8566786691854407,330789.97825882654,-521695.12603775423
886,1.8587722962005393,332401.6536139889,-527841.4862585162
887,1.8608667292143481,334463.70676413504,-534250.9458127591
888,1.8629623979972338,336138.600193885,-539029.5626165688
889,1.8650575007618033,338117.9169131185,-544184.1738916077
890,1.8671515757398978,339958.2326642858,-551135.3853036704
891,1.86924567270883,341504.4445299857,-557299.9053672574
892,1.8713402290883943,343701.1669267293,-564034.0661251929
893,1.8734333441485889,345589.9635968207,-568671.4750844045
894,1.8755274569663687,347217.72962208185,-574954.8627403686
895,1.8776226584010878,349075.22408409644,-579476.616961096
896,1.8797156234954413,350946.35905901657,-586669.5784291411
897,1.8818097674713492,353071.7299357156,-592583.9514713703
898,1.8839051205157094,354599.081713345,-597845.0692621828
899,1.886000042933448,356915.22591062717,-604554.2261425658
900,1.8880949075451439,358479.2715344356,-610057.7619659391
901,1.8901881584759161,360731.6917269003,-616747.4082738765
902,1.892283217936019,362494.76520457515,-621594.7287825443
903,1.8943782680554568,364739.20910263935,-629959.5788982828
904,1.8964720473710392,366399.3134323336,-634261.669447618
905,1.8985668668489433,368767.5762857187,-642663.7087082993
906,1.9006612809862096,370534.03144268907,-647320.6685669138
907,1.902755719587151,372800.15603204654,-653758.0635880644
908,1.904849757588545,374404.5947494431,-659575.3178914364
909,1.9069430754605277,376733.4168945932,-667441.4897558442
910,1.9090378340013505,379000.6490178049,-674177.3418056985
911,1.9111324914183263,380965.55477248033,-680179.1969896611
912,1.913226965923519,382784.3212949617,-685376.9844016769
913,1.915321381331026,384796.2724578942,-691478.9987120292
914,1.9174162748437817,387196.62744634645,-699717.1565191521
915,1.91951096404297,389528.19836055866,-705306.6428324585
916,1.9216039358616672,391853.52470749535,-713401.5118394248
917,1.9236986253914137,393582.864060061,-719106.9018346599
918,1.9257933066276691,395940.56448145345,-725418.4441032438
919,1.9278873651498682,398224.69172556093,-733063.1402854848
920,1.9299807661659822,400490.84773398953,-739204.2368925005
921,1.9320760482648573,402898.2615758046,-746685.9201048429
922,1.934171767524072,405115.6949300706,-753675.6625912321
923,1.9362651059315399,407361.74971117725,-760531.4936934224
924,1.938359138419254,410017.5157522875,-767673.9886467565
925,1.9404538735984294,411882.558268249,-775285.3714701195
926,1.9425479146608418,413987.4706318096,-780614.6291962143
927,1.9446418189559174,416940.8776099711,-789288.8791476175
928,1.9467371502259871,418468.19192555756,-794611.3659280033
929,1.9488329760684335,421428.7157516906,-804610.441130797
930,1.9509268120448882,423700.046316983,-810983.370471189
931,1.953019609354344,426116.897952475,-818530.6411715823
932,1.9551147244404972,429009.7627081161,-825885.3702349841
933,1.957209950604826,430988.5715273192,-833357.4319036468
934,1.9593041179655175,433277.1558054343,-839885.2180904715
935,1.9613980124620214,435984.4827645978,-847326.2180174117
936,1.9634920823781827,438211.55041375745,-855314.5171015405
937,1.9655870316775599,440484.7210428798,-863291.3358603705
938,1.9676813106463258,443501.4385008429,-869653.90235243
939,1.9697755380711686,445737.9306984752,-877804.952608054
940,1.9718704076888727,448605.42206443555,-886291.6971114379
941,1.9739643213778544,451109.9609318454,-893463.7147203898
942,1.9760582139073395,453125.62991392665,-901122.9674499546
943,1.9781533744008393,456437.4395590738,-909423.8118508281
944,1.980249297656676,458821.18588237657,-917750.0254141527
945,1.9823436902775773,461950.2356585155,-926916.9537267523
946,1.9844363854611324,464121.315297165,-931687.8861029719
947,1.986530057736426,467039.7586736282,-941764.217752846
948,1.988624138262085,469129.735707424,-948275.8287679692
949,1.9907191302641989,472553.40056134184,-957687.7161381536
950,1.9928140678397719,474850.8366126791,-966414.2504576185
951,1.994908057158038,478413.39975448034,-975140.1618403689
952,1.9970037235567513,480726.57942584885,-982027.6814693166
953,1.999098539119481,483596.33652358194,-990882.3303492287
954,2.001191245179364,486063.4307392976,-998563.2495678586
955,2.003285465781134,489080.927206675,-1006704.1598607784
956,2.005380090953843,492262.766655203,-1016779.7042648186
957,2.007473757612322,494499.28054828255,-1025193.3564084008
958,2.0095674385752345,497943.0846012425,-1034878.9484461957
959,2.0116620669227445,501278.64139117015,-1043229.763719216
960,2.0137574654124313,503677.3418312557,-1052005.508802484
961,2.015851542299029,506901.78900723375,-1060406.2917113774
962,2.017945842236743,509992.245116263,-1071049.350905432
963,2.0200414078173843,513285.039815288,-1079570.1535109465
964,2.0221364472105585,515685.6675406604,-1089049.022415882
965,2.0242304661583193,518937.16608802625,-1097405.8346785961
966,2.0263241213554704,522344.1409098334,-1108633.9220391437
967,2.028418169537371,525210.0347494069,-1116686.226658331
968,2.030512126699397,528346.0388869786,-1125201.8591521136
969,2.032607257696191,531481.0923926567,-1135539.7501516577
970,2.0347026748788237,534606.5917148323,-1145089.8023066737
971,2.036797432049628,537425.7682987923,-1154875.9004368028
972,2.0388917803566513,541166.8812944221,-1163533.8516541785
973,2.0409854404727548,544336.6895935033,-1173748.833983797
974,2.043079158497923,547507.8697479935,-1183699.868449568
975,2.0451737042342053,550927.3300513108,-1194049.6033027994
976,2.047267957686092,553726.8541944678,-1202761.2287068602
977,2.0493625921646865,557657.2488837882,-1212735.4544547796
978,2.051458159400133,560665.0880589949,-1224121.2572701098
979,2.0535521918605197,564555.4472614637,-1235325.7686480656
980,2.055645062675616,567860.8669067564,-1244535.3581554259
981,2.0577393587752955,571568.0981132672,-1255674.9751306768
982,2.059834437786395,574245.9242566027,-1264545.7787419134
983,2.061928055170489,577702.465461215,-1276341.559711034
984,2.0640226957402352,581247.0269217235,-1285875.687013176
985,2.066118258189404,584759.8800553046,-1297945.944398657
986,2.068213196804832,588369.861299935,-1308315.6501082806
987,2.0703072818107917,591855.7653174811,-1317619.8773639477
988,2.072400931462771,595882.4068289598,-1332107.9470643513
989,2.074494103322103,599278.7468360632,-1340123.5047097297
990,2.076588647294614,603064.5412925557,-1353976.0092773524
991,2.0786837571325223,606009.953806674,-1360518.0927969832
992,2.0807786951127576,610031.1162766161,-1375131.9008282495
993,2.0828733611799306,614012.9682997348,-1387647.016491312
994,2.0849676047315464,618402.5047809172,-1397618.3442473435
995,2.08706191167589,622142.4005456447,-1411335.5806811368
996,2.0891552570733616,625593.7165109428,-1421974.9562008441
997,2.0912498961643236,629345.2559058379,-1432662.7945365915
998,2.0933446561638878,633818.1600857872,-1446322.657648053
999,2.0954387435644386,637383.89861789,-1457534.1969720782
1000,2.0975335870618825,640378.8286727797,-1468883.5576625257
1001,2.099629070349723,646149.0452157219,-1484407.293090569
1002,2.1017228492895934,649234.2717122698,-1495638.3311529737
1003,2.1038170482062775,653341.6116494575,-1506265.6572928955
1004,2.1059122372778973,656712.0983420786,-1516041.2800206293
1005,2.10800554057148,661786.5579249552,-1533659.7557851018
1006,2.110098599114947,664696.1588705516,-1542844.2943114645
1007,2.1121927216235163,670857.0534075568,-1560565.8332821801
1008,2.1142879182187984,673136.9336963645,-1570510.5927826979
1009,2.1163820759811065,678602.0950534244,-1584723.678848296
1010,2.118476597123504,682642.8210117656,-1596812.70099707
1011,2.120572077635568,687608.4052421245,-1613326.9978153904
1012,2.122666143506846,691915.0446411992,-1627512.5310617825
1013,2.12475947440395,695193.3127454263,-1636870.4740346023
1014,2.1268549228070284,698843.0122981986,-1649742.1533261545
1015,2.1289503858580807,703855.2644433536,-1665522.779489428
1016,2.131043274916299,708600.9624656105,-1679500.52683401
1017,2.1331378502136085,712582.7458513725,-1692146.0124792142
1018,2.135233020544507,716773.6187787297,-1705536.6018018278
1019,2.137327211773404,722255.8901477744,-1724567.7942462163
1020,2.1394213678417553,726136.5438692955,-1735236.4638771508
1021,2.1415151935265153,730861.1620457608,-1751830.0301161937
1022,2.143609686067666,735380.5459590888,-1767234.7727889467
1023,2.1457039096890913,739899.8080121493,-1780024.0765755803
1024,2.1477977892281794,745030.3454318184,-1795588.1186021075
1025,2.149892773795189,750612.0050156984,-1809266.4109239883
1026,2.151988207011953,754530.1404333663,-1828640.0590537814
1027,2.154083430042502,760282.2416981749,-1843101.0482033347
1028,2.1561769020273363,765214.867909899,-1861343.3394014763
1029,2.158269727638565,768566.2034596262,-1872589.8991589209
1030,2.1603643338266334,774491.1863519587,-1890222.964269167
1031,2.1624594611960894,778482.9919362476,-1906346.471195049
1032,2.1645538445620423,784810.0481338353,-1926077.0881082213
1033,2.166649266160557,788328.9796032688,-1939197.223326128
1034,2.1687438965600263,793567.2334290517,-1954731.714147432
1035,2.1708363804402464,798990.0761185872,-1972809.4733271007
1036,2.17292939543057,803965.1325785517,-1989674.179805072
1037,2.1750246621139153,809262.304342157,-2004983.1395831667
1038,2.1771189095943266,815100.4646885693,-2024419.252209931
1039,2.179212962470575,819907.7301423623,-2041887.073643783
1040,2.1813066434396426,825872.8852544235,-2060501.9818184213
1041,2.183402629792164,829199.1097981238,-2077530.1710355696
1042,2.185498119455816,836772.8442126247,-2095865.8324612363
1043,2.1875916200185137,841633.7554000808,-2117961.224916148
1044,2.189686441120868,845998.2884645101,-2130839.6867852025
1045,2.191781413276182,853146.2457000066,-2154047.5414551687
1046,2.193875147711239,857669.6356074198,-2172810.7043691734
1047,2.1959686613130316,863572.1511708413,-2190332.639551402
1048,2.198063923558019,866430.3905650604,-2204836.0198128596
1049,2.2001595001532226,873521.4567607241,-2225548.3535241904
1050,2.202253779153767,877384.5140948519,-2241396.429286178
1051,2.2043460760907565,884280.9417826261,-2265698.0135548343
1052,2.206440891990371,891104.9667738993,-2288521.651806015
1053,2.2085356491852317,896458.1864022891,-2313100.0398476426
1054,2.2106277016542335,903518.0244835096,-2332954.0512372893
1055,2.212721958545959,907641.8924160221,-2352288.1528164516
1056,2.2148185083900422,914066.7482771381,-2371457.6963148965
1057,2.216913061952383,921092.0568120793,-2398614.1525887283
1058,2.219006160150891,926592.4300297935,-2420619.3207580606
1059,2.2211007684745443,932480.3081571431,-2436195.0883932686
1060,2.2231966067711273,937351.7723468781,-2461990.0522783375
1061,2.2252915180225106,942925.1513095291,-2479563.7791873063
1062,2.2273849286831946,950711.9201354824,-2508951.8530074153
1063,2.2294794057777056,955017.0821024192,-2530178.885636094
1064,2.231574082226972,963594.9617793618,-2557152.6198149645
1065,2.2336675726385264,968951.4739448546,-2585372.5441132607
1066,2.2357616690730993,974067.6925807123,-2596880.819484195
1067,2.237857388038379,981611.5852916812,-2631538.4774323776
1068,2.2399520699736297,988157.5958355132,-2651925.8172812797
1069,2.2420449617357057,994217.6821049172,-2680259.7560276794
1070,2.2441391380853632,1000215.485379403,-2707653.9972754032
1071,2.2462342793770116,1006541.5385088895,-2729131.311667354
1072,2.248330004000319,1014437.6838549157,-2762320.2188836862
1073,2.2504234986669656,1020828.7243144403,-2789381.971693288
1074,2.2525166459790467,1025703.3720381475,-2811855.8962375717
1075,2.254612702557845,1033330.5467462728,-2842064.718306627
1076,2.2567074239010356,1039716.8272873618,-2870150.2047407106
1077,2.25879926569608,1047818.6996189076,-2904727.720360306
1078,2.2608934332232278,1052823.8740375808,-2924688.218143573
1079,2.2629890832862967,1061273.6886324259,-2963619.603820848
1080,2.2650815906481947,1065553.2145698308,-2978453.100837414
1081,2.26717631551426,1073565.4784084326,-3018617.434039718
1082,2.2692717091510235,1080076.3430470095,-3050119.764406335
1083,2.2713660430599174,1086090.7391459497,-3081057.5619748123
1084,2.273460830916725,1093751.6122330406,-3113695.818789157
1085,2.2755552510450507,1100983.4460674056,-3148412.67867652
1086,2.2776502981151867,1107575.5533439738,-3180526.826508874
1087,2.2797428242388995,1115946.8748430558,-3215131.966672898
1088,2.281836092329788,1121654.5354328214,-3241967.405117854
1089,2.283933556285596,1128402.9432015105,-3272135.210790275
1090,2.286028868050817,1136841.6489532022,-3308419.3581674984
1091,2.2881212248812486,1145489.1359886825,-3336952.4220476546
1092,2.290215014848569,1148841.107427343,-3360842.5662579057
1093,2.292310229911211,1157333.440587361,-3399508.0747181387
1094,2.2944051456334345,1167457.9692603652,-3434353.968503607
1095,2.2964983471898495,1178183.5602408447,-3474265.737021156
1096,2.2985921024349003,1181911.7247272672,-3493326.940131796
1097,2.3006888643809247,1190424.6262646706,-3526638.1335859816
1098,2.302783634096356,1197856.1099912906,-3561632.9031076743
1099,2.3048756698218886,1205978.2346312115,-3591365.605015212
1100,2.3069695720010412,1211460.4668379116,-3619475.153289888
1101,2.3090651112173397,1220314.2454558103,-3655360.2581467396
1102,2.311158495429861,1231264.1602938247,-3693934.5479010902
1103,2.3132509513768182,1236366.6296202682,-3716016.6016361024
1104,2.31534766594442,1248739.6527794295,-3761651.076387995
1105,2.3174438092641236,1255499.2238744483,-3790962.628986977
1106,2.3195366518474128,1264829.3357516793,-3831325.9496926814
1107,2.321631141204296,1275928.2767833858,-3870544.695114974
1108,2.323727832694395,1282421.3944897768,-3898863.9139949796
1109,2.3258211826493147,1288481.8300676683,-3924748.4326970945
1110,2.3279133966950116,1294813.2507437854,-3953753.8440186493
1111,2.330008120458155,1310124.8772075735,-4003746.153711446
1112,2.332103956675321,1317797.3630054835,-4041841.216346344
1113,2.334197579452735,1327028.11440034,-4072195.0203939197
1114,2.336290017181209,1335610.7173966996,-4107841.8327473123
1115,2.338385505091734,1345597.3006892458,-4147240.1408578767
1116,2.340480189114194,1356165.4922261531,-4186116.859623198
1117,2.342573391055059,1363693.682144335,-4219498.053008073
1118,2.344667848677038,1371275.58198156,-4247980.653250179
1119,2.3467629878884537,1383062.7512934783,-4296299.5342787765
1120,2.348858220839854,1389048.3478913796,-4323387.623227402
1121,2.35095250082758,1396863.4714330332,-4354201.699004293
1122,2.3530449396760944,1408535.4155600192,-4392154.885683259
1123,2.355141499104623,1419380.166845191,-4435419.221999984
1124,2.3572378412451434,1430734.609733584,-4479013.877346624
1125,2.3593294861259198,1442360.9209181883,-4523361.476852214
1126,2.3614224992004984,1449997.5418748478,-4554618.942995419
1127,2.363517948981548,1459823.9983349286,-4589121.782895341
1128,2.3656139136423477,1470111.6355356057,-4632873.21046199
1129,2.367706660383537,1475783.8132675732,-4653878.0774693005
1130,2.3698014470222093,1489835.2491978328,-4708975.167456742
1131,2.3718977582075165,1501782.4368668234,-4752941.563295541
1132,2.3739899214574836,1507551.371936865,-4772819.737364363
1133,2.3760825194215927,1521115.4476410884,-4828298.135442805
1134,2.378179070039863,1528341.475907746,-4855707.182156665
1135,2.380273759058959,1542386.3286305973,-4908001.058607634
1136,2.382365673610318,1554055.6086875151,-4953468.758434311
1137,2.3844604460166168,1563299.311035215,-4990099.154503216
1138,2.3865571190304595,1582816.4523915884,-5061129.065959139
1139,2.3886520978255446,1588815.524028419,-5081238.685338031
1140,2.3907442891236066,1598157.6778304656,-5117950.472630993
1141,2.3928386457990913,1609886.3610959193,-5164484.5577508835
1142,2.394934562690242,1623021.5028355268,-5213794.353786588
1143,2.397029599690107,1634653.1876608946,-5256425.989170188
1144,2.3991222591305954,1643024.7605638523,-5291132.157361972
1145,2.401217024080888,1656973.6791998788,-5344615.261077864
1146,2.403314513026698,1663695.476787547,-5370567.2458068365
1147,2.4054081911284184,1679398.4650766242,-5423707.415592377
1148,2.4075011183217048,1696391.3649897485,-5490843.620002681
1149,2.4095960074264258,1704266.5535436885,-5522248.688903637
1150,2.4116926326559978,1716482.4791820385,-5568233.476408207
1151,2.41378425055939,1728075.6980236804,-5610895.442646954
1152,2.415877382497087,1736773.0362602307,-5647841.309111883
1153,2.4179783678062123,1752659.402384143,-5704692.15449668
1154,2.4200733739460714,1760759.6409354645,-5736804.174272993
1155,2.422162501290004,1780419.548604486,-5808137.132876016
1156,2.424257158180454,1790342.1932996812,-5848200.003171798
1157,2.426355368807169,1801056.699771584,-5888848.22458371
1158,2.4284477900186845,1821649.93184483,-5963190.097279036
1159,2.43053883847394,1828252.7567598096,-5990272.400995969
1160,2.4326356353293934,1842665.3644425275,-6044504.533073784
1161,2.434732612021302,1858837.472719222,-6101325.629073489
1162,2.4368252927922227,1875274.2013516917,-6160220.413057871
1163,2.43891890863681,1887218.6262241236,-6205697.398757131
1164,2.441014895314609,1902055.6292057168,-6262669.496052965
1165,2.4431105244568765,1915713.1096622564,-6313931.596042429
1166,2.4452031167440684,1925880.3309933129,-6351088.924311714
1167,2.4472938786799143,1941736.42949276,-6409055.752307482
1168,2.4493915902413868,1953725.6189828995,-6459305.374810192
1169,2.4514877943094935,1968818.1728396828,-6511096.843068793
1170,2.4535774837073663,1985621.2571037833,-6572969.389300101
1171,2.4556717453467782,1999398.034485867,-6623987.644444349
1172,2.457770725968573,2012227.5242706467,-6675748.8065665355
1173,2.459865450868259,2035070.1126987033,-6754383.139449262
1174,2.461954843714291,2039067.0384373234,-6773808.085657467
1175,2.464051305962942,2064772.6690271134,-6868535.212544031
1176,2.4661493201186655,2070113.793744231,-6886587.427927937
1177,2.468239991051035,2095120.9339207883,-6982314.50596421
1178,2.4703335941159144,2115624.7651975094,-7050644.625649584
1179,2.472432426226094,2121176.931658471,-7077910.205392908
1180,2.47452690434623,2133274.297732913,-7122801.669512868
1181,2.476615373809059,2148668.038068584,-7179314.460403953
1182,2.478710457672189,2167180.364974029,-7244149.414407043
1183,2.48080966574444,2188276.9919588924,-7321966.435653928
1184,2.48290090100287,2206212.8327799235,-7389028.314463171
1185,2.4849923340191187,2225591.4618357816,-7452993.00088571
1186,2.4870897130294636,2239737.0568540734,-7515286.595485748
1187,2.4891862386660164,2250520.3812468112,-7557090.6508735465
1188,2.491278235985619,2269907.7076244075,-7625339.57174706
1189,2.4933690456944357,2281290.8756162836,-7670866.224400949
1190,2.495466543397291,2305219.2067348366,-7754859.467081467
1191,2.497563830960505,2320902.8339457377,-7811465.312695848
1192,2.499654519205421,2330295.6617196715,-7845564.450121763
1193,2.5017479497353943,2355128.889188037,-7940640.580734555
1194,2.5038480054516667,2374028.796664833,-8008992.170321916
1195,2.505943433921919,2395217.5991249857,-8087033.4494114695
1196,2.5080284861327207,2408739.9496062757,-8138593.022933291
1197,2.510123955773609,2439253.312735331,-8243991.064081452
1198,2.5122261646694253,2445551.021195061,-8267693.89801392
1199,2.5143177674343575,2463111.0270014075,-8334739.139422157
1200,2.516405803072155,2482120.761277951,-8404604.19863904
1201,2.5185026929964116,2490787.2164258915,-8440733.628017165
1202,2.5206041831245063,2512365.3740589586,-8516516.270059157
1203,2.5226964757648327,2546740.607083153,-8640681.812510144
1204,2.5247869961159406,2571298.011676119,-8731055.273944443
1205,2.5268843920051487,2586860.9346712315,-8788469.91298128
1206,2.528980483597168,2599071.7079856987,-8828618.931581737
1207,2.5310684597394695,2628629.2434177855,-8939129.323602254
1208,2.533161718042206,2637562.8305178196,-8974640.516201679
1209,2.53526488574662,2667149.704129008,-9079160.988061404
1210,2.5373603920777454,2668048.0873035113,-9088445.94692008
1211,2.539445749963502,2704732.158852472,-9216208.614398068
1212,2.5415417180131348,2729076.332767647,-9307151.575945683
1213,2.5436457679371425,2757620.9044798287,-9406273.76742556
1214,2.545736808475733,2770205.196781494,-9455723.576849101
1215,2.5478233832874237,2788626.6281073936,-9524859.05453346
1216,2.54992085584226,2825994.9112158935,-9656489.427403662
1217,2.5520207655356866,2843183.1109150155,-9715808.570717186
1218,2.5541098448110064,2855619.9873530045,-9766356.91605753
1219,2.5562002600365847,2872656.2307944186,-9834891.117454888
1220,2.558305455724291,2893181.325785593,-9903396.819876187
1221,2.5604026511470312,2925631.1256555733,-10025101.38181862
1222,2.5624826414852553,2953579.691005708,-10118433.82714888
1223,2.564574391949512,2974431.692316348,-10198807.23978904
1224,2.5666808497683498,2991722.595387912,-10263125.638353785
1225,2.5687773451615423,2996135.6512989625,-10279109.836642694
1226,2.5708608935170316,3053814.8602191587,-10479022.954296535
1227,2.5729575952355885,3056808.164861202,-10495652.681010291
1228,2.575060651513359,3084324.5387097066,-10597440.62329217
1229,2.577148431575012,3103960.540677923,-10668201.320773916
1230,2.5792346077561192,3146800.0254800944,-10818530.619983846
1231,2.5813352493894732,3163497.0025746026,-10883359.45896538
1232,2.5834369526956515,3179719.728381008,-10938126.615440557
1233,2.5855218346006232,3199244.337102133,-11014432.803846654
1234,2.587610713900489,3236197.70937631,-11143776.189443687
1235,2.5897186990593415,3283264.4067048905,-11318446.826305615
1236,2.5918181690667126,3289402.1653591595,-11339093.860303205
1237,2.5938985009385314,3300942.715165576,-11381457.110714516
1238,2.5959901966325076,3340521.9930997062,-11523369.66548163
1239,2.5980970827886534,3367590.038981606,-11616073.01529695
1240,2.6001911974764487,3395342.0558139677,-11720957.546802895
1241,2.6022734575046016,3424949.6874061585,-11822586.902308555
1242,2.604374761438423,3476181.105858143,-12010793.086002458
1243,2.606480077670044,3485213.192749042,-12042171.861232387
1244,2.6085618800169397,3529294.7062841565,-12199365.52322754
1245,2.610646200048581,3553049.595709042,-12280779.652031342
1246,2.6127580952497533,3556829.4729138375,-12303648.29733548
1247,2.6148609257992828,3595575.9173949463,-12437008.60096661
1248,2.616933454172155,3610190.0429145223,-12486511.411301618
1249,2.619020659870304,3645453.0238180226,-12619898.887877379
1250,2.6211346279669097,3709552.923228329,-12853761.117796663
1251,2.623236503452788,3708903.228454742,-12845812.805415016
1252,2.6253090562225565,3736733.4497723505,-12948164.25872663
1253,2.6274000701334055,3773307.497052109,-13084192.367391981
1254,2.629513118467727,3830592.7355433223,-13279534.154028358
1255,2.631604301330356,3830710.6615535165,-13289447.7813697
1256,2.633685254021577,3878773.9957088875,-13452493.734839924
1257,2.6357889797673804,3925098.6919494392,-13620955.713385973
1258,2.637895874321367,3937022.9591314225,-13657480.665967954
1259,2.6399747081141895,3948268.2178512365,-13711638.719689813
1260,2.6420591747927733,3962729.6229670076,-13757898.601430077
1261,2.6441764666284318,4047239.83428891,-14064088.074871913
1262,2.6462775406423154,4069457.8062134734,-14136732.74103505
1263,2.6483402943393326,4123982.61430306,-14333366.565021576
1264,2.650428729148096,4107994.807911457,-14277264.724977715
1265,2.652562718674548,4175981.2715402893,-14521350.619158342
1266,2.654664088292312,4202485.477621523,-14609776.627947189
1267,2.656712651557163,4222124.431312432,-14685501.884419786
1268,2.6588106765908748,4258482.907718275,-14816221.754882429
1269,2.6609452450324915,4287011.0023682155,-14914646.548419474
1270,2.663032290426174,4352497.521037234,-15142176.762746435
1271,2.6650914877184944,4379547.09683896,-15235747.895474127
1272,2.6671986225603375,4430393.024957742,-15429520.24826748
1273,2.6693218160411916,4438136.041493282,-15458002.90730414
1274,2.6714003686163363,4528596.865355771,-15779850.748848306
1275,2.673473653710363,4517900.211805219,-15732275.205013022
1276,2.675588689124729,4538695.867926204,-15816678.441061536
1277,2.6776964003773744,4623348.051591201,-16103567.049984893
1278,2.6797534796790945,4700098.628882248,-16384790.700283822
1279,2.681845016836506,4670727.343224645,-16286744.076400215
1280,2.6839785543392702,4735553.948924107,-16509459.746666169
1281,2.6860638705482365,4795529.933146018,-16724985.510013418
1282,2.688115580192901,4790378.719559113,-16715164.099301083
1283,2.6902421071216107,4815779.011961224,-16806054.771617748
1284,2.6923784453538007,4935944.067813782,-17218991.154269055
1285,2.6944235266222867,4909272.410489432,-17131505.536086556
1286,2.6964818302236213,4990369.45891028,-17422838.004030384
1287,2.698646249049189,4976017.526369168,-17362105.50358326
1288,2.7007725953070936,5068124.5912927305,-17701413.318746295
1289,2.7027692368507834,5154515.415519213,-17989833.749085184
1290,2.7048443440936585,5091919.403561457,-17782959.05770484
1291,2.7070515904059915,5136020.296946913,-17932776.478007674
1292,2.7091632832728005,5213552.343953974,-18210180.758376203
1293,2.7110832098570423,5347549.999169148,-18667772.810590528
1294,2.713194248534394,5378764.272398241,-18791609.447197817
1295,2.7154564422347596,5377796.737186821,-18784936.862951156
1296,2.7175455830902693,5455121.07244358,-19062005.514037773
1297,2.7194409477796717,5413273.214177116,-18917599.80079992
1298,2.72159410281056,5585777.357679723,-19518092.88110543
1299,2.723868494276683,5563629.69542082,-19450537.35081386
1300,2.725905473691433,5576768.239030394,-19486212.003752433
1301,2.7277938720843573,5687640.128989222,-19877052.40276936
1302,2.730005424734083,5765388.045341757,-20160959.812343992
1303,2.7322910595910366,5712088.693319424,-19981072.4179887
1304,2.7342323934891035,5660173.577797621,-19796878.912578817
1305,2.7361123669415965,5948786.608302881,-20803727.760967456
1306,2.73841292247591,5939806.279372989,-20779800.679785825
1307,2.7407262152838343,6001808.987546004,-20986330.61443743
1308,2.7424923562337074,6033868.263547103,-21114799.922927666
1309,2.7444202272828333,5891133.165649713,-20602222.4690998
1310,2.7468188489948773,6139369.856118452,-21471973.304751117
1311,2.7491571251284848,6082745.194026118,-21280448.538812965
1312,2.7509012180135843,6164230.352557074,-21573662.80558651
1313,2.7528220566885997,6389558.529634702,-22351707.59233784
1314,2.7552245852341666,6284467.948440385,-21984684.976766955
1315,2.7575799064734774,6160092.184233221,-21548592.827209245
1316,2.7593246433872425,6469585.462942207,-22628130.19104576
1317,2.761234187120032,6661069.615347432,-23310692.54133465
1318,2.7636390504715083,6740094.5306531815,-23594495.571324587
1319,2.765948826576436,6755904.291108647,-23642821.836483926
1320,2.7676191435751902,6841621.19884869,-23933990.968319528
1321,2.769651838220211,6594149.40032968,-23076332.182733607
1322,2.772055945845228,7022895.636940029,-24579864.834388766
1323,2.7739175955497957,6075814.005633147,-21259663.660343222
1324,2.775657495525559,6747424.255189408,-23609687.959668286
1325,2.7780509401576134,6666399.845874161,-23330229.05402211
1326,2.7804282678176238,7530137.1367631415,-26355972.410735555
1327,2.7823699672164355,6203527.045755877,-21706582.08900533
1328,2.7838806433920418,12409785.891550843,-43445303.219811484
1329,2.7859958234637583,3570593.625111814,-12497077.68789135
