,k,Pk0,Pk2
0,0.0029665470748989845,2554.5205136449,-1487.4590386420512
1,0.005026374055021859,9516.065749854948,-101.96981632476758
2,0.007149300621522788,13142.662774002723,-407.05093027605744
3,0.009278869254964255,13023.424691784687,1336.3706800587222
4,0.011450332619344701,16576.74389425371,-4351.881989227378
5,0.013492955871419151,18078.222518631817,3273.8351494706694
6,0.01558905561191893,20650.02437652381,6931.960744286523
7,0.017694083672553172,21170.49406462809,-1393.3043531285282
8,0.019817874803135297,20179.94448803234,-461.32269648232915
9,0.02192074938196264,22436.41110285802,-2552.69706341626
10,0.02398877635566245,20683.065468455847,678.9327976178927
11,0.026092869718961156,19993.42959507932,-6834.778805036495
12,0.028234663152781798,19130.07635139794,2728.7292958667203
13,0.03032284873509123,17842.8708846153,879.4266864666828
14,0.03240263258943404,18788.3000783744,591.4342624685441
15,0.03449210129864554,17249.25541776858,-143.3968428318224
16,0.03658588147515197,16039.871726833575,-589.1630997339821
17,0.038684769492669774,15067.08633296727,1450.7112992526406
18,0.040788988884582836,15248.615403782964,486.95392838488493
19,0.04289390876967646,14039.564850965231,-296.1043462792787
20,0.04498336005546935,13573.711941386735,2745.9374365402996
21,0.047064985294738244,13175.740851209692,616.3451350907111
22,0.04917111919158227,12481.800958610525,-440.6408097266284
23,0.051262169141742274,12270.254179938656,-450.31956701046414
24,0.05335525146837034,11495.424996078897,1303.0044605819576
25,0.05546637228956934,11411.188616354824,9.570613827924362
26,0.057573188192548086,11014.231206461249,-194.9034496633082
27,0.05965884044590281,10823.855913121899,397.2395015501729
28,0.061745123021595065,10459.982545085444,-165.16861884846963
29,0.0638268929113719,10501.313161030488,417.45624806880994
30,0.06592966228838451,9839.211230645597,-301.15056499614883
31,0.06803125784825748,9636.634075540469,-430.75835503460723
32,0.07013131008699486,9744.440123343145,867.2681038589919
33,0.07223032366074338,9462.106277193045,346.09041267640305
34,0.07432334270720506,9250.186002230343,-182.9326500767935
35,0.07642066756954473,8981.391466554944,360.2918580304023
36,0.07850471694556041,8821.202173817223,1009.1129973181432
37,0.08059701946059529,8606.851767454602,554.1989706518193
38,0.08269521798132064,8258.679032038093,313.6418689756538
39,0.08478307522909848,8103.036883472607,-83.14976498301225
40,0.08687780839616016,7806.446515295277,398.3017952158865
41,0.08897524569656534,7667.085551318225,691.5377904421938
42,0.09108077810470518,7352.364274736131,281.1600572040416
43,0.09318432266948053,7087.8942667774445,829.7099710157737
44,0.0952788764104831,6750.935016941106,185.93528411367103
45,0.09736254237981037,6441.711434244783,508.0203591138511
46,0.09944832814799408,6305.595335126336,194.31530989150684
47,0.1015460879802399,6036.159087145385,-220.49268353926973
48,0.10364263756677322,5864.268964801586,-7.180897492957102
49,0.10573893905394659,5583.762486644729,170.6759725052131
50,0.10783958559814742,5478.691641736839,217.6257048009819
51,0.10993894058501318,5260.594176796033,237.089760264758
52,0.11203921431523854,5086.228667202593,420.0664607678104
53,0.11412334585697578,4976.929373522063,106.03560521946231
54,0.1162159397555423,4870.757816659211,114.08491683409551
55,0.11831372048037725,4686.115511100948,64.88279670456846
56,0.12039723118070132,4655.7938525202,236.3051901276508
57,0.12249223631878574,4477.493219169485,52.4918059026989
58,0.12458825984258635,4411.702350351245,176.0079220445367
59,0.12668846771583772,4359.56410488891,45.474955327868756
60,0.1287846620419941,4290.146337384526,326.95033665922176
61,0.13087133937881498,4253.643944065957,191.73800486831794
62,0.13297548334406448,4125.572820220236,187.18268234911903
63,0.13506910815256093,4053.587657878061,67.26184377472748
64,0.13716388258568254,4007.4644927451964,205.90649407166387
65,0.13926047573721634,3982.147995973703,109.65515990673434
66,0.14134668829083769,3849.592684913711,192.00856006155288
67,0.1434475230090064,3791.202798285257,209.98812363150537
68,0.14554528534185418,3748.210089404803,215.53359778655425
69,0.14763320610735878,3684.7912942802577,209.31519771915947
70,0.14972114728432864,3546.6847510887715,105.70108486213624
71,0.15181380487515775,3464.8744178133525,190.7213833967602
72,0.15392114901003526,3437.3219400544544,260.4794336648095
73,0.15602147473412367,3311.983539967475,200.15542106382927
74,0.15811617475881218,3269.391023876553,57.86046154524419
75,0.16021187122717997,3178.339283621063,249.1965018758465
76,0.1623006419462899,3111.8650368553317,166.75690191100188
77,0.1643899033199985,3026.1053696164313,142.34284108453633
78,0.16648355823815117,2935.5030343709363,165.49498361312024
79,0.16857196837784735,2885.0336217399326,191.87526063322497
80,0.17066413320893647,2833.554213692719,125.13785864567298
81,0.17277086992561352,2744.6074940497247,77.58704178419882
82,0.17486965460096995,2691.3740320896636,231.1566037489966
83,0.17695857694944453,2622.405045198986,75.88493848047176
84,0.17905245093155753,2557.5737366691997,192.85828548817094
85,0.18115265212612636,2525.294132742329,226.13196688023137
86,0.1832476884130739,2478.7420764341214,125.66850279315983
87,0.1853312475833926,2422.419092535226,194.17249601892368
88,0.1874284892203219,2394.3252779417485,136.06997661215485
89,0.1895337179075755,2342.996914475505,162.41882894749625
90,0.1916268196474026,2301.7790677858775,227.23380401799662
91,0.1937183403446853,2263.12652330508,252.39904070468253
92,0.1958131498886989,2202.9687662113447,171.16521779092994
93,0.19790587400989662,2183.205613074877,208.28338397517174
94,0.19999906515978938,2135.1503155427613,185.88538691431373
95,0.2020893038374759,2108.063573096456,162.11967029375464
96,0.2041823192148178,2089.9806435393557,167.38133764011923
97,0.2062825911013838,2042.158959250972,197.7103850369444
98,0.20837701891459662,2026.4908154517282,209.0467240094016
99,0.21046758167944032,1996.9316277325854,167.220977885924
100,0.21256678542440183,1965.4584482782864,198.74621873755697
101,0.2146619261104852,1917.9848207899363,185.1016409340953
102,0.21675618057220372,1899.8873818365546,203.33261129869973
103,0.2188528705899679,1878.1430661423756,176.99743200558038
104,0.22094564274530842,1833.1336491269644,218.13214793099073
105,0.2230395148320731,1812.1563824599375,206.3616190419367
106,0.22513567328585352,1767.430708371381,163.16274210985668
107,0.22722785048644015,1742.0130417546798,256.44744837926487
108,0.22931975112872324,1714.961948665874,164.0954832832377
109,0.23141147723465103,1665.371026106665,217.2656838461641
110,0.23350584674782457,1654.0464530943334,214.84533954315668
111,0.23560416522029054,1628.8924910009364,186.0506715861445
112,0.2377006336558307,1588.4484482420366,184.43601745259653
113,0.23979727503904752,1581.1870745070723,246.96804811762223
114,0.2418944602532704,1551.5735583451421,222.51876572099877
115,0.2439884227569783,1514.15968188422,194.4879473170978
116,0.24608359968283072,1482.479571195859,225.55538517427905
117,0.24817552807053123,1462.0460028784896,233.5134223653112
118,0.25026237006475704,1447.265289923786,266.900401960736
119,0.25235861551053484,1414.8542080974528,222.81742047250185
120,0.25445470778669854,1401.4834162373286,210.17720902131546
121,0.2565487653287422,1385.127013479038,227.0289601624739
122,0.2586464955058471,1362.344490937579,209.4503882469226
123,0.2607443047329862,1338.566042955227,228.76277392505077
124,0.26284383121734134,1321.3029877660053,230.578685989431
125,0.264929885565984,1301.3235902595231,235.43635069757872
126,0.2670163698864118,1277.415621731361,199.6693805679051
127,0.269112135390912,1270.1958853205283,208.89511275558135
128,0.27120764961246213,1253.6401117590312,247.41812912728645
129,0.27330509996536784,1232.9319191462876,212.40189257981746
130,0.27539842121309294,1207.5418397530739,205.68316311893392
131,0.27749656900268016,1196.6286480009164,225.9893414627217
132,0.27959864364035925,1180.995262379752,217.45954154235483
133,0.2816878213234348,1158.9504688221493,225.28083310629435
134,0.28377609558542155,1150.5926090145128,221.83284332092188
135,0.2858732754634003,1128.2999367484765,209.6630231722264
136,0.28796861590208045,1113.8172380926153,235.77309784146138
137,0.2900612915162532,1097.5610516813435,241.6953256012117
138,0.2921547032025089,1080.5556146442518,238.9405568907171
139,0.2942501291133245,1068.847228310104,239.9736792162519
140,0.2963444256131289,1056.6933505889508,260.7290849483351
141,0.2984361415704375,1045.3929212241349,240.95970642410592
142,0.3005318840555698,1025.2415933375796,229.08865257668765
143,0.30262777760316095,1011.1557375166736,251.49026456514315
144,0.3047248035439954,1001.9395808387518,242.71249645514118
145,0.3068210272572538,986.1687860144533,235.57267579015718
146,0.3089144805088237,974.6716095763384,243.78778413546718
147,0.31101080657849756,958.8109545862326,229.74113932536181
148,0.31310885951912926,949.5249786143947,233.40143579720618
149,0.3151991603466065,938.8436426426531,249.67893653340158
150,0.317288667284839,925.7936534612002,243.77132876006232
151,0.31938044185106124,911.9124287820696,242.88222582339415
152,0.3214783648369702,898.7660350959009,243.03115146081427
153,0.3235785211189416,892.8145580484593,237.2886283866613
154,0.32566935894833426,874.7038885823805,249.0327050289225
155,0.32776077751211374,864.1666466760728,250.66112537266812
156,0.3298523230655558,854.5720030268071,247.6839136359718
157,0.3319485433973702,845.3993463610018,248.9896288909551
158,0.33404540358127904,832.6084241418959,244.9267936821038
159,0.33613494177837844,824.2257163809993,239.30669005213696
160,0.3382313832787478,814.1053871472578,256.9194897078218
161,0.3403308518124324,804.1815983835369,232.2037608287786
162,0.3424246601457981,790.3869068526873,255.13385773831718
163,0.3445197272986724,784.1265287126256,240.4827566544592
164,0.3466158524641983,776.981815965836,252.6782169175517
165,0.3487089916477683,765.3347687022215,254.22337089013013
166,0.35080114560367615,753.4780723259514,243.7085453837909
167,0.35289356821720286,746.7220860711261,259.14232756939924
168,0.3549881110219297,737.1146153137148,244.58707569019492
169,0.35708559248027844,731.0233853201247,250.67964523633202
170,0.3591813496003593,722.0914487486755,252.18107831072086
171,0.3612749400626811,714.2041029959748,259.53609747137256
172,0.3633693413142722,706.2593138662262,251.95300844152132
173,0.3654632219855477,696.6819356041831,255.54587303143919
174,0.3675603773529471,688.4789703081642,251.7638981902955
175,0.36965434919829326,680.1938600855249,250.27641569565512
176,0.3717418094879197,673.503249736493,251.68269548282314
177,0.37383404253825586,665.0103772117881,249.43577299138323
178,0.3759308579415973,657.9633543577826,254.70823676116933
179,0.37802985088946095,653.120389290815,254.66705066796072
180,0.3801213498834686,641.1250967452244,250.49897218019194
181,0.38221306010699313,637.1271897671757,259.8847165342885
182,0.3843141376638833,631.8236182289317,254.36969994585013
183,0.3864096355836929,623.4435711100061,256.87641849694353
184,0.388502907295756,614.8131863671213,255.05106701396525
185,0.39059769208540335,610.8815597407976,257.8545577399365
186,0.3926958121232196,602.7616880028573,262.39743592803393
187,0.39478921808384226,595.1178017918626,257.62858833935104
188,0.39687821409975554,588.1170239758271,258.74289293335994
189,0.39897073627813356,584.1116293349949,262.72653714203
190,0.401067192451382,577.6021880213822,252.38449778291368
191,0.40316228148056854,573.9288097085682,265.7646752415069
192,0.4052546340249366,566.388394329109,257.87063525825585
193,0.4073499183903822,560.8257208460476,259.7621553980181
194,0.4094468722071623,553.6826522752161,250.35064281660974
195,0.41154432885897757,547.5353184899036,252.83671754279467
196,0.41363408239228544,541.8847712702727,263.5754076831526
197,0.41572494638156243,533.8311711834704,255.34360539103508
198,0.41782181997781404,532.2307991717166,263.4152562215983
199,0.4199166506307261,527.5835835167131,256.74776459746266
200,0.4220107143757513,519.3685345261271,257.6269999651409
201,0.42410542949066876,515.4054125738736,252.28133400644006
202,0.4262013850195404,508.88353477941513,258.68992840000277
203,0.4282955296445312,505.3879963703919,260.0055996350593
204,0.430391806688861,501.0180007069056,258.7901025530008
205,0.432488575457924,494.9022475748792,261.3446927956616
206,0.4345806090039814,489.9781812733344,256.0449783741008
207,0.43667244097425384,484.6685021043708,258.4479310844197
208,0.4387671492209622,479.9451441557927,250.65047387134138
209,0.4408622534544343,475.01749450375513,258.301023766848
210,0.44295516415095815,469.84857580368845,256.1638824587217
211,0.4450482683181851,466.88027758938733,261.5263262921634
212,0.44714683875742495,460.4061049311595,256.96742622814344
213,0.44924362280569813,457.11514793452204,260.2334623160659
214,0.4513338633316258,454.5608812071541,261.31490758999894
215,0.45342753643259276,449.2138144962294,261.185305534191
216,0.45552189548586586,445.04537919844205,259.2507951610809
217,0.45761716616081083,441.34444520324513,258.7904089132825
218,0.4597117909764672,436.7412583053358,257.04497335604873
219,0.4618031890496857,431.89431016064736,253.77223932415797
220,0.4638995470730997,427.9852585314058,257.5391952414218
221,0.4659948171464902,425.57703947092944,261.05453429647207
222,0.46808929446972725,420.72388437940907,259.37293117755
223,0.47018492649495636,416.40473480470314,257.0804189246335
224,0.4722792778491551,413.18222071889517,259.28150399259636
225,0.47437272572904565,410.1767153547547,258.1266578291265
226,0.47646593372141327,405.50577400176394,255.9529976399524
227,0.47856230727426236,401.47791920896714,257.96419644267877
228,0.48065904058976644,398.85554346212575,257.0397658441496
229,0.4827512226177774,394.83533987084485,259.3731370837309
230,0.4848441163240575,391.64632411078054,255.78791330745975
231,0.4869397730506266,387.98010507296766,255.04317398790565
232,0.48903678813400875,384.96681723883916,255.74671905357582
233,0.49113096964965397,380.06909608667996,257.1407511303141
234,0.49322332174786626,376.99555875015955,254.96267352541193
235,0.4953187148676145,373.011792156823,252.78801658780566
236,0.49741120358770496,371.58103574452036,253.4479296091983
237,0.49950082345999325,368.24070925826516,253.73921630516364
238,0.5015952506837275,364.6359803223317,251.48290099798666
239,0.5036919972981919,361.8266641191829,252.49694132838255
240,0.5057872116617207,358.69793389491645,257.81277047083796
241,0.5078828569897101,355.85397187891476,256.6505545081843
242,0.5099793452386306,351.3149902853264,251.88706313291533
243,0.5120767256379639,350.1509173072299,251.0310414872007
244,0.5141702395931294,347.46673749628394,256.8627232062357
245,0.51626132102766,343.20130469423145,250.16736178082175
246,0.5183576899265504,339.7294332134918,247.16585971287606
247,0.5204524416424112,338.1874066819854,253.55066912929598
248,0.5225430403510469,335.02976072803034,251.29036531860902
249,0.5246378991347941,333.1590704928267,253.923645829213
250,0.5267345150769579,328.64553421727743,248.68296233613412
251,0.5288284644781793,326.66486567718306,251.06593690177758
252,0.5309200047543352,322.7820976441513,246.45191823268186
253,0.5330154787982235,322.2369089552273,249.48588237263652
254,0.5351140455458262,318.7902928233252,248.72328302665863
255,0.5372066203065362,316.1414836580385,246.95483147030498
256,0.5392991990272246,313.5525579091099,247.43911004653808
257,0.5413944118270408,311.1870931975584,248.44651837338026
258,0.5434881995106379,308.560067397323,247.97856933713385
259,0.5455829952492127,306.049907268345,247.58894473027345
260,0.5476769745662954,304.7144947791719,246.3752470015839
261,0.5497697255495043,301.6308158097402,245.10430223437157
262,0.5518645446467839,299.7494425471135,246.51553123672684
263,0.5539598571350287,297.1341813568428,246.60012741865586
264,0.5560564538950566,294.6644463197884,244.44237153953594
265,0.5581500505101624,293.5242702540369,248.18408845610813
266,0.5602409063261653,290.2095958393869,242.88086975130884
267,0.5623379637803174,287.3419702451024,244.69166807539546
268,0.5644363283026402,284.8890932848997,240.8738884032178
269,0.5665273824761494,282.8189522394967,240.7826589514449
270,0.568621249018378,281.5008811969626,244.48806928848276
271,0.5707181447612965,278.442600038346,241.72248914058676
272,0.5728127938597997,277.2538948122567,241.5262040573856
273,0.5749070881546879,275.26526830334154,241.17182526154141
274,0.5769991470923068,273.6745047519012,242.17950598509233
275,0.5790956911760897,270.7977901580651,239.3738688389363
276,0.5811893306261757,269.0375538715368,241.4341839670968
277,0.5832802267374103,267.4275859446164,238.9591495957431
278,0.5853761830306536,264.4119515573304,240.1734668541263
279,0.5874711784415975,262.7659899270925,238.4342869018847
280,0.5895653958899879,260.7228168232945,236.93652742113036
281,0.591659786459685,258.9440886381485,238.72023239318594
282,0.5937551851921442,257.37490505779715,237.12036343509197
283,0.5958498092767481,254.77067616994785,237.40652967351542
284,0.5979447066705442,253.23684129901022,236.89197309419143
285,0.6000383505174957,251.82961198530398,237.29597340896655
286,0.6021313016181767,249.5996363244225,233.36977603290552
287,0.6042246965556944,247.815060016499,234.64009256029948
288,0.6063189733697846,246.77866120870215,236.52063418805216
289,0.6084147213727373,244.68907681016609,234.44542553793238
290,0.6105090855473989,242.6533164062381,233.86039869553338
291,0.6126037649785722,241.03158283304532,232.6252266289748
292,0.6147002391370655,240.09260809731032,234.67011469485445
293,0.616794938930829,237.18578606950243,231.0975543048312
294,0.6188886865784012,235.8936314142474,230.6724180784405
295,0.6209825762252046,234.21683985270903,230.46503913831828
296,0.6230764414889526,233.01415728000634,232.93373880372673
297,0.6251725389343245,231.27232488217652,230.9354026719968
298,0.627266923011265,230.18255893057818,231.78400914270094
299,0.6293596211388142,228.84636312203014,230.92460094743976
300,0.6314513250607457,226.6260545576953,228.6159234065228
301,0.6335475720513941,225.4206003449757,230.30917592037602
302,0.6356444982495617,223.7743357132034,227.52598708572935
303,0.6377358562255245,222.27995036161175,228.02851076086364
304,0.6398302949107263,220.36331704406373,226.78843733845153
305,0.6419256185614247,219.47280161474757,227.81031171001555
306,0.6440214843206593,218.01238766041516,226.60256065769153
307,0.6461142033434962,216.46273429441712,226.53812032499624
308,0.6482061138478032,215.43299856371368,226.46202014295017
309,0.6503020867345045,213.07806485381442,225.22018773274195
310,0.652398185537932,211.73966710019116,222.8367360192724
311,0.6544932048530038,210.41205088809545,224.02308826334843
312,0.6565867871776386,209.74895783419493,225.12277140064504
313,0.6586827890115348,207.81281321242392,222.67425788913164
314,0.6607793300725506,206.32876084327756,223.78471959192936
315,0.6628724964198541,205.5891765474212,224.43938098216515
316,0.6649654402217313,204.31138517551912,222.40193238816025
317,0.667059865407609,202.58794594662032,220.7912900916262
318,0.6691532523078332,201.23106804002478,221.3619244606199
319,0.6712457992597233,200.00290767361037,219.77259215692243
320,0.6733390782258323,199.23891446243147,220.71286909247246
321,0.6754367503383576,198.05702940010727,220.96680300769273
322,0.6775335143160066,196.42485795139453,219.5519584316853
323,0.679624621064033,195.53657626308203,219.97571049629923
324,0.6817180292738917,193.8184552781115,217.50466095439327
325,0.6838149015047629,192.6887559150958,217.66673282024271
326,0.6859101434268815,191.4273641937159,216.27316020359373
327,0.6880046468184081,191.08182876956155,219.59650619988705
328,0.6900999637264865,189.3064714252785,216.4812278796951
329,0.6921965733216279,187.9173009729719,215.43971080633574
330,0.6942884945981568,186.8143015863691,215.4716308500683
331,0.6963781649531228,185.48698980799915,213.85470146914471
332,0.6984747371200234,184.76923597855546,214.34863883769103
333,0.7005690388882679,183.50600440528888,214.59201500101844
334,0.7026621579778546,182.62711869360507,214.83015057507362
335,0.704757268847954,181.10920991955484,212.56639494948587
336,0.7068509057629639,180.16582734166582,212.65420879943287
337,0.708945644402387,179.23005166938214,212.82615319907347
338,0.7110406815970572,178.22800045838068,211.52450844107196
339,0.7131372373036142,177.60153748544514,212.3685540510095
340,0.7152323589250973,176.50361815841563,211.7371361519262
341,0.7173245162021571,175.05165420934333,210.8620084595258
342,0.7194199711852413,174.14853125629494,210.36038281465756
343,0.7215151322330351,173.43135813498395,210.33774262386135
344,0.7236102334592447,172.16804412950304,209.82416672456176
345,0.7257047129497166,170.7661713024924,208.39444027373477
346,0.7277958825256088,169.39459298309953,206.77313317509478
347,0.7298900912292255,168.6252985106621,206.67801654007008
348,0.7319867159780691,167.73317254432683,205.80049558455383
349,0.7340808521059053,167.27953563966574,207.590861954646
350,0.7361738853270124,166.1759117871257,206.05263269768014
351,0.7382682123604443,165.6322166031269,206.5000970195656
352,0.7403641944498084,164.45993191699083,205.53202330245523
353,0.7424576311971561,163.60432734837596,205.24592150799575
354,0.7445523870480827,162.6111719778303,204.43243669000952
355,0.7466478284648128,161.19272701673046,202.69918520070695
356,0.7487413917548734,161.12835801273158,204.20858664035447
357,0.7508354594737505,159.53301168373488,202.18711180443694
358,0.7529278056847568,158.64559437445502,201.61563542467727
359,0.7550230257904859,157.686138169319,202.0104787364565
360,0.7571167923480437,156.7737830381413,201.46669565288968
361,0.7592113317151179,155.60737186918556,200.33126031169397
362,0.7613074731933067,155.3321139992516,200.12970804712725
363,0.7634009581307508,154.3066961318975,199.96082654566416
364,0.7654969266569684,153.42769773659273,199.1837520740795
365,0.7675905899780763,152.90629460798115,199.0252700005597
366,0.7696837880547684,152.12058006602723,198.83354209788382
367,0.7717795008463626,151.13156167095835,197.7151591329201
368,0.7738757788346248,150.29187544630062,197.97551182395563
369,0.7759706260990727,149.47667373705661,197.54056799959142
370,0.7780620795267656,148.37064937306602,195.64964772616923
371,0.7801559906208961,148.03975071739356,196.65516611683856
372,0.7822523136569128,147.22941218480938,195.40715617389378
373,0.7843481481853999,146.31606101474094,195.16428809937852
374,0.7864425511046899,145.7975680315736,195.99001553229456
375,0.7885343495966205,144.70070130098202,193.83382041119438
376,0.7906286372458883,144.13010073387565,194.4797291695168
377,0.7927244345313397,142.9550162604228,192.8737258512911
378,0.794818005513127,142.52109117192725,193.23305867316733
379,0.7969121491149282,141.5108153436753,192.00945659677117
380,0.7990047112993173,141.39808520887826,193.11418187884325
381,0.8010984966914405,140.36238510758787,192.14613965632878
382,0.8031950165575023,139.7096207443792,191.34799594334024
383,0.8052905677217739,138.9353188695706,190.65807606936573
384,0.8073868841230295,138.2970217852992,190.61566582903734
385,0.8094800557409162,137.52792070773225,189.9421050066864
386,0.8115724907946299,136.58460925295094,188.76840888141675
387,0.8136674854006812,135.93771010801106,188.30117297070623
388,0.8157633267681768,135.4958583907576,188.81465476466994
389,0.8178572815764139,134.43224710465026,187.5987384960405
390,0.8199509017046862,133.76487949182902,187.02791209277225
391,0.8220464110750062,133.14903408089313,187.19948396309357
392,0.8241406544737637,132.63294048873965,186.53965475693835
393,0.8262328397247414,131.83955221845227,185.7402248704722
394,0.8283269471334518,131.2898292009711,185.81063165555173
395,0.8304231064697798,130.32706401913757,184.29843176204878
396,0.8325161683796762,129.96122957657636,184.6777852859975
397,0.8346105557242035,129.79926231986514,185.50187883862384
398,0.8367059794413102,128.5035783777516,183.29620543477728
399,0.8388002445604258,127.63980493066285,182.75589237770365
400,0.8408960756111226,127.6641869818375,183.82241289487166
401,0.8429905652842218,126.78370461806821,182.6544211948737
402,0.84508401313589,126.21312332253856,181.88668821033937
403,0.8471791713809247,125.47244122115765,181.6955343247125
404,0.8492743362825239,124.83647333186886,180.50827995335177
405,0.8513668888602299,124.38640925433104,180.64220727868994
406,0.8534589296280589,123.71983877629603,179.99740336243224
407,0.8555558405338324,123.3941439895604,180.8709980413881
408,0.8576516874123633,122.50175453928185,179.01055267538788
409,0.859744590599333,121.92170216193529,178.51621877824442
410,0.8618400547669827,121.48800240214281,179.02600800943904
411,0.8639350434441438,120.77328925565732,177.76531774938988
412,0.8660280248974203,120.51510278908079,178.43431902010403
413,0.8681201347325478,119.77595765810152,177.18194670378688
414,0.8702157283801463,119.19209754037999,176.75595905362846
415,0.872310621353091,118.65067354741831,176.15544320539388
416,0.8744020359703552,117.9608833436402,175.60794814231775
417,0.8764972088477568,117.37756868368746,175.04662268229765
418,0.878592835994214,117.05296972018863,175.16823962634754
419,0.8806870131084201,116.58556776610017,175.43721946792536
420,0.8827812802431019,116.0111705797965,174.48741258527383
421,0.884877279658285,115.57593984659138,174.33075912073792
422,0.8869730004154345,114.67194469320056,172.76123232149854
423,0.8890661750433553,114.64079421278589,174.2831855123395
424,0.891161435679344,113.7321223109462,172.20136637985146
425,0.8932577960179496,113.46017877530565,172.79275533578002
426,0.8953527392107627,112.74755519665801,171.61766884831886
427,0.8974462460666859,112.5321838150149,172.07878540575305
428,0.899539340962409,112.02317208832851,171.661081087896
429,0.9016318169027592,111.2694484260559,170.61751503695268
430,0.9037252249745606,110.64110568887456,169.51299392897081
431,0.9058199443223193,110.14669498599562,169.5863046216495
432,0.907915243986348,109.9288630948243,169.50552198159477
433,0.9100128049501981,109.02911430977953,167.87965700196895
434,0.9121059966002629,108.71764997966241,168.52017290099224
435,0.9141972861830797,108.36511700609036,168.0905207647728
436,0.9162932496702593,108.3435163424176,168.67670715529349
437,0.9183878012752863,107.24033407237711,166.96329350782665
438,0.9204823185419505,106.98972262425697,166.85173946838378
439,0.9225773629784582,106.50685166830742,166.3044712750518
440,0.9246718174739146,105.51315986193183,164.6581286366742
441,0.926766211900197,105.7985496599718,166.28165593751572
442,0.9288591582540804,105.15693256928067,165.49540084030673
443,0.9309526610700547,104.87569512675799,165.73109378158455
444,0.9330479303067369,104.335254444442,164.71837225628337
445,0.9351433527997749,103.97923352145489,164.78154409347414
446,0.9372383527365933,103.21449163216393,163.3508888883685
447,0.939329757499591,103.03819053542917,163.56033817224449
448,0.9414230571985791,102.4935430688515,163.13909001944302
449,0.9435210054806012,102.02260702397159,162.54092948313075
450,0.9456162503172072,101.61118100902775,161.9875399020984
451,0.9477100092887099,101.36614763993816,162.13607514621654
452,0.9498046323041349,100.86982575605705,161.96630047162358
453,0.9518991548408083,100.51734878458511,161.3580061572188
454,0.9539929332702277,100.19916566592802,161.24814328928446
455,0.9560874898052096,99.47431774565084,160.33558767060822
456,0.9581824530689178,99.18674395401142,160.1595393253029
457,0.9602770371571748,99.00001248782932,160.50070437433223
458,0.9623710723241273,98.5794713227792,159.78373372817632
459,0.9644648349083941,97.99942729683681,159.16602214208973
460,0.966557887379011,97.51784923846773,158.54653927469067
461,0.9686513195291268,97.17252934981789,158.47510056677746
462,0.9707470393683869,96.8004744307865,157.967425652894
463,0.9728419987888902,96.43435865361558,157.4833730902194
464,0.9749363451418961,95.89732490541138,156.43457764698766
465,0.9770319720978949,95.58520410031696,156.84836096982735
466,0.9791260608689247,94.90598744045249,155.18772370145487
467,0.981219993418123,94.77014963902914,155.72343329381218
468,0.9833154848012966,94.30455062878993,155.0235538963092
469,0.985409217900734,94.26122474837814,155.67059659901557
470,0.9875034929558208,93.79218244069168,155.11590060648118
471,0.989598845059814,93.12350293672445,153.76406199118577
472,0.9916925524589582,93.04351917020036,154.38024345235573
473,0.9937866222530743,92.5622981848776,153.66070238572865
474,0.9958822538585521,92.40876943290631,153.65399164006607
475,0.9979763461234663,91.90227680739679,153.05168218334327
476,1.0000687382803208,91.4726364964469,152.46240713578436
477,1.0021620574674717,91.32559026897508,152.5815136441336
478,1.0042566040705312,90.88810395239925,152.1274252229377
479,1.0063510481087232,90.46115398393876,151.56936986835623
480,1.0084458017147504,90.06985732976783,151.04730178765556
481,1.0105412449330358,89.86646052762813,151.1979630333335
482,1.0126363206852906,89.45927600587123,150.53864000063595
483,1.014731689048677,89.26633955644579,150.93535877344
484,1.0168251811607234,88.92074967623705,150.06148106426272
485,1.0189183181794257,88.30923465929747,149.17179154357706
486,1.0210135131858313,87.93578295924176,148.74475511245268
487,1.023107899818119,88.02646680728795,149.59530541920054
488,1.0252035642142994,87.16455591259779,147.3552995720441
489,1.0272979326699727,87.2333901298556,148.38493345830935
490,1.0293915165160124,86.60809112088536,147.04766901838306
491,1.0314862118776227,86.56205677803068,147.5755147938588
492,1.0335813276438528,86.23548798263381,147.37155784423535
493,1.0356760372494827,85.82773675667472,146.5805521134746
494,1.0377697665518313,85.37342249786508,146.10015563721794
495,1.0398635542890804,85.1609156278513,145.8110092932365
496,1.0419580022733907,85.03292187764245,146.1865624548669
497,1.0440530837182007,84.67189206836463,145.63085313086913
498,1.0461463909219801,84.25831756694545,144.86941130578342
499,1.048241289239942,83.96968388640803,144.78654677955996
500,1.0503346504195201,83.63013880093074,144.30585943216911
501,1.0524278880438542,83.69588543453348,144.9593964109745
502,1.0545231057279465,83.15114095820121,143.87214313414682
503,1.0566172205725972,82.82576583339613,143.59699720739826
504,1.0587125681053644,82.55773632200409,143.17087161327146
505,1.060806974942881,82.32647273528109,143.1977658315955
506,1.062900937291859,82.11158837545206,142.92908079584052
507,1.0649968400029963,81.9176168928425,142.88711825951958
508,1.0670917748856612,81.38435185414987,142.19812371834843
509,1.0691837840599538,81.2093101141574,141.78128407326628
510,1.0712784055790137,80.62999728161604,140.73930343303817
511,1.0733741944109443,80.68980034154474,141.26145492724248
512,1.0754689143080451,80.2274793727038,140.6650536486212
513,1.0775625935653539,80.06967840253097,140.72073781716983
514,1.079656551776009,79.82367587122152,140.39099022368032
515,1.081751759033872,79.60147573375122,140.18275262838742
516,1.0838450038800544,79.4081652477149,140.20803298308607
517,1.0859393346043436,78.87270909996961,138.79293360853703
518,1.0880340737032612,78.65071759617464,138.864233345704
519,1.0901280973397867,78.28987345310067,138.45401814966235
520,1.0922232205093443,78.14197591912385,138.38117899364397
521,1.0943183198095006,77.90590102073101,138.17448416335787
522,1.0964124680620808,77.60348833781023,137.60006227943853
523,1.0985066965945804,77.42818657204694,137.48511063996742
524,1.1006022506925348,77.05038002442097,137.14372088293558
525,1.1026960746069068,76.85762370875408,136.79207623951092
526,1.104789420523433,76.51104752973315,136.13302838595823
527,1.1068841457204943,76.26139275043062,135.99282207206596
528,1.1089772649904681,76.19680883836169,136.27306567982498
529,1.1110723868790173,75.8789843063846,135.7305147663106
530,1.113168427194727,75.70008016874762,135.64716889697053
531,1.1152626776337078,75.42137875746145,135.22637984908022
532,1.1173574051129724,75.25025560971355,135.19081211712196
533,1.119450573697561,74.84901335260027,134.37413468737748
534,1.1215436337779248,74.61121396811588,134.03924706951233
535,1.1236390334415942,74.49781240637971,134.25467522819534
536,1.1257332200225998,74.20519389485345,133.73298378507315
537,1.1278283378211404,73.91926984972659,133.37224591823818
538,1.1299238131648552,73.71490189595875,133.21710576804873
539,1.132017447124327,73.55575127044884,133.13341562451336
540,1.134110650036949,73.15226519523773,132.43292087917305
541,1.1362036259959787,73.06589150733708,132.4812211006783
542,1.1382991427598659,72.96304503750143,132.41215216051012
543,1.1403936066737896,72.58589756707028,131.75708167494057
544,1.1424878264606209,72.27507948239577,131.08363745589054
545,1.1445836717483504,72.08759711764208,131.07375218255297
546,1.1466778755714095,71.87661389998996,130.81281652293688
547,1.1487715351237628,71.69314184211494,130.67335190527803
548,1.1508672245306748,71.28892297781293,129.6491406358038
549,1.152961670034179,71.19653360165778,130.12779419307722
550,1.1550551275418117,70.93410354452614,129.5236884297509
551,1.1571500620004906,70.86550414398816,129.45650469777854
552,1.1592451155989445,70.5485599349623,129.32906784100786
553,1.1613401484055899,70.42730177060811,128.996485944409
554,1.1634328135986687,70.23031784401805,128.90575065983037
555,1.1655280225544649,70.01131923400412,128.36747834248314
556,1.1676232414157608,69.83375247748512,128.4022045589714
557,1.1697157183635434,69.5817523574912,128.02395513186443
558,1.171809765164966,69.24623563089477,127.20100549594828
559,1.1739036754657965,69.27684656657667,127.83296023852168
560,1.1759974618047027,68.93694198448772,127.20059542777102
561,1.1780927342002254,68.83221226292564,127.1255441493827
562,1.1801886215978319,68.54561510751026,126.63126886098269
563,1.1822824649467334,68.46868060200684,126.75055761585756
564,1.1843777187054296,68.27901675049142,126.51837331359053
565,1.1864731317277017,68.09502585251057,126.19965079853198
566,1.1885662199882188,67.9239093291988,126.01827441660897
567,1.1906603290984812,67.69444052762995,125.75935972353123
568,1.1927560449071208,67.32143956057818,124.89498987901008
569,1.1948501301675682,67.19275687310392,124.82558133542695
570,1.196942866326464,67.12749397199164,124.92519270844316
571,1.1990363434731066,66.9930512070711,124.89685695070472
572,1.2011315528209288,66.79169956953464,124.63993034931974
573,1.2032252726398727,66.65260175773977,124.34270361234958
574,1.205319131714267,66.47688774220912,124.36650778893332
575,1.2074143429200774,66.12053460748061,123.32860097333797
576,1.2095073316728018,66.05571305277886,123.6673889057968
577,1.211602159357548,65.70463143545481,122.97622648498012
578,1.2136984428310558,65.72321571115877,123.20423551765303
579,1.2157943340364452,65.56063805227762,123.10880074402114
580,1.217888268816351,65.28277972397818,122.50673148176243
581,1.2199821909033837,65.12424801809306,122.24541148752111
582,1.2220779372220854,65.09626074829967,122.51948759851676
583,1.2241720630448372,64.85679273883947,122.26385148665248
584,1.2262656486341297,64.69099307472,121.87553023971812
585,1.2283602712023978,64.50165664069472,121.58624759251903
586,1.230453847781421,64.2728678770014,121.19662709011858
587,1.2325484279288663,64.08923536042634,120.63836173297585
588,1.2346427330328844,64.23274393358354,121.60479703092524
589,1.2367368340043534,63.875528972863854,120.81124819185767
590,1.2388320989568682,63.638814467674074,120.22044697567718
591,1.2409254956441091,63.61975123072805,120.47276041733566
592,1.2430201387037565,63.48798659631507,120.53435386555368
593,1.2451147141570293,63.213211311519125,119.82375207352015
594,1.2472087367784284,63.10309536888277,119.70591409006981
595,1.249302614173833,62.942991624473365,119.49570559971733
596,1.2513971052845823,62.788757534895126,119.37570842254954
597,1.2534931066319515,62.66251300191257,119.18035234972014
598,1.2555863817711985,62.47425847131403,118.87648764832348
599,1.257678969059161,62.374377385808884,118.84140438446033
600,1.2597748382104277,62.12801786518382,118.36650817974069
601,1.2618698898493887,62.04216686943096,118.42425753236778
602,1.2639640740660565,61.894329223661536,118.20927621690893
603,1.266059176034634,61.90820203980508,118.40521389464351
604,1.26815329738596,61.5563473499264,117.54495751922605
605,1.2702469827768745,61.57328565764677,117.9139145348651
606,1.272341439773769,61.382687494819336,117.62897467356238
607,1.2744361591580655,60.95054631165416,116.54167970671448
608,1.2765301570381213,61.108125732410215,117.19271467907097
609,1.2786243195908502,60.87950559645418,116.72443331514197
610,1.2807201779848052,60.899110409596176,117.15591636364435
611,1.2828149770647865,60.648430648412344,116.45003502311401
612,1.28490831046805,60.58500691186489,116.4999170985413
613,1.2870024746125797,60.507257490543566,116.51716886254444
614,1.2890960788179595,60.30599104916638,116.1312623321762
615,1.2911903407610128,60.13536965102722,115.86968907328796
616,1.2932847299377603,59.99619257835251,115.69901294599708
617,1.295379834193548,59.99499532865295,115.8531840325293
618,1.2974743412448833,59.746611935420376,115.31784982041492
619,1.299568838606027,59.61850149332219,115.15187089045351
620,1.3016640567270552,59.58323541225645,115.15481609737365
621,1.3037578272673165,59.39313592231292,114.84252511249473
622,1.3058518980796576,59.22161556703083,114.5657090564263
623,1.3079469520711469,59.17177786495677,114.65329249331607
624,1.3100414674631762,59.175302991419194,114.9505836190259
625,1.3121343419146885,58.97512692304507,114.37389327184111
626,1.3142291157646366,58.83094205679906,114.05363832514695
627,1.3163249547628966,58.827773497012245,114.32000085592765
628,1.3184204308819243,58.533214992189826,113.71574449811487
629,1.320514045081714,58.63106363804426,114.16204107304794
630,1.322607731116918,58.41580124424082,113.77577366783564
631,1.3247030067977636,58.32787580415401,113.69159686825341
632,1.3267964975071294,58.17840308542334,113.42586315910395
633,1.3288900457896358,58.09598694819494,113.38707968396702
634,1.3309846323229146,57.94179636372351,113.1006782102913
635,1.3330795391690438,57.836954463669734,112.92738869352678
636,1.335173949560825,57.71938317398041,112.80480527468902
637,1.3372672428845813,57.63935263250132,112.6577292615523
638,1.3393616502777206,57.55750024352258,112.62546676212409
639,1.3414564546808454,57.555967533109076,112.8929084881322
640,1.3435497634465539,57.320284282852356,112.26949179414524
641,1.3456439095281743,57.439838227437534,112.75829343588482
642,1.3477398961804745,57.09480700369687,111.93449228375006
643,1.3498356331361778,57.05320175783156,111.98818581255287
644,1.3519291222201564,57.09782613039088,112.25737218022218
645,1.3540221824451044,56.924207506684205,111.9469438289534
646,1.3561174165883387,56.721413269400635,111.5172859948876
647,1.3582118000666776,56.719984111298615,111.58380638065289
648,1.360305548489477,56.68204047020979,111.60962835639036
649,1.3624016471705516,56.61401695145052,111.7213886903836
650,1.364496581524498,56.44037903338672,111.2619413041356
651,1.366589927521404,56.45818479822508,111.54563509610722
652,1.3686839345616666,56.35034206802826,111.3424098159832
653,1.3707785136744248,56.21924105361799,111.04443807214075
654,1.3728736781569988,56.24901472479007,111.35203072766252
655,1.3749673745335222,56.00345761835657,110.72863871579695
656,1.3770602631292597,56.030559669211506,110.97741714430612
657,1.379155717578164,55.86450126022396,110.51828872141476
658,1.3812508039107998,55.90543503974631,110.9310962736104
659,1.3833453325862841,55.85196696218529,110.92933433417569
660,1.3854396647384786,55.682672310572926,110.54108201335758
661,1.387533616953471,55.73529421479297,110.86744053897704
662,1.389628935147901,55.52905601979399,110.32519038140329
663,1.3917230672721894,55.48555411043271,110.34843680878964
664,1.3938172778813163,55.44287355990803,110.38190111370037
665,1.3959128506087028,55.49021144335376,110.73021161507977
666,1.3980069894682674,55.2938125786519,110.09780084636091
667,1.400100032768225,55.29194621426122,110.30848318146788
668,1.4021942273095422,55.14049920799317,110.04037861191708
669,1.4042879724639459,55.09671381430077,109.94107927850622
670,1.4063822250727482,55.092034481735325,110.15562951364862
671,1.4084777998796327,54.945319858103346,109.69015760806826
672,1.4105725454065003,54.90322309644554,109.77026397394455
673,1.412666035757187,54.820707425908324,109.69880997924471
674,1.4147597581950535,54.87066066556866,109.93964187642668
675,1.4168552493745823,54.721900826135695,109.68908819556029
676,1.4189502707585735,54.68154934641829,109.63619382733097
677,1.4210439871962917,54.711171881402294,109.81818456713437
678,1.4231379588066748,54.57564968228236,109.59328432927119
679,1.4252323843784174,54.4816333935378,109.37619020099469
680,1.4273263645812686,54.58534910197613,109.90157862595095
681,1.4294209343777806,54.40939506959243,109.43154310634523
682,1.4315160587565352,54.37618056298745,109.43450733105468
683,1.4336101809254245,54.39849459323127,109.68788855774308
684,1.4357047233292217,54.35934907252154,109.65968655658129
685,1.4377991034950037,54.282298962922766,109.4960145354
686,1.439893269172154,54.182660281283646,109.32315112396623
687,1.4419870983325702,54.21892037182883,109.58814377275301
688,1.4440820971476513,54.168649735794716,109.58598203622036
689,1.4461780146809415,54.11972640427729,109.50566724688282
690,1.4482723645441788,54.04566816454475,109.4353712487261
691,1.4503661519067539,54.0382118170554,109.47661935676774
692,1.4524608997459605,53.95138762053371,109.28377572696358
693,1.454556191478353,54.03356617932619,109.63275492219886
694,1.4566505605195028,53.99326674312788,109.61073485991109
695,1.4587435672120013,53.858155739052265,109.3083401890952
696,1.460836376274075,53.901506467193755,109.64709924668979
697,1.4629315024559504,53.86685122144839,109.4890440410481
698,1.465026115161985,53.865319201684166,109.63566666571278
699,1.4671201905708728,53.770906818351044,109.39352820804774
700,1.4692142550197365,53.789461020170506,109.56142765080251
701,1.4713085109511452,53.795276298596825,109.72728384064632
702,1.4734040883627781,53.7085638946854,109.5518152017032
703,1.4754983077923518,53.717775313595055,109.68887820895857
704,1.4775927333883283,53.73949325006803,109.86468935300313
705,1.479686516386449,53.57478404726053,109.45675866576487
706,1.4817805445745025,53.64417926161668,109.81652085876631
707,1.483876051193717,53.583826575086725,109.65030029780124
708,1.4859713583510508,53.70410204240251,110.08986792246758
709,1.4880662760111125,53.61104168209336,109.89940912106734
710,1.4901603423423662,53.49707830827643,109.71043632562233
711,1.4922546168830801,53.56888235782261,109.93394048515059
712,1.4943493508016918,53.639624827028534,110.18573919429856
713,1.4964436549031517,53.548481528134715,110.06339716854282
714,1.4985372426394363,53.69754161185025,110.60246153964292
715,1.5006303537214591,53.541768874431575,110.2686432368321
716,1.5027246941647125,53.60330836437211,110.51712757602107
717,1.5048198674391857,53.5098676253543,110.25022019097194
718,1.5069136003861163,53.51702839004128,110.31139215761343
719,1.5090076377683221,53.59080037966392,110.59621684126128
720,1.5111026723067662,53.5284887973774,110.53868604997602
721,1.5131971028762412,53.56691089132118,110.74953323143905
722,1.5152912609041667,53.65461225174592,111.11013430394024
723,1.5173854934463344,53.563823827657586,110.90933708618604
724,1.5194808793753787,53.64420550082588,111.21322650670578
725,1.5215756259285513,53.579292631496386,111.1126744668858
726,1.5236695807770564,53.56754172313947,111.12234563605838
727,1.5257641081783464,53.540105094400204,111.13126176179705
728,1.5278584873608179,53.715465599971544,111.75730382362394
729,1.5299536435991428,53.670857477056074,111.65063804946548
730,1.5320476585044298,53.70675054939591,111.82208906930101
731,1.5341414384393777,53.57822448002431,111.41281238613051
732,1.536236950937659,53.71195704965126,112.00099245866578
733,1.5383317033374695,53.680758238202166,111.97511989252668
734,1.5404255753841434,53.83692125437065,112.51053961059823
735,1.5425198393431812,53.68037852400753,112.05493732230917
736,1.5446136227526486,53.85536528303975,112.63625547424685
737,1.5467072285753283,53.778946746328764,112.50704584634252
738,1.5488013111816905,53.91365057013501,112.95914992454065
739,1.550896674249749,53.84475378302466,112.76298734655346
740,1.552991701547339,53.996050162485666,113.2730769028452
741,1.5550856629518366,54.028066423963686,113.46402134690089
742,1.5571801051512508,53.97971840722279,113.33935674698468
743,1.559274417579796,54.02654350658088,113.5720694406799
744,1.5613691533539047,54.06421499184547,113.69569215294116
745,1.5634631934261796,54.29269154607912,114.47955501505872
746,1.5655577892497892,54.225687016369626,114.38225422294661
747,1.5676527275763066,54.17745237546424,114.29116679771593
748,1.5697461748764228,54.31219224590685,114.69064815986064
749,1.5718402189801153,54.31502250880808,114.77120851523424
750,1.5739346218160084,54.39144482665657,115.06152972326828
751,1.5760295037244485,54.47710327697149,115.36023234821754
752,1.5781239238326052,54.42956015385997,115.27046559701203
753,1.5802176736109215,54.575597461920864,115.73460004954406
754,1.5823123941098438,54.542328795270954,115.58461433261895
755,1.5844068047546922,54.66679129164612,116.15418372096158
756,1.5864996832696292,54.81147551447901,116.5878501409517
757,1.5885944598128996,54.87310174888993,116.81308152596289
758,1.5906903325437156,54.951770763337976,117.03249945326114
759,1.592784689092666,54.93261059285244,117.1676461652487
760,1.5948796873290236,55.133498265643745,117.6837224379827
761,1.5969745597395735,55.06631697720063,117.58441182110185
762,1.5990689218084002,55.25703642712259,118.27298623317243
763,1.6011633213632455,55.256148748360594,118.21388280071882
764,1.6032577776043084,55.277914406806964,118.35275140002838
765,1.6053514020964894,55.435903817064705,118.89952758246808
766,1.607445093072501,55.48821372421048,118.98228338543723
767,1.6095393086936036,55.06529259776221,117.47232416375348
768,1.6116336711357766,54.205076338757706,114.10730328411914
769,1.6137279918528686,53.49318344377694,111.37927290511917
770,1.6158221116449558,52.72500925526679,108.54148207542053
771,1.6179176229648538,52.20754726132294,106.46595894798995
772,1.6200131612431772,51.758432770349295,104.66433073941135
773,1.6221069236192778,51.07913793206879,102.15449281442302
774,1.6242011307622557,50.63566250609902,100.37914124274313
775,1.6262960841945175,50.145688286299006,98.51350563099254
776,1.6283896203498047,49.71867095990377,96.81209686605929
777,1.6304834947928883,49.265930361188666,95.03039014892914
778,1.632578127710653,48.865596638317335,93.50665917161525
779,1.6346731813158608,48.44994511234992,91.90426245442403
780,1.636767172365261,47.98898466411597,90.17633909556095
781,1.6388603779595408,47.735856606286056,89.19694138805497
782,1.6409563605892468,47.395191853819455,87.77030740256298
783,1.643050621284035,47.133420108274876,86.70232250331084
784,1.645144102645386,46.78872158418326,85.30183292645397
785,1.6472395726584623,46.341524959510636,83.78963764000798
786,1.6493331318477138,46.061150620485705,82.55781848757593
787,1.6514277435583298,45.82105555318072,81.66983288705582
788,1.6535225655624404,45.54923462067387,80.49875063693007
789,1.655616100487628,45.21397655968588,79.37033630194541
790,1.6577106071833263,44.949908467993886,78.2502989874497
791,1.6598050724476994,44.735217028643945,77.39367283492221
792,1.6619001395524664,44.394060094775575,76.17504388280089
793,1.6639948642035431,44.277008582828444,75.5206821777644
794,1.6660882997554614,43.932989100971255,74.25783473069926
795,1.6681827329415837,43.78696857779818,73.58059344663523
796,1.6702780557373313,43.56292130742507,72.72814049206767
797,1.6723710846745943,43.238344834740346,71.47425553828299
798,1.6744651718920411,43.007081958625534,70.55712589296962
799,1.6765602044792516,42.85501126712262,69.84638369072587
800,1.6786535596079524,42.68449504049235,69.24850364664408
801,1.6807491745425278,42.46973252356981,68.34030056148846
802,1.6828445761171116,42.24906627123911,67.48433204436377
803,1.6849386388007168,42.10060926188861,66.8779384843539
804,1.6870339476475265,41.85658876189991,65.92582841933299
805,1.6891280758541645,41.6577880118431,65.04796185110443
806,1.691221272327691,41.522006042330375,64.51322903353486
807,1.6933141346742315,41.31464886966673,63.59151282797915
808,1.6954090930463133,41.143064257457254,62.978638254550056
809,1.6975047078021417,41.012911051736715,62.40180483264668
810,1.6995991246970055,40.86961258984733,61.79813788779906
811,1.7016934918813407,40.633471917316655,60.86844312877736
812,1.703786903721137,40.45596146981947,60.21294802735918
813,1.7058818292953146,40.37522520338129,59.817224249647985
814,1.7079768740006063,40.14091802828347,58.83174624917228
815,1.710070845319196,40.05307902695115,58.47617200947085
816,1.7121645316176712,39.80820427332131,57.53181106682408
817,1.7142597272321454,39.69540400108702,57.048803546613726
818,1.7163549406546734,39.62227885644788,56.53571450824427
819,1.7184482195940645,39.38064512123428,55.76577022758507
820,1.7205423072627637,39.29868460243854,55.282805054184834
821,1.7226374847113666,39.08972110090704,54.61593807818885
822,1.7247323233526113,39.05420815002873,54.305545654007325
823,1.7268266901810085,38.95372534409486,53.782167043890766
824,1.72892134476467,38.63202414723248,52.581537860822706
825,1.7310153629662073,38.646557618148705,52.49160035598174
826,1.7331087353021186,38.48658609936042,51.88505946026513
827,1.7352028820270462,38.3167381411493,51.26832539360465
828,1.737297419510233,38.27845277611022,50.948384971898925
829,1.7393924268721555,38.1257880785082,50.3829788226584
830,1.7414865202316776,38.00953105795389,49.78287522592667
831,1.7435798385311778,37.85358338480874,49.26346303149436
832,1.7456747741592018,37.7763497381204,48.7249882121232
833,1.7477707733578058,37.64713376691472,48.251589281791375
834,1.7498644151299778,37.59716797782513,47.920070769719054
835,1.7519579294274097,37.469540255127555,47.392862022825355
836,1.754052537005875,37.35008748928393,46.94723257026055
837,1.756146014277543,37.254258752456444,46.45842664707455
838,1.7582399685899122,37.15852104184316,46.0780598349615
839,1.760335124398212,37.06593877746017,45.619551390445274
840,1.7624306374180432,36.857273999641585,44.90014023906764
841,1.764524733445493,36.77499347502927,44.52044920830129
842,1.7666195957988082,36.736634338227525,44.22538129248752
843,1.7687146552767006,36.578926704762864,43.55979378834984
844,1.7708085687106505,36.50600916670561,43.296311419657805
845,1.7729026984403262,36.33757007127697,42.591649948951165
846,1.7749968373222131,36.36600847374907,42.52395424351823
847,1.7770919795414395,36.27913317035154,42.07030090793168
848,1.7791866891650514,36.18404282470057,41.61309411935765
849,1.7812805740714612,35.991916805895954,40.95977931129896
850,1.7833749145944944,36.02535820038112,40.94353688532764
851,1.7854698174814119,35.91591244164839,40.470700497045144
852,1.7875649050000997,35.844652097168364,40.01552603278435
853,1.7896586091751823,35.70367873599378,39.53626364147951
854,1.7917528105223397,35.67660130066454,39.213152874989404
855,1.7938472619734778,35.51658616587298,38.587261004537964
856,1.7959410333998334,35.5082437079213,38.528272995647654
857,1.7980353139963554,35.35079071156396,37.8679651021357
858,1.8001292949050451,35.30428673859441,37.532385536717754
859,1.8022240144636215,35.32871225091281,37.53065861494855
860,1.8043180357006787,35.11308798409769,36.63937862636416
861,1.8064120149556366,35.15301837103411,36.64079660961438
862,1.808507216693214,35.09570698039321,36.29066140946236
863,1.8106012235056632,34.96850089735493,35.83051799159552
864,1.8126961076333348,34.866937355859534,35.39911685212173
865,1.8147906359659112,34.84033004397347,35.21005933737873
866,1.816885013662702,34.74082867540766,34.739483881750616
867,1.8189799788179999,34.583447560679254,34.090196073324826
868,1.8210733357472892,34.679830170194776,34.22598730691071
869,1.8231675363973032,34.576683515447144,33.72882641923726
870,1.8252628639859947,34.42552427156657,33.26166566748362
871,1.8273578690890415,34.38631296273045,32.92760826923777
872,1.8294529153678178,34.32834540622683,32.563170896338974
873,1.8315468366202061,34.34292515087556,32.5559744137239
874,1.8336403420201965,34.24000662225633,32.128747126332854
875,1.8357342642631629,34.1904935005876,31.75224709036152
876,1.837828606636473,34.159876416245446,31.60502693690635
877,1.8399232687279,34.03680876776499,31.086236393553573
878,1.8420169361094605,34.00374891189152,30.77512692685163
879,1.8441103454239045,33.91064950316975,30.39720142902904
880,1.8462047113551943,33.91451945078935,30.186261689228605
881,1.848300337583767,33.806818999325436,29.747920818403404
882,1.850395118058644,33.76014472053819,29.459033731656305
883,1.8524895015648957,33.74509053257012,29.321676385778552
884,1.85458435317291,33.692170493478486,28.905811611053664
885,1.8566786691854407,33.62736050961014,28.702239349830236
886,1.8587722962005393,33.489143620204274,27.967932307180053
887,1.8608667292143481,33.50132124048954,27.868228653556077
888,1.8629623979972338,33.484002010782156,27.816554742374933
889,1.8650575007618033,33.35194289154865,27.34893994046413
890,1.8671515757398978,33.3638613327429,27.066563998584208
891,1.86924567270883,33.25296187372763,26.664287283575206
892,1.8713402290883943,33.327031445934146,26.669016258118965
893,1.8734333441485889,33.196687071586,26.12306519352598
894,1.8755274569663687,33.11612937573094,25.834116544749396
895,1.8776226584010878,33.17544690868718,25.754342742391096
896,1.8797156234954413,33.03385152148657,25.19627825928868
897,1.8818097674713492,33.14111194637796,25.367317286157707
898,1.8839051205157094,32.90799878893247,24.548621338166576
899,1.886000042933448,32.95371847247616,24.596079167942577
900,1.8880949075451439,33.000501026165296,24.444092670586176
901,1.8901881584759161,32.80731938249236,23.758623904658243
902,1.892283217936019,32.88651370999269,23.89832581760248
903,1.8943782680554568,32.79609468324086,23.376990639420814
904,1.8964720473710392,32.87763947407152,23.595811118041826
905,1.8985668668489433,32.71672834449258,22.854963905073188
906,1.9006612809862096,32.744390367771324,22.782088958003417
907,1.902755719587151,32.7322410714538,22.612413902951758
908,1.904849757588545,32.57207465254481,22.0164691126495
909,1.9069430754605277,32.61221692599595,21.93861029843288
910,1.9090378340013505,32.52752270648246,21.50655013340119
911,1.9111324914183263,32.51939186037503,21.365422158481596
912,1.913226965923519,32.544394652276914,21.316790859621136
913,1.915321381331026,32.35495141849778,20.459175940778728
914,1.9174162748437817,32.56951965605464,21.117029256134874
915,1.91951096404297,32.40717475575225,20.35914552694231
916,1.9216039358616672,32.36191077901733,20.066326911151368
917,1.9236986253914137,32.428481061141966,20.05736209395649
918,1.9257933066276691,32.27082024929383,19.537819516624726
919,1.9278873651498682,32.40641789917653,19.724942321294208
920,1.9299807661659822,32.3129142039228,19.165105584496263
921,1.9320760482648573,32.24297534466238,18.780462609446108
922,1.934171767524072,32.28119403482388,18.77058602025223
923,1.9362651059315399,32.153400854618226,18.25790243699034
924,1.938359138419254,32.257902775473134,18.40323888179192
925,1.9404538735984294,32.128540096194456,17.78334362937364
926,1.9425479146608418,32.23314222313453,17.928114634973195
927,1.9446418189559174,32.050612592194106,17.215985906933657
928,1.9467371502259871,32.09956546234485,17.187207894463928
929,1.9488329760684335,32.03596664184354,16.829039193139852
930,1.9509268120448882,31.982090249072176,16.562458687342716
931,1.953019609354344,32.038031815388436,16.595582684669914
932,1.9551147244404972,32.079238178058354,16.387252044523187
933,1.957209950604826,32.0013551520911,16.04677227359305
934,1.9593041179655175,31.98243895740023,15.75447906969975
935,1.9613980124620214,31.96912185380692,15.505084491518668
936,1.9634920823781827,32.03258939300573,15.596850806306803
937,1.9655870316775599,31.894065502799776,14.924625171905534
938,1.9676813106463258,31.980081215046322,14.963067380991024
939,1.9697755380711686,31.91656937451846,14.69651045259891
940,1.9718704076888727,31.892981212651517,14.485125903334293
941,1.9739643213778544,31.91667263486311,14.263349417082736
942,1.9760582139073395,31.85753871676146,13.985340092744188
943,1.9781533744008393,31.913756544006226,13.790368101512865
944,1.980249297656676,31.797087708339053,13.282968405812312
945,1.9823436902775773,31.808870231479432,13.16750633465236
946,1.9844363854611324,31.77701782351285,12.918604711593163
947,1.986530057736426,31.838668798582475,12.90006882766399
948,1.988624138262085,31.79585445193771,12.63004559402173
949,1.9907191302641989,31.724474383667737,12.174493293808574
950,1.9928140678397719,31.848511572007045,12.461588383847465
951,1.994908057158038,31.843179451463577,12.114277651404523
952,1.9970037235567513,31.744348921521414,11.588076944212983
953,1.999098539119481,31.84567497249765,11.659445908738977
954,2.001191245179364,31.64762147116936,10.885675053722133
955,2.003285465781134,31.833990422245183,11.321304131020636
956,2.005380090953843,31.732746339640038,10.742592779604752
957,2.007473757612322,31.775688297909706,10.705537045647382
958,2.0095674385752345,31.759649465978896,10.419939517896909
959,2.0116620669227445,31.689675082714178,10.087004170772428
960,2.0137574654124313,31.717350151213225,9.929537186818099
961,2.015851542299029,31.71897895008737,9.592762600544374
962,2.017945842236743,31.792622347141062,9.715975525391132
963,2.0200414078173843,31.721248157981634,9.142115451063294
964,2.0221364472105585,31.725101945648888,8.98657887974612
965,2.0242304661583193,31.765816416599655,8.944227458338576
966,2.0263241213554704,31.610559976471645,8.260939394444476
967,2.028418169537371,31.79930896648352,8.621653655473095
968,2.030512126699397,31.640036735190122,7.970748702880123
969,2.032607257696191,31.70171138817311,7.7347454575851655
970,2.0347026748788237,31.71386376324288,7.616559710233509
971,2.036797432049628,31.615674821382193,7.094494691824504
972,2.0388917803566513,31.80069920359892,7.476660306272751
973,2.0409854404727548,31.682613960631674,6.861030644325314
974,2.043079158497923,31.70639150221465,6.757345755945249
975,2.0451737042342053,31.79352544730494,6.698602225392149
976,2.047267957686092,31.709197537306355,6.15796811738351
977,2.0493625921646865,31.859984690863104,6.399288783776824
978,2.051458159400133,31.631427396859817,5.409504050487425
979,2.0535521918605197,31.8373684380432,5.824305275758179
980,2.055645062675616,31.744403004232346,5.219697587593631
981,2.0577393587752955,31.68115931479852,4.920257569660176
982,2.059834437786395,31.78142667328256,4.944508944306659
983,2.061928055170489,31.680097311344287,4.257811439333484
984,2.0640226957402352,31.88260481389998,4.727096470700695
985,2.066118258189404,31.745688172366165,3.9608365757626736
986,2.068213196804832,31.740532686438208,3.9948716876803347
987,2.0703072818107917,31.740911653898756,3.5090621688764276
988,2.072400931462771,31.661019043531063,2.979822738885584
989,2.074494103322103,31.819011808248263,3.2717938509521884
990,2.076588647294614,31.716339446070705,2.58228901743744
991,2.0786837571325223,31.757059383366933,2.4908612598024717
992,2.0807786951127576,31.73508276550908,2.0854484325049474
993,2.0828733611799306,31.76211527040731,1.8681908645288028
994,2.0849676047315464,31.88378493426453,2.0657528330893
995,2.08706191167589,31.722653384656915,1.3082366556378244
996,2.0891552570733616,31.945980582880235,1.6452888093158338
997,2.0912498961643236,31.75997522929536,0.9467665275399304
998,2.0933446561638878,31.815144488295026,0.7248682631755702
999,2.0954387435644386,31.892243240948858,0.7464650746480489
1000,2.0975335870618825,31.739284268605665,-0.03079624899058511
1001,2.099629070349723,31.997516332764775,0.49633462020273117
1002,2.1017228492895934,31.807435205886332,-0.38299817969831584
1003,2.1038170482062775,31.918255745359197,-0.26131185330625467
1004,2.1059122372778973,31.850912561996672,-0.781113574505123
1005,2.10800554057148,31.83390802612855,-1.3014680373851641
1006,2.110098599114947,31.966703997050292,-1.1795827483201609
1007,2.1121927216235163,31.758238380873504,-2.0862492782757274
1008,2.1142879182187984,31.958013397544054,-1.7676391828302844
1009,2.1163820759811065,31.865940020791612,-2.4101458292840214
1010,2.118476597123504,31.920274315130797,-2.4375150893968764
1011,2.120572077635568,31.913210269997936,-2.911828006664727
1012,2.122666143506846,31.85080927569032,-3.4157944393099515
1013,2.12475947440395,32.04885169979852,-3.137827942955048
1014,2.1268549228070284,31.82568319102665,-4.1472971263136555
1015,2.1289503858580807,31.871741921015712,-4.165692418273454
1016,2.131043274916299,31.958086187791125,-4.340237545584434
1017,2.1331378502136085,31.775102636259614,-5.195113589025331
1018,2.135233020544507,31.96097314613797,-4.939561212691479
1019,2.137327211773404,31.8734312569204,-5.581128994409273
1020,2.1394213678417553,32.08053572216107,-5.391946488961268
1021,2.1415151935265153,31.78201436898754,-6.481530331794588
1022,2.143609686067666,31.887231789981332,-6.552905563040028
1023,2.1457039096890913,31.902653939897657,-6.8406153445505975
1024,2.1477977892281794,31.669116597835973,-7.969111165445139
1025,2.149892773795189,32.04556682305373,-6.826852762923062
1026,2.151988207011953,31.872324289055758,-8.005569992585974
1027,2.154083430042502,31.939791486107612,-8.033937303629028
1028,2.1561769020273363,31.91430082483504,-8.564747763862398
1029,2.158269727638565,31.768618363275667,-9.336969922153589
1030,2.1603643338266334,31.920693436032334,-9.255159412896003
1031,2.1624594611960894,31.807013304736905,-9.936658299422986
1032,2.1645538445620423,31.909724461026162,-9.948324805571913
1033,2.166649266160557,31.91789633779944,-10.243682557194864
1034,2.1687438965600263,31.78711444763775,-11.163550401523478
1035,2.1708363804402464,31.920707379584957,-10.988435129290858
1036,2.17292939543057,31.59094652524132,-12.366135775593527
1037,2.1750246621139153,31.85921187372808,-11.84502645054093
1038,2.1771189095943266,31.60583973004851,-13.094743083569552
1039,2.179212962470575,31.63084738061031,-13.390987033648388
1040,2.1813066434396426,31.706448962306542,-13.374074161840515
1041,2.183402629792164,31.35874483810153,-15.08712522685835
1042,2.185498119455816,31.73958121570453,-14.13106659019026
1043,2.1875916200185137,31.3463120021712,-15.862746230450034
1044,2.189686441120868,31.605745242918893,-15.372672911502047
1045,2.191781413276182,31.3395307559187,-16.480800078800364
1046,2.193875147711239,31.261633182389158,-17.225727724135123
1047,2.1959686613130316,31.485079085380576,-16.86779712331154
1048,2.198063923558019,31.07621343308778,-18.398092508818607
1049,2.2001595001532226,31.32330003879363,-18.20828554693308
1050,2.202253779153767,31.131067824583948,-19.12241726180911
1051,2.2043460760907565,31.009167353379567,-19.947819515164028
1052,2.206440891990371,31.06066269486968,-20.09154994760746
1053,2.2085356491852317,30.706200743560107,-21.710634395374864
1054,2.2106277016542335,31.118189983174005,-20.818467229605947
1055,2.212721958545959,30.720576559036292,-22.335916974874255
1056,2.2148185083900422,30.72083457129504,-22.98630350476892
1057,2.216913061952383,30.650819407004978,-23.46212618072088
1058,2.219006160150891,30.12293778885113,-25.57404810849873
1059,2.2211007684745443,30.66292365193166,-24.28687437272826
1060,2.2231966067711273,30.039237842475156,-26.757931395458293
1061,2.2252915180225106,30.283720140450722,-26.12573006243601
1062,2.2273849286831946,29.902533794516184,-27.738872605674086
1063,2.2294794057777056,29.76044784244581,-28.70581509414993
1064,2.231574082226972,29.99019590073376,-28.390210541644144
1065,2.2336675726385264,29.26416316797805,-31.08066722555888
1066,2.2357616690730993,29.8500653817987,-29.501984421220698
1067,2.237857388038379,29.065356075756053,-32.361763223543704
1068,2.2399520699736297,29.23921425051194,-32.12368500935028
1069,2.2420449617357057,28.812132252593212,-33.968493299552456
1070,2.2441391380853632,28.45374717744496,-35.54504344160731
1071,2.2462342793770116,28.691758896138843,-35.17370399107066
1072,2.248330004000319,28.005597355855866,-37.86548717539638
1073,2.2504234986669656,28.289784080434636,-37.15359842375266
1074,2.2525166459790467,27.743377932809,-39.60383339485384
1075,2.254612702557845,27.580562948993535,-40.18894375135464
1076,2.2567074239010356,27.306095127808295,-41.14730810132922
1077,2.25879926569608,26.8856859365664,-43.29842239684034
1078,2.2608934332232278,26.95152592591851,-43.216379356121465
1079,2.2629890832862967,26.319578516866688,-45.8356716573815
1080,2.2650815906481947,26.200651856067626,-46.348285910884364
1081,2.26717631551426,25.736288857883302,-48.27143666114336
1082,2.2692717091510235,25.37715294901883,-49.708911576505294
1083,2.2713660430599174,25.07907666688965,-50.89084612645667
1084,2.273460830916725,24.569363741559375,-52.6712407110058
1085,2.2755552510450507,24.220215210781074,-54.18711159577326
1086,2.2776502981151867,24.017379060361815,-55.28124733506986
1087,2.2797428242388995,23.792636107801787,-56.088607926878886
1088,2.281836092329788,23.697888662839965,-56.89077809744319
1089,2.283933556285596,23.564004540222882,-57.569005747526965
1090,2.286028868050817,23.501485094158912,-58.22357732001946
1091,2.2881212248812486,23.450998865065436,-58.6403625042564
1092,2.290215014848569,23.39352987714992,-59.32354247493399
1093,2.292310229911211,23.263265376445,-59.70450342066587
1094,2.2944051456334345,23.22234902955546,-60.22253738248314
1095,2.2964983471898495,23.181515758778588,-60.468903622997
1096,2.2985921024349003,23.14323434813631,-60.86481984359585
1097,2.3006888643809247,23.104475416474703,-61.28341115877604
1098,2.302783634096356,23.135683830835966,-61.79894967395142
1099,2.3048756698218886,23.109267880112405,-62.154612159246795
1100,2.3069695720010412,23.107095824512392,-62.55097859859333
1101,2.3090651112173397,23.06815279038879,-62.92825943712737
1102,2.311158495429861,23.071886272483702,-63.24880478580789
1103,2.3132509513768182,23.076222934475272,-63.72801471992169
1104,2.31534766594442,23.02085140494289,-63.924584773380744
1105,2.3174438092641236,23.093299413815537,-64.47135120392271
1106,2.3195366518474128,23.05460032089314,-64.62185761019398
1107,2.321631141204296,23.11317092215665,-65.11026297110347
1108,2.323727832694395,23.08003325110958,-65.31360329744192
1109,2.3258211826493147,23.110680740652416,-65.7387844080558
1110,2.3279133966950116,23.089734782269783,-65.82801172503656
1111,2.330008120458155,23.16145163520018,-66.2690261031986
1112,2.332103956675321,23.15552501281743,-66.66196104265453
1113,2.334197579452735,23.161827694885517,-67.0485642023715
1114,2.336290017181209,23.19272666928349,-67.35776450519876
1115,2.338385505091734,23.168651303427968,-67.49874178307492
1116,2.340480189114194,23.20193020365265,-67.88613818496735
1117,2.342573391055059,23.221926743352636,-68.17514022119344
1118,2.344667848677038,23.279636179251035,-68.4976457412835
1119,2.3467629878884537,23.282739238517305,-68.71288658498091
1120,2.348858220839854,23.344255343517233,-69.23159374741014
1121,2.35095250082758,23.42507968506637,-69.50597603577525
1122,2.3530449396760944,23.35288802311188,-69.63102099144571
1123,2.355141499104623,23.396081603042337,-69.98072014490032
1124,2.3572378412451434,23.504110827469333,-70.41789043901875
1125,2.3593294861259198,23.57087761314904,-70.9105584582633
1126,2.3614224992004984,23.516202035581177,-70.92938445668703
1127,2.363517948981548,23.591847142306015,-71.25099952027492
1128,2.3656139136423477,23.600748528599862,-71.58752129206681
1129,2.367706660383537,23.658645699583357,-71.93063031156818
1130,2.3698014470222093,23.693452974127084,-72.22833124512773
1131,2.3718977582075165,23.722515775151788,-72.45742324421819
1132,2.3739899214574836,23.753031365857446,-72.79220881951566
1133,2.3760825194215927,23.79220779886203,-73.10765633200549
1134,2.378179070039863,23.838296803279704,-73.42799712140494
1135,2.380273759058959,23.82247753184635,-73.58970715513786
1136,2.382365673610318,23.947625480933933,-74.02822059436183
1137,2.3844604460166168,24.02441350438124,-74.45672804341214
1138,2.3865571190304595,24.08233910361203,-74.82499893353908
1139,2.3886520978255446,24.121527534728937,-75.13054180960089
1140,2.3907442891236066,24.153370538939622,-75.34505297095473
1141,2.3928386457990913,24.17503267122987,-75.64272780416881
1142,2.394934562690242,24.277521290421657,-75.98832125455662
1143,2.397029599690107,24.380319418143984,-76.45355766064074
1144,2.3991222591305954,24.42311051757783,-76.745634071272
1145,2.401217024080888,24.45953520481083,-77.03781686071501
1146,2.403314513026698,24.579356124980265,-77.54729156029052
1147,2.4054081911284184,24.51937436977048,-77.4980169106986
1148,2.4075011183217048,24.699360045170227,-78.20136877357595
1149,2.4095960074264258,24.69280858019354,-78.39560274312646
1150,2.4116926326559978,24.72446479837745,-78.56818366837454
1151,2.41378425055939,24.794107280605523,-78.9226041149261
1152,2.415877382497087,24.908139512004514,-79.38950946431851
1153,2.4179783678062123,25.024217505269846,-79.95250824790327
1154,2.4200733739460714,24.962484824256517,-79.87683828469127
1155,2.422162501290004,25.118561469310457,-80.40972868488323
1156,2.424257158180454,25.14058238541895,-80.70684923556091
1157,2.426355368807169,25.190853841070652,-81.0636902048301
1158,2.4284477900186845,25.279361562427326,-81.41503339479405
1159,2.43053883847394,25.38159867726336,-81.86993468582666
1160,2.4326356353293934,25.456109619080685,-82.2669618947999
1161,2.434732612021302,25.586782250121338,-82.76491470363437
1162,2.4368252927922227,25.579307939176687,-82.82974025900702
1163,2.43891890863681,25.621610458287886,-83.0654035868365
1164,2.441014895314609,25.70761431062424,-83.48734334929487
1165,2.4431105244568765,25.783107000443152,-83.79526126791323
1166,2.4452031167440684,25.942976238447887,-84.44099183187545
1167,2.4472938786799143,25.92813871010428,-84.52830562315866
1168,2.4493915902413868,25.997055639946744,-84.80175586628859
1169,2.4514877943094935,26.143429272302086,-85.38754953946943
1170,2.4535774837073663,26.272487205888307,-85.97464328263416
1171,2.4556717453467782,26.324024104546755,-86.28502083178478
1172,2.457770725968573,26.432958498573466,-86.6793294584456
1173,2.459865450868259,26.354944991662403,-86.5722012430157
1174,2.461954843714291,26.519818411931155,-87.24122181227024
1175,2.464051305962942,26.65146103352606,-87.68173508778074
1176,2.4661493201186655,26.736963293785884,-88.06547641051846
1177,2.468239991051035,26.904305524286006,-88.70653211312892
1178,2.4703335941159144,27.00721064212897,-89.12094768978207
1179,2.472432426226094,27.026805861354145,-89.36283099218042
1180,2.47452690434623,27.109746390279593,-89.76738068572622
1181,2.476615373809059,27.255985653015625,-90.33602658959256
1182,2.478710457672189,27.392716881907422,-90.81301578070327
1183,2.48080966574444,27.453568413306215,-91.12531262798264
1184,2.48290090100287,27.513186233587383,-91.40978479981864
1185,2.4849923340191187,27.564899949916903,-91.68778592319077
1186,2.4870897130294636,27.698033028175725,-92.24585066633244
1187,2.4891862386660164,27.797421537713625,-92.68352164668971
1188,2.491278235985619,27.806403669331534,-92.78679264596101
1189,2.4933690456944357,28.041069464925663,-93.6689527100607
1190,2.495466543397291,28.074395854029433,-93.87259051189176
1191,2.497563830960505,28.251186061186775,-94.48934999801396
1192,2.499654519205421,28.27736098602715,-94.63860527369586
1193,2.5017479497353943,28.42606271625866,-95.34152796397765
1194,2.5038480054516667,28.5807607170005,-95.86260904962431
1195,2.505943433921919,28.725137276267667,-96.40166029208756
1196,2.5080284861327207,28.826359841009044,-96.83232074293836
1197,2.510123955773609,29.028869117242284,-97.60964727050047
1198,2.5122261646694253,29.07815025809551,-97.8221346077338
1199,2.5143177674343575,29.159241765333608,-98.16663377076623
1200,2.516405803072155,29.24821854260727,-98.52305066120668
1201,2.5185026929964116,29.393840757921172,-99.14506486699771
1202,2.5206041831245063,29.64778152395753,-100.09577069440897
1203,2.5226964757648327,29.726403663811993,-100.38037465378919
1204,2.5247869961159406,29.835243093896388,-100.83608825103933
1205,2.5268843920051487,29.97991306949155,-101.42601516972074
1206,2.528980483597168,30.14611523171539,-102.06483050342585
1207,2.5310684597394695,30.19933253804614,-102.22858245941325
1208,2.533161718042206,30.282927048454532,-102.62207066598758
1209,2.53526488574662,30.548096198227416,-103.61710954601364
1210,2.5373603920777454,30.610478998531146,-103.89286761438842
1211,2.539445749963502,30.93778451425892,-105.04054883419586
1212,2.5415417180131348,30.781636158012326,-104.63144883934271
1213,2.5436457679371425,30.97222568630512,-105.38197216966634
1214,2.545736808475733,31.195732040605616,-106.16032199643242
1215,2.5478233832874237,31.1728854180478,-106.11651787495184
1216,2.54992085584226,31.45912378582328,-107.25127575983566
1217,2.5520207655356866,31.60362219775272,-107.72853694122394
1218,2.5541098448110064,31.718388049358534,-108.14111744878807
1219,2.5562002600365847,31.87250909847449,-108.77687913851365
1220,2.558305455724291,32.07715903954644,-109.55034910637592
1221,2.5604026511470312,32.14722984102692,-109.87641831211207
1222,2.5624826414852553,32.33845144401675,-110.52455077515827
1223,2.564574391949512,32.4917711467261,-111.14028630416861
1224,2.5666808497683498,32.76644103222249,-112.12150997906231
1225,2.5687773451615423,32.90024175966278,-112.5740481015237
1226,2.5708608935170316,32.998466174582234,-113.05411856583858
1227,2.5729575952355885,33.30726499092385,-114.25065050823655
1228,2.575060651513359,33.33620818687916,-114.37488707448838
1229,2.577148431575012,33.64091732596699,-115.41357851903491
1230,2.5792346077561192,33.69744921417243,-115.6759107394331
1231,2.5813352493894732,33.87930032128479,-116.39071071800674
1232,2.5834369526956515,34.2592726889473,-117.64816828894584
1233,2.5855218346006232,34.288446840175084,-117.82410858677014
1234,2.587610713900489,34.284867173141414,-117.88074942477508
1235,2.5897186990593415,34.82426942017027,-119.86020412713015
1236,2.5918181690667126,34.60234327630273,-119.12514382071144
1237,2.5938985009385314,35.06082931481042,-120.66655767685428
1238,2.5959901966325076,35.180559962975515,-121.23778881578009
1239,2.5980970827886534,35.55514660948248,-122.59174233026216
1240,2.6001911974764487,35.613341696920585,-122.85026060560277
1241,2.6022734575046016,35.946409111167874,-123.94893479936752
1242,2.604374761438423,36.212514826563456,-125.02314613703815
1243,2.606480077670044,36.20631512868051,-124.99254202040194
1244,2.6085618800169397,36.398314348510745,-125.6558489843795
1245,2.610646200048581,36.776851747685136,-127.04244053254791
1246,2.6127580952497533,37.19869455643713,-128.5501754371071
1247,2.6148609257992828,37.04572614340197,-128.05842899552727
1248,2.616933454172155,37.30160246935819,-129.04667855216377
1249,2.619020659870304,37.647813576455626,-130.3196127107818
1250,2.6211346279669097,37.67549371926474,-130.2833272514606
1251,2.623236503452788,37.96395645379633,-131.3505748502816
1252,2.6253090562225565,38.168256110210486,-132.11012523370846
1253,2.6274000701334055,38.443698230108474,-133.1148475524879
1254,2.629513118467727,38.555613607965,-133.64064282662645
1255,2.631604301330356,38.78016978628736,-134.39118213839086
1256,2.633685254021577,39.190949574582426,-135.84689569050337
1257,2.6357889797673804,39.5376779166944,-137.1938093903948
1258,2.637895874321367,39.68508828679247,-137.61783283719706
1259,2.6399747081141895,40.12160599556809,-139.2639129897146
1260,2.6420591747927733,40.33330745477192,-139.9733968693047
1261,2.6441764666284318,40.46986074040432,-140.5346263442714
1262,2.6462775406423154,41.124034245074796,-142.8418209434874
1263,2.6483402943393326,41.22661599157895,-143.17026535963745
1264,2.650428729148096,41.340236759296964,-143.68032123169894
1265,2.652562718674548,41.53821141342794,-144.3715985719951
1266,2.654664088292312,42.01764962248452,-146.04175536617586
1267,2.656712651557163,41.86216471500457,-145.5328771425681
1268,2.6588106765908748,42.21704973759494,-146.78462721015296
1269,2.6609452450324915,42.325425655235115,-147.24442481555533
1270,2.663032290426174,42.56871711419917,-148.07743498795693
1271,2.6650914877184944,43.060260255184645,-149.82133423209154
1272,2.6671986225603375,43.29302660203027,-150.78937325084024
1273,2.6693218160411916,43.97324396029388,-153.0600422602128
1274,2.6714003686163363,43.75892632548171,-152.3236777698379
1275,2.673473653710363,44.21210990862812,-154.03354431184565
1276,2.675588689124729,44.94137275577647,-156.53867539326046
1277,2.6776964003773744,45.2793083094458,-157.78407564494017
1278,2.6797534796790945,45.159577234537295,-157.35309806773506
1279,2.681845016836506,45.712429866036686,-159.39166907643528
1280,2.6839785543392702,46.121096699256064,-160.69620419119863
1281,2.6860638705482365,46.09669037268514,-160.70383689436804
1282,2.688115580192901,47.19997946701865,-164.54424383901926
1283,2.6902421071216107,46.76867411304465,-163.2264439353067
1284,2.6923784453538007,47.254650932561695,-164.9783796389767
1285,2.6944235266222867,47.16087468607564,-164.48082325908612
1286,2.6964818302236213,47.85302944027177,-166.97541675290665
1287,2.698646249049189,48.14708386631553,-168.0412835450494
1288,2.7007725953070936,49.21594391169581,-171.7627702739287
1289,2.7027692368507834,48.524384910520425,-169.43631446909023
1290,2.7048443440936585,49.57165927255531,-173.02444503022605
1291,2.7070515904059915,49.28168605953754,-172.17598187667332
1292,2.7091632832728005,49.5585859887288,-173.10286337195888
1293,2.7110832098570423,50.26004194570217,-175.49926703713675
1294,2.713194248534394,51.07347697520628,-178.37102507435384
1295,2.7154564422347596,51.269316942470795,-179.02323864822668
1296,2.7175455830902693,51.374835229160276,-179.48640454065963
1297,2.7194409477796717,51.34735944677013,-179.34297795076836
1298,2.72159410281056,52.89211620385432,-184.82954143375287
1299,2.723868494276683,52.89809707173871,-184.8769463305343
1300,2.725905473691433,54.13756574935612,-189.14958113633287
1301,2.7277938720843573,54.2567820873124,-189.67280228077243
1302,2.730005424734083,54.26403904158644,-189.68053825110417
1303,2.7322910595910366,55.44213865471848,-193.87202221187695
1304,2.7342323934891035,54.65562396228375,-191.04332478900142
1305,2.7361123669415965,54.20625624872524,-189.58236735873683
1306,2.73841292247591,56.87806999325779,-198.98921455539755
1307,2.7407262152838343,58.04543424086443,-203.09051205067965
1308,2.7424923562337074,57.627748468662844,-201.6655268363374
1309,2.7444202272828333,57.17659373915904,-200.0359944915615
1310,2.7468188489948773,56.42572837591614,-197.32975774404093
1311,2.7491571251284848,57.28400148328093,-200.5536425435141
1312,2.7509012180135843,59.61898820434666,-208.5518217170843
1313,2.7528220566885997,60.340544577373166,-211.1356033731448
1314,2.7552245852341666,61.43920508508545,-214.8975251395611
1315,2.7575799064734774,59.455939123045034,-208.02581347136294
1316,2.7593246433872425,62.7869673777597,-219.72866272492698
1317,2.761234187120032,62.21192373132533,-217.75998849355426
1318,2.7636390504715083,65.37700351404551,-228.75431283239115
1319,2.765948826576436,62.86128867077639,-219.9550502796589
1320,2.7676191435751902,59.79917501510287,-209.1343950275422
1321,2.769651838220211,62.59257205327968,-219.0512225589162
1322,2.772055945845228,62.74703656520239,-219.53611586292183
1323,2.7739175955497957,66.23749830458931,-231.82304002425929
1324,2.775657495525559,63.86954138206628,-223.47263885216324
1325,2.7780509401576134,65.93099302625525,-230.85853322706615
1326,2.7804282678176238,66.37693303469298,-232.34207119464367
1327,2.7823699672164355,61.0824164504967,-213.79821584492097
1328,2.7838806433920418,28.59267647649707,-100.04814555113126
1329,2.7859958234637583,218.29732907218954,-764.0406517526633
