,k,Pk0,Pk2
0,0.0029665470748989845,247947.25916229392,14666.266362430797
1,0.005026374055021859,229988.29514352296,-25826.11923087764
2,0.007149300621522788,341678.1781668527,-19060.182984962623
3,0.009278869254964255,331730.0787105398,211747.32999070708
4,0.011450332619344701,325890.69970672205,-61082.91729480485
5,0.013492955871419151,288463.9361451365,41606.88650297818
6,0.01558905561191893,272084.8654731052,9513.08316804016
7,0.017694083672553172,215602.50484725507,12620.470716750937
8,0.019817874803135297,187256.19253282898,27351.887781754773
9,0.02192074938196264,151453.54392120664,34518.32657502233
10,0.02398877635566245,134938.78481421722,8409.203141698148
11,0.026092869718961156,113288.92327563558,2960.337659992823
12,0.028234663152781798,89807.91899311278,21308.495478824334
13,0.03032284873509123,73670.57565963303,2352.8984700842016
14,0.03240263258943404,63611.23737837578,1477.1577946954899
15,0.03449210129864554,51053.760369102754,-3770.804177951147
16,0.03658588147515197,43963.33592101359,-722.0781961689263
17,0.038684769492669774,37888.086020867464,80.70795853165944
18,0.040788988884582836,33599.473569924565,686.5112646908407
19,0.04289390876967646,28626.963724103756,-931.2652034150791
20,0.04498336005546935,26493.867058087184,2425.3659695689057
21,0.047064985294738244,25535.00604436201,-1554.9258088070533
22,0.04917111919158227,24289.0209187788,-434.1993164677034
23,0.051262169141742274,24467.915889514596,1381.3750592826875
24,0.05335525146837034,23986.570495478936,-110.90084884279246
25,0.05546637228956934,24166.470248886995,1905.8137104577245
26,0.057573188192548086,24302.51505265313,-730.5238216442276
27,0.05965884044590281,24909.792592721144,1085.5363785227623
28,0.061745123021595065,25509.0500130134,556.6482129091958
29,0.0638268929113719,24416.74581415406,1104.8655093493478
30,0.06592966228838451,24190.010140160008,314.46594946437
31,0.06803125784825748,24083.282766993023,1811.4760048456556
32,0.07013131008699486,23433.19889607213,104.6183248088051
33,0.07223032366074338,22653.75013837896,922.4107058406037
34,0.07432334270720506,21412.55178169192,922.535346358233
35,0.07642066756954473,20652.31954223636,-533.1482591241779
36,0.07850471694556041,19113.631951912244,2320.9090977337974
37,0.08059701946059529,17649.91482639655,-49.3012651881341
38,0.08269521798132064,16391.47798141728,245.41429335432522
39,0.08478307522909848,15318.944695740558,875.5304378533903
40,0.08687780839616016,14319.811565769121,248.71133217569403
41,0.08897524569656534,13160.34976590605,-186.25784410142305
42,0.09108077810470518,11993.042063128103,1472.7862719758807
43,0.09318432266948053,11596.476789923348,379.69556979531217
44,0.0952788764104831,10757.330566290177,-34.924046310265304
45,0.09736254237981037,10265.574034111241,908.6904829938527
46,0.09944832814799408,9727.56497550833,459.96436373592786
47,0.1015460879802399,9471.993600063883,403.1063755465345
48,0.10364263756677322,9141.187502107305,217.06093871927908
49,0.10573893905394659,8812.67525166149,354.97365501185953
50,0.10783958559814742,8660.380946338484,528.5111727270126
51,0.10993894058501318,8361.490928194975,466.90382557427057
52,0.11203921431523854,8221.514833272138,281.5128829934592
53,0.11412334585697578,8062.726977527822,283.6966445232945
54,0.1162159397555423,7968.732812876804,614.3916458735941
55,0.11831372048037725,7926.38133080391,461.1202786517552
56,0.12039723118070132,7795.155820962074,718.0447361140434
57,0.12249223631878574,7612.296418975048,118.46249559286878
58,0.12458825984258635,7550.681063057966,505.17093850643727
59,0.12668846771583772,7376.106741326953,224.44867506441946
60,0.1287846620419941,7188.3566014572225,260.6579200325677
61,0.13087133937881498,7019.11615179469,445.2203622074507
62,0.13297548334406448,6863.759070455811,470.5847667418874
63,0.13506910815256093,6631.699058380616,502.35447563021137
64,0.13716388258568254,6563.03452311287,309.94347061885634
65,0.13926047573721634,6332.044289927459,656.5122842156663
66,0.14134668829083769,6090.951763742741,343.37371548823427
67,0.1434475230090064,5869.294960911633,351.68285441766096
68,0.14554528534185418,5694.865981252494,333.6785200071517
69,0.14763320610735878,5509.823918430807,447.09035565994094
70,0.14972114728432864,5431.255533405348,318.34911382324754
71,0.15181380487515775,5222.602668647767,416.2059761693226
72,0.15392114901003526,5149.070756924246,500.2417948697126
73,0.15602147473412367,5005.348259778452,318.788890521285
74,0.15811617475881218,4854.686262205832,335.5664347874569
75,0.16021187122717997,4706.834154119701,334.81371022123597
76,0.1623006419462899,4601.4665640226285,224.50269679258443
77,0.1643899033199985,4459.135559538324,285.9810171379149
78,0.16648355823815117,4413.054520446159,233.18350968339595
79,0.16857196837784735,4344.993023853558,348.35662767772897
80,0.17066413320893647,4195.637199241497,396.48421703928165
81,0.17277086992561352,4117.744423313095,494.94009345163147
82,0.17486965460096995,4069.6016546261576,367.69446253732514
83,0.17695857694944453,3963.272969141258,368.2623549828411
84,0.17905245093155753,3919.418256006496,295.6388717354435
85,0.18115265212612636,3844.755160176128,319.86859008640187
86,0.1832476884130739,3756.442631905638,276.3682356555942
87,0.1853312475833926,3672.718871542973,365.38385780215833
88,0.1874284892203219,3637.24188163678,365.5047840330704
89,0.1895337179075755,3518.560276395746,328.8711601533984
90,0.1916268196474026,3509.476476419159,257.9465891434408
91,0.1937183403446853,3406.3087366108643,412.8955553953051
92,0.1958131498886989,3340.581521627851,345.1159630930834
93,0.19790587400989662,3283.933029205019,335.8223197677979
94,0.19999906515978938,3225.4669128009436,384.5419579675242
95,0.2020893038374759,3165.445730944782,354.7219443159606
96,0.2041823192148178,3079.5124180451508,364.4915061013162
97,0.2062825911013838,3029.95755891335,371.94583741832645
98,0.20837701891459662,2989.484098283645,419.2778318568281
99,0.21046758167944032,2934.1990921229544,352.2576877771468
100,0.21256678542440183,2864.483251552415,368.2578392506268
101,0.2146619261104852,2849.561183706047,357.57702603458847
102,0.21675618057220372,2779.907045634391,379.71097975894054
103,0.2188528705899679,2730.86990341383,249.53410914017846
104,0.22094564274530842,2668.6861420075293,338.1235172088668
105,0.2230395148320731,2647.017525798619,372.4621669070385
106,0.22513567328585352,2578.4496372000003,368.95742237743764
107,0.22722785048644015,2555.8228472340693,344.46409167686494
108,0.22931975112872324,2512.0972547050314,377.0176820483534
109,0.23141147723465103,2473.5333525020137,356.8526887546889
110,0.23350584674782457,2429.287266457034,366.5204202924383
111,0.23560416522029054,2398.494141149157,337.4088121688439
112,0.2377006336558307,2347.6172023290296,350.95550414325345
113,0.23979727503904752,2325.3295072766855,322.7366055385824
114,0.2418944602532704,2271.150822362249,372.50731882927016
115,0.2439884227569783,2246.611972902619,310.47242438426537
116,0.24608359968283072,2210.2554815273816,387.7235783904594
117,0.24817552807053123,2172.102426588531,313.7027692952139
118,0.25026237006475704,2129.7147873174918,329.78708710411087
119,0.25235861551053484,2097.8126412958436,312.49259881525404
120,0.25445470778669854,2060.491013073578,366.08523771359717
121,0.2565487653287422,2040.7373496751977,359.42670042246107
122,0.2586464955058471,2022.6139549286816,370.1791314129839
123,0.2607443047329862,1969.4504772971247,382.35858441235973
124,0.26284383121734134,1958.7088203788517,367.8620664874597
125,0.264929885565984,1920.1700705277508,379.4269710306996
126,0.2670163698864118,1887.5729593734818,358.3332595308978
127,0.269112135390912,1869.6242587713193,370.98267342112354
128,0.27120764961246213,1836.619713110451,353.1254213037089
129,0.27330509996536784,1811.8575350032154,365.26267786752726
130,0.27539842121309294,1795.33542918439,339.3822913623077
131,0.27749656900268016,1769.2429924737353,380.24238575465665
132,0.27959864364035925,1741.357091847177,377.2413493790561
133,0.2816878213234348,1714.273047887569,348.36711967388993
134,0.28377609558542155,1693.1940570934491,324.38630775010716
135,0.2858732754634003,1668.114229602013,375.94131903831345
136,0.28796861590208045,1639.4388297882094,390.0868930510048
137,0.2900612915162532,1614.0211628574023,346.6685178530653
138,0.2921547032025089,1594.1075345908016,356.91052812356105
139,0.2942501291133245,1575.032772293091,379.908279162716
140,0.2963444256131289,1561.1718942733917,349.2339312527503
141,0.2984361415704375,1537.2314894233907,347.7097242577776
142,0.3005318840555698,1517.3856882322455,351.29138238479555
143,0.30262777760316095,1494.1526510903254,368.1481707950151
144,0.3047248035439954,1482.7739918651298,354.4638908188943
145,0.3068210272572538,1457.8741088817399,357.12129001259433
146,0.3089144805088237,1438.3804209650373,360.08201581573286
147,0.31101080657849756,1422.8544212919685,373.67593893851364
148,0.31310885951912926,1397.4740095765796,383.55722037964335
149,0.3151991603466065,1385.3019686244706,353.49030463966625
150,0.317288667284839,1360.5000211453334,370.5392668830892
151,0.31938044185106124,1346.6874229835146,364.87641837828323
152,0.3214783648369702,1336.198493598981,373.54026287609054
153,0.3235785211189416,1313.837962639268,384.66595713402563
154,0.32566935894833426,1297.5724939632307,376.13727707060883
155,0.32776077751211374,1287.7520645513787,380.7191264878249
156,0.3298523230655558,1265.6989439158008,374.52386610239006
157,0.3319485433973702,1254.2889635946217,378.34193868530775
158,0.33404540358127904,1238.615534091165,370.387296044276
159,0.33613494177837844,1221.0569654386088,358.6124482884143
160,0.3382313832787478,1206.4791994436832,362.87061316907415
161,0.3403308518124324,1192.3092453364843,364.8812037279764
162,0.3424246601457981,1178.5132378654725,371.4748010931161
163,0.3445197272986724,1165.8692780490335,370.957419864231
164,0.3466158524641983,1147.231621034329,357.59771504261516
165,0.3487089916477683,1135.5210923179288,369.4015909202353
166,0.35080114560367615,1126.8994223754694,370.32461118430547
167,0.35289356821720286,1112.1900037519001,375.1079327425811
168,0.3549881110219297,1101.852342468655,369.3275546427418
169,0.35708559248027844,1087.6227180341104,385.23295756691607
170,0.3591813496003593,1074.546163382159,358.70850288843224
171,0.3612749400626811,1063.823116619199,365.32910433276186
172,0.3633693413142722,1052.275713903845,359.6012307768491
173,0.3654632219855477,1037.848298708709,379.9704155793394
174,0.3675603773529471,1029.663322513818,359.32799497965254
175,0.36965434919829326,1014.9340151681514,350.4083082037288
176,0.3717418094879197,1004.1397374579094,365.7742120137799
177,0.37383404253825586,997.7893333540902,367.83339208153177
178,0.3759308579415973,982.2184990479025,362.74613067518663
179,0.37802985088946095,973.0014309841589,370.64092566685906
180,0.3801213498834686,963.4652129801302,363.6749979061861
181,0.38221306010699313,950.2096876318992,364.02022543277496
182,0.3843141376638833,943.3154170523364,363.9707623347134
183,0.3864096355836929,929.3528649403773,364.96034116362335
184,0.388502907295756,921.1997904894799,367.3057825195716
185,0.39059769208540335,909.9018730378882,361.05851159677405
186,0.3926958121232196,901.0515661821458,363.77950222044666
187,0.39478921808384226,892.7406746973224,364.7294879234145
188,0.39687821409975554,882.5515439039299,365.0806515884696
189,0.39897073627813356,873.3725428103453,358.25959401059384
190,0.401067192451382,863.1067047783769,359.79571511746394
191,0.40316228148056854,858.3250003949081,373.2453150991108
192,0.4052546340249366,848.1404439232753,367.74015028800676
193,0.4073499183903822,841.0886498599339,365.3516449368238
194,0.4094468722071623,832.8473003026912,360.75942264020375
195,0.41154432885897757,821.0571780611723,361.15905097142024
196,0.41363408239228544,817.2120112553205,375.3944535285862
197,0.41572494638156243,807.4355983656728,365.0995596029149
198,0.41782181997781404,800.0426708508123,368.7497823326397
199,0.4199166506307261,789.7785668825079,365.5752882406726
200,0.4220107143757513,781.2534924581313,360.19371341077493
201,0.42410542949066876,774.8107686389463,362.23174800814985
202,0.4262013850195404,768.5329245226598,362.9555234105842
203,0.4282955296445312,762.3977900329984,372.8038409105542
204,0.430391806688861,756.2497728176314,355.91826926036305
205,0.432488575457924,745.850439888793,362.2129428534803
206,0.4345806090039814,739.3658030071301,356.08293243874976
207,0.43667244097425384,732.4941167374411,366.92372381351356
208,0.4387671492209622,724.7332159598284,355.38562837062744
209,0.4408622534544343,715.893571344561,368.05091408198496
210,0.44295516415095815,711.8511615091484,367.9984523654533
211,0.4450482683181851,706.68396054289,363.76108790823145
212,0.44714683875742495,696.8741315899906,355.68822282111086
213,0.44924362280569813,695.307749564092,366.6440915007875
214,0.4513338633316258,686.826847503913,359.64002339794405
215,0.45342753643259276,681.6149402939658,360.65448383032464
216,0.45552189548586586,674.4809899054668,355.64420405484725
217,0.45761716616081083,670.1445905160222,359.74431685090303
218,0.4597117909764672,663.7896866350793,361.503336590723
219,0.4618031890496857,656.4997778596779,361.055159210535
220,0.4638995470730997,649.7290659474372,354.62147353188067
221,0.4659948171464902,644.6083090055573,357.9728038672463
222,0.46808929446972725,638.0940807236511,346.5513299799603
223,0.47018492649495636,632.1209426732651,356.514516072871
224,0.4722792778491551,630.4057939897708,355.71049411202733
225,0.47437272572904565,621.9640693726075,353.3199008111146
226,0.47646593372141327,616.6302784482936,355.15976290277047
227,0.47856230727426236,609.7791524103835,358.2691943963689
228,0.48065904058976644,606.9314313731351,352.0788512088609
229,0.4827512226177774,600.538405276817,352.52202458934806
230,0.4848441163240575,599.0098301737919,354.666144964931
231,0.4869397730506266,593.1402912904683,358.4601059410734
232,0.48903678813400875,586.2067367498034,350.71816735241447
233,0.49113096964965397,581.7827664145066,356.04005421473113
234,0.49322332174786626,576.782027327929,353.008584135698
235,0.4953187148676145,570.916250333735,352.301126251263
236,0.49741120358770496,567.4971454599313,351.0951308376146
237,0.49950082345999325,561.9534852654341,346.46775035698187
238,0.5015952506837275,557.8201759581005,348.27114030557686
239,0.5036919972981919,554.7086140541109,350.86205884380087
240,0.5057872116617207,548.923068476399,350.26416497308605
241,0.5078828569897101,545.8140762518814,353.30936608016646
242,0.5099793452386306,540.0801923481997,349.8099693381142
243,0.5120767256379639,535.4905006612303,346.78664595539817
244,0.5141702395931294,532.267045604147,353.6031037971982
245,0.51626132102766,526.6945281835335,349.9036776739154
246,0.5183576899265504,523.2877059589227,351.59961238920977
247,0.5204524416424112,518.2391443542821,346.9589611498058
248,0.5225430403510469,514.6740394377787,344.89107374290813
249,0.5246378991347941,511.7332498974728,347.2034554493532
250,0.5267345150769579,508.0489677096816,349.65868394184474
251,0.5288284644781793,503.7699892245975,346.6468448261825
252,0.5309200047543352,499.91516010698973,343.8820129430634
253,0.5330154787982235,494.76547015438837,345.6220899373284
254,0.5351140455458262,492.10403393935974,346.76777021099934
255,0.5372066203065362,489.4502700701609,347.11519422041914
256,0.5392991990272246,485.5319466609083,348.4199630650911
257,0.5413944118270408,480.44265636137766,343.5080640397821
258,0.5434881995106379,476.8689676986538,341.9659124084672
259,0.5455829952492127,475.06976540580956,343.8058507384361
260,0.5476769745662954,472.50219288363166,346.7907283789799
261,0.5497697255495043,468.5282899217384,342.50796749288776
262,0.5518645446467839,464.40533292953154,345.66976274241165
263,0.5539598571350287,460.426008361097,344.53350518098716
264,0.5560564538950566,456.72404102005567,340.83987764848115
265,0.5581500505101624,454.7994336796149,345.145668467118
266,0.5602409063261653,451.5210651820504,342.7542443955155
267,0.5623379637803174,448.22892936628983,342.28290863434114
268,0.5644363283026402,443.3582835182283,338.13229424403175
269,0.5665273824761494,440.82965587659396,338.35299660561236
270,0.568621249018378,437.226447691183,339.2058531624634
271,0.5707181447612965,434.6969453067792,337.021569551139
272,0.5728127938597997,431.62589013764466,337.41586144344114
273,0.5749070881546879,430.4684040251825,338.0088601681204
274,0.5769991470923068,426.38656558052406,340.3069161321555
275,0.5790956911760897,423.36835947334754,338.11312453553194
276,0.5811893306261757,420.729041921156,336.3330175055201
277,0.5832802267374103,418.52965118817457,336.42837980668384
278,0.5853761830306536,415.2022289209681,336.945201119959
279,0.5874711784415975,412.03683068766236,335.0138962844844
280,0.5895653958899879,409.70651854644916,337.8928928902966
281,0.591659786459685,406.8363981829055,335.55278634702194
282,0.5937551851921442,405.33031866066665,335.7907926677472
283,0.5958498092767481,401.2751707250382,336.25272453528027
284,0.5979447066705442,399.1128179266084,334.9937182030569
285,0.6000383505174957,396.64342946062243,334.6138097408894
286,0.6021313016181767,393.6832643335089,333.7582043963137
287,0.6042246965556944,392.2764555478269,334.95258911715746
288,0.6063189733697846,389.73216160990444,337.408981185052
289,0.6084147213727373,387.1005161683742,338.7227456884448
290,0.6105090855473989,385.99180704553913,336.78260631784997
291,0.6126037649785722,383.3818144121396,337.95928406381154
292,0.6147002391370655,380.06804108235934,335.21304589551335
293,0.616794938930829,378.05528349816046,332.0175873087586
294,0.6188886865784012,375.49699248933126,333.01311606642713
295,0.6209825762252046,373.9455865612128,337.5813207821855
296,0.6230764414889526,370.98837180003864,335.40619124508623
297,0.6251725389343245,369.4013076577652,333.81988108294127
298,0.627266923011265,366.2683290946243,334.07783704284236
299,0.6293596211388142,364.26020744480627,334.66804927896106
300,0.6314513250607457,363.2329948096605,335.35516372122373
301,0.6335475720513941,360.2487827979238,333.17814518594537
302,0.6356444982495617,358.1773882100442,335.7571930902497
303,0.6377358562255245,356.1287760147821,334.99252607059645
304,0.6398302949107263,354.60892654357576,333.3852199472222
305,0.6419256185614247,353.3073704850903,334.8661297094215
306,0.6440214843206593,351.5788543277539,335.05903313754203
307,0.6461142033434962,348.71268183139074,334.3794390606638
308,0.6482061138478032,347.7826048928275,335.96994298781414
309,0.6503020867345045,345.64694026117377,334.28480598773206
310,0.652398185537932,343.09298090043103,332.5047216090524
311,0.6544932048530038,342.32643933345577,335.2473605891672
312,0.6565867871776386,340.49619247331543,335.5373872131631
313,0.6586827890115348,338.6601975325376,336.4642610723923
314,0.6607793300725506,337.40502531347613,335.9365844429647
315,0.6628724964198541,335.0169713923196,335.9749172444262
316,0.6649654402217313,333.8588939343623,336.8469975872149
317,0.667059865407609,332.3053297986179,335.6373580758607
318,0.6691532523078332,330.3782245762062,336.74487380938376
319,0.6712457992597233,328.7569288078081,335.384932897586
320,0.6733390782258323,327.16245022568546,336.32707026979546
321,0.6754367503383576,325.3879953941345,336.73463972406086
322,0.6775335143160066,324.7798083331354,338.7493713215142
323,0.679624621064033,323.39862185189315,337.596117353354
324,0.6817180292738917,321.52452888101874,337.7355441947185
325,0.6838149015047629,320.6825898959304,341.8515412411015
326,0.6859101434268815,319.16438634258225,340.1005403264384
327,0.6880046468184081,317.25986612025554,338.70159453555726
328,0.6900999637264865,317.0974539306612,339.8614423567662
329,0.6921965733216279,315.9382664259573,340.7345645111845
330,0.6942884945981568,314.2860489656647,340.2595815217356
331,0.6963781649531228,312.463826313364,341.11395701219504
332,0.6984747371200234,311.5382376187975,341.5913593808079
333,0.7005690388882679,310.6853188714978,345.2011026049517
334,0.7026621579778546,309.5741762699241,345.37519286712984
335,0.704757268847954,307.80787412525524,344.0907507165023
336,0.7068509057629639,306.74591649204746,344.69613058316025
337,0.708945644402387,306.2905034223795,345.5575862294399
338,0.7110406815970572,305.6925355538818,348.8988882369833
339,0.7131372373036142,304.3112887887989,348.2923940203734
340,0.7152323589250973,302.72597795229746,347.65180262130315
341,0.7173245162021571,302.17240230224184,350.46040981053835
342,0.7194199711852413,301.3711660467802,352.0773491901377
343,0.7215151322330351,300.99152745354024,352.18062384600194
344,0.7236102334592447,300.01926835918204,354.0518572494832
345,0.7257047129497166,299.248787594362,353.8821986292111
346,0.7277958825256088,297.63339079353494,354.13174065055654
347,0.7298900912292255,296.8237499164962,354.9451799647541
348,0.7319867159780691,296.334470952378,356.1316136330387
349,0.7340808521059053,295.6243095279782,358.09163355696154
350,0.7361738853270124,295.0951181266474,358.3562467477155
351,0.7382682123604443,294.62253008200605,361.5530927994888
352,0.7403641944498084,294.23731370639496,364.83046288332605
353,0.7424576311971561,293.38630590680486,363.29247523867076
354,0.7445523870480827,292.9756230400462,365.01127716073273
355,0.7466478284648128,292.22928257171776,366.5334234797619
356,0.7487413917548734,291.57666053379694,369.2465495812724
357,0.7508354594737505,291.42429286480325,369.8884240648041
358,0.7529278056847568,290.7740235548816,371.52187559380667
359,0.7550230257904859,290.11323781347625,370.9555760624623
360,0.7571167923480437,290.0134988825167,374.52398107032985
361,0.7592113317151179,289.9658418208162,377.4655265613912
362,0.7613074731933067,288.7973621033907,376.3172221008813
363,0.7634009581307508,289.44823821805903,380.32660339902895
364,0.7654969266569684,289.52055298334255,385.0895764763857
365,0.7675905899780763,289.0139966644439,385.53520846269913
366,0.7696837880547684,289.50054651391196,389.5579507930864
367,0.7717795008463626,288.2998022862137,388.7631429799185
368,0.7738757788346248,288.5615680322767,391.32176720659396
369,0.7759706260990727,288.719842795502,395.5444606095581
370,0.7780620795267656,288.67265160532054,397.454811247461
371,0.7801559906208961,288.2414507815748,399.00710698328163
372,0.7822523136569128,287.9532565845723,400.26907342769744
373,0.7843481481853999,288.54978862041344,404.6929468974819
374,0.7864425511046899,288.83354616112575,406.63910847949603
375,0.7885343495966205,288.45338692976253,407.96265517187464
376,0.7906286372458883,289.7257683996449,414.67654766592347
377,0.7927244345313397,289.1130599805198,416.63584205746884
378,0.794818005513127,289.60666626750503,418.45801199343384
379,0.7969121491149282,289.83245878940824,421.08523820339457
380,0.7990047112993173,289.33224295797197,421.1161166363676
381,0.8010984966914405,290.2748276591078,427.6902017843006
382,0.8031950165575023,291.3461902808973,431.96486935085153
383,0.80529055904954,288.60762308974677,422.17035726828186
384,0.8073868607794276,284.90393220420316,404.73375256744947
385,0.8094799923089985,279.8725704953951,385.2261387048212
386,0.8115723232550889,277.6577124343547,372.5247190115223
387,0.8136672975922271,274.28528855570477,357.647623088978
388,0.8157631100610689,270.54321294659104,343.227535990869
389,0.8178569790142735,267.80825451224604,329.3972306341083
390,0.8199506303068442,264.5139805251623,317.63507096101506
391,0.8220462665916841,261.6862566493227,305.0541949683131
392,0.8241405937791958,259.60306352947583,295.6941955893898
393,0.8262325853224312,255.76524095415388,282.61465575061146
394,0.8283265675885274,254.2349067524017,274.86224792148874
395,0.8304231027322762,251.77365042855783,264.9061877335104
396,0.832516312308734,249.44192927478704,255.39950551518234
397,0.8346104967180491,248.23433176692023,250.78461579233718
398,0.8367055646585567,245.2069002955238,239.8960760644788
399,0.8387997810841866,242.66037044261128,229.99589210037
400,0.8408959249120883,240.76565354596505,224.74117854961406
401,0.8429902851163829,238.41782918902254,215.21012060902297
402,0.8450834013034724,235.69347045613256,206.71487235334905
403,0.8471787052036875,235.7695208329351,202.81733619197894
404,0.8492741754489669,232.5571463879654,195.47417551547434
405,0.8513666186650054,231.12015167340735,188.41913922282816
406,0.8534586558453424,229.20895590175917,182.16878891387597
407,0.8555555147205227,227.77409009907356,178.14732067420312
408,0.8576510528712873,226.64195643362535,173.2767353918212
409,0.8597438531231701,224.31998743279243,165.63614211206246
410,0.8618396600787528,223.0479995074895,161.5260660869164
411,0.8639352641137702,220.50997411051395,153.23888757681436
412,0.8660278348127696,219.86890840427,151.42767089085658
413,0.8681190723532742,217.68244264265545,144.43355749533575
414,0.8702145301226206,217.38033008536996,142.8143158185363
415,0.8723097299260473,215.75633249339154,137.51195175543648
416,0.8744009465527449,214.1696633452528,133.8118117004797
417,0.8764962014565297,212.28421948545238,128.0622625128489
418,0.8785921785819074,210.79849417150004,123.5329918810062
419,0.8806862529738079,209.95038047256043,121.86143996788425
420,0.8827803474942315,208.10272768144458,116.00202753475999
421,0.884876552415157,206.79485276395297,111.07440601441036
422,0.8869727619955021,205.7806352677659,108.78768835997728
423,0.8890661549276524,204.90218317065987,106.49495321158913
424,0.8911606435626759,203.4920236629445,102.58700341520984
425,0.8932564177642083,201.79708765556805,97.06931128769813
426,0.8953515942364704,200.61774508048737,95.45451674120521
427,0.8974449590572777,200.05886972771273,92.90493015503672
428,0.8995380126042275,198.33444066677654,87.65259991813842
429,0.9016308480731973,197.77153282253772,86.18668184755988
430,0.9037248205752632,196.90245157572542,84.43222843591616
431,0.9058194398636225,195.67295329156812,81.89574187909476
432,0.9079139093175219,194.6184599152871,78.21563290190245
433,0.910011764746055,193.75723914236562,76.42242175146218
434,0.9121056647167038,192.6920803848536,74.0903472222692
435,0.9141967683902507,191.42224818475992,70.76710097874452
436,0.9162922424058753,190.1957030869422,68.74368145879296
437,0.9183868595164038,189.53900699012266,64.80079994915033
438,0.9204815946523948,188.94791438805737,64.7470490054667
439,0.9225765682279964,188.30910821515027,62.889136833357405
440,0.9246708776548578,186.31691448047712,58.67617261829508
441,0.9267650233208798,186.31042305429816,58.69628923060146
442,0.9288581102404102,185.20483370679554,55.368967026820485
443,0.9309518934142385,184.52987942676253,55.20590811730751
444,0.9330469160925099,183.37975373310613,51.9075450549583
445,0.9351415764644654,182.75459809550162,49.38468603677701
446,0.9372369506587555,181.80843905905732,47.34214730371983
447,0.9393287530448476,180.51349669970466,46.19821873594378
448,0.9414229216419412,180.31011817794112,45.38444447480222
449,0.9435209341962445,179.4767944789871,43.823356111720074
450,0.9456148252799238,179.03820433139043,42.813279855260724
451,0.9477091255207061,177.82144728275375,38.3249949343576
452,0.9498037238864095,177.05475032182204,36.49562404011142
453,0.9518981043411001,176.761791662829,36.99408259392909
454,0.9539914706287521,175.64458129294562,34.60385409257352
455,0.9560859977890608,175.26259217199424,33.63354611846759
456,0.9581821096695351,174.76925969834375,32.51742161857576
457,0.9602755737793266,173.7074400258682,30.470168933513538
458,0.9623691838562978,174.01521198502962,31.117054914621857
459,0.9644636726355348,173.085142694065,28.42627657786955
460,0.9665572681340019,172.9527218123604,28.56863761585228
461,0.9686506726657692,171.81705983452616,25.940262558559503
462,0.9707453651438224,170.56381140808654,23.319593802871022
463,0.9728397447984573,170.47917278305258,23.39479710321014
464,0.9749341599912872,169.4152800131157,19.959505538895964
465,0.9770309382258842,169.6085048377557,21.32211907488165
466,0.9791243621626365,168.14940057909766,17.08124885147482
467,0.9812186011668534,168.59120996767493,18.16745423848108
468,0.9833152549762485,167.74161905223036,16.814334466065795
469,0.9854083366977224,166.99065331387857,14.946635209940279
470,0.9875013366256304,167.07341194532498,16.66098890581049
471,0.9895964031766183,166.2290098480203,12.282964412707285
472,0.9916911272506032,166.27522019822652,13.881693575851228
473,0.9937856031740195,165.3267440768035,11.498910682164105
474,0.9958807301039379,164.9899604254019,11.156998332418977
475,0.9979746323874407,165.02955445070563,9.889191137854349
476,1.0000664008054638,163.9314247817908,6.817668692158333
477,1.0021595314674534,164.02621715743985,8.193022764658938
478,1.0042547648495364,164.21516681087905,6.644311002639205
479,1.006349085630113,163.51868732212313,6.941759634898878
480,1.0084443367657523,162.4429382227593,4.080254066455508
481,1.0105398481990022,162.25698564544655,2.2727262766498635
482,1.0126348213072522,162.61313221817582,3.6556064915325908
483,1.0147293432188107,161.68657923629974,0.28286388757419
484,1.0168223222913106,161.00233188644535,-0.571466241093148
485,1.0189181991118834,161.11536327394958,-2.5654462905205326
486,1.0210135889667047,160.28487146764886,-3.844643767635111
487,1.023105517395174,160.5066716681291,-3.706449173970343
488,1.0251997072975425,159.82362784474356,-5.922995802223572
489,1.0272950549324347,160.64487350269053,-3.711946001483658
490,1.0293904044607038,159.34586605434313,-7.14907665869732
491,1.0314847550764672,159.90945817861154,-7.362213523279476
492,1.0335791521913305,159.54528417437342,-6.311936956247034
493,1.035674282724225,158.4690543002236,-12.066622401760299
494,1.0377683744197583,159.80331139546738,-6.627795523561303
495,1.0398611358062981,158.71616643870206,-11.279325563784793
496,1.0419559810580585,158.9213272429712,-11.451307226738855
497,1.0440519355231435,158.46195290715738,-12.978793201134769
498,1.0461442665368221,157.48948341864286,-16.615074724135656
499,1.048238151325366,158.31026459041863,-14.534322398530968
500,1.0503312794335307,156.79763747424863,-20.47450148912608
501,1.0524262698953144,158.07730570159646,-15.412222062208397
502,1.0545208315883745,156.48861589058214,-20.861780276134255
503,1.0566150350094698,157.14806911914062,-20.941057719024943
504,1.058711440318921,156.3503142657087,-23.673354364212493
505,1.060803734980524,156.1986284963108,-26.1648579225343
506,1.0628970711462522,157.4519460729964,-21.690352766172275
507,1.0649945592352892,155.8512610063648,-27.789491386027347
508,1.0670895920886003,155.5027471201259,-28.64881992795676
509,1.0691815189460832,155.43436165881042,-30.95017021895694
510,1.0712752972137536,155.58358647054587,-32.7130693558559
511,1.073371173619778,155.59956464373246,-31.84292745832839
512,1.0754657024825272,154.7501316710995,-38.07816379260843
513,1.077559391113827,154.577260947939,-37.19027353696865
514,1.079654167044188,153.30400626168216,-43.38472152106382
515,1.081749685406742,153.47752347112134,-44.18448069559769
516,1.0838429051818583,153.08800597558857,-47.593291488727736
517,1.0859346611894292,151.85826881424322,-52.15093249226956
518,1.0880274765489322,153.4764930310674,-48.17363442711262
519,1.0901226378244568,151.36867900184282,-56.68536245894985
520,1.092218906510469,150.187217891205,-60.68772430782249
521,1.0943142405516277,152.29181535212223,-57.81180144560846
522,1.0964083656069452,148.78199829733543,-68.2224846720341
523,1.098504575117021,150.96014082790583,-65.172206234394
524,1.100598880587325,146.93860664184825,-77.88786815510903
525,1.1026907648634887,148.2582511862718,-74.30875614725932
526,1.1047864761829782,146.2388228250584,-82.96440450572989
527,1.1068805633882368,145.25627409241594,-90.1282689207141
528,1.1089715885079452,146.03380343533618,-87.89029596635937
529,1.1110674731376504,142.4078595274171,-100.26184719158728
530,1.1131638031712348,144.37445498241235,-94.58492289276174
531,1.1152567400703868,141.15626945230534,-109.36900559761895
532,1.1173518797395834,139.41582330529073,-111.69621515057034
533,1.1194466841667583,137.66774310097293,-121.65186370758435
534,1.1215386388653605,135.04602595270876,-130.04041808925652
535,1.1236321502294464,135.6118379884981,-130.82399044423704
536,1.1257265608788465,131.45780709177046,-147.0709733007636
537,1.127823511019811,130.14801418331072,-148.4515687521855
538,1.1299186917312898,125.67276084716434,-163.97060330447468
539,1.1320102853860914,124.51041018364657,-170.75980047919992
540,1.1341022265777971,121.56402726536558,-181.9940246723227
541,1.136196488705377,117.43800699503505,-194.74676012072513
542,1.1382919496812383,113.71803176394127,-205.40028949367263
543,1.1403848113573067,111.53585707163975,-213.81224992021757
544,1.1424801205078854,109.9071552962797,-219.93141668200576
545,1.144579099546908,107.81559669721855,-225.14455555497273
546,1.1466743733674984,106.37260778155171,-230.42337511301534
547,1.1487627957344069,105.53265830549631,-233.731187716494
548,1.1508586543248278,104.47772292236687,-237.48853371013226
549,1.1529561980713183,103.43138217556229,-242.2487227023826
550,1.1550454984226184,102.32094744302938,-242.98276299302782
551,1.1571409429142046,101.7592848603985,-246.80122157232333
552,1.159240859340017,101.01736983274463,-248.5982297900184
553,1.1613355832020602,100.63236740846105,-251.59605977446745
554,1.163423871831942,99.37684073323756,-252.83140830900362
555,1.1655188736812345,99.71648877012427,-257.0943060324395
556,1.1676174368768866,98.43099555058485,-256.83415348499346
557,1.1697080797153998,98.13597775143153,-259.7016890802378
558,1.171800206369591,97.7385631577243,-262.2519372383054
559,1.17389591489135,97.22331069698764,-264.3195836573684
560,1.1759888523797297,96.50387266592529,-265.2017122385541
561,1.1780809947202961,96.65620350811288,-267.7210671907685
562,1.1801761196344618,95.00356259833646,-266.5025960632809
563,1.1822736635654147,95.48783288715325,-269.69870475323205
564,1.1843710306693693,95.23024980098329,-270.6563675513207
565,1.1864625384002512,95.39926479652362,-272.5471688694507
566,1.1885545198904406,95.3257173720562,-274.69209233018466
567,1.1906522613678343,94.7464978798234,-276.36078551366046
568,1.192750069492095,94.8433012382565,-278.1712683399691
569,1.1948381381583106,94.46419864946436,-279.0038725964403
570,1.1969297222624806,94.54848540236172,-281.36270615185487
571,1.1990290164311135,94.1314255513751,-281.6004761970972
572,1.2011243924560484,94.01684307466408,-282.6630801186838
573,1.2032149592826593,93.9165572617573,-284.56753213632436
574,1.2053132365828256,93.48294218588775,-284.5670620527243
575,1.20741576508926,93.67269556659627,-287.0109024160111
576,1.2095030565711475,93.5858190261017,-287.61297843479105
577,1.2115949657999687,93.25312020377821,-288.61500999508735
578,1.2136960046145377,93.15047102948681,-288.6079042409291
579,1.2157928316049589,93.67959391122518,-292.23370798964777
580,1.21787984102748,93.27792836560276,-291.8678270786052
581,1.2199725120701903,92.906500396896,-293.1046129918266
582,1.2220773486348555,93.9630663721533,-297.08974407841225
583,1.2241717280648772,94.09063292028243,-298.72203252252586
584,1.2262574809145717,94.55227067709822,-300.6748537598356
585,1.22835205989159,93.13339674569225,-297.98974776161964
586,1.2304511070315651,94.24765271286834,-302.0093469369906
587,1.2325439941641703,94.92859131025389,-305.5950186138196
588,1.2346327282165248,94.91428939153712,-306.56459195036933
589,1.2367296121231413,95.13806188905107,-308.45366157961234
590,1.238832433751825,95.04155179603688,-309.0483597904755
591,1.2409238541102623,94.83581367473094,-309.08835407536986
592,1.243012379245932,94.81625605544161,-310.1886770978392
593,1.2451094606314712,95.22177708492121,-312.60433726755724
594,1.2472066170026377,95.94250933943296,-315.2773259877587
595,1.2492929515805862,96.59754635055783,-317.87493182733357
596,1.2513843202334647,95.84441760564587,-316.8764978239186
597,1.2534920777891505,96.32701372113223,-319.54402751435055
598,1.2555889180496558,97.70276357672893,-324.2683583994682
599,1.257667580798784,97.29092038088004,-323.6954006111982
600,1.2597632986068967,97.69363250067222,-325.59533066620617
601,1.2618709074503869,99.11749436912991,-331.5948836254294
602,1.2639618917954016,99.13632114851235,-331.9163089095953
603,1.2660463256389345,99.7036805817308,-334.69253496713236
604,1.268151380164154,100.2642899238007,-336.97398458476243
605,1.2702573897615381,100.39591316253393,-337.9910672090492
606,1.2723329096911193,101.44201728627519,-341.90443354939595
607,1.2744197010315288,101.4512166697281,-343.2027240526243
608,1.2765327006010119,101.0212516720392,-342.1449854496555
609,1.2786342467193723,101.95480721932186,-345.5691102791037
610,1.280707182799757,102.86512649798333,-349.0289421444888
611,1.2827931530633179,102.86516025520285,-349.2809259425308
612,1.2849085387747612,104.08338007554785,-354.78996245731946
613,1.287000364654089,105.88513698921642,-360.79804415362554
614,1.2890781709908103,106.10920228603028,-362.0980373730102
615,1.2911842108955598,106.44807023265749,-364.1297491097457
616,1.2932965864662813,107.10099003505464,-366.7039721032048
617,1.2953774115066516,107.80879838094012,-369.63337615888685
618,1.2974494068131983,108.12229600359888,-370.8981007118608
619,1.2995653278098822,108.26701682821673,-372.7657737575453
620,1.3016791376111048,110.8291033820607,-381.16345432310237
621,1.3037423234004764,110.28740665640389,-379.59406870298284
622,1.3058199114096363,112.44600868308093,-387.0745617966951
623,1.3079467955462118,111.79148459255848,-385.5518490022614
624,1.3100601882305882,113.18898977255392,-390.71928284558425
625,1.312113308135768,114.02802979590825,-393.7000208671468
626,1.3141962752176515,117.36006664398286,-405.6043478180485
627,1.3163277077674513,117.50818991714367,-406.3050505479522
628,1.3184175493918626,117.86077850062709,-408.21653938021666
629,1.3204856618221223,119.76154531357146,-414.92620971643737
630,1.3225968812824558,118.88655780492361,-412.0860891262672
631,1.324712528812616,121.6538911505962,-421.9720882208936
632,1.3267701241226586,124.40136426359247,-431.79177425435716
633,1.3288455369869492,125.94050354892548,-437.2853919551211
634,1.331007859279665,124.92532013617051,-433.9196090442569
635,1.3331193077637633,127.0158947190242,-441.8832151311876
636,1.335111114646517,129.66998850581035,-451.2800772138189
637,1.3372000138113185,129.1084525577114,-449.83361745437253
638,1.3394207042773567,133.4229598637466,-464.8331148025166
639,1.3415191831855293,131.86934893664773,-459.0958278138659
640,1.343419658472025,133.74225793864895,-466.05822982177574
641,1.3455475267642247,137.28351718362117,-478.5705044508495
642,1.3478257671998863,137.63149485579427,-480.1055190776671
643,1.349910545699746,141.05614744935488,-492.45816391162043
644,1.3517701887420612,139.94230975340363,-488.57127159150747
645,1.3539417100377606,143.65918060063814,-501.8488583908306
646,1.3562514521124112,146.74058871950274,-512.6237264387933
647,1.3583044750242828,148.69721927825356,-519.8060815180978
648,1.3600937081391848,145.99202656422565,-510.0304543899513
649,1.362315666351114,152.30930617248848,-531.7914880703202
650,1.3646739887244697,151.1151802996748,-528.4563204231348
651,1.3666040349314283,151.6777965274346,-529.863212476825
652,1.3683585203137423,153.76687533742248,-537.7358559199059
653,1.3706879171444677,167.1948197100549,-584.5431236897359
654,1.3730812726720756,168.86786062913757,-590.4906559873368
655,1.3749143385354152,161.91046538140444,-565.9866446337917
656,1.376679031839902,167.53567584596354,-585.9513249983794
657,1.3790764132796052,172.72565313756974,-604.5699324398095
658,1.3814727924700456,172.0706887011315,-602.0311828022026
659,1.3833424067073374,153.91401955349716,-539.4249887775633
660,1.3850593718572481,176.30465365572505,-617.1205499215525
661,1.387433769507078,182.4005308444206,-638.3429957444993
662,1.3897620281243455,127.16923758426631,-445.27714029022866
663,1.3917897627196847,144.78681112141192,-506.26200170743783
664,1.3929979117318791,616.6215362515721,-2158.1753768805024
