,k,Pk0,Pk2
0,0.0029665470748989845,1502.1812633304,-2102.5050142203518
1,0.005026374055021859,5370.17578636309,3630.278550478753
2,0.007149300621522788,5685.7651599499295,298.63606867755624
3,0.009278869254964255,6178.138738140733,-2020.5482412010485
4,0.011450332619344701,6270.91152245484,-3377.8123282116157
5,0.013492955871419151,7500.313346782107,645.096734015724
6,0.01558905561191893,7609.431631243354,-2695.947041009157
7,0.017694083672553172,7501.8674201168415,3780.885501547922
8,0.019817874803135297,8382.560600823595,-853.8902548599262
9,0.02192074938196264,9092.751785030698,-649.1954538503777
10,0.02398877635566245,8871.960488077724,225.66938323671926
11,0.026092869718961156,8496.70908770432,-767.5285122324906
12,0.028234663152781798,8831.130984481446,1628.1676113131884
13,0.03032284873509123,8699.077168429472,-201.45768005703536
14,0.03240263258943404,8403.033502512668,-408.50982670960093
15,0.03449210129864554,8203.136477285698,1673.264876314739
16,0.03658588147515197,7979.286688144248,1080.6061360941371
17,0.038684769492669774,7665.477467814797,311.34258372297376
18,0.040788988884582836,7406.877345802167,-298.4107882648017
19,0.04289390876967646,7231.959360701006,-168.11749092687614
20,0.04498336005546935,7149.090182436345,890.9605414591429
21,0.047064985294738244,6897.400526984429,126.95239412797739
22,0.04917111919158227,6640.324824849143,531.806838727796
23,0.051262169141742274,6418.411083780123,-380.66288469132627
24,0.05335525146837034,6314.684505203444,44.97607115148755
25,0.05546637228956934,6027.253928992823,224.98577792771255
26,0.057573188192548086,5987.793077934113,-23.779758998021574
27,0.05965884044590281,5788.689592458918,391.9647806068857
28,0.061745123021595065,5679.526980386505,99.10191458415815
29,0.0638268929113719,5652.29552612012,181.94273142956703
30,0.06592966228838451,5456.456274024093,-580.6924697867136
31,0.06803125784825748,5466.728323323667,804.883432426986
32,0.07013131008699486,5355.5270756063355,446.087883438476
33,0.07223032366074338,5246.117266474407,671.9562494570237
34,0.07432334270720506,5097.574059809586,640.2407912737968
35,0.07642066756954473,4946.497663286562,-219.8831073689801
36,0.07850471694556041,4894.068377991975,718.5095350193125
37,0.08059701946059529,4775.101952680952,336.2717830570057
38,0.08269521798132064,4639.328254623034,88.74040956564401
39,0.08478307522909848,4464.780450804716,574.4145130049106
40,0.08687780839616016,4367.383999740355,340.6177657629
41,0.08897524569656534,4263.370046149879,-31.388392508169613
42,0.09108077810470518,4166.2855155139205,313.82258209591987
43,0.09318432266948053,4046.591021614879,45.382038963249705
44,0.0952788764104831,3997.7004608057614,230.30333937049252
45,0.09736254237981037,3781.657476472588,168.2494010194646
46,0.09944832814799408,3706.406680802031,403.09028958991735
47,0.1015460879802399,3602.299343633887,27.771785650431077
48,0.10364263756677322,3420.2244305379004,229.16502779567153
49,0.10573893905394659,3398.8030241083275,270.1595266198948
50,0.10783958559814742,3299.6307799220394,85.84476948091212
51,0.10993894058501318,3279.8108589256058,366.08890253917986
52,0.11203921431523854,3155.989791677642,128.63166440869173
53,0.11412334585697578,3050.5415653247887,341.7558688557265
54,0.1162159397555423,2974.605743083174,185.24376497533245
55,0.11831372048037725,2934.08200320925,87.50452223366703
56,0.12039723118070132,2860.9436171387397,198.3097305770816
57,0.12249223631878574,2792.5527626341473,139.25825083719783
58,0.12458825984258635,2769.2212391142534,194.78344315595353
59,0.12668846771583772,2700.8133392685554,23.00284093160879
60,0.1287846620419941,2627.373977258956,218.5214768869053
61,0.13087133937881498,2577.27797780727,247.13298406289238
62,0.13297548334406448,2539.102198166228,187.72008738014432
63,0.13506910815256093,2499.261666718463,188.57807627485764
64,0.13716388258568254,2456.2573778946276,186.71085722366902
65,0.13926047573721634,2421.955514149442,222.7161863209621
66,0.14134668829083769,2355.727633462968,197.46425208320238
67,0.1434475230090064,2340.0365107775033,145.91053412601514
68,0.14554528534185418,2261.786082260664,160.59287129336144
69,0.14763320610735878,2242.0921377209615,65.69631689808142
70,0.14972114728432864,2228.8717295470337,140.32311503049172
71,0.15181380487515775,2159.516991773847,87.99953982269894
72,0.15392114901003526,2106.3048468139523,158.69161446874108
73,0.15602147473412367,2079.7736477004737,105.83344934995684
74,0.15811617475881218,2035.0796105806094,35.89733549139357
75,0.16021187122717997,1996.9891290563583,127.77167270133387
76,0.1623006419462899,1963.1575926567064,122.52745160697441
77,0.1643899033199985,1900.1554842732942,113.86342659832765
78,0.16648355823815117,1870.1146371554357,119.93312444792042
79,0.16857196837784735,1850.816104520141,136.2017875851869
80,0.17066413320893647,1769.5384403263638,121.68310470441303
81,0.17277086992561352,1749.5274346527617,148.15148261583272
82,0.17486965460096995,1712.3302767132454,116.96313077778262
83,0.17695857694944453,1686.5421808816018,143.14575247412424
84,0.17905245093155753,1639.7762182830984,101.84911954763668
85,0.18115265212612636,1610.9048603224896,140.19327382495484
86,0.1832476884130739,1577.892394166033,113.73551932367809
87,0.1853312475833926,1564.8497259840872,181.3139799939002
88,0.1874284892203219,1508.6281165097246,140.9089860731085
89,0.1895337179075755,1493.2399051442253,103.07488582455237
90,0.1916268196474026,1480.9191904736997,104.31108320969635
91,0.1937183403446853,1456.67223676115,147.64458320935293
92,0.1958131498886989,1434.2678891371886,100.67595895072766
93,0.19790587400989662,1407.0868352967254,126.46681409302407
94,0.19999906515978938,1389.4974558474346,156.02708474340142
95,0.2020893038374759,1379.886080322867,107.86338197510398
96,0.2041823192148178,1341.4046521136383,122.68013495470996
97,0.2062825911013838,1327.9177435992938,132.3756036050521
98,0.20837701891459662,1310.3736407045978,143.47469786921206
99,0.21046758167944032,1300.9655435482323,96.80792503672286
100,0.21256678542440183,1270.871518747988,104.73408796252649
101,0.2146619261104852,1251.326878599575,114.27084118008987
102,0.21675618057220372,1228.590502855186,107.7941214709625
103,0.2188528705899679,1206.218143189354,103.15192560430614
104,0.22094564274530842,1189.4930088900392,86.29456018257041
105,0.2230395148320731,1169.8555008341232,112.29012062031887
106,0.22513567328585352,1152.4874365223889,115.83831321428288
107,0.22722785048644015,1135.2131608652644,127.72559085997527
108,0.22931975112872324,1116.2008018761812,91.67288194552577
109,0.23141147723465103,1097.1423775302865,115.59248637311721
110,0.23350584674782457,1081.318679268764,101.08390439992306
111,0.23560416522029054,1067.8203603559796,111.8740074248946
112,0.2377006336558307,1047.5490475074366,97.57499394085572
113,0.23979727503904752,1025.6163042738785,85.75175054801748
114,0.2418944602532704,1013.4954333326024,132.86842340908862
115,0.2439884227569783,997.8962859961414,114.53699172121584
116,0.24608359968283072,983.3193375082449,131.36763673967548
117,0.24817552807053123,962.446838601465,108.81241572200484
118,0.25026237006475704,952.20627610656,104.45535135309221
119,0.25235861551053484,944.0846090226801,114.99096206430424
120,0.25445470778669854,927.8077809237193,119.05935711182912
121,0.2565487653287422,919.3843955840922,106.37165186096192
122,0.2586464955058471,901.9056280317118,86.95806353882249
123,0.2607443047329862,886.8043228191385,113.63618840782048
124,0.26284383121734134,870.6970527908758,111.13664623803638
125,0.264929885565984,858.8267293979933,106.73401538899546
126,0.2670163698864118,850.6027370317196,95.67382912073234
127,0.269112135390912,839.514877597734,110.53614800574336
128,0.27120764961246213,829.6776983369289,113.00978672819814
129,0.27330509996536784,815.9080794233628,100.2965634568496
130,0.27539842121309294,810.8798171340394,112.27255161571243
131,0.27749656900268016,792.7586142506327,125.07737594005798
132,0.27959864364035925,785.1876851389978,106.85127069997252
133,0.2816878213234348,773.4627304164595,114.76919060669208
134,0.28377609558542155,768.7541375342154,112.1162194001138
135,0.2858732754634003,757.2098740049769,119.94677339075805
136,0.28796861590208045,742.8193797467005,112.64407427239067
137,0.2900612915162532,730.1427701730101,100.18111882665116
138,0.2921547032025089,726.5131189805733,107.43450478504157
139,0.2942501291133245,714.2945705457245,109.60697454310332
140,0.2963444256131289,705.7670329145242,114.94202741705551
141,0.2984361415704375,696.3226472423617,113.04148074420786
142,0.3005318840555698,687.3420237546095,106.03553440079547
143,0.30262777760316095,678.2259488798654,115.03080360182577
144,0.3047248035439954,665.713916486392,108.81652862200015
145,0.3068210272572538,663.3936921083439,116.38280881287407
146,0.3089144805088237,650.2427667650193,115.99446501856745
147,0.31101080657849756,642.5316860533112,116.76439922441755
148,0.31310885951912926,636.441153104106,112.88191088822742
149,0.3151991603466065,629.9355369175669,112.30339254266035
150,0.317288667284839,617.3605660337474,114.04358001248889
151,0.31938044185106124,612.6807436640148,110.47931126783506
152,0.3214783648369702,603.7966841196412,112.4766709775851
153,0.3235785211189416,598.9043181552975,105.87654958208932
154,0.32566935894833426,586.4005962222509,106.95647700990591
155,0.32776077751211374,583.0095644081234,100.37826025051532
156,0.3298523230655558,573.7451125411659,106.86955494240704
157,0.3319485433973702,568.31970269845,109.03812891728138
158,0.33404540358127904,561.1732211743034,104.18246322945042
159,0.33613494177837844,554.3904586113808,108.97876177073329
160,0.3382313832787478,548.5244582299387,108.68328301523904
161,0.3403308518124324,541.4020461829152,109.99778041962227
162,0.3424246601457981,538.0070041382858,111.52434262588234
163,0.3445197272986724,529.0435762667786,102.63230120673958
164,0.3466158524641983,521.6849778121806,105.43108238798656
165,0.3487089916477683,517.7051864880675,110.0393381480706
166,0.35080114560367615,511.04578033936474,104.29881966487403
167,0.35289356821720286,504.6601775729949,108.41062083544875
168,0.3549881110219297,501.4834579261935,109.58442451198546
169,0.35708559248027844,493.9408984355438,114.76135487977058
170,0.3591813496003593,487.75128632322185,104.97119523070472
171,0.3612749400626811,483.78736560409527,110.55906342768887
172,0.3633693413142722,476.4264907235463,110.8527742312382
173,0.3654632219855477,470.6840260411117,106.29031641302603
174,0.3675603773529471,467.92856799907065,104.88713641912578
175,0.36965434919829326,460.6776953596807,110.6943258425404
176,0.3717418094879197,455.68768185916946,112.88405048932728
177,0.37383404253825586,453.33884456676685,109.6367784410595
178,0.3759308579415973,447.1286376233232,114.53281577004698
179,0.37802985088946095,442.19415010194956,112.40562611435338
180,0.3801213498834686,437.40601568901434,109.64095706178621
181,0.38221306010699313,430.5198146404745,115.71882467564554
182,0.3843141376638833,428.00150641405713,113.12058123284085
183,0.3864096355836929,424.28992031305484,115.94127381418849
184,0.388502907295756,419.414144796951,108.34189127675238
185,0.39059769208540335,414.01667804756727,114.1516102055534
186,0.3926958121232196,408.1080976841086,108.51132894165741
187,0.39478921808384226,405.6336890659681,110.60318998930717
188,0.39687821409975554,400.79442548788813,111.01346913594159
189,0.39897073627813356,396.3412585294558,108.22928956698303
190,0.401067192451382,392.1153605957031,108.27822877733973
191,0.40316228148056854,388.8187463835741,110.73701300376032
192,0.4052546340249366,384.1711713853048,103.46388674921477
193,0.4073499183903822,380.27727786984866,108.1718461651829
194,0.4094468722071623,376.26147161341186,106.51683944517885
195,0.41154432885897757,372.0239342440717,109.2826660987448
196,0.41363408239228544,367.99993261757,110.17811487456697
197,0.41572494638156243,364.43911618350546,101.647071520331
198,0.41782181997781404,361.10630522706595,114.20590422789518
199,0.4199166506307261,358.83777669410745,112.27850299563065
200,0.4220107143757513,353.7842242039578,107.73856223818466
201,0.42410542949066876,350.2627494176749,111.77298618269127
202,0.4262013850195404,348.92225448311694,112.14105503126834
203,0.4282955296445312,343.23084460645276,112.75038646591769
204,0.430391806688861,341.2467798907757,112.2290797933367
205,0.432488575457924,336.3147256496695,109.90792245075781
206,0.4345806090039814,333.03112364768305,106.96583526131134
207,0.43667244097425384,330.39657526928295,110.50992916506598
208,0.4387671492209622,327.3889418784425,106.34853439170728
209,0.4408622534544343,324.2438368749995,108.87402136911338
210,0.44295516415095815,319.7340283158139,107.97986786411359
211,0.4450482683181851,316.7159371790136,108.55465153673669
212,0.44714683875742495,314.1512320297595,108.96212931529259
213,0.44924362280569813,311.753867403411,108.1876522943469
214,0.4513338633316258,309.4969385714042,112.25846987158548
215,0.45342753643259276,305.3478538533293,108.60169739092606
216,0.45552189548586586,302.5783059648196,109.23878812058857
217,0.45761716616081083,299.3657335124729,112.6392180255373
218,0.4597117909764672,296.92237371682666,110.59003014164281
219,0.4618031890496857,293.68273299958327,107.82408595794274
220,0.4638995470730997,290.5852414824759,105.57826324529157
221,0.4659948171464902,288.71201520605894,111.59103371385144
222,0.46808929446972725,286.6169863795431,108.16821758703645
223,0.47018492649495636,283.3935905863927,107.9528472952759
224,0.4722792778491551,280.3471249438606,107.46173037475643
225,0.47437272572904565,278.3359671624152,107.13150405564132
226,0.47646593372141327,275.6926759364154,108.29993775489508
227,0.47856230727426236,273.1863757085084,109.71693548531977
228,0.48065904058976644,270.2593592133385,106.7652614781499
229,0.4827512226177774,267.94818503409084,112.15928154877844
230,0.4848441163240575,265.88574523326116,106.44379421548861
231,0.4869397730506266,263.7202334847695,107.63941792954896
232,0.48903678813400875,261.3205461977337,108.12060878582488
233,0.49113096964965397,257.97730536784866,108.29620081655908
234,0.49322332174786626,256.1723203025352,109.53140472664376
235,0.4953187148676145,253.88721308178947,107.3842011801915
236,0.49741120358770496,252.30544060643942,109.68286418196612
237,0.49950082345999325,249.725026428295,107.59391709958484
238,0.5015952506837275,247.58756602079072,107.34502711192835
239,0.5036919972981919,245.198518954911,106.65067992124256
240,0.5057872116617207,242.66410690721742,108.6737587660847
241,0.5078828569897101,240.75815654606848,107.62330335197166
242,0.5099793452386306,238.068779750778,108.4249711248622
243,0.5120767256379639,236.90812275375805,107.0777273120545
244,0.5141702395931294,234.04136724635555,106.85398327363113
245,0.51626132102766,232.8202595755006,106.89752635578638
246,0.5183576899265504,231.03775826477187,107.7656714310053
247,0.5204524416424112,228.09498580356606,105.61560753659423
248,0.5225430403510469,227.02857891831363,107.09301788073599
249,0.5246378991347941,224.839558339601,103.95452001348808
250,0.5267345150769579,222.68527639048943,103.52200660023381
251,0.5288284644781793,221.1688023492533,106.29028168836619
252,0.5309200047543352,218.91010091189426,107.20784099093547
253,0.5330154787982235,216.96487323114292,105.44549543421354
254,0.5351140455458262,215.79182142943225,106.19504036877001
255,0.5372066203065362,213.79051981336374,105.2265809300627
256,0.5392991990272246,212.16632344064743,105.50516981387275
257,0.5413944118270408,210.6988036467355,104.51603070599178
258,0.5434881995106379,208.73736633576806,105.5574644454246
259,0.5455829952492127,207.51519446507208,106.16166042241106
260,0.5476769745662954,205.36724624769337,105.14950497807129
261,0.5497697255495043,204.1160833468361,104.6012394796583
262,0.5518645446467839,201.839006273981,103.3521529615928
263,0.5539598571350287,200.59482521520184,105.20711433241058
264,0.5560564538950566,198.4546146277699,103.65431049529963
265,0.5581500505101624,197.4255300903204,105.42373396703455
266,0.5602409063261653,196.2470408321908,105.58768821249011
267,0.5623379637803174,194.49472541028283,107.02113256004858
268,0.5644363283026402,192.77473473576464,103.15896709372178
269,0.5665273824761494,191.21726238797325,104.74512852111538
270,0.568621249018378,189.38225564832996,104.01013075556143
271,0.5707181447612965,187.5939496249582,104.28747731944271
272,0.5728127938597997,186.4780554461383,103.83656913718863
273,0.5749070881546879,185.67131149640588,103.48514304531615
274,0.5769991470923068,183.5896124311421,103.81235580905052
275,0.5790956911760897,182.0682919016073,102.82951675547667
276,0.5811893306261757,180.82763799114912,102.80810100229957
277,0.5832802267374103,179.40411440628867,102.2258753214942
278,0.5853761830306536,178.14118589644517,103.56304499002017
279,0.5874711784415975,176.94663341350758,101.86066336764105
280,0.5895653958899879,175.82121648858757,102.99571862757308
281,0.591659786459685,174.48966605015033,104.00522499192942
282,0.5937551851921442,173.29943086978713,102.99416887693114
283,0.5958498092767481,171.7915213984464,101.73882352701062
284,0.5979447066705442,170.633218157127,102.72005795453335
285,0.6000383505174957,169.04591479880654,102.86030901810047
286,0.6021313016181767,167.40520715099532,101.08257445212355
287,0.6042246965556944,166.56743729797898,101.38116550052443
288,0.6063189733697846,165.46336283853162,102.55721352973744
289,0.6084147213727373,164.64902221910185,101.70439709748543
290,0.6105090855473989,163.08503768398924,101.19228435585131
291,0.6126037649785722,162.1533389420185,102.73432666808475
292,0.6147002391370655,160.5182361023963,102.48129508238848
293,0.616794938930829,159.57791151448527,101.64005797863186
294,0.6188886865784012,158.53062290492912,101.44595230032736
295,0.6209825762252046,157.06588906339962,101.04887152743652
296,0.6230764414889526,156.36895983493915,102.05212763702232
297,0.6251725389343245,154.6730681370542,100.15470066552757
298,0.627266923011265,153.06377155116655,98.80839957456763
299,0.6293596211388142,152.4563723579104,99.81221723434349
300,0.6314513250607457,151.74519252831558,99.7014576158022
301,0.6335475720513941,150.33933117673473,98.93292658187137
302,0.6356444982495617,149.6592262853965,99.99413701070115
303,0.6377358562255245,148.58092711627955,99.85558618604354
304,0.6398302949107263,147.52424275524461,99.82326916872476
305,0.6419256185614247,146.29033404076782,99.58864231073679
306,0.6440214843206593,145.52802691277054,99.93141936785277
307,0.6461142033434962,144.56601052784714,99.22961274068044
308,0.6482061138478032,143.49774032449164,98.97281206450822
309,0.6503020867345045,142.69493659188058,99.5100327800449
310,0.652398185537932,141.47135121260126,98.96523780677929
311,0.6544932048530038,140.4393620671507,98.4023831363753
312,0.6565867871776386,139.39355942847695,97.95739463167025
313,0.6586827890115348,138.66086156150425,97.80328608633607
314,0.6607793300725506,137.40461636728267,97.37162572650483
315,0.6628724964198541,137.0984578837097,99.27653819097755
316,0.6649654402217313,135.58309660822943,97.56526014020385
317,0.667059865407609,134.65252977507768,98.2276032120396
318,0.6691532523078332,133.91602973510646,96.49586097726629
319,0.6712457992597233,132.86187374478055,96.40843638578052
320,0.6733390782258323,131.81295540924745,96.69347371664914
321,0.6754367503383576,131.474248032143,97.31575585503742
322,0.6775335143160066,130.51355649764457,96.45185837128182
323,0.679624621064033,129.42775230406414,96.62286278917036
324,0.6817180292738917,128.88208720545163,96.46999080202875
325,0.6838149015047629,127.7738274251467,96.40904710941243
326,0.6859101434268815,127.08081274891033,96.73323285720124
327,0.6880046468184081,126.26755353221368,95.74220836999274
328,0.6900999637264865,125.36797413220376,95.52962585738487
329,0.6921965733216279,124.77721794827033,95.94586491157789
330,0.6942884945981568,123.82604468413257,96.10651178673409
331,0.6963781649531228,123.04979703743751,95.54063070838767
332,0.6984747371200234,122.23189022138199,95.0615107681901
333,0.7005690388882679,121.5538508584613,95.2193347825393
334,0.7026621579778546,120.56693553856672,95.3036432234376
335,0.704757268847954,119.85710004686945,93.80516087006067
336,0.7068509057629639,118.97824373223288,93.812366185599
337,0.708945644402387,118.26471706655427,94.85915740277966
338,0.7110406815970572,117.64628434921211,94.47638931957341
339,0.7131372373036142,117.13812625373598,94.17506785830254
340,0.7152323589250973,116.13960016869368,93.91288711201425
341,0.7173245162021571,115.35276024295717,94.26768692489884
342,0.7194199711852413,114.65621371871971,93.54549385150052
343,0.7215151322330351,114.070475048741,93.55357693383503
344,0.7236102334592447,113.3567122844123,93.21476859356824
345,0.7257047129497166,112.58006411120405,93.0659939103057
346,0.7277958825256088,111.94278546460626,92.37441121926966
347,0.7298900912292255,111.26622551737448,92.28638789714414
348,0.7319867159780691,110.68901382638691,92.37218722033516
349,0.7340808521059053,109.83995302752433,92.55825562065921
350,0.7361738853270124,109.32677435733551,92.96956858351109
351,0.7382682123604443,108.71961246712787,92.18963624117127
352,0.7403641944498084,108.0801502128329,92.53900862363838
353,0.7424576311971561,107.2605404336067,91.77564581369482
354,0.7445523870480827,106.67348897568901,91.31948215718378
355,0.7466478284648128,105.7947720891707,91.3038973762107
356,0.7487413917548734,105.43164771017288,91.25014605961537
357,0.7508354594737505,104.89339368288024,91.36497777802764
358,0.7529278056847568,103.97560153546367,90.29637454620632
359,0.7550230257904859,103.46646419567472,90.16175253459159
360,0.7571167923480437,103.09124935235283,90.49087316987742
361,0.7592113317151179,102.28467703198243,90.10696841947639
362,0.7613074731933067,101.71266524310688,90.13269450039819
363,0.7634009581307508,101.01966833739066,90.10369257713576
364,0.7654969266569684,100.53016500620498,90.01569906551386
365,0.7675905899780763,99.98654996739418,89.54529170595245
366,0.7696837880547684,99.55636484381489,90.07487967806695
367,0.7717795008463626,98.96337629711982,89.92182019072237
368,0.7738757788346248,98.3497265356475,89.31582422049523
369,0.7759706260990727,97.71805830498718,88.85066926977053
370,0.7780620795267656,97.25957111707015,89.22773584914543
371,0.7801559906208961,96.60926043408226,88.77190478002387
372,0.7822523136569128,96.01909711820072,88.27903033086852
373,0.7843481481853999,95.4190810294283,88.07055834822417
374,0.7864425511046899,95.05085191353783,88.34690272803506
375,0.7885343495966205,94.53152452331717,88.17155074324904
376,0.7906286372458883,93.96248420634427,88.22157476712012
377,0.7927244345313397,93.22725716629233,87.74557199434604
378,0.794818005513127,92.86964373790617,87.78682208181844
379,0.7969121491149282,92.44224954246144,87.32104275771043
380,0.7990047112993173,91.88151326867533,87.09169424319872
381,0.8010984966914405,91.44321151093544,87.34835341945431
382,0.8031950165575023,90.93285519238687,86.95473636517497
383,0.8052905677217739,90.34595987236807,86.4523050179298
384,0.8073868841230295,89.75424248263424,86.0474142772377
385,0.8094800557409162,89.34632325662459,86.96861951097941
386,0.8115724907946299,88.92014856298367,86.10228703575528
387,0.8136674854006812,88.69796595956461,86.53959077687828
388,0.8157633267681768,88.09359736555838,86.26106842847206
389,0.8178572815764139,87.51090911023522,85.81041586467464
390,0.8199509017046862,87.16016207190857,85.99814710204869
391,0.8220464110750062,86.54581183624353,85.39030280239022
392,0.8241406544737637,86.17883486263315,85.48372067116404
393,0.8262328397247414,85.76509929636372,85.20136885356082
394,0.8283269471334518,85.45852533666046,85.82411874196114
395,0.8304231064697798,84.67096954085446,84.43074185296686
396,0.8325161683796762,84.39128879529768,84.9285001749919
397,0.8346105557242035,83.89890905235883,84.74493628894511
398,0.8367059794413102,83.47218955351933,84.20366808492302
399,0.8388002445604258,83.23601729458748,84.34721397002191
400,0.8408960756111226,82.73057326741396,84.38492468183469
401,0.8429905652842218,82.24753447381248,84.39316678286237
402,0.84508401313589,81.66550214639582,83.66361112875114
403,0.8471791713809247,81.2835508331704,83.84124558620151
404,0.8492743362825239,80.85007243119367,83.35432898460863
405,0.8513668888602299,80.40744384842878,83.51997372248317
406,0.8534589296280589,80.11709594699705,82.95930180198515
407,0.8555558405338324,79.68552429049103,83.18330864929698
408,0.8576516874123633,79.06849030814108,81.82091585162865
409,0.859744590599333,79.03352545074085,82.64585210429071
410,0.8618400547669827,78.5362962098401,82.45042196426547
411,0.8639350434441438,78.11338438433508,82.2384797574454
412,0.8660280248974203,77.7539700133992,82.37250536074407
413,0.8681201347325478,77.4629286839274,82.24579826265956
414,0.8702157283801463,77.07108098422867,82.1270333995991
415,0.872310621353091,76.50968569746888,81.70642984194915
416,0.8744020359703552,76.21203269898886,81.79903913716257
417,0.8764972088477568,75.62909456450224,80.86007251288015
418,0.878592835994214,75.45619652518236,81.13007545631567
419,0.8806870131084201,75.24205747820052,81.71621176661237
420,0.8827812802431019,74.8995023105125,80.85148477887877
421,0.884877279658285,74.37801077073586,80.93066245848946
422,0.8869730004154345,74.06257682200568,80.61520087694583
423,0.8890661750433553,73.71530048445534,80.46947691272368
424,0.891161435679344,73.30420885702982,80.42021518140135
425,0.8932577960179496,72.87857689387289,79.80056037328836
426,0.8953527392107627,72.48930305377284,79.57598321313753
427,0.8974462460666859,72.29002647426711,80.16095344364066
428,0.899539340962409,71.7999316394497,79.46836209630496
429,0.9016318169027592,71.59348603681228,79.65039547283814
430,0.9037252249745606,71.15930389756463,79.05199118375188
431,0.9058199443223193,71.03188840479493,79.56942406680794
432,0.907915243986348,70.48902106945904,79.07528676564083
433,0.9100128049501981,70.23742073950945,78.9738527010726
434,0.9121059966002629,69.84975947951598,78.67753275049436
435,0.9141972861830797,69.61621143855245,78.68194102770157
436,0.9162932496702593,69.24149347540279,78.45042190491642
437,0.9183878012752863,68.92602076021838,78.30742614467086
438,0.9204823185419505,68.80440286506484,78.82968520275425
439,0.9225773629784582,68.41665779727877,78.4241052668129
440,0.9246718174739146,68.03759750867009,77.80982674437362
441,0.926766211900197,67.7584017523086,77.84628655562966
442,0.9288591582540804,67.40929050272783,77.83829717719202
443,0.9309526610700547,67.12293208462953,77.64895431191611
444,0.9330479303067369,66.81209744423481,77.63559629870326
445,0.9351433527997749,66.68669158296677,77.81308641760874
446,0.9372383527365933,66.21859807957068,76.97745616096321
447,0.939329757499591,65.93394859749291,76.89818956957073
448,0.9414230571985791,65.58462998069434,76.61486494237273
449,0.9435210054806012,65.3906960983372,76.82547770382286
450,0.9456162503172072,65.14440046718443,76.65895265518301
451,0.9477100092887099,64.84426795633325,76.4779957971403
452,0.9498046323041349,64.50807876285833,76.15316408115123
453,0.9518991548408083,64.1480288988646,75.874409347283
454,0.9539929332702277,63.960210948153616,76.0007235723624
455,0.9560874898052096,63.5463235761052,75.54048378493232
456,0.9581824530689178,63.46944488281685,75.85159816572231
457,0.9602770371571748,63.15659835550901,75.62779944914729
458,0.9623710723241273,62.901966087642926,75.75002840820127
459,0.9644648349083941,62.71848018121532,75.43220849050049
460,0.966557887379011,62.262162325389674,74.95640523702447
461,0.9686513195291268,62.07120012150047,75.1565831457901
462,0.9707470393683869,61.68109829500102,74.61671460140964
463,0.9728419987888902,61.521079905774606,74.77054457775931
464,0.9749363451418961,61.28631852596634,74.56490181779674
465,0.9770319720978949,60.98489739122677,74.38031990450028
466,0.9791260608689247,60.83402105347835,74.47136662783257
467,0.981219993418123,60.42802520041349,73.88002899085693
468,0.9833154848012966,60.190730504873066,73.8135910440532
469,0.985409217900734,60.015288751298,73.87386288215575
470,0.9875034929558208,59.91024197257694,74.14424844909287
471,0.989598845059814,59.500848754738,73.4812596218824
472,0.9916925524589582,59.291397161291016,73.5677877309741
473,0.9937866222530743,58.93705294902032,73.10202851079873
474,0.9958822538585521,58.79060115138814,73.28677549500328
475,0.9979763461234663,58.54123313042973,73.01946924828873
476,1.0000687382803208,58.31944400259455,72.955158180771
477,1.0021620574674717,58.07585106690561,72.77114770064154
478,1.0042566040705312,57.798932985023896,72.72147348489608
479,1.0063510481087232,57.64584393230728,72.7494939197433
480,1.0084458017147504,57.374851337551625,72.37755734801408
481,1.0105412449330358,57.152122815299556,72.35451316596084
482,1.0126363206852906,56.870089829689235,72.1870311655747
483,1.014731689048677,56.65058547209037,71.8462582478366
484,1.0168251811607234,56.35015667523564,71.69278401227969
485,1.0189183181794257,56.296255881493586,72.0101128367742
486,1.0210135131858313,56.04232206536291,71.54745917603005
487,1.023107899818119,55.91652847464979,71.93587984302683
488,1.0252035642142994,55.60674532410832,71.44494360238491
489,1.0272979326699727,55.39263379575935,71.31127652301079
490,1.0293915165160124,55.25025083347452,71.24655286366901
491,1.0314862118776227,54.99937311618375,71.04340234926411
492,1.0335813276438528,54.913929509814146,71.29237862366196
493,1.0356760372494827,54.46880545229043,70.40045106349267
494,1.0377697665518313,54.34707787040797,70.65373181580775
495,1.0398635542890804,54.17176759866752,70.42945652375109
496,1.0419580022733907,53.992401044598246,70.57716223139128
497,1.0440530837182007,53.72398260171534,70.39210261116942
498,1.0461463909219801,53.551532003419815,70.18118311298493
499,1.048241289239942,53.199671897529164,69.73437154243038
500,1.0503346504195201,53.28009973034914,70.40500285293945
501,1.0524278880438542,52.8932056052599,69.62867184929388
502,1.0545231057279465,52.78793336214542,69.59359731936279
503,1.0566172205725972,52.74382080897485,70.02181789085118
504,1.0587125681053644,52.33532197438764,69.23378452394505
505,1.060806974942881,52.225427594547206,69.54790375109691
506,1.062900937291859,52.10100307724663,69.64585886974356
507,1.0649968400029963,51.830835525117585,69.24224849602899
508,1.0670917748856612,51.598982288103784,69.01580167475923
509,1.0691837840599538,51.53845184638386,69.14175256336267
510,1.0712784055790137,51.26778929093528,68.81954557890518
511,1.0733741944109443,51.11183257122211,68.66290833497519
512,1.0754689143080451,50.9960218564145,68.7218941399776
513,1.0775625935653539,50.72042894988723,68.47090570912735
514,1.079656551776009,50.545682646887165,68.16853254427039
515,1.081751759033872,50.30355685164476,68.02489788741299
516,1.0838450038800544,50.3233074213644,68.32931296019567
517,1.0859393346043436,50.037459880018226,67.95953453607632
518,1.0880340737032612,49.864517885179175,67.8412523645604
519,1.0901280973397867,49.67174298193437,67.68511010246714
520,1.0922232205093443,49.62606185047862,67.8672348939044
521,1.0943183198095006,49.35532219003176,67.72421264358117
522,1.0964124680620808,49.12340287617169,67.21037200874079
523,1.0985066965945804,49.02096908024944,67.24933895380705
524,1.1006022506925348,48.90879654440428,67.30684508004127
525,1.1026960746069068,48.677759344544675,67.06292817197034
526,1.104789420523433,48.49080376638723,67.0498874148955
527,1.1068841457204943,48.324837928674235,66.85823385100659
528,1.1089772649904681,48.20929855759656,66.72982180678758
529,1.1110723868790173,48.09398469939136,66.86797346229848
530,1.113168427194727,47.975460866945795,66.92754722681009
531,1.1152626776337078,47.738122374666496,66.5297286439132
532,1.1173574051129724,47.64242499580017,66.4691823974677
533,1.119450573697561,47.36554110699281,66.07625987934158
534,1.1215436337779248,47.252926503987666,66.03369466997043
535,1.1236390334415942,47.18481416448945,66.23472239086428
536,1.1257332200225998,47.07560795780852,66.25076676130806
537,1.1278283378211404,46.853926392192825,65.88738803509837
538,1.1299238131648552,46.76131572112702,65.905292007155
539,1.132017447124327,46.53219550617433,65.66369832491618
540,1.134110650036949,46.43515820242792,65.77879349641876
541,1.1362036259959787,46.22443256831655,65.3397886429143
542,1.1382991427598659,46.078613912609384,65.41308060978088
543,1.1403936066737896,46.011985405069176,65.48441947261311
544,1.1424878264606209,45.79725753835134,65.14446450035223
545,1.1445836717483504,45.70702643873835,65.20404656415138
546,1.1466778755714095,45.51238700368059,64.72365917629757
547,1.1487715351237628,45.351055924650446,64.78895044614775
548,1.1508672245306748,45.274329526959995,64.76814899007043
549,1.152961670034179,45.07975136917961,64.63523484281956
550,1.1550551275418117,44.96893913479505,64.56183618967663
551,1.1571500620004906,44.848784833105576,64.47324983376055
552,1.1592451155989445,44.76991110193198,64.538736927418
553,1.1613401484055899,44.60262855466704,64.29094225806014
554,1.1634328135986687,44.50786169450892,64.50291398295421
555,1.1655280225544649,44.37633483298185,64.08402309058025
556,1.1676232414157608,44.1974472153945,64.08642748137808
557,1.1697157183635434,43.98365987960228,63.70465557883741
558,1.171809765164966,43.898977930166076,63.708259074995055
559,1.1739036754657965,43.90457314115475,63.97040192792109
560,1.1759974618047027,43.81199915598772,63.9200134224211
561,1.1780927342002254,43.65792051393489,63.77535567485989
562,1.1801886215978319,43.3513840707079,63.277473024616874
563,1.1822824649467334,43.3109445580837,63.46394309542714
564,1.1843777187054296,43.24233978884927,63.29347940920856
565,1.1864731317277017,43.12839076361932,63.283046379234435
566,1.1885662199882188,43.06803698436582,63.363742804312565
567,1.1906603290984812,42.93998109657793,63.33759669912042
568,1.1927560449071208,42.78416201312562,63.185283227373134
569,1.1948501301675682,42.61752145574316,62.95217247036409
570,1.196942866326464,42.51201022903178,62.903464509241886
571,1.1990363434731066,42.44933235467939,62.93145469678797
572,1.2011315528209288,42.271182800377034,62.72053490358705
573,1.2032252726398727,42.23640359256312,62.72543875486718
574,1.205319131714267,42.12623493804596,62.66594949850076
575,1.2074143429200774,41.95436164743609,62.42015210762809
576,1.2095073316728018,41.93937489886365,62.59031317182884
577,1.211602159357548,41.77528013786091,62.31931996172112
578,1.2136984428310558,41.679842380615426,62.31477344317737
579,1.2157943340364452,41.47837267812531,62.188520855017984
580,1.217888268816351,41.49913887310887,62.19086863068683
581,1.2199821909033837,41.36886488416458,62.02997318795605
582,1.2220779372220854,41.198901905172306,61.81649397806229
583,1.2241720630448372,41.184193774775736,62.049813694750405
584,1.2262656486341297,41.00980893875546,61.75252882150999
585,1.2283602712023978,41.000498322724745,61.93101967947029
586,1.230453847781421,40.81415155210333,61.61827732884949
587,1.2325484279288663,40.76162122693994,61.7523031948621
588,1.2346427330328844,40.61394578954798,61.607399540289876
589,1.2367368340043534,40.48138567954131,61.28179729404727
590,1.2388320989568682,40.432306806159694,61.439904831327304
591,1.2409254956441091,40.352734935831734,61.372846441770456
592,1.2430201387037565,40.26783963315502,61.29729867284598
593,1.2451147141570293,40.19509412263261,61.31577992546064
594,1.2472087367784284,40.05319720217554,61.068462508264595
595,1.249302614173833,39.9895462421557,61.12606560025326
596,1.2513971052845823,39.90127695647558,61.15919248823467
597,1.2534931066319515,39.79793544581282,60.956347489278066
598,1.2555863817711985,39.719450042383514,60.97592954387992
599,1.257678969059161,39.63060589083658,60.853863007943744
600,1.2597748382104277,39.55688757972898,60.89451793809199
601,1.2618698898493887,39.551738959038985,61.03561581336752
602,1.2639640740660565,39.41189712937799,60.824752393225346
603,1.266059176034634,39.27327539463328,60.59569576207319
604,1.26815329738596,39.13581023856176,60.37996508567918
605,1.2702469827768745,39.19083466155665,60.726543582442986
606,1.272341439773769,39.066299389542756,60.5015847725182
607,1.2744361591580655,38.981140877496166,60.471522705280165
608,1.2765301570381213,38.921223423670696,60.51971836414465
609,1.2786243195908502,38.82570457309254,60.415132040867974
610,1.2807201779848052,38.711114157343744,60.23313811260936
611,1.2828149770647865,38.647302198614895,60.20217761295236
612,1.28490831046805,38.52588660139058,60.109284422104196
613,1.2870024746125797,38.5054544266436,60.168049860450765
614,1.2890960788179595,38.42369583224896,60.103952538785386
615,1.2911903407610128,38.386263832935086,60.16253368980439
616,1.2932847299377603,38.24365475677366,59.908549753209854
617,1.295379834193548,38.24417948069212,60.06677679342981
618,1.2974743412448833,38.13465360107817,59.939978891150794
619,1.299568838606027,38.09935010887055,60.06745098116693
620,1.3016640567270552,38.01244316031036,59.82371907315119
621,1.3037578272673165,37.93125627497841,59.80320375669163
622,1.3058518980796576,37.833978761855704,59.76516984782575
623,1.3079469520711469,37.80240158773373,59.75811855198685
624,1.3100414674631762,37.73539872175326,59.69840001431176
625,1.3121343419146885,37.73773002455389,59.909858287959736
626,1.3142291157646366,37.62085121773495,59.692725044869825
627,1.3163249547628966,37.5821486715768,59.730372724575204
628,1.3184204308819243,37.47106247767226,59.59533617219242
629,1.320514045081714,37.38974646705739,59.54721994623497
630,1.322607731116918,37.315535265329814,59.485737775523766
631,1.3247030067977636,37.34621848417482,59.68620283421734
632,1.3267964975071294,37.33521874511905,59.798662612698024
633,1.3288900457896358,37.08144481154742,59.21699581034095
634,1.3309846323229146,37.096041579673944,59.342991612095986
635,1.3330795391690438,37.049282620558486,59.520136558197855
636,1.335173949560825,37.00300452948222,59.3806451758176
637,1.3372672428845813,36.9359812215204,59.28261765076364
638,1.3393616502777206,36.86127647981384,59.14833942031621
639,1.3414564546808454,36.89285024782436,59.43680986639184
640,1.3435497634465539,36.77826495959446,59.27062223459965
641,1.3456439095281743,36.77981830386956,59.49460299180761
642,1.3477398961804745,36.62274997782425,59.157407344638635
643,1.3498356331361778,36.59418303905958,59.17240920476966
644,1.3519291222201564,36.57537456525245,59.1535968138272
645,1.3540221824451044,36.51484937243888,59.1725753278491
646,1.3561174165883387,36.41448988096551,59.06458672255374
647,1.3582118000666776,36.415964015713925,59.09862703180631
648,1.360305548489477,36.352962300175285,59.03717629084943
649,1.3624016471705516,36.30496165362498,59.08147143460917
650,1.364496581524498,36.24355389872035,59.08764997796008
651,1.366589927521404,36.20798968053854,59.049997960444244
652,1.3686839345616666,36.207989240288796,59.216564213422
653,1.3707785136744248,36.08444758135276,58.92798625491909
654,1.3728736781569988,36.06980342864674,59.00982508960841
655,1.3749673745335222,36.02231515369864,59.06668805217343
656,1.3770602631292597,36.03007990303549,59.13796093874035
657,1.379155717578164,35.9233974401201,58.84436040262446
658,1.3812508039107998,35.87332015380422,58.82228035790959
659,1.3833453325862841,35.87482490457839,58.993622751570676
660,1.3854396647384786,35.894413442922534,59.18568234212454
661,1.387533616953471,35.78651154065139,58.98851352206486
662,1.389628935147901,35.76094839848976,58.99977337379513
663,1.3917230672721894,35.70845772156869,59.034253560067874
664,1.3938172778813163,35.711346100029594,59.12458242008512
665,1.3959128506087028,35.62475690040636,58.92469075000874
666,1.3980069894682674,35.68298975059863,59.20030574104858
667,1.400100032768225,35.568570229782424,58.99875281365192
668,1.4021942273095422,35.595440431966374,59.093238513404756
669,1.4042879724639459,35.51996611908205,59.00895631234037
670,1.4063822250727482,35.48186697628561,59.035344117003326
671,1.4084777998796327,35.459223084785215,59.00732566314181
672,1.4105725454065003,35.45807184742594,59.168150588062424
673,1.412666035757187,35.48149322617131,59.387380757017894
674,1.4147597581950535,35.32535884694424,58.934575686439565
675,1.4168552493745823,35.34854534744456,59.077900118327875
676,1.4189502707585735,35.38953885205909,59.359305923060276
677,1.4210439871962917,35.30454355879509,59.155956469009254
678,1.4231379588066748,35.255011838399284,59.14476984883522
679,1.4252323843784174,35.27290117895645,59.27130179782802
680,1.4273263645812686,35.220818361416036,59.233898113491946
681,1.4294209343777806,35.20400444148202,59.369579231815386
682,1.4315160587565352,35.22160290386498,59.35030901202158
683,1.4336101809254245,35.20667570531274,59.493997653164584
684,1.4357047233292217,35.09308036440113,59.21909878052231
685,1.4377991034950037,35.21732515522789,59.63597406760639
686,1.439893269172154,35.12659552464129,59.53607592718523
687,1.4419870983325702,35.11033622107081,59.53259785048583
688,1.4440820971476513,35.03993668708924,59.3986485059525
689,1.4461780146809415,35.07126347304473,59.543774258826765
690,1.4482723645441788,35.103467123954694,59.67199835604905
691,1.4503661519067539,35.02981007045896,59.61984370202714
692,1.4524608997459605,35.06358636527555,59.794232439939826
693,1.454556191478353,35.00504877536517,59.61545858248712
694,1.4566505605195028,35.0060306296697,59.7306851989711
695,1.4587435672120013,35.01872958905726,59.88364286699349
696,1.460836376274075,34.92718903043263,59.74218053960571
697,1.4629315024559504,34.97600848762732,59.91261498886099
698,1.465026115161985,34.97296415175079,59.967946962280486
699,1.4671201905708728,34.99149058357063,60.073374467917446
700,1.4692142550197365,34.971367688363195,60.09076323217231
701,1.4713085109511452,34.93327465981614,60.088951632328225
702,1.4734040883627781,34.979558964704694,60.26871072597884
703,1.4754983077923518,34.97854984722678,60.34275138272809
704,1.4775927333883283,34.938261210943665,60.26908106267687
705,1.479686516386449,34.94627296250334,60.351570508391504
706,1.4817805445745025,34.946242102541156,60.39881314884076
707,1.483876051193717,34.96469750192985,60.61007070209347
708,1.4859713583510508,34.98850643308978,60.737449274659475
709,1.4880662760111125,34.955403722083915,60.66218627557584
710,1.4901603423423662,35.000105358991284,60.89654128683432
711,1.4922546168830801,34.95788426209151,60.86062474817869
712,1.4943493508016918,34.961052649883875,60.92407242012651
713,1.4964436549031517,34.95471519842038,60.92608903352948
714,1.4985372426394363,34.992580325112606,61.06361090275972
715,1.5006303537214591,35.01824830455373,61.218208965010646
716,1.5027246941647125,34.984329727223944,61.112896045673956
717,1.5048198674391857,35.04116273972918,61.45601002118853
718,1.5069136003861163,35.04019724591386,61.46785725972726
719,1.5090076377683221,35.08383337003652,61.616609148123125
720,1.5111026723067662,35.09647280159854,61.766587675533636
721,1.5131971028762412,35.0867288635056,61.80043965070493
722,1.5152912609041667,35.07943158306692,61.830615152828635
723,1.5173854934463344,35.01183102587948,61.74379515997333
724,1.5194808793753787,35.09859769822857,62.00440696790128
725,1.5215756259285513,35.14191150936669,62.166328393902944
726,1.5236695807770564,35.21445064129843,62.421838311832104
727,1.5257641081783464,35.12041126790124,62.17829100326743
728,1.5278584873608179,35.15565821113574,62.366717437674936
729,1.5299536435991428,35.17601163751372,62.497546517604405
730,1.5320476585044298,35.2377995226342,62.65195244895305
731,1.5341414384393777,35.23986984988808,62.67998679106409
732,1.536236950937659,35.30612918270322,62.97139748089909
733,1.5383317033374695,35.346241912610154,63.19734656903108
734,1.5404255753841434,35.29320136719146,63.034674580030455
735,1.5425198393431812,35.29586173904355,63.02255605248641
736,1.5446136227526486,35.40946732426678,63.51646988602054
737,1.5467072285753283,35.405359545347125,63.46199696840353
738,1.5488013111816905,35.39222159860774,63.5031197752055
739,1.550896674249749,35.44585322963932,63.711720204640216
740,1.552991701547339,35.46890185640918,63.82598818514912
741,1.5550856629518366,35.50986746662516,63.985962106231554
742,1.5571801051512508,35.547894436518256,64.07815897584793
743,1.559274417579796,35.615225588723476,64.4184509120435
744,1.5613691533539047,35.626538488308384,64.43488943832568
745,1.5634631934261796,35.65714843179588,64.60983533003889
746,1.5655577892497892,35.718231915066646,64.76095034685375
747,1.5676527275763066,35.706782129102244,64.70802093911068
748,1.5697461748764228,35.78036185685636,65.08458751975759
749,1.5718402189801153,35.78880845105609,65.04341666796282
750,1.5739346218160084,35.834827341723155,65.23847539348854
751,1.5760295037244485,35.959999049680626,65.67333589589133
752,1.5781239238326052,35.970851747339296,65.68693959167021
753,1.5802176736109215,35.975385032688266,65.7536277413282
754,1.5823123941098438,36.03645588808085,65.92362943316839
755,1.5844068047546922,36.10110063584875,66.157070174016
756,1.5864996832696292,36.086660550164424,66.15702962519437
757,1.5885944598128996,36.21631056197365,66.52701628497651
758,1.5906903325437156,36.23005065452091,66.65585419296855
759,1.592784689092666,36.31425764872745,66.9393948187492
760,1.5948796873290236,36.334240860650226,67.0353921570856
761,1.5969745597395735,36.40875533396125,67.27588927796904
762,1.5990689218084002,36.405479202553956,67.26195852643811
763,1.6011633213632455,36.50959765067494,67.54842389333345
764,1.6032577776043084,36.55543293223113,67.68420614890321
765,1.6053514020964894,36.645533902682935,68.08081282877284
766,1.607445093072501,36.7236053016555,68.29660552132641
767,1.6095393086936036,36.46369044151048,67.29866186739392
768,1.6116336711357766,36.05741528824385,65.52993402987505
769,1.6137279918528686,35.67219386268423,63.83242579282757
770,1.6158221116449558,35.33329515629941,62.46812177578144
771,1.6179176229648538,34.93902064372326,60.6509544250281
772,1.6200131612431772,34.6823889595956,59.563760889994086
773,1.6221069236192778,34.28540504464782,57.88368023521849
774,1.6242011307622557,34.032619295220655,56.79663828398784
775,1.6262960841945175,33.782187447012504,55.64038669719082
776,1.6283896203498047,33.50835740693364,54.453629785130815
777,1.6304834947928883,33.243631051113184,53.28190005621483
778,1.632578127710653,33.01939855296919,52.27870044129535
779,1.6346731813158608,32.7745327737961,51.275924664643725
780,1.636767172365261,32.501029254893034,50.099006422653936
781,1.6388603779595408,32.30990754097747,49.219806413842704
782,1.6409563605892468,32.10763693271178,48.32699525998279
783,1.643050621284035,31.881027423922465,47.32052665590031
784,1.645144102645386,31.687526567663227,46.443474387496806
785,1.6472395726584623,31.513464529414986,45.69175759605404
786,1.6493331318477138,31.296095334669868,44.67794335138038
787,1.6514277435583298,31.11684815433582,43.907202397930426
788,1.6535225655624404,30.964212514865924,43.24204794654254
789,1.655616100487628,30.790108840278,42.40715136180459
790,1.6577106071833263,30.591520464213165,41.52441373190173
791,1.6598050724476994,30.44703665462591,40.89374701706495
792,1.6619001395524664,30.293565248980798,40.18978135481396
793,1.6639948642035431,30.14259538593368,39.457270256766954
794,1.6660882997554614,29.980172735842896,38.795146544393944
795,1.6681827329415837,29.870640707816985,38.18298850665947
796,1.6702780557373313,29.664029883644837,37.443645795253936
797,1.6723710846745943,29.527830352568778,36.766053817507824
798,1.6744651718920411,29.41585165736939,36.24662260078789
799,1.6765602044792516,29.25736045136454,35.492425176219875
800,1.6786535596079524,29.202709418312146,35.10079774099312
801,1.6807491745425278,29.019882791008662,34.40786126211671
802,1.6828445761171116,28.91940978897777,33.759905582994335
803,1.6849386388007168,28.79407344568311,33.283814861710304
804,1.6870339476475265,28.690532440963604,32.79540149863491
805,1.6891280758541645,28.52575827587764,32.06281570343708
806,1.691221272327691,28.449239243286257,31.653513444755223
807,1.6933141346742315,28.318347199449473,31.05405518928142
808,1.6954090930463133,28.20545156897077,30.604948570419346
809,1.6975047078021417,28.072354302856603,29.966887413714154
810,1.6995991246970055,28.03117883985526,29.617523355136505
811,1.7016934918813407,27.882951743267164,29.03672104194699
812,1.703786903721137,27.81510057356061,28.59637378411791
813,1.7058818292953146,27.698943941573983,28.08696593840119
814,1.7079768740006063,27.610731489957253,27.629132680356193
815,1.710070845319196,27.462085834740694,27.05443437509495
816,1.7121645316176712,27.40808850917279,26.689163136584455
817,1.7142597272321454,27.285437661130445,26.212993760124494
818,1.7163549406546734,27.249312378468026,25.830866952126566
819,1.7184482195940645,27.134461629461757,25.35745138790346
820,1.7205423072627637,27.069631787451954,25.098597839330065
821,1.7226374847113666,27.003261045346655,24.61286045571723
822,1.7247323233526113,26.91678741372223,24.257374831808473
823,1.7268266901810085,26.858272923476758,23.75286084020716
824,1.72892134476467,26.730018501354603,23.274488450699995
825,1.7310153629662073,26.72475334381767,23.11927854700297
826,1.7331087353021186,26.600874020787227,22.5982537264575
827,1.7352028820270462,26.514013466993823,22.19491151815539
828,1.737297419510233,26.40420094096737,21.722548245739503
829,1.7393924268721555,26.369150760023114,21.41039998111432
830,1.7414865202316776,26.2858608007538,21.023224289098206
831,1.7435798385311778,26.239838367556864,20.684254129251464
832,1.7456747741592018,26.152951604498142,20.269402548394
833,1.7477707733578058,26.073727630894222,19.93717618349351
834,1.7498644151299778,26.051447205220835,19.713606114404193
835,1.7519579294274097,25.95392346791213,19.207618819295817
836,1.754052537005875,25.886429922522932,18.891063953727755
837,1.756146014277543,25.834925002042045,18.623017171074533
838,1.7582399685899122,25.7925449810041,18.230262112326585
839,1.760335124398212,25.72475404368229,17.91981807024242
840,1.7624306374180432,25.636659237283293,17.505177758376373
841,1.764524733445493,25.54159809392598,17.094983121566386
842,1.7666195957988082,25.572629395681457,17.03536566866948
843,1.7687146552767006,25.45677233724531,16.45751241118556
844,1.7708085687106505,25.417154168388002,16.178081082243647
845,1.7729026984403262,25.35788347403948,15.89439765899036
846,1.7749968373222131,25.35123385329201,15.708309382962884
847,1.7770919795414395,25.255631674502755,15.386069887355697
848,1.7791866891650514,25.23722949380042,15.105902145490301
849,1.7812805740714612,25.16934482736152,14.697707284053065
850,1.7833749145944944,25.122164439854902,14.380604921275228
851,1.7854698174814119,25.115284921219974,14.24903675921639
852,1.7875649050000997,25.05105209220408,13.905644704990298
853,1.7896586091751823,24.952396796442496,13.50566885987821
854,1.7917528105223397,24.949638742993567,13.342070448735154
855,1.7938472619734778,24.935924811790745,13.081561013840794
856,1.7959410333998334,24.90324126725918,12.834634488916661
857,1.7980353139963554,24.781814807223032,12.409097558581745
858,1.8001292949050451,24.74420348061039,12.03962232173424
859,1.8022240144636215,24.760370543931877,11.947788232705228
860,1.8043180357006787,24.678503921666806,11.614584698848143
861,1.8064120149556366,24.691065984030455,11.456210914629155
862,1.808507216693214,24.5666936033529,10.985074791021054
863,1.8106012235056632,24.594351935434183,10.922443835461902
864,1.8126961076333348,24.525761488113595,10.600082904279855
865,1.8147906359659112,24.464730218529635,10.289931926028835
866,1.816885013662702,24.481105336716297,10.110520577577624
867,1.8189799788179999,24.41392853842594,9.822907299649591
868,1.8210733357472892,24.40496129366973,9.621411868250165
869,1.8231675363973032,24.359441547094637,9.314481075857307
870,1.8252628639859947,24.33311307627924,9.117113916907519
871,1.8273578690890415,24.292385766436702,8.84431454612227
872,1.8294529153678178,24.28169018144404,8.601302778556473
873,1.8315468366202061,24.265056670346752,8.403946430566755
874,1.8336403420201965,24.182669387977295,8.0365422189949
875,1.8357342642631629,24.168429122794798,7.8420442028142885
876,1.837828606636473,24.184322202060358,7.804615922509872
877,1.8399232687279,24.102300161204365,7.28379134017862
878,1.8420169361094605,24.112495401057693,7.214268657439344
879,1.8441103454239045,24.031344435279664,6.836021145530764
880,1.8462047113551943,24.062490700385624,6.763156710876646
881,1.848300337583767,24.03598354258428,6.548147579135894
882,1.850395118058644,23.969139563037572,6.2670038054677475
883,1.8524895015648957,23.97467231220885,6.086848242832725
884,1.85458435317291,23.903691636812194,5.680634116377953
885,1.8566786691854407,23.943293449142544,5.645113409866562
886,1.8587722962005393,23.896280250303402,5.365187385206013
887,1.8608667292143481,23.864145950539548,5.239904117530245
888,1.8629623979972338,23.871504999903234,4.91241434274194
889,1.8650575007618033,23.838304102192787,4.756230453426585
890,1.8671515757398978,23.84529530781181,4.686648053100539
891,1.86924567270883,23.750327536494005,4.196030886411933
892,1.8713402290883943,23.749320122300198,4.004745191047793
893,1.8734333441485889,23.746578993842583,3.8872032592817165
894,1.8755274569663687,23.732140538798987,3.752686558689636
895,1.8776226584010878,23.77833493192762,3.608206745882966
896,1.8797156234954413,23.72282499507748,3.2564568568505767
897,1.8818097674713492,23.731116322031603,3.2180534166485333
898,1.8839051205157094,23.62645226053743,2.6890841887744927
899,1.886000042933448,23.694125862669964,2.7232209156678953
900,1.8880949075451439,23.657020359046893,2.4515621295910512
901,1.8901881584759161,23.623199037869632,2.12009320999879
902,1.892283217936019,23.65994376510917,2.162656706683601
903,1.8943782680554568,23.59587142553455,1.6514473359704467
904,1.8964720473710392,23.62149828546457,1.7272088976200581
905,1.8985668668489433,23.593702385506553,1.4654713168601277
906,1.9006612809862096,23.570919714475632,1.1608391168103127
907,1.902755719587151,23.604602410951305,1.1822448425152448
908,1.904849757588545,23.52598669586206,0.8103513586019433
909,1.9069430754605277,23.575182696825472,0.7767929882635486
910,1.9090378340013505,23.53995245538948,0.5253846270055793
911,1.9111324914183263,23.51749112642986,0.30327721686044196
912,1.913226965923519,23.556141685299117,0.16127569474618886
913,1.915321381331026,23.488313116249575,-0.21030528987386474
914,1.9174162748437817,23.57637404699619,-0.10733497306874089
915,1.91951096404297,23.49172265380902,-0.41720764952194395
916,1.9216039358616672,23.492135781485164,-0.6791551775369025
917,1.9236986253914137,23.5614475963766,-0.5927496946543757
918,1.9257933066276691,23.4528194420996,-1.0868388649155547
919,1.9278873651498682,23.501941614602483,-1.0610387925970377
920,1.9299807661659822,23.49147943857333,-1.372888629867013
921,1.9320760482648573,23.532519767826752,-1.4079626231276814
922,1.934171767524072,23.50612299608827,-1.7026114196421938
923,1.9362651059315399,23.44477606202679,-1.9916418869225336
924,1.938359138419254,23.468574837667163,-2.1691015592924225
925,1.9404538735984294,23.482069648406174,-2.251943061548452
926,1.9425479146608418,23.506711793109663,-2.2657442618713817
927,1.9446418189559174,23.482361800057046,-2.620376542719482
928,1.9467371502259871,23.45249975662607,-2.881368527895369
929,1.9488329760684335,23.457985580775926,-3.012957733863169
930,1.9509268120448882,23.47388216278137,-3.2407668867288657
931,1.953019609354344,23.52973950857929,-3.16922005171622
932,1.9551147244404972,23.44683383034744,-3.6872553621305966
933,1.957209950604826,23.488638648637334,-3.68723178590882
934,1.9593041179655175,23.47163158908706,-3.959084278781524
935,1.9613980124620214,23.539480037252613,-4.066367068569916
936,1.9634920823781827,23.507747056007368,-4.255148443148776
937,1.9655870316775599,23.485495526431297,-4.487214582059939
938,1.9676813106463258,23.534910329037558,-4.461095720810689
939,1.9697755380711686,23.52559255645085,-4.725282337012559
940,1.9718704076888727,23.539022621528613,-4.983628439320142
941,1.9739643213778544,23.494614783893184,-5.216007150295276
942,1.9760582139073395,23.505609532056635,-5.3728325819359535
943,1.9781533744008393,23.538984413008002,-5.385744383608361
944,1.980249297656676,23.552690428525437,-5.677466091430615
945,1.9823436902775773,23.577186821257435,-5.750791082386687
946,1.9844363854611324,23.539673429900347,-5.989359685333802
947,1.986530057736426,23.566682512619202,-6.251249227293214
948,1.988624138262085,23.587840057231233,-6.318883305801237
949,1.9907191302641989,23.55683682897984,-6.627314045875964
950,1.9928140678397719,23.62395869143698,-6.599382386883842
951,1.994908057158038,23.592824922969985,-6.865003478487571
952,1.9970037235567513,23.574640564517914,-7.093680619792283
953,1.999098539119481,23.639401682535937,-7.168120643139321
954,2.001191245179364,23.61222835240976,-7.507347483414938
955,2.003285465781134,23.61945869595849,-7.534776329174873
956,2.005380090953843,23.633991850708924,-7.728722527218302
957,2.007473757612322,23.72206175274541,-7.858570943683822
958,2.0095674385752345,23.6886529763371,-8.020340142601126
959,2.0116620669227445,23.680097059862504,-8.334080284289366
960,2.0137574654124313,23.712861788137083,-8.409535392436677
961,2.015851542299029,23.74151630625356,-8.739972031770794
962,2.017945842236743,23.7493145528118,-8.855464814317246
963,2.0200414078173843,23.763489432627544,-8.837192569119665
964,2.0221364472105585,23.76596010518989,-9.239917931740118
965,2.0242304661583193,23.804317808496393,-9.289666327611181
966,2.0263241213554704,23.750430772184004,-9.615206444915346
967,2.028418169537371,23.85466267439714,-9.564855702337137
968,2.030512126699397,23.801721954203796,-9.963222489842396
969,2.032607257696191,23.81805548373934,-10.052260761982705
970,2.0347026748788237,23.8852032050074,-10.256016973921902
971,2.036797432049628,23.835149347216312,-10.730258418599284
972,2.0388917803566513,23.9303110417436,-10.458253666313576
973,2.0409854404727548,23.919337319675257,-10.777007227526937
974,2.043079158497923,23.979043453020573,-10.774509335386446
975,2.0451737042342053,23.956205327540015,-11.136407247924772
976,2.047267957686092,23.9818857890947,-11.36314825620361
977,2.0493625921646865,24.040285640435467,-11.424831094219874
978,2.051458159400133,23.989740604822646,-11.872947861137902
979,2.0535521918605197,24.074075000717652,-11.677142971137913
980,2.055645062675616,24.05819903343523,-12.113277121613317
981,2.0577393587752955,24.043930601239655,-12.267167352483137
982,2.059834437786395,24.111035596732428,-12.32208206332942
983,2.061928055170489,24.133707453735145,-12.713070281759537
984,2.0640226957402352,24.19934100994994,-12.590036771736523
985,2.066118258189404,24.17163257841482,-13.005614431312539
986,2.068213196804832,24.23309403910228,-13.275143314650345
987,2.0703072818107917,24.202059958225504,-13.441825400668572
988,2.072400931462771,24.167725802706755,-13.718282370991025
989,2.074494103322103,24.293110156765927,-13.737013589760796
990,2.076588647294614,24.286818729284306,-13.936231635564953
991,2.0786837571325223,24.327709750503143,-14.068822583668497
992,2.0807786951127576,24.320718272002612,-14.459642227592548
993,2.0828733611799306,24.363850538555905,-14.579432336417943
994,2.0849676047315464,24.421488273797614,-14.63013079384163
995,2.08706191167589,24.359224826211076,-15.140007284273045
996,2.0891552570733616,24.43659712385404,-15.02252083719827
997,2.0912498961643236,24.444969015418792,-15.381092891090782
998,2.0933446561638878,24.468407253483683,-15.605251067475102
999,2.0954387435644386,24.490467232443585,-15.837587028488107
1000,2.0975335870618825,24.48771280989196,-16.236061906121297
1001,2.099629070349723,24.61055889434401,-16.047185185391328
1002,2.1017228492895934,24.536974971712077,-16.555765377366367
1003,2.1038170482062775,24.598376413375604,-16.625499183042955
1004,2.1059122372778973,24.66523047326257,-16.83724435296753
1005,2.10800554057148,24.63773276966637,-17.15101845448398
1006,2.110098599114947,24.74669496022683,-17.105904694336445
1007,2.1121927216235163,24.596672386800353,-17.97055311973527
1008,2.1142879182187984,24.761354854492506,-17.57199949713391
1009,2.1163820759811065,24.768341610577973,-17.959325677709245
1010,2.118476597123504,24.75061797941677,-18.325821050093655
1011,2.120572077635568,24.779653987737724,-18.445878810175603
1012,2.122666143506846,24.752270962431943,-18.898859763492936
1013,2.12475947440395,24.914571496819395,-18.69073182139514
1014,2.1268549228070284,24.8117176114558,-19.325062622267865
1015,2.1289503858580807,24.912122353378017,-19.405938539431663
1016,2.131043274916299,24.950372223535496,-19.690274094834376
1017,2.1331378502136085,24.884641298335108,-20.021479124683133
1018,2.135233020544507,25.016283055707923,-19.933756843960484
1019,2.137327211773404,24.94693563353158,-20.50062263593238
1020,2.1394213678417553,25.010557915544318,-20.594284917217244
1021,2.1415151935265153,25.004286699310267,-21.14012820755068
1022,2.143609686067666,24.978734766054444,-21.311067585274706
1023,2.1457039096890913,25.153770791258818,-21.27081524698575
1024,2.1477977892281794,25.01954502745352,-21.895977919415753
1025,2.149892773795189,25.17208072968693,-21.87237660473244
1026,2.151988207011953,25.055567553913992,-22.570404087445873
1027,2.154083430042502,25.178037732499064,-22.611395961269636
1028,2.1561769020273363,25.223710982522586,-22.7211565205886
1029,2.158269727638565,25.123221211900344,-23.32269839275179
1030,2.1603643338266334,25.278645387050474,-23.233403269473847
1031,2.1624594611960894,25.158697133858297,-23.95998904929715
1032,2.1645538445620423,25.277114997738114,-23.9595044103271
1033,2.166649266160557,25.251137111199828,-24.392275833953807
1034,2.1687438965600263,25.255506540894224,-24.722755841776785
1035,2.1708363804402464,25.307933076211093,-24.754186390765387
1036,2.17292939543057,25.24155548898153,-25.438869975570146
1037,2.1750246621139153,25.31670786898995,-25.386178361983223
1038,2.1771189095943266,25.262808108724247,-26.111572386487367
1039,2.179212962470575,25.321684000789556,-26.251601874441214
1040,2.1813066434396426,25.352625462043846,-26.485018740974013
1041,2.183402629792164,25.24176944721384,-27.33049031661389
1042,2.185498119455816,25.410413891477642,-27.193797329254924
1043,2.1875916200185137,25.18432413389134,-28.003715037573
1044,2.189686441120868,25.316090301575585,-28.143737273544513
1045,2.191781413276182,25.309648608263974,-28.560509393019135
1046,2.193875147711239,25.255600185891158,-29.123153036076797
1047,2.1959686613130316,25.379360419177303,-28.94531844450347
1048,2.198063923558019,25.245987247444923,-29.96694263096765
1049,2.2001595001532226,25.30363398037183,-29.793562162685614
1050,2.202253779153767,25.254463648517913,-30.31957330465856
1051,2.2043460760907565,25.18633267362442,-31.088214024359075
1052,2.206440891990371,25.259214693533707,-31.213978062702235
1053,2.2085356491852317,25.076639378432496,-32.1019935308959
1054,2.2106277016542335,25.31952081258854,-31.791096689361044
1055,2.212721958545959,25.122415093304852,-32.644412254536434
1056,2.2148185083900422,25.116088236341085,-33.27746666297668
1057,2.216913061952383,25.140475983083746,-33.522581707425154
1058,2.219006160150891,24.870347122894888,-34.425327845205636
1059,2.2211007684745443,25.162810518810502,-33.95165327498711
1060,2.2231966067711273,24.86755226157134,-35.459679535975916
1061,2.2252915180225106,25.053894405952622,-35.223790250600445
1062,2.2273849286831946,24.836836032127263,-36.16305665605634
1063,2.2294794057777056,24.785608909492133,-36.84669027954976
1064,2.231574082226972,24.958222191376827,-36.85139482656078
1065,2.2336675726385264,24.512510296056192,-38.33403777899987
1066,2.2357616690730993,24.83955034788826,-37.65499848422065
1067,2.237857388038379,24.386527256875578,-39.391203746174064
1068,2.2399520699736297,24.501174721820938,-39.314317791040715
1069,2.2420449617357057,24.366759435525083,-40.333998048531775
1070,2.2441391380853632,24.15905809000412,-41.35930748136451
1071,2.2462342793770116,24.37388347940134,-41.048165042287046
1072,2.248330004000319,24.009137155620596,-42.571240010689706
1073,2.2504234986669656,24.095824208456378,-42.61462864501681
1074,2.2525166459790467,23.801722766919184,-43.8848410687802
1075,2.254612702557845,23.728300993613384,-44.17271137542458
1076,2.2567074239010356,23.607141224752233,-44.98681736371402
1077,2.25879926569608,23.35399171775118,-46.22936457855643
1078,2.2608934332232278,23.37112320854005,-46.47455616268313
1079,2.2629890832862967,23.061269720100942,-47.61025424499033
1080,2.2650815906481947,23.03042548479022,-48.295629126052724
1081,2.26717631551426,22.688317102432276,-49.2228951031915
1082,2.2692717091510235,22.55188126064095,-50.08420931056889
1083,2.2713660430599174,22.361187196411198,-51.01261224996815
1084,2.273460830916725,22.110480692083456,-52.07286436050058
1085,2.2755552510450507,21.893895954944426,-52.95078447220645
1086,2.2776502981151867,21.791850376566494,-53.817327503846066
1087,2.2797428242388995,21.663064393079868,-54.30756465844421
1088,2.281836092329788,21.62062531419212,-54.7784479809565
1089,2.283933556285596,21.511006625634433,-55.27646267317114
1090,2.286028868050817,21.431250562665753,-55.82493589333396
1091,2.2881212248812486,21.39278533547905,-56.08103117533181
1092,2.290215014848569,21.3870654800074,-56.61701352732073
1093,2.292310229911211,21.391858417607978,-57.05416380042997
1094,2.2944051456334345,21.250075412234207,-57.18119161045915
1095,2.2964983471898495,21.353275027306626,-57.77951401676061
1096,2.2985921024349003,21.30062039391177,-58.12623169526657
1097,2.3006888643809247,21.315993011718252,-58.427885478694044
1098,2.302783634096356,21.25243425911528,-58.67864224437557
1099,2.3048756698218886,21.255799821872913,-59.05577434476393
1100,2.3069695720010412,21.2748978880617,-59.38723328587545
1101,2.3090651112173397,21.259045073956788,-59.668134446136015
1102,2.311158495429861,21.309941844350416,-60.15398068404827
1103,2.3132509513768182,21.311663810304843,-60.42466608216621
1104,2.31534766594442,21.31481888681586,-60.67228878617367
1105,2.3174438092641236,21.32693360823945,-61.00561435526595
1106,2.3195366518474128,21.33710194099355,-61.27044126150979
1107,2.321631141204296,21.349285962301355,-61.67441166216527
1108,2.323727832694395,21.366663967110938,-61.83983193835903
1109,2.3258211826493147,21.380670080480016,-62.159067294669285
1110,2.3279133966950116,21.408983684638386,-62.48762210305415
1111,2.330008120458155,21.47438421194564,-62.846953001708556
1112,2.332103956675321,21.41671541135794,-62.992516323465146
1113,2.334197579452735,21.509574079926658,-63.45368973545699
1114,2.336290017181209,21.538792824001558,-63.69632218884099
1115,2.338385505091734,21.528495050535632,-63.91911698592844
1116,2.340480189114194,21.575088624551686,-64.19679495156998
1117,2.342573391055059,21.61342265682385,-64.56407321951772
1118,2.344667848677038,21.652129753158626,-64.80339059522244
1119,2.3467629878884537,21.631938390045597,-64.96935137392036
1120,2.348858220839854,21.67378525216524,-65.32736686080308
1121,2.35095250082758,21.76778616160317,-65.67844961122256
1122,2.3530449396760944,21.852328189786775,-66.1834854809219
1123,2.355141499104623,21.86336392729581,-66.40443224630151
1124,2.3572378412451434,21.908829499417244,-66.66931616133331
1125,2.3593294861259198,21.944944833727867,-66.98100575900806
1126,2.3614224992004984,21.97809241046983,-67.18840271489982
1127,2.363517948981548,22.028104299126536,-67.5691066166796
1128,2.3656139136423477,22.070958278490306,-67.82900931281584
1129,2.367706660383537,22.077772024978668,-67.96278735978632
1130,2.3698014470222093,22.144607130877453,-68.36756934127986
1131,2.3718977582075165,22.164666199475615,-68.58723440336756
1132,2.3739899214574836,22.290807962336117,-69.10244235790744
1133,2.3760825194215927,22.278264091465193,-69.23070196256907
1134,2.378179070039863,22.325829792632643,-69.53787989694081
1135,2.380273759058959,22.3838430893416,-69.756381670321
1136,2.382365673610318,22.485394896884774,-70.23118314573115
1137,2.3844604460166168,22.484754447725496,-70.38485915855401
1138,2.3865571190304595,22.500529095866277,-70.6472324650928
1139,2.3886520978255446,22.602739313249955,-71.04685930322202
1140,2.3907442891236066,22.69341645827359,-71.42614898184873
1141,2.3928386457990913,22.757615436677376,-71.83296917784948
1142,2.394934562690242,22.80751413812173,-72.11032472333625
1143,2.397029599690107,22.877202809805457,-72.50450467413258
1144,2.3991222591305954,22.914512100289897,-72.61119352709126
1145,2.401217024080888,23.03157435430404,-73.1122028643467
1146,2.403314513026698,23.058183075847296,-73.38360112713917
1147,2.4054081911284184,23.136689366264935,-73.72470169105188
1148,2.4075011183217048,23.209609255419366,-74.12668631865931
1149,2.4095960074264258,23.193207694442144,-74.14127018224663
1150,2.4116926326559978,23.379734543279984,-74.867758865968
1151,2.41378425055939,23.34983895083708,-74.88641110420494
1152,2.415877382497087,23.43424955790389,-75.23182125170706
1153,2.4179783678062123,23.534709466937716,-75.72421452799207
1154,2.4200733739460714,23.57666845204579,-75.94705013481266
1155,2.422162501290004,23.64127507832237,-76.22938255728813
1156,2.424257158180454,23.63792647180472,-76.35419288912351
1157,2.426355368807169,23.75777395818115,-76.8238939331932
1158,2.4284477900186845,23.88443591288859,-77.37568228788497
1159,2.43053883847394,24.008808240415394,-77.83457737260561
1160,2.4326356353293934,24.059656877506704,-78.11804493900478
1161,2.434732612021302,24.109587133395305,-78.36989488095193
1162,2.4368252927922227,24.16735026844174,-78.62173106653562
1163,2.43891890863681,24.245874368747785,-79.06348397342208
1164,2.441014895314609,24.304481767304324,-79.33755371513323
1165,2.4431105244568765,24.48392186514542,-79.9870093212431
1166,2.4452031167440684,24.602422793220402,-80.48089654743379
1167,2.4472938786799143,24.540763974745023,-80.31131333733482
1168,2.4493915902413868,24.766970619045534,-81.20951612178492
1169,2.4514877943094935,24.76874015541295,-81.26217308271225
1170,2.4535774837073663,24.93716542110494,-81.93355465279359
1171,2.4556717453467782,24.854969500908886,-81.85072050426258
1172,2.457770725968573,24.91848445109176,-82.0834881490188
1173,2.459865450868259,25.24445189758596,-83.24224302132235
1174,2.461954843714291,25.236364303186246,-83.30137497762321
1175,2.464051305962942,25.26414920199001,-83.4682199463745
1176,2.4661493201186655,25.419207328094895,-84.0676678793788
1177,2.468239991051035,25.49060238039763,-84.39691834151189
1178,2.4703335941159144,25.607494164849154,-84.84637766546358
1179,2.472432426226094,25.671055162819066,-85.16283871119406
1180,2.47452690434623,25.838088984757277,-85.8710244680587
1181,2.476615373809059,25.813262944027365,-85.76289653533874
1182,2.478710457672189,25.972665672201053,-86.39537801356323
1183,2.48080966574444,26.131044660705832,-87.08665051464861
1184,2.48290090100287,26.317695893231967,-87.68960631449893
1185,2.4849923340191187,26.336585130597705,-87.83279210828951
1186,2.4870897130294636,26.377714529532717,-88.04790518534787
1187,2.4891862386660164,26.538019365800476,-88.71972872952412
1188,2.491278235985619,26.652703745383597,-89.10118543252909
1189,2.4933690456944357,26.744665661450966,-89.55572286973401
1190,2.495466543397291,26.847359230751582,-89.94381078163052
1191,2.497563830960505,26.932436307442252,-90.35177297871275
1192,2.499654519205421,27.080696412345723,-90.824131269994
1193,2.5017479497353943,27.255991081738514,-91.5587453656942
1194,2.5038480054516667,27.248365704245806,-91.59700999400671
1195,2.505943433921919,27.432316087777362,-92.28990476640674
1196,2.5080284861327207,27.374076594311433,-92.062555208314
1197,2.510123955773609,27.67135980187915,-93.24395321651238
1198,2.5122261646694253,27.713931207713138,-93.38329170682813
1199,2.5143177674343575,27.83535126471611,-93.89154774901053
1200,2.516405803072155,27.954080751103525,-94.35000744068792
1201,2.5185026929964116,28.131203842881384,-95.08643440752951
1202,2.5206041831245063,28.264657549795288,-95.5786992350103
1203,2.5226964757648327,28.41187734878742,-96.17774051578536
1204,2.5247869961159406,28.47698956470757,-96.39235881540704
1205,2.5268843920051487,28.62932248566043,-96.95761394925083
1206,2.528980483597168,28.834954073459897,-97.75116728764802
1207,2.5310684597394695,28.971417300827778,-98.26098004399425
1208,2.533161718042206,29.091237701111123,-98.7877520979732
1209,2.53526488574662,29.179570029124456,-99.11371398605513
1210,2.5373603920777454,29.319218869135568,-99.60978896530591
1211,2.539445749963502,29.455142567333475,-100.15364475681805
1212,2.5415417180131348,29.680695846810845,-100.98489295474732
1213,2.5436457679371425,29.95416524240018,-101.98267478765399
1214,2.545736808475733,29.92830208122774,-101.95169745191104
1215,2.5478233832874237,30.129349046193077,-102.66885375377434
1216,2.54992085584226,30.21314489161076,-103.02727381660911
1217,2.5520207655356866,30.318813343343244,-103.41969026599888
1218,2.5541098448110064,30.53761829811136,-104.32791601449932
1219,2.5562002600365847,30.704429633399755,-104.90596857761632
1220,2.558305455724291,30.78329225216365,-105.2294761926321
1221,2.5604026511470312,31.138321467342152,-106.50557318066453
1222,2.5624826414852553,31.100198311290324,-106.35948512701678
1223,2.564574391949512,31.323669042354144,-107.28994011156311
1224,2.5666808497683498,31.582416389926898,-108.17269935783438
1225,2.5687773451615423,31.65752455428059,-108.44246245953434
1226,2.5708608935170316,31.751713831663515,-108.82610294735584
1227,2.5729575952355885,32.068309671150864,-110.02110580903037
1228,2.575060651513359,32.03096172413623,-109.90243427812308
1229,2.577148431575012,32.52764574496361,-111.60830331489761
1230,2.5792346077561192,32.46002319017094,-111.46184638081691
1231,2.5813352493894732,32.71737953804746,-112.48866259682099
1232,2.5834369526956515,32.83452598721514,-112.9015116878657
1233,2.5855218346006232,33.08450862462422,-113.78908089743068
1234,2.587610713900489,33.038441479109856,-113.65946657629189
1235,2.5897186990593415,33.42669141212127,-115.05351761708525
1236,2.5918181690667126,33.51371681111096,-115.44271725843812
1237,2.5938985009385314,33.66009073413236,-115.9386549804965
1238,2.5959901966325076,34.03937642510109,-117.30329564823319
1239,2.5980970827886534,34.30810869346605,-118.29184977279732
1240,2.6001911974764487,34.606581468629834,-119.36397262682401
1241,2.6022734575046016,34.63648389383874,-119.4638019077125
1242,2.604374761438423,34.869800123265364,-120.37080803320781
1243,2.606480077670044,34.938747432947196,-120.67865458602301
1244,2.6085618800169397,35.36411381797803,-122.12107777814174
1245,2.610646200048581,35.39947782743284,-122.31746122476794
1246,2.6127580952497533,35.65905387798583,-123.31785847001696
1247,2.6148609257992828,35.93948576112293,-124.28249322435448
1248,2.616933454172155,35.89082357769033,-124.09091860467493
1249,2.619020659870304,36.339312898604184,-125.71652095302794
1250,2.6211346279669097,36.712502743116936,-127.0445457796721
1251,2.623236503452788,36.75140205545866,-127.25785485856396
1252,2.6253090562225565,36.883832966794564,-127.69446139882572
1253,2.6274000701334055,37.1159799661211,-128.6574650921297
1254,2.629513118467727,37.74023837798487,-130.76774852317533
1255,2.631604301330356,38.047147113559255,-131.84300841274296
1256,2.633685254021577,37.70382690701308,-130.69079078223206
1257,2.6357889797673804,38.29610253902059,-132.9216107060855
1258,2.637895874321367,38.58132909833305,-133.86541392522167
1259,2.6399747081141895,38.61434491520738,-134.05311039571475
1260,2.6420591747927733,38.90520415868386,-135.085411290644
1261,2.6441764666284318,38.97718672324768,-135.38025943559947
1262,2.6462775406423154,39.92310230807577,-138.6111954052647
1263,2.6483402943393326,39.54678188214146,-137.41500849473528
1264,2.650428729148096,40.27810268907551,-140.0071159589297
1265,2.652562718674548,40.32903727963751,-140.20011953692293
1266,2.654664088292312,40.46038148461646,-140.68851340654487
1267,2.656712651557163,40.86631477883337,-142.07742609547353
1268,2.6588106765908748,40.80720084937792,-141.90335100620476
1269,2.6609452450324915,41.665618195320754,-144.93096566603154
1270,2.663032290426174,41.69212823707128,-145.08753304112767
1271,2.6650914877184944,41.80845869038205,-145.5314647701865
1272,2.6671986225603375,42.25384277559821,-147.12029325991787
1273,2.6693218160411916,42.91581867382388,-149.3491568497934
1274,2.6714003686163363,42.70437437313921,-148.69140032213966
1275,2.673473653710363,43.098224414725415,-150.14317538440883
1276,2.675588689124729,43.45828278275932,-151.40540441573523
1277,2.6776964003773744,43.74697946881348,-152.4485173642815
1278,2.6797534796790945,44.10150586268053,-153.62072793696547
1279,2.681845016836506,43.975998871045036,-153.31488343689378
1280,2.6839785543392702,44.12723775840859,-153.83647877415822
1281,2.6860638705482365,45.19248362932755,-157.5618113043473
1282,2.688115580192901,45.0759912903344,-157.21766723650038
1283,2.6902421071216107,45.37520308341389,-158.25278789464713
1284,2.6923784453538007,45.558292872176196,-159.05802262336462
1285,2.6944235266222867,46.92263409157266,-163.71633707479322
1286,2.6964818302236213,47.063159722362734,-164.2420759425902
1287,2.698646249049189,47.36426834015269,-165.29281720952972
1288,2.7007725953070936,47.30187420515509,-165.09938967627363
1289,2.7027692368507834,48.18180940772486,-168.12297584916803
1290,2.7048443440936585,47.694157517743264,-166.46961125605162
1291,2.7070515904059915,48.40600753433751,-169.05667266079675
1292,2.7091632832728005,49.066286878354916,-171.30834328584913
1293,2.7110832098570423,48.92250431861979,-170.88374188847376
1294,2.713194248534394,49.92248372418345,-174.43655174491548
1295,2.7154564422347596,49.586907955837525,-173.20181257881814
1296,2.7175455830902693,50.23470828776489,-175.51947157457235
1297,2.7194409477796717,50.498032171353415,-176.46318764874889
1298,2.72159410281056,50.77503292580034,-177.40573456394077
1299,2.723868494276683,50.92176009675862,-177.99155693018048
1300,2.725905473691433,52.355350073449976,-182.94429459912348
1301,2.7277938720843573,51.52279476025664,-180.16196874361592
1302,2.730005424734083,52.520853303765,-183.63274071715412
1303,2.7322910595910366,52.5384567048763,-183.68031016453918
1304,2.7342323934891035,54.45037778535748,-190.3676118527744
1305,2.7361123669415965,54.24839312095073,-189.68386769554945
1306,2.73841292247591,55.21220200481495,-193.12492850292486
1307,2.7407262152838343,55.15770526297719,-192.97813969322914
1308,2.7424923562337074,55.62422407896943,-194.42032010409852
1309,2.7444202272828333,57.5632087043026,-201.37962049332194
1310,2.7468188489948773,55.87583086592989,-195.42411058376516
1311,2.7491571251284848,57.20498087077866,-200.18939786691186
1312,2.7509012180135843,58.87314726191573,-205.92946699289635
1313,2.7528220566885997,56.96121248221621,-199.3590718140932
1314,2.7552245852341666,56.27727307654225,-196.775277860729
1315,2.7575799064734774,58.443607632860925,-204.41643909091962
1316,2.7593246433872425,57.606967926617145,-201.65186524060002
1317,2.761234187120032,60.979986871794445,-213.4036539656747
1318,2.7636390504715083,61.811559594889864,-216.25141600643516
1319,2.765948826576436,57.673329919872025,-201.8589899391259
1320,2.7676191435751902,62.872665196271676,-220.0623713179966
1321,2.769651838220211,61.84949968645103,-216.4287140892622
1322,2.772055945845228,60.02907947103166,-210.0478684951851
1323,2.7739175955497957,66.0531687743411,-230.98917589264718
1324,2.775657495525559,65.43487651539331,-229.05963540870144
1325,2.7780509401576134,66.9996372271253,-234.59201422238033
1326,2.7804282678176238,51.92263836536702,-181.75382911998432
1327,2.7823699672164355,36.42791955274238,-127.55489314286245
1328,2.7838806433920418,60.99212100345111,-213.40115851963967
1329,2.7859958234637583,96.60575346041905,-338.1201371114667
