,k,Pk0,Pk2
0,0.0029665470748989845,2297.683778128383,-3210.413999287687
1,0.005026374055021859,3008.957118580498,810.4627046138219
2,0.007149300621522788,3179.4350142475014,385.61738651013434
3,0.009278869254964255,4138.065296540663,-1904.3402259821823
4,0.011450332619344701,4745.09313265357,740.3648115946007
5,0.013492955871419151,5381.400056489579,1324.406649634451
6,0.01558905561191893,5855.138824767219,-375.6483349626529
7,0.017694083672553172,6163.11416172153,590.1724870056922
8,0.019817874803135297,5922.229452237222,-1557.5996303674983
9,0.02192074938196264,6298.831185684594,513.7721193586534
10,0.02398877635566245,6349.96710860863,-978.5478934415455
11,0.026092869718961156,6196.54300244871,-669.3839428843887
12,0.028234663152781798,6286.026446477542,849.6713090018517
13,0.03032284873509123,6162.5004673603,-307.7983863923847
14,0.03240263258943404,6482.218028837713,-88.44329757271231
15,0.03449210129864554,6204.180120798131,-317.9752522915594
16,0.03658588147515197,6251.115934507014,-547.7126158238214
17,0.038684769492669774,5729.96237627492,-316.86428965138634
18,0.040788988884582836,5672.256674656598,477.22889679054447
19,0.04289390876967646,5464.587365584023,-257.0946252440219
20,0.04498336005546935,5448.647368225637,-270.1547143382171
21,0.047064985294738244,5476.589421775773,-604.8925637528183
22,0.04917111919158227,5282.098244720165,-208.6936816968772
23,0.051262169141742274,5053.132102242518,-355.11432242672583
24,0.05335525146837034,5129.155936919475,342.10986022992955
25,0.05546637228956934,5025.6031953645015,387.22245980972633
26,0.057573188192548086,4904.789517814672,-45.150647640149266
27,0.05965884044590281,4794.334170851952,231.45338277166874
28,0.061745123021595065,4756.108663677647,-101.81060560667571
29,0.0638268929113719,4710.914213235502,175.63882864081225
30,0.06592966228838451,4563.0707428969,-260.43497169774105
31,0.06803125784825748,4449.283928036424,159.45169292557193
32,0.07013131008699486,4459.768268211924,-10.059104628447955
33,0.07223032366074338,4315.783475127296,40.736966837767405
34,0.07432334270720506,4293.152156639498,-142.53409271696114
35,0.07642066756954473,4216.247065481798,122.45307415983359
36,0.07850471694556041,4077.4802873694953,-6.753918627668174
37,0.08059701946059529,3948.9534458923386,2.2552128751186142
38,0.08269521798132064,3874.230616831902,-100.18243628021365
39,0.08478307522909848,3787.662228836642,172.64491331017823
40,0.08687780839616016,3754.9972691722965,-173.9596520284545
41,0.08897524569656534,3585.1553237531534,-32.013325437688984
42,0.09108077810470518,3462.473358474374,155.056166475936
43,0.09318432266948053,3405.4721777403256,-35.4253486301546
44,0.0952788764104831,3338.4380943781325,-112.20443577832386
45,0.09736254237981037,3220.963443634606,125.3125854262889
46,0.09944832814799408,3151.3280844897213,-60.646721797506615
47,0.1015460879802399,3126.3338161981624,39.01067741972256
48,0.10364263756677322,3066.4404082425885,-60.960252749123065
49,0.10573893905394659,2980.7515914985092,10.686631371550785
50,0.10783958559814742,2887.259246424163,93.56514155031714
51,0.10993894058501318,2854.1910887599743,116.02318967642464
52,0.11203921431523854,2767.1701846768183,-61.7307906709078
53,0.11412334585697578,2797.649783202814,64.03403987622443
54,0.1162159397555423,2714.6233228846972,98.5416878350896
55,0.11831372048037725,2649.4256378526566,1.4573433541377574
56,0.12039723118070132,2618.707031607251,92.68808916375883
57,0.12249223631878574,2600.2262877956596,-96.63672560284684
58,0.12458825984258635,2555.0978778992203,32.69656898760904
59,0.12668846771583772,2509.4051610900915,-9.626622064711055
60,0.1287846620419941,2470.414580974049,53.566696510827875
61,0.13087133937881498,2456.420145102823,30.661030583713586
62,0.13297548334406448,2374.6263839838443,70.57650748552287
63,0.13506910815256093,2368.235955860038,26.258690752368135
64,0.13716388258568254,2314.5871655287324,45.20303757171188
65,0.13926047573721634,2282.9709744198954,-6.993509308115382
66,0.14134668829083769,2249.1971009796407,39.32369116149441
67,0.1434475230090064,2201.990638183458,-4.319181555717318
68,0.14554528534185418,2159.226463519507,90.31784464212528
69,0.14763320610735878,2108.816976199811,50.20615456626051
70,0.14972114728432864,2056.0994244726776,9.641436753716002
71,0.15181380487515775,2034.0987401805346,57.297901628569356
72,0.15392114901003526,1994.0231910908476,58.291565005659024
73,0.15602147473412367,1967.581350346013,66.37594728469978
74,0.15811617475881218,1930.9238100174628,11.502513983097398
75,0.16021187122717997,1900.191348711893,42.47008927194847
76,0.1623006419462899,1846.0851583591598,107.56945414785504
77,0.1643899033199985,1823.4829493193897,-42.19924277257263
78,0.16648355823815117,1793.2555626038506,59.64011994001522
79,0.16857196837784735,1774.739606743282,80.91157319576412
80,0.17066413320893647,1750.2574833876042,69.51040110103948
81,0.17277086992561352,1708.4179375440465,-26.440282720162894
82,0.17486965460096995,1687.5357590014578,54.65558728790861
83,0.17695857694944453,1665.6099513085987,62.52665252745119
84,0.17905245093155753,1648.3658027128488,42.23388624555788
85,0.18115265212612636,1627.9053307761894,25.45747419372947
86,0.1832476884130739,1614.7893007826547,9.584195196800973
87,0.1853312475833926,1572.8476674856352,73.36290776653011
88,0.1874284892203219,1560.4913517842624,0.22094994982947044
89,0.1895337179075755,1546.5374560927553,13.911260097526082
90,0.1916268196474026,1529.5100507870056,56.98412606244216
91,0.1937183403446853,1507.6623654249188,68.30497359379201
92,0.1958131498886989,1492.0021883493903,67.86971443087523
93,0.19790587400989662,1476.532299675611,7.250724416722489
94,0.19999906515978938,1453.1883245531944,54.316126621327705
95,0.2020893038374759,1440.465687914449,50.255382462537625
96,0.2041823192148178,1415.121157855021,21.357475787146345
97,0.2062825911013838,1398.9498921475483,41.68828219411403
98,0.20837701891459662,1378.27865288319,50.80133054915291
99,0.21046758167944032,1357.9096773292795,33.341145776456415
100,0.21256678542440183,1349.1156272740252,40.40588282619656
101,0.2146619261104852,1328.7747376630068,56.117209944662775
102,0.21675618057220372,1319.5921163681116,50.61127112430194
103,0.2188528705899679,1298.4157938721294,8.568622753465197
104,0.22094564274530842,1270.1531694823218,49.923163228724725
105,0.2230395148320731,1254.8119134061997,51.81374912511543
106,0.22513567328585352,1248.404601917477,50.911680688506024
107,0.22722785048644015,1225.6379676556635,37.13441930225917
108,0.22931975112872324,1217.924961200661,53.41900300668544
109,0.23141147723465103,1201.5127347593486,49.2446234189602
110,0.23350584674782457,1185.8585264562155,55.23477818520815
111,0.23560416522029054,1170.2030224029133,52.2105190420197
112,0.2377006336558307,1158.9341005639612,47.21843181077328
113,0.23979727503904752,1141.7709190581372,39.37398674361339
114,0.2418944602532704,1130.187506087859,67.01168818385077
115,0.2439884227569783,1121.5650471890103,37.365449258751234
116,0.24608359968283072,1106.972591398532,48.40144901130344
117,0.24817552807053123,1094.4771010319373,67.18928592988472
118,0.25026237006475704,1089.685522407462,63.17992294564973
119,0.25235861551053484,1078.7231175339625,40.8759439800789
120,0.25445470778669854,1067.4173769161278,62.05491976747089
121,0.2565487653287422,1059.8239019093053,68.46678200240869
122,0.2586464955058471,1052.8163097662052,35.453066327109624
123,0.2607443047329862,1039.633889262219,38.47321977442562
124,0.26284383121734134,1025.751533229704,29.37981408013016
125,0.264929885565984,1012.2345099597261,54.92674138685012
126,0.2670163698864118,1008.0465413908046,18.501672106483014
127,0.269112135390912,995.0309887007109,36.57249609281241
128,0.27120764961246213,987.0989151171785,48.14596849655567
129,0.27330509996536784,982.3027676181346,72.79713237919351
130,0.27539842121309294,967.2299593438239,46.00440272389351
131,0.27749656900268016,963.243866186736,49.55982822173416
132,0.27959864364035925,947.3505798929475,56.797003343144794
133,0.2816878213234348,945.4140399433634,41.566520156632684
134,0.28377609558542155,935.7927935627918,46.37926357239944
135,0.2858732754634003,928.5975941618472,62.75543478602749
136,0.28796861590208045,918.8021722648222,66.87196494679274
137,0.2900612915162532,905.81754277617,55.270154916380626
138,0.2921547032025089,899.4428055227073,58.59227502831796
139,0.2942501291133245,893.069099439877,49.65339089512606
140,0.2963444256131289,891.1636357553671,57.37077890693899
141,0.2984361415704375,875.9891431838796,43.872165093356735
142,0.3005318840555698,870.6321624814294,55.170970791071134
143,0.30262777760316095,857.7474198436782,57.63454980428187
144,0.3047248035439954,855.7992678513119,44.5287777163366
145,0.3068210272572538,845.9584182476237,44.924402759416196
146,0.3089144805088237,841.7616897321748,54.58680807313584
147,0.31101080657849756,830.1880850148694,60.1894424470459
148,0.31310885951912926,825.2194607320714,54.623439357253375
149,0.3151991603466065,824.8111107085476,54.096723609338675
150,0.317288667284839,814.1300843445578,50.00903826304827
151,0.31938044185106124,808.1523277593935,61.97586656553732
152,0.3214783648369702,803.957924835258,57.57639985057684
153,0.3235785211189416,793.6287289765675,49.72354096283417
154,0.32566935894833426,790.1039068083418,52.243677700666694
155,0.32776077751211374,779.8360021358949,45.26862461498075
156,0.3298523230655558,775.1226073951136,56.29718699319908
157,0.3319485433973702,769.2969395770227,38.90732034255957
158,0.33404540358127904,769.338175405181,55.12380371131975
159,0.33613494177837844,758.180628226454,48.22164017758807
160,0.3382313832787478,753.3142861136616,48.825712469186854
161,0.3403308518124324,750.8083347010584,42.834288701246884
162,0.3424246601457981,745.6143380128184,53.986841086875536
163,0.3445197272986724,737.3930011828287,36.17288739398846
164,0.3466158524641983,731.1225336401146,42.12141755193591
165,0.3487089916477683,725.8790033718786,50.71393456004178
166,0.35080114560367615,721.9317755782271,48.5067372864949
167,0.35289356821720286,721.164652815106,46.26199844953199
168,0.3549881110219297,714.1041208283285,53.17034317159748
169,0.35708559248027844,707.631159275458,51.62752580597728
170,0.3591813496003593,704.624202015282,52.10619926314619
171,0.3612749400626811,697.4839815612495,47.332501459210576
172,0.3633693413142722,691.9157567004341,50.61622534443835
173,0.3654632219855477,691.1680042083321,64.414465912703
174,0.3675603773529471,684.4795208231054,45.42716900289623
175,0.36965434919829326,678.0763482797686,49.97201048221745
176,0.3717418094879197,674.517897229713,46.731359841741
177,0.37383404253825586,671.3072726407593,51.4121192290284
178,0.3759308579415973,666.6647254752833,44.45861087444651
179,0.37802985088946095,662.2959659813869,49.737905778853836
180,0.3801213498834686,658.5649997896277,44.603509322432984
181,0.38221306010699313,652.7952514892212,48.139997050080844
182,0.3843141376638833,647.0787382550502,51.090610788909
183,0.3864096355836929,645.2860435490231,48.84810173630311
184,0.388502907295756,639.1248030395467,45.582342357856305
185,0.39059769208540335,638.1394336828682,54.16984956011898
186,0.3926958121232196,635.7531004226663,48.79371946033977
187,0.39478921808384226,630.0651451197338,45.70118999679056
188,0.39687821409975554,627.9352664115653,50.07491810736707
189,0.39897073627813356,624.2111950242055,44.0774388401146
190,0.401067192451382,618.3671812466882,44.63904858965435
191,0.40316228148056854,616.8827445511424,48.89010879412186
192,0.4052546340249366,613.5396481167188,45.334642730381965
193,0.4073499183903822,609.1980018771337,49.54982847286476
194,0.4094468722071623,605.4116179040009,47.17996829942247
195,0.41154432885897757,602.9724086335583,49.90659849009419
196,0.41363408239228544,596.494474377652,54.76556793090209
197,0.41572494638156243,594.1171540537408,42.777544700787026
198,0.41782181997781404,590.6993954378369,47.773402961670925
199,0.4199166506307261,588.8395856150598,48.87841873542425
200,0.4220107143757513,585.2356600788368,45.07694787217541
201,0.42410542949066876,581.0335243877286,49.449565417027664
202,0.4262013850195404,579.30038830252,49.13053603035118
203,0.4282955296445312,574.9836309711834,57.64855288959645
204,0.430391806688861,572.7844873565111,42.157227301828094
205,0.432488575457924,568.886758987823,44.453970287543065
206,0.4345806090039814,566.1981940565274,42.97703340403671
207,0.43667244097425384,563.8844544908214,50.07958193066635
208,0.4387671492209622,560.7137155232919,42.56035816882642
209,0.4408622534544343,559.2903411463304,40.4053040381144
210,0.44295516415095815,555.5357505129749,45.487217461605105
211,0.4450482683181851,551.4098836776801,42.25144891403484
212,0.44714683875742495,550.2915075985194,51.97158880553389
213,0.44924362280569813,546.5347997150503,47.194282132485185
214,0.4513338633316258,545.8505457032259,46.93147238810812
215,0.45342753643259276,540.8794514575867,47.7891849541619
216,0.45552189548586586,537.7220409069342,49.663449831434534
217,0.45761716616081083,536.0120533385912,46.715211421863096
218,0.4597117909764672,534.3084576574076,49.83499972341683
219,0.4618031890496857,530.8227540151294,46.29182049222176
220,0.4638995470730997,529.6345096217618,48.14803090370488
221,0.4659948171464902,526.1570219519035,47.535583360878476
222,0.46808929446972725,523.1268922295001,46.824901506547484
223,0.47018492649495636,522.1968340215263,47.4101790365157
224,0.4722792778491551,518.6472335950045,52.2728051120076
225,0.47437272572904565,515.1920499310112,46.41151048424468
226,0.47646593372141327,513.3840788907244,41.50148853849991
227,0.47856230727426236,511.7532839082925,50.20822103269955
228,0.48065904058976644,510.8309643641463,40.460774911692354
229,0.4827512226177774,505.6821991980302,48.916708542420096
230,0.4848441163240575,505.5723180232015,42.19523070950456
231,0.4869397730506266,502.05516249791435,40.630834513897454
232,0.48903678813400875,499.8588162331977,44.38237819744062
233,0.49113096964965397,497.6044193337887,45.13115662223987
234,0.49322332174786626,496.8512820630096,48.370071474734125
235,0.4953187148676145,493.8520420519935,46.760790174979
236,0.49741120358770496,493.3925617934927,45.089168929554575
237,0.49950082345999325,488.8142309050745,43.91388326474516
238,0.5015952506837275,487.5405123049042,45.79514400162509
239,0.5036919972981919,485.84678833494917,43.46029097672679
240,0.5057872116617207,482.2698104957962,46.701052063766525
241,0.5078828569897101,482.40474573961774,40.32792752790669
242,0.5099793452386306,480.6019349872411,41.19890598796273
243,0.5120767256379639,477.3633559017823,45.82238897005278
244,0.5141702395931294,475.99625411108,47.51156953258381
245,0.51626132102766,474.90244004322057,45.7906208851817
246,0.5183576899265504,472.0602150802499,46.02368886486379
247,0.5204524416424112,470.38122146403964,47.42943630552887
248,0.5225430403510469,468.05163987181606,45.36842854708364
249,0.5246378991347941,466.3116461294162,52.163581911481
250,0.5267345150769579,464.77259155971706,45.357803143867336
251,0.5288284644781793,463.8657618090643,46.678970669513916
252,0.5309200047543352,461.4279513965442,46.31026153795817
253,0.5330154787982235,460.7046314218382,46.45115588478435
254,0.5351140455458262,458.0958358960733,49.59979656230105
255,0.5372066203065362,457.00597392422094,49.03439860071788
256,0.5392991990272246,455.12477630335474,49.009010606174385
257,0.5413944118270408,453.32638318649737,44.66658780328031
258,0.5434881995106379,452.7595283358141,47.52008167590288
259,0.5455829952492127,449.2266159995301,47.93862511817849
260,0.5476769745662954,448.09915609745616,45.59085280863354
261,0.5497697255495043,446.49320777970286,49.441242718292
262,0.5518645446467839,445.10839777145736,43.66397929188405
263,0.5539598571350287,443.8468449235365,50.829414560348695
264,0.5560564538950566,443.1674795660466,44.395713419627036
265,0.5581500505101624,441.77236162529897,48.63072154346459
266,0.5602409063261653,439.1730293441616,49.75147720982518
267,0.5623379637803174,438.41333103244426,47.6454390683718
268,0.5644363283026402,437.1502784034698,48.40800451129575
269,0.5665273824761494,433.8376772128734,50.88460435164197
270,0.568621249018378,434.36131788146776,48.29286126241466
271,0.5707181447612965,432.4814339727009,49.11038884099189
272,0.5728127938597997,430.479243428223,49.30582159699165
273,0.5749070881546879,429.80195367878514,51.619072871510234
274,0.5769991470923068,427.34028504405666,50.663864787836765
275,0.5790956911760897,425.83021434433334,48.18211772102391
276,0.5811893306261757,425.5689129079777,52.78117958722885
277,0.5832802267374103,425.3459779312107,52.69973610991829
278,0.5853761830306536,422.80662686772513,52.932123105611396
279,0.5874711784415975,422.3185763794811,50.68956920726434
280,0.5895653958899879,420.8690486859596,50.181108792651635
281,0.591659786459685,419.13168676542983,48.496918513777324
282,0.5937551851921442,418.5351910969491,52.011506854627925
283,0.5958498092767481,418.0490968831746,54.82690196062742
284,0.5979447066705442,416.5787480189616,48.481335427425556
285,0.6000383505174957,414.4352189264412,53.144923042005686
286,0.6021313016181767,413.3975043192388,50.960116311203564
287,0.6042246965556944,412.6422432335009,51.99011619140747
288,0.6063189733697846,411.39508988929623,55.28430632577507
289,0.6084147213727373,410.32676678313675,55.621530160732895
290,0.6105090855473989,409.2135227072641,56.62731781134086
291,0.6126037649785722,408.858644087654,55.31639421857785
292,0.6147002391370655,407.2258902588057,55.49787371204275
293,0.616794938930829,406.77306107473464,54.865111174399296
294,0.6188886865784012,405.313485213664,53.18256717706347
295,0.6209825762252046,404.6413761070754,59.09780823360805
296,0.6230764414889526,403.21840915788493,56.3295660187362
297,0.6251725389343245,402.08599406007124,56.62334053244366
298,0.627266923011265,401.4184345314877,53.96331632193825
299,0.6293596211388142,401.2915317950967,61.0303113623401
300,0.6314513250607457,400.5596733143478,57.974917167250126
301,0.6335475720513941,399.29216359357576,59.376293492939084
302,0.6356444982495617,399.67006341724345,60.467831048047884
303,0.6377358562255245,398.0255801724874,60.775902119939566
304,0.6398302949107263,397.03540536987697,61.81583449753559
305,0.6419256185614247,395.48394443908785,60.586085513210264
306,0.6440214843206593,395.7379969695378,59.68322830607482
307,0.6461142033434962,394.8639955009166,64.24048740601056
308,0.6482061138478032,394.57010278558056,62.99616340569515
309,0.6503020867345045,393.23232534246705,63.28838498153643
310,0.652398185537932,391.49474716958053,66.17591654439336
311,0.6544932048530038,392.3367474067801,63.52719989039679
312,0.6565867871776386,391.5214168836572,69.3921999972088
313,0.6586827890115348,391.3155230915541,69.30836472324474
314,0.6607793300725506,389.62712256869736,67.37156782572028
315,0.6628724964198541,388.2801908523223,68.50579714042738
316,0.6649654402217313,388.8006999491324,68.97802495234349
317,0.667059865407609,387.50847860440035,66.74177846817244
318,0.6691532523078332,388.04522597953235,68.55187300519303
319,0.6712457992597233,386.50623082542097,70.752234394607
320,0.6733390782258323,386.7189558028305,73.65060345838299
321,0.6754367503383576,386.08789108266944,75.0563496248678
322,0.6775335143160066,385.4674021411207,73.03401661616348
323,0.679624621064033,384.083893291939,74.18259055037353
324,0.6817180292738917,384.4922743663146,77.80971058996428
325,0.6838149015047629,383.9324846185875,77.95697419460356
326,0.6859101434268815,384.10871293940266,78.23235704429979
327,0.6880046468184081,383.36694835529215,78.34326440793156
328,0.6900999637264865,383.2579108632152,80.22908959872234
329,0.6921965733216279,383.5583115497592,85.71762490703891
330,0.6942884945981568,382.76105265112153,81.08586644262459
331,0.6963781649531228,381.68580520533277,85.87841877638525
332,0.6984747371200234,381.8583692260347,85.92269426726382
333,0.7005690388882679,380.439695241918,88.15174693988179
334,0.7026621579778546,380.92494268002685,88.84306094173593
335,0.704757268847954,381.5558717178876,89.26955528923033
336,0.7068509057629639,380.7298771058809,89.30505339738123
337,0.708945644402387,380.7706898595838,90.43300960132342
338,0.7110406815970572,381.30706466851217,95.00908444448724
339,0.7131372373036142,380.3694668139709,93.30577619877816
340,0.7152323589250973,379.5631172870249,92.71778858999286
341,0.7173245162021571,381.12569900186037,97.8669126622556
342,0.7194199711852413,379.9161303300143,96.1448456951623
343,0.7215151322330351,380.65373015815254,99.07701898365933
344,0.7236102334592447,380.6672526423516,102.43200711314735
345,0.7257047129497166,380.34886469665116,103.53011980586122
346,0.7277958825256088,380.8722732198753,106.63242414934462
347,0.7298900912292255,380.44816026063216,106.9053109247736
348,0.7319867159780691,380.04110344652497,108.836147891457
349,0.7340808521059053,380.47518559037763,108.78821173457288
350,0.7361738853270124,381.1036740069792,113.86973700287064
351,0.7382682123604443,380.7155066724326,115.13709261231308
352,0.7403641944498084,381.29616457192685,116.8994409691613
353,0.7424576311971561,381.7323184964857,116.89194414916396
354,0.7445523870480827,381.79778518143047,120.47981218241696
355,0.7466478284648128,381.40696839722307,121.00859963290294
356,0.7487413917548734,382.8637913704714,125.80334674851066
357,0.7508354594737505,383.010167872076,126.73057598404992
358,0.7529278056847568,383.9083060924173,127.66157083692838
359,0.7550230257904859,383.7010779454057,131.984855169813
360,0.7571167923480437,384.2442283029146,134.7047505538706
361,0.7592113317151179,384.4698851571881,136.0293803970909
362,0.7613074731933067,385.03760445578223,138.76991909010604
363,0.7634009581307508,386.2663733536248,142.9659821238763
364,0.7654969266569684,386.1084728430283,143.05426570480068
365,0.7675905899780763,386.48304837073925,145.0444378140152
366,0.7696837880547684,387.02564678339263,147.7655610112958
367,0.7717795008463626,387.42592213912434,152.4561464328614
368,0.7738757788346248,388.0850169246207,154.73047833827533
369,0.7759706260990727,389.5645742723831,159.83341810619817
370,0.7780620795267656,390.1144153501857,158.9352524631211
371,0.7801559906208961,391.1909735342794,162.11396551502725
372,0.7822523136569128,391.2608371975655,168.70739041160002
373,0.7843481481853999,392.71360491275755,168.77794172224583
374,0.7864425511046899,393.66215451585566,173.708455128338
375,0.7885343495966205,394.72550294409126,178.23684134764014
376,0.7906286372458883,395.4334859677108,179.52215938802806
377,0.7927244345313397,396.99220682903666,182.85660499316688
378,0.794818005513127,397.6334184668677,187.81082963790328
379,0.7969121491149282,398.8071866053762,191.13265548894606
380,0.7990047112993173,399.72295503736683,191.49667013672047
381,0.8010984966914405,400.9551176290726,195.2240330982585
382,0.8031950165575023,402.3710522434729,206.4569801694679
383,0.80529055904954,402.68812943000665,195.4299224541719
384,0.8073868607794276,402.24854828696294,175.0960151588024
385,0.8094799923089985,400.8876133915282,152.4221436834047
386,0.8115723232550889,401.2356588238605,131.2886859701475
387,0.8136672975922271,400.09163664968787,113.7751599428035
388,0.8157631100610689,399.7637566800169,91.97787170494219
389,0.8178569790142735,399.2717620665979,73.77469792046782
390,0.8199506303068442,398.1968979756766,53.771303976373034
391,0.8220462665916841,397.64140801603867,36.37682043356009
392,0.8241405937791958,395.8800639791988,19.72504647818863
393,0.8262325853224312,396.5192896595487,3.9158162336336697
394,0.8283265675885274,395.6007695082014,-15.713759271383902
395,0.8304231027322762,395.9597504819213,-32.08872505239027
396,0.832516312308734,394.6023708727729,-49.27328113435469
397,0.8346104967180491,394.342166202432,-64.00990766258593
398,0.8367055646585567,393.4896681808884,-80.56248814454443
399,0.8387997810841866,393.5171086522482,-94.35124580528917
400,0.8408959249120883,392.8979835701932,-110.43389306951926
401,0.8429902851163829,392.15299338652665,-125.15898281764167
402,0.8450834013034724,392.04852350527364,-142.56834241329136
403,0.8471787052036875,392.14557160313285,-155.89293302460825
404,0.8492741754489669,392.03316209173323,-167.91980503837556
405,0.8513666186650054,391.31515581206014,-184.17220963402667
406,0.8534586558453424,390.29205816965043,-197.48886366218082
407,0.8555555147205227,390.05001863756684,-211.827729735178
408,0.8576510528712873,390.5325745899681,-223.31088744183023
409,0.8597438531231701,389.7313717601857,-237.99228870582107
410,0.8618396600787528,389.361441822359,-250.74236278597252
411,0.8639352641137702,389.3598106911932,-261.8577516633219
412,0.8660278348127696,388.5623212188312,-276.6339925741265
413,0.8681190723532742,388.6943214772329,-286.98052043780837
414,0.8702145301226206,388.4437100893985,-300.03888261942836
415,0.8723097299260473,387.7255164154438,-310.4020894901989
416,0.8744009465527449,387.353188526786,-320.00082317856635
417,0.8764962014565297,387.2129844188373,-334.43199947992053
418,0.8785921785819074,387.9153841367795,-343.722078904757
419,0.8806862529738079,388.42880686763783,-353.4214555290826
420,0.8827803474942315,387.0318980285483,-363.503442019715
421,0.884876552415157,386.20607399253817,-376.92787040264756
422,0.8869727619955021,387.50735200852694,-384.4481848836111
423,0.8890661549276524,386.955678532953,-393.63199907223776
424,0.8911606435626759,386.3677052661707,-405.94938291767716
425,0.8932564177642083,386.06036239694515,-416.77817439313657
426,0.8953515942364704,386.55910401286394,-425.0935923383546
427,0.8974449590572777,386.8344261096535,-435.9334495843947
428,0.8995380126042275,386.16232305995607,-446.3602920829131
429,0.9016308480731973,386.6731777041729,-455.12449779561535
430,0.9037248205752632,386.38675209325567,-462.63699580156174
431,0.9058194398636225,386.7492604945965,-474.1062607466012
432,0.9079139093175219,386.82833335496343,-483.4605058072498
433,0.910011764746055,386.4199502932009,-489.4041535657906
434,0.9121056647167038,387.06978388282744,-500.68404167378475
435,0.9141967683902507,387.2323054700809,-508.0991148614836
436,0.9162922424058753,386.8707851687585,-519.1080399944323
437,0.9183868595164038,387.13935692128865,-525.8544039176718
438,0.9204815946523948,387.8240049658309,-533.3391870673493
439,0.9225765682279964,386.74954710898,-540.2371047341406
440,0.9246708776548578,387.8253644489807,-550.2798310690555
441,0.9267650233208798,386.30076976702117,-556.8395302385185
442,0.9288581102404102,387.7899983099011,-565.6593975207114
443,0.9309518934142385,387.25846127336996,-572.3616983801934
444,0.9330469160925099,388.6365191108557,-580.0906112247402
445,0.9351415764644654,388.7959880151823,-589.1467642267646
446,0.9372369506587555,388.9319333744982,-596.0842269042853
447,0.9393287530448476,389.2976114090702,-603.9806449342769
448,0.9414229216419412,389.3291094793326,-610.5022170924049
449,0.9435209341962445,389.2011581595004,-618.6558458011523
450,0.9456148252799238,389.4578261963892,-623.5475010357002
451,0.9477091255207061,390.55480790273316,-633.3150441894118
452,0.9498037238864095,390.71502987482995,-639.6620706443088
453,0.9518981043411001,391.4829797189337,-646.8970800644156
454,0.9539914706287521,391.9556375502331,-654.6037784568073
455,0.9560859977890608,392.6772212090221,-661.570933972765
456,0.9581821096695351,392.390315124399,-666.6071161334165
457,0.9602755737793266,393.6327192147129,-675.5885570132398
458,0.9623691838562978,393.53231008201305,-681.7619386037431
459,0.9644636726355348,394.14469733400426,-688.9283720177104
460,0.9665572681340019,395.52592624638595,-697.2241766772955
461,0.9686506726657692,395.80731747924085,-701.7004211416339
462,0.9707453651438224,396.64590754496317,-709.6724403314649
463,0.9728397447984573,396.7370580082838,-714.4666415091638
464,0.9749341599912872,397.60706724382,-722.4600435484215
465,0.9770309382258842,397.3160020905003,-725.9186879729843
466,0.9791243621626365,398.7333634667809,-736.7820319797049
467,0.9812186011668534,399.21599517513425,-741.1318644413038
468,0.9833152549762485,400.37362416560137,-748.4256387067292
469,0.9854083366977224,400.4605348363216,-753.67435331966
470,0.9875013366256304,401.4069347396409,-760.1613409170507
471,0.9895964031766183,403.397564108701,-768.3509290495988
472,0.9916911272506032,403.91642755246227,-776.2847229236376
473,0.9937856031740195,404.5474436885123,-782.3453398016559
474,0.9958807301039379,404.83403677017577,-788.6820273119192
475,0.9979746323874407,406.292807785702,-794.3141878712995
476,1.0000664008054638,407.0884982849603,-800.9620656705691
477,1.0021595314674534,408.91483403999837,-808.4041758278378
478,1.0042547648495364,408.2003033767575,-811.0514897573856
479,1.006349085630113,410.41840561623246,-821.0181730389547
480,1.0084443367657523,410.6756032651744,-827.3046298308033
481,1.0105398481990022,412.1494935848416,-834.8173561276465
482,1.0126348213072522,412.2840513215657,-838.9176522319768
483,1.0147293432188107,414.50033166652275,-845.92310141254
484,1.0168223222913106,416.14160336486884,-852.3509430629754
485,1.0189181991118834,417.084075427167,-859.9200363318771
486,1.0210135889667047,418.65292104239944,-870.3251253964295
487,1.023105517395174,419.4104925145629,-873.2793251783694
488,1.0251997072975425,420.457868382876,-881.5015244487198
489,1.0272950549324347,421.11907649134747,-885.6207578136888
490,1.0293904044607038,421.96569112598667,-893.5776558356536
491,1.0314847550764672,423.88723723565175,-898.7776909886089
492,1.0335791521913305,425.7996421454726,-909.085095816715
493,1.035674282724225,427.33351937869867,-915.9393083469026
494,1.0377683744197583,429.0676141346254,-922.8935975074369
495,1.0398611358062981,430.00383145118354,-928.3726756857052
496,1.0419559810580585,431.93919381303,-936.8702151388902
497,1.0440519355231435,432.60298193149646,-941.6309295827291
498,1.0461442665368221,433.78443782092336,-948.0404985635694
499,1.048238151325366,436.06847627858747,-957.3019019788505
500,1.0503312794335307,438.6466368261055,-967.122246416261
501,1.0524262698953144,439.75728667557655,-973.9408457612375
502,1.0545208315883745,440.78342203566115,-978.9754846477508
503,1.0566150350094698,443.39256619010536,-990.5466482800238
504,1.058711440318921,445.1713509316732,-999.8724525854229
505,1.060803734980524,446.5278349208348,-1005.2945166905765
506,1.0628970711462522,447.854913885004,-1010.4176892545908
507,1.0649945592352892,450.26886748535736,-1024.3736312178053
508,1.0670895920886003,451.53943494634575,-1027.5190287102462
509,1.0691815189460832,453.71910729503264,-1038.784357185095
510,1.0712752972137536,454.88264465482655,-1045.7363353897194
511,1.073371173619778,458.4663594487638,-1054.9972452833126
512,1.0754657024825272,457.94326620369105,-1061.754323931913
513,1.077559391113827,460.7521440441361,-1068.347379524139
514,1.079654167044188,462.5239467064844,-1081.3505241763223
515,1.081749685406742,464.12581593336597,-1091.294046318077
516,1.0838429051818583,467.299835565425,-1100.639107871458
517,1.0859346611894292,468.8723364865397,-1108.3523197242869
518,1.0880274765489322,470.7422653838567,-1116.5582854444585
519,1.0901226378244568,471.84701016804416,-1125.0511527816595
520,1.092218906510469,473.55712937730124,-1132.3283377675075
521,1.0943142405516277,477.1524133978024,-1144.412947296586
522,1.0964083656069452,476.1878068063849,-1155.830922839922
523,1.098504575117021,480.512933529303,-1164.6138588346291
524,1.100598880587325,480.61818761069236,-1172.6843396768506
525,1.1026907648634887,483.63605479711043,-1184.255686189976
526,1.1047864761829782,485.68741991610324,-1194.2633650224348
527,1.1068805633882368,486.6115009544335,-1205.693770730992
528,1.1089715885079452,489.53646439524084,-1217.1424049543211
529,1.1110674731376504,487.95571800566773,-1227.1343142870605
530,1.1131638031712348,491.94617688194995,-1233.5850805296113
531,1.1152567400703868,492.0328337303722,-1247.1876792067508
532,1.1173518797395834,494.6701163836695,-1255.838834771866
533,1.1194466841667583,495.0862038270311,-1271.5552984294875
534,1.1215386388653605,494.70103049539637,-1282.0940641585812
535,1.1236321502294464,496.5465261040789,-1291.3193872592617
536,1.1257265608788465,497.4214711831356,-1308.9137122360196
537,1.127823511019811,498.3363278948785,-1314.0492080852318
538,1.1299186917312898,497.43196243990576,-1327.587691055768
539,1.1320102853860914,498.2483014207479,-1343.0852489304186
540,1.1341022265777971,498.15113225164293,-1352.7151316328798
541,1.136196488705377,497.8642303896882,-1368.0397137910152
542,1.1382919496812383,497.42925096040386,-1380.7841252597093
543,1.1403848113573067,495.94316478672465,-1390.2042082690418
544,1.1424801205078854,495.91299108304463,-1402.3354627809442
545,1.144579099546908,495.60038707485876,-1402.8272017640568
546,1.1466743733674984,497.8036540591209,-1429.622582412892
547,1.1487627957344069,498.36447936020716,-1439.387938591589
548,1.1508586543248278,495.5047198375337,-1438.812981807849
549,1.1529561980713183,500.49554464163134,-1461.4460997607518
550,1.1550454984226184,498.45560426647876,-1465.6072855069453
551,1.1571409429142046,499.53843221359125,-1476.5341255340984
552,1.159240859340017,500.6997088023026,-1486.0144037764724
553,1.1613355832020602,502.1648425093368,-1496.462002719693
554,1.163423871831942,506.06467929665075,-1517.7169894273015
555,1.1655188736812345,501.65615983169937,-1513.6693925169532
556,1.1676174368768866,504.289491712642,-1525.2855380911535
557,1.1697080797153998,510.5531629821119,-1548.9735540792603
558,1.171800206369591,509.3037915787249,-1552.3622140818802
559,1.17389591489135,509.37761541758834,-1560.9628821718159
560,1.1759888523797297,511.3776867052026,-1573.9199492286407
561,1.1780809947202961,515.9037761807522,-1592.557207183348
562,1.1801761196344618,511.9803067719155,-1586.748003701961
563,1.1822736635654147,516.1682412248131,-1605.2038279334836
564,1.1843710306693693,519.6335443405175,-1622.3179959429453
565,1.1864625384002512,524.177468349625,-1643.0628951868446
566,1.1885545198904406,520.3507278626646,-1635.43583611424
567,1.1906522613678343,526.9171680951766,-1658.662749632232
568,1.192750069492095,526.5972837055424,-1665.9251526273113
569,1.1948381381583106,526.9143681744634,-1670.9349878608289
570,1.1969297222624806,530.6000796816177,-1691.0382399094478
571,1.1990290164311135,532.3038401390002,-1698.4033644637993
572,1.2011243924560484,535.5390535449666,-1714.5589153455485
573,1.2032149592826593,536.2613065117745,-1721.6968571623045
574,1.2053132365828256,540.4614216448568,-1737.7244305710024
575,1.20741576508926,541.7250864535791,-1746.1325212036768
576,1.2095030565711475,545.2196285640512,-1766.3604573898822
577,1.2115949657999687,548.1132774582275,-1778.8400229695833
578,1.2136960046145377,552.6053126846926,-1798.1408579575796
579,1.2157928316049589,555.7738717558695,-1810.910287047129
580,1.21787984102748,557.5123271106304,-1822.126481102711
581,1.2199725120701903,558.6028311023322,-1825.875206658546
582,1.2220773486348555,563.3367129000864,-1849.7595859675514
583,1.2241717280648772,568.8414766464047,-1869.4140448927242
584,1.2262574809145717,569.2245890883069,-1872.5201342881326
585,1.22835205989159,568.8148327137308,-1878.7451448419774
586,1.2304511070315651,578.5480256093686,-1915.8345174420474
587,1.2325439941641703,577.9411223642385,-1913.6704156794233
588,1.2346327282165248,581.6837091043442,-1929.4125492463534
589,1.2367296121231413,584.7838477566613,-1946.8126076624128
590,1.238832433751825,591.3835358207926,-1972.5083853961773
591,1.2409238541102623,597.1371051803326,-1991.915031080719
592,1.243012379245932,599.0201707571422,-2005.231364629894
593,1.2451094606314712,602.4127845295114,-2020.551340722782
594,1.2472066170026377,606.9982321867432,-2037.5713106189341
595,1.2492929515805862,611.0614190225637,-2052.467340761617
596,1.2513843202334647,610.7130954550761,-2053.6133232909274
597,1.2534920777891505,623.996155939709,-2103.8132899366256
598,1.2555889180496558,628.8814846040541,-2123.2572203799778
599,1.257667580798784,624.6048888033074,-2107.882468029259
600,1.2597632986068967,637.8128173212751,-2162.1422845873253
601,1.2618709074503869,639.8058058936008,-2167.1270209919026
602,1.2639618917954016,643.7368439202268,-2182.1982273257863
603,1.2660463256389345,648.5281320668303,-2201.5514450204487
604,1.268151380164154,656.610033307078,-2233.00949648838
605,1.2702573897615381,661.3803229661305,-2253.0508338743907
606,1.2723329096911193,665.0710013486024,-2262.8109072724715
607,1.2744197010315288,670.4296172006341,-2284.138317881408
608,1.2765327006010119,681.1514659106205,-2324.7700435086954
609,1.2786342467193723,684.1210783951016,-2339.8001008854567
610,1.280707182799757,693.6877642630925,-2374.014473402782
611,1.2827931530633179,699.5371276632244,-2398.335940677799
612,1.2849085387747612,698.9148656547922,-2394.838703405184
613,1.287000364654089,715.613358222413,-2456.5528743516784
614,1.2890781709908103,721.7838182463657,-2480.6755315452956
615,1.2911842108955598,727.4648367408965,-2501.1472187261
616,1.2932965864662813,729.115793970388,-2506.4361132774507
617,1.2953774115066516,737.202880002861,-2538.439080960759
618,1.2974494068131983,744.1074672647982,-2565.840167526975
619,1.2995653278098822,749.6531017367168,-2589.3554345386483
620,1.3016791376111048,766.4480545337133,-2644.418574163284
621,1.3037423234004764,771.9505197781581,-2668.1450365671167
622,1.3058199114096363,773.5887617415442,-2678.3211787256437
623,1.3079467955462118,786.5109235393946,-2722.121117625845
624,1.3100601882305882,791.7536373872717,-2742.976662919035
625,1.312113308135768,808.0959264417999,-2801.027835103161
626,1.3141962752176515,818.2425370119482,-2836.2197099959335
627,1.3163277077674513,815.1617651116243,-2824.771096196794
628,1.3184175493918626,842.4347485904767,-2922.2816983036537
629,1.3204856618221223,843.5892743140924,-2928.840639475723
630,1.3225968812824558,851.1566818003619,-2958.02681970483
631,1.324712528812616,857.2957140944916,-2980.207775651689
632,1.3267701241226586,895.3800941567777,-3112.226004734113
633,1.3288455369869492,891.3965204107526,-3100.8177127790173
634,1.331007859279665,896.3703713687607,-3119.114201170639
635,1.3331193077637633,919.4089507737757,-3204.2090492008692
636,1.335111114646517,914.9102342150633,-3184.635377753059
637,1.3372000138113185,918.7477485010612,-3201.4290876701934
638,1.3394207042773567,950.931428586443,-3317.4576612019714
639,1.3415191831855293,933.734544026465,-3255.855354274716
640,1.343419658472025,968.2956388724142,-3373.962663905892
641,1.3455475267642247,1012.8244487909207,-3533.8203310998365
642,1.3478257671998863,988.9843581339821,-3451.2196197691087
643,1.349910545699746,1021.4974027076922,-3564.9539465366684
644,1.3517701887420612,1039.4183278916664,-3627.3444962006715
645,1.3539417100377606,1044.0100245009075,-3646.0276874701735
646,1.3562514521124112,1054.0290056497197,-3680.8846690840483
647,1.3583044750242828,1100.8637555648256,-3849.3841710327915
648,1.3600937081391848,1080.608345325792,-3772.830999957372
649,1.362315666351114,1137.0133910859406,-3976.570524484695
650,1.3646739887244697,1124.0487673173702,-3933.1020310374224
651,1.3666040349314283,1137.4593403031813,-3977.715275371609
652,1.3683585203137423,1198.040395860446,-4187.774069879504
653,1.3706879171444677,1158.1353170002421,-4049.0739549571667
654,1.3730812726720756,1227.6531409662048,-4296.085568922711
655,1.3749143385354152,1226.0792790336657,-4286.152108787768
656,1.376679031839902,1233.1597077762217,-4310.658919168463
657,1.3790764132796052,1251.9391100341188,-4378.395748560391
658,1.3814727924700456,1385.3708724250916,-4846.830832423575
659,1.3833424067073374,1389.1489353432348,-4863.239925443023
660,1.3850593718572481,1512.4704092364764,-5290.013340500198
661,1.387433769507078,1456.9753672005365,-5094.791004735679
662,1.3897620281243455,1097.7248883686318,-3841.573270183168
663,1.3917897627196847,2353.102894224143,-8244.072790606479
664,1.3929979117318791,7.933205829890796,-27.766220404617783
