,k,Pk0,Pk2
0,0.0029665470748989845,22716.85645366797,-16438.40821567692
1,0.005026374055021859,29466.603928853037,-10003.65106227418
2,0.007149300621522788,33726.33617074312,9261.153634140497
3,0.009278869254964255,40856.0303540458,4893.243640340221
4,0.011450332619344701,36847.46572018476,-5841.570098419692
5,0.013492955871419151,39529.117268035596,11476.186348918063
6,0.01558905561191893,39116.423393466386,-4410.832365282806
7,0.017694083672553172,38023.02866692158,4968.570975431774
8,0.019817874803135297,37914.1018883379,3328.7084634484713
9,0.02192074938196264,37163.76739004515,2183.228650502899
10,0.02398877635566245,35651.593290821496,-360.27852932003924
11,0.026092869718961156,32886.84490511492,-4732.839905352781
12,0.028234663152781798,31548.83294959061,4067.569434281219
13,0.03032284873509123,29668.750704630434,4734.081874880202
14,0.03240263258943404,27840.791040496188,-1633.5408356121466
15,0.03449210129864554,26777.92087100601,-1728.6801175105325
16,0.03658588147515197,24462.779951232333,1998.5981317862759
17,0.038684769492669774,24134.077297110096,-1850.3373915378922
18,0.040788988884582836,22326.68421103062,1464.1388460589183
19,0.04289390876967646,22923.243103154397,-2193.765090716998
20,0.04498336005546935,22121.555886975944,-218.8860930585369
21,0.047064985294738244,20957.963395778326,1088.3046177767646
22,0.04917111919158227,20015.573125987743,889.8389186553117
23,0.051262169141742274,19016.719421228157,-207.99164747284223
24,0.05335525146837034,18251.3122290845,1686.8042829483018
25,0.05546637228956934,18695.088423603735,365.13100905169046
26,0.057573188192548086,17118.235915223337,-960.2949008269518
27,0.05965884044590281,16816.797542910524,1225.7425093945844
28,0.061745123021595065,16198.820396914749,-1003.454543914398
29,0.0638268929113719,15694.759014927484,-195.62708438742717
30,0.06592966228838451,14980.40287574318,-824.920089572357
31,0.06803125784825748,14078.464033752827,187.01901815288832
32,0.07013131008699486,13877.488389430837,592.7918974630323
33,0.07223032366074338,13341.223742444763,-29.574909290848193
34,0.07432334270720506,13046.400747510395,292.9246390903162
35,0.07642066756954473,12261.252498147225,-67.58137044469582
36,0.07850471694556041,11884.641866804399,224.98304436014257
37,0.08059701946059529,11275.45727773517,228.27103986860192
38,0.08269521798132064,10946.094731794154,497.52992576529175
39,0.08478307522909848,10498.379927686254,246.8863669983753
40,0.08687780839616016,10295.857153875671,-89.57283653543932
41,0.08897524569656534,9961.071097484182,-36.58945110464984
42,0.09108077810470518,9517.815156852585,-9.508629540897727
43,0.09318432266948053,9307.42332228228,185.01004776990538
44,0.0952788764104831,9106.68524166003,233.85114824999846
45,0.09736254237981037,8712.381497910093,-58.278048954430005
46,0.09944832814799408,8688.577667735399,-43.59174712294143
47,0.1015460879802399,8333.796425977001,-207.82903056184014
48,0.10364263756677322,8158.416310873184,10.193251356336225
49,0.10573893905394659,7933.141334547878,210.15653608223516
50,0.10783958559814742,7820.686093772359,294.365405683371
51,0.10993894058501318,7723.644638612839,-148.41380605581494
52,0.11203921431523854,7511.125818567617,-222.89840902501882
53,0.11412334585697578,7206.75287079741,-102.62809998816338
54,0.1162159397555423,7162.527525573894,208.89531887075165
55,0.11831372048037725,7061.686847949358,275.569862518346
56,0.12039723118070132,6825.1663449248645,315.0120093635015
57,0.12249223631878574,6587.040349579521,-18.343239204367798
58,0.12458825984258635,6433.5127734708785,14.629782419344355
59,0.12668846771583772,6231.406974037977,-34.00288623065073
60,0.1287846620419941,6250.39128846695,-0.9966861630916064
61,0.13087133937881498,6067.775751365235,-84.51717256895927
62,0.13297548334406448,5891.251984418319,54.4824216886335
63,0.13506910815256093,5828.920254540676,115.87661624499913
64,0.13716388258568254,5669.638031122548,9.534864241724383
65,0.13926047573721634,5544.134576043792,141.48206751444562
66,0.14134668829083769,5426.175572191245,94.01404776588268
67,0.1434475230090064,5335.829854676455,83.6003059173127
68,0.14554528534185418,5173.24517797616,141.025757440604
69,0.14763320610735878,5127.626680265007,104.77620410191132
70,0.14972114728432864,5030.076924773238,-60.459336553630635
71,0.15181380487515775,4913.352256139757,101.05525206808069
72,0.15392114901003526,4856.399203752686,154.19289164700072
73,0.15602147473412367,4774.417055993243,97.29312231696377
74,0.15811617475881218,4675.034187558332,-9.296097016905145
75,0.16021187122717997,4631.2062971721925,102.14728493172059
76,0.1623006419462899,4539.207553478411,123.39848044242892
77,0.1643899033199985,4455.806703457297,-55.849594727666684
78,0.16648355823815117,4384.223663393293,-43.34566804358267
79,0.16857196837784735,4328.880882933252,111.91838621331887
80,0.17066413320893647,4273.962927230847,108.58982584314244
81,0.17277086992561352,4190.654703562011,94.88551322466417
82,0.17486965460096995,4120.521797576523,98.76769880961979
83,0.17695857694944453,4044.010238653952,110.5553608975256
84,0.17905245093155753,4005.720172490109,16.079491288584844
85,0.18115265212612636,3930.9669357316798,115.33036738941345
86,0.1832476884130739,3897.9669502249203,36.50982059566065
87,0.1853312475833926,3855.9106522890597,194.2274149103798
88,0.1874284892203219,3750.8285672189113,39.46624630439373
89,0.1895337179075755,3714.529743121768,-5.246548575733544
90,0.1916268196474026,3677.2568477325326,12.316468460727592
91,0.1937183403446853,3600.4854217954194,111.00523399794628
92,0.1958131498886989,3551.8427499230684,83.4598044559074
93,0.19790587400989662,3512.9827120024133,93.84237943279769
94,0.19999906515978938,3470.8404973790593,164.45993061531345
95,0.2020893038374759,3438.0646651004545,41.784819695423124
96,0.2041823192148178,3401.131600950909,78.1082810382103
97,0.2062825911013838,3356.439464985747,13.923901050734008
98,0.20837701891459662,3301.5602818549414,120.14079409677043
99,0.21046758167944032,3282.004066264214,40.69434552897909
100,0.21256678542440183,3213.6452293729044,96.46003866794317
101,0.2146619261104852,3175.635091925922,-20.43485055530335
102,0.21675618057220372,3149.510778555902,90.01361120318337
103,0.2188528705899679,3110.741857437513,87.7175126174533
104,0.22094564274530842,3090.744352828303,135.76711530186483
105,0.2230395148320731,3040.5741073114823,107.94095001796313
106,0.22513567328585352,3020.428621796631,126.87941625971983
107,0.22722785048644015,2966.748941099241,48.04087010199737
108,0.22931975112872324,2948.2442203618184,50.47447293879086
109,0.23141147723465103,2922.7764422048645,68.430889806063
110,0.23350584674782457,2872.5999484072295,89.34276192403233
111,0.23560416522029054,2871.222741098492,61.27538066270127
112,0.2377006336558307,2828.7534058131287,87.05281518537619
113,0.23979727503904752,2789.770733377333,88.95726232873147
114,0.2418944602532704,2770.9627479048104,64.95990291597873
115,0.2439884227569783,2728.8282774334566,5.685159237011433
116,0.24608359968283072,2715.146844714064,104.37563315656293
117,0.24817552807053123,2672.9716426377404,116.09150367329138
118,0.25026237006475704,2651.0195791055767,64.99330783767209
119,0.25235861551053484,2608.214948020057,63.980021293991705
120,0.25445470778669854,2609.52239030356,67.74904722121948
121,0.2565487653287422,2591.6773917036226,113.56710772988883
122,0.2586464955058471,2565.351993944809,26.43761449884175
123,0.2607443047329862,2522.835544694921,59.0379407268369
124,0.26284383121734134,2512.700643267643,108.46118760111146
125,0.264929885565984,2482.9125318472625,87.09429609267403
126,0.2670163698864118,2454.658421444976,87.1931489119615
127,0.269112135390912,2429.593433890658,89.80024503312066
128,0.27120764961246213,2415.540740640678,125.64628088523197
129,0.27330509996536784,2388.9372841966065,113.05986787099421
130,0.27539842121309294,2394.532105777034,54.92125476666021
131,0.27749656900268016,2368.9439057539334,82.26501246971361
132,0.27959864364035925,2339.259545601121,51.31823893115577
133,0.2816878213234348,2313.8519807959715,57.20204702567334
134,0.28377609558542155,2307.7551620975105,12.424434728479799
135,0.2858732754634003,2289.2721235755484,119.505946000453
136,0.28796861590208045,2269.5726966667594,59.596875733319756
137,0.2900612915162532,2244.4672435112234,79.50197117621606
138,0.2921547032025089,2222.0594120306628,55.056694671990364
139,0.2942501291133245,2208.6696309130075,58.96748850885894
140,0.2963444256131289,2194.87840931424,31.52954003416298
141,0.2984361415704375,2171.4884568057623,85.34281626508333
142,0.3005318840555698,2164.866069513717,64.03132780715593
143,0.30262777760316095,2147.2917991833847,67.75059558361109
144,0.3047248035439954,2114.6005065033364,75.11151442538154
145,0.3068210272572538,2108.202181415724,55.92105077323555
146,0.3089144805088237,2093.32494264571,84.51140702592345
147,0.31101080657849756,2069.484954399709,61.861558620313055
148,0.31310885951912926,2060.023760993409,47.85116732466238
149,0.3151991603466065,2051.102416213836,62.392020909623696
150,0.317288667284839,2037.6453109894521,75.42506517859732
151,0.31938044185106124,2024.1749287917016,58.266340821762924
152,0.3214783648369702,2003.8040682381957,30.886016684569697
153,0.3235785211189416,1986.4735673996572,83.52259468366898
154,0.32566935894833426,1971.881783993615,84.37014151968322
155,0.32776077751211374,1968.78462740445,70.14737036752541
156,0.3298523230655558,1950.4205300480075,56.12616747680222
157,0.3319485433973702,1946.0745355717006,43.739476701694564
158,0.33404540358127904,1926.261058695631,65.82021219106264
159,0.33613494177837844,1911.5712303140083,83.08465078557951
160,0.3382313832787478,1913.487577391283,86.34248923794877
161,0.3403308518124324,1885.6470695581513,47.74869577658061
162,0.3424246601457981,1876.0015019374305,66.15713296222698
163,0.3445197272986724,1866.0268524799876,60.08196293356605
164,0.3466158524641983,1849.7619363117497,47.69115783689532
165,0.3487089916477683,1843.3122981144068,85.97905077821517
166,0.35080114560367615,1825.2074053561585,57.08611117729231
167,0.35289356821720286,1818.8064932891782,60.21923127787796
168,0.3549881110219297,1809.4842489409045,77.61747922526443
169,0.35708559248027844,1799.6661344066383,89.88363083220234
170,0.3591813496003593,1784.660408775187,39.63728859441494
171,0.3612749400626811,1774.5427920935394,47.15087302595289
172,0.3633693413142722,1766.0729602548042,65.56776817155286
173,0.3654632219855477,1761.1356625644319,74.12761139221914
174,0.3675603773529471,1739.0486054355208,58.52772583004376
175,0.36965434919829326,1736.5485126929468,66.1301203886925
176,0.3717418094879197,1721.7574863444124,75.4448040141066
177,0.37383404253825586,1718.0259864643483,64.59492915411663
178,0.3759308579415973,1710.0075576744052,22.88935246872577
179,0.37802985088946095,1701.659613940597,54.07656992217204
180,0.3801213498834686,1692.1594642664493,54.50326466937092
181,0.38221306010699313,1678.5302634135921,85.29143535326952
182,0.3843141376638833,1668.8313822412938,40.534507669242664
183,0.3864096355836929,1657.6799677867991,55.61774318211868
184,0.388502907295756,1650.5786789945032,55.00662175820142
185,0.39059769208540335,1645.222886283621,43.752160428677726
186,0.3926958121232196,1637.0078198611945,56.390675921931965
187,0.39478921808384226,1622.1199647782964,57.38936994566938
188,0.39687821409975554,1619.8248751504827,46.909019625784424
189,0.39897073627813356,1616.4609788934952,49.15708213861058
190,0.401067192451382,1601.523483154621,42.8049190766962
191,0.40316228148056854,1594.286544356992,40.98853829067474
192,0.4052546340249366,1580.909718625666,54.288726580242596
193,0.4073499183903822,1574.2125186717074,47.52679062373097
194,0.4094468722071623,1571.5701367698969,23.334524997178733
195,0.41154432885897757,1561.8822519847906,48.77636807215038
196,0.41363408239228544,1552.257428239615,48.42477867843685
197,0.41572494638156243,1542.8769177026368,44.42308522682132
198,0.41782181997781404,1537.9920922447488,46.92303516229779
199,0.4199166506307261,1531.7861012886065,53.48361914207383
200,0.4220107143757513,1521.205307966685,50.499477114924105
201,0.42410542949066876,1517.10973374396,33.10121092313671
202,0.4262013850195404,1506.520716555364,34.03142223800065
203,0.4282955296445312,1503.9413767183064,56.37143288183579
204,0.430391806688861,1494.4712283919355,48.548841278302355
205,0.432488575457924,1491.2913487413177,47.90957718978318
206,0.4345806090039814,1480.8091713610008,50.40045894330575
207,0.43667244097425384,1477.3012025195992,27.460932030675263
208,0.4387671492209622,1467.1439823642752,45.7181600180316
209,0.4408622534544343,1463.4791255466469,37.55134829494229
210,0.44295516415095815,1453.452119522377,50.93074682812892
211,0.4450482683181851,1450.2836945206657,44.786161899692665
212,0.44714683875742495,1442.0054875012129,49.568778291635255
213,0.44924362280569813,1438.3262210160954,34.183404306933056
214,0.4513338633316258,1429.7000561742047,44.90235389021844
215,0.45342753643259276,1427.391995397265,47.94721631019323
216,0.45552189548586586,1418.9859996350674,49.521142010020235
217,0.45761716616081083,1412.5418849155624,46.08993535824746
218,0.4597117909764672,1407.2803795041477,61.889546275934634
219,0.4618031890496857,1400.2379617914346,34.71439294153738
220,0.4638995470730997,1397.9785432410886,26.61828844751497
221,0.4659948171464902,1391.9659024478865,59.057458171231154
222,0.46808929446972725,1383.9237809934357,60.116951535728425
223,0.47018492649495636,1378.0674995284737,45.57770542580021
224,0.4722792778491551,1373.1423875975227,39.101086869395225
225,0.47437272572904565,1370.1579562389409,53.9634431280297
226,0.47646593372141327,1362.7123041684529,49.12565127242033
227,0.47856230727426236,1353.9897083121105,46.850947812185005
228,0.48065904058976644,1353.2873193130235,31.945794653410275
229,0.4827512226177774,1346.2955905891276,50.34287607517119
230,0.4848441163240575,1342.2959655315299,47.30129266350313
231,0.4869397730506266,1331.5226396746257,31.644721764974324
232,0.48903678813400875,1330.562260811478,53.9014973661765
233,0.49113096964965397,1325.8202294995995,60.53343264707217
234,0.49322332174786626,1321.268631622951,59.77923085730253
235,0.4953187148676145,1315.8596913417605,49.87905383530798
236,0.49741120358770496,1313.7245173153217,54.263419344865724
237,0.49950082345999325,1302.764762522827,58.75547654417004
238,0.5015952506837275,1300.7398224189726,33.46111099805221
239,0.5036919972981919,1294.9192305952733,54.840357409769865
240,0.5057872116617207,1295.7768152002234,60.48444682654807
241,0.5078828569897101,1287.6150517984893,46.607177065518044
242,0.5099793452386306,1282.2450369994394,51.72112330832027
243,0.5120767256379639,1276.095821330515,56.51253220062271
244,0.5141702395931294,1275.011076374441,53.6153163537112
245,0.51626132102766,1268.5970078675714,52.951286641953644
246,0.5183576899265504,1267.0597022538068,45.52469163096449
247,0.5204524416424112,1261.9831071568788,56.781348739104885
248,0.5225430403510469,1255.0034638082186,55.09426551966669
249,0.5246378991347941,1250.279892865634,58.18990692157797
250,0.5267345150769579,1244.7974079401126,45.113683783442326
251,0.5288284644781793,1247.015251462144,48.20610578297355
252,0.5309200047543352,1237.444417466944,43.72342757487073
253,0.5330154787982235,1235.9470686348045,53.632621892333745
254,0.5351140455458262,1229.8484110819195,63.37230541649568
255,0.5372066203065362,1223.8460514254891,47.53471905456876
256,0.5392991990272246,1222.5065780486414,50.16577991016313
257,0.5413944118270408,1219.9394662486652,50.069146010341036
258,0.5434881995106379,1215.023242651699,52.58945002797111
259,0.5455829952492127,1212.4136993362981,55.70204090296288
260,0.5476769745662954,1208.0126285168144,51.6199253294169
261,0.5497697255495043,1203.90368058338,57.585426084597024
262,0.5518645446467839,1202.1594810869633,53.338756065203796
263,0.5539598571350287,1195.7954110940639,58.974839726603186
264,0.5560564538950566,1193.395989948304,50.59806190702345
265,0.5581500505101624,1185.2947761837531,58.031070533650905
266,0.5602409063261653,1181.1142138080238,60.739047576116526
267,0.5623379637803174,1180.9651080652393,57.878728716542206
268,0.5644363283026402,1176.3274627205844,60.975591648852024
269,0.5665273824761494,1175.0995975618928,55.3270153478462
270,0.568621249018378,1171.9025374922899,65.91962463423657
271,0.5707181447612965,1165.7876781577238,54.38970872889071
272,0.5728127938597997,1163.8196581422503,62.811767603130335
273,0.5749070881546879,1162.3720245245977,49.21285087527873
274,0.5769991470923068,1162.4525115731617,65.31273276486523
275,0.5790956911760897,1155.22059059904,62.82686559292675
276,0.5811893306261757,1153.3230340878422,60.90310684009347
277,0.5832802267374103,1147.955527859518,71.11770251007519
278,0.5853761830306536,1144.9524544880624,67.58178917064929
279,0.5874711784415975,1144.3875945106263,63.08930965302132
280,0.5895653958899879,1139.4108416691415,73.69418500729252
281,0.591659786459685,1135.240644175635,70.17098035046065
282,0.5937551851921442,1133.1528597054632,70.30178082621251
283,0.5958498092767481,1129.2469922647992,76.1600324639249
284,0.5979447066705442,1126.230656901459,72.6512233835357
285,0.6000383505174957,1124.6000204971158,68.97679747317227
286,0.6021313016181767,1122.0942567089069,68.3161779601123
287,0.6042246965556944,1120.1260514485289,68.95924309183988
288,0.6063189733697846,1114.8582851311323,68.35549246264375
289,0.6084147213727373,1112.939753315256,78.05498891277503
290,0.6105090855473989,1112.2424798345346,71.51021985994669
291,0.6126037649785722,1109.5109768336847,82.81281965032353
292,0.6147002391370655,1103.7064025572718,86.19549557778454
293,0.616794938930829,1103.0657538963599,86.74668729282769
294,0.6188886865784012,1099.6474270291446,83.86866610503064
295,0.6209825762252046,1096.1792180872492,80.09756607064318
296,0.6230764414889526,1095.610685274458,83.56493502870045
297,0.6251725389343245,1093.2788126642943,82.1634255021243
298,0.627266923011265,1091.12397802117,89.6936625545192
299,0.6293596211388142,1090.3183409134797,86.60561778635206
300,0.6314513250607457,1086.1766101349342,98.59943944443377
301,0.6335475720513941,1085.8794366963677,92.34300989567404
302,0.6356444982495617,1083.1822842920808,91.08359448388921
303,0.6377358562255245,1080.4168364094728,86.32954077459469
304,0.6398302949107263,1079.9939093806502,104.97081616095714
305,0.6419256185614247,1078.2766145272474,98.3914299081932
306,0.6440214843206593,1075.0798386730057,105.00722646524639
307,0.6461142033434962,1071.9146615613877,105.12298697455591
308,0.6482061138478032,1069.709804090363,96.07124806606062
309,0.6503020867345045,1069.3382405416112,110.17344567600847
310,0.652398185537932,1067.6858843851057,109.10543646165182
311,0.6544932048530038,1065.7792249177446,111.80904669492523
312,0.6565867871776386,1064.7684352451208,118.59382524947694
313,0.6586827890115348,1060.098578614595,109.62033545806824
314,0.6607793300725506,1061.292368469421,121.62976599305604
315,0.6628724964198541,1059.2332123184879,118.81989560008027
316,0.6649654402217313,1055.973793544014,114.56836875917338
317,0.667059865407609,1057.6696899052577,120.20948601225399
318,0.6691532523078332,1052.6991914218518,130.99203209883706
319,0.6712457992597233,1052.9602656770023,134.89973933426936
320,0.6733390782258323,1052.0962835711407,128.05070612228673
321,0.6754367503383576,1048.9477178239392,132.59210248904242
322,0.6775335143160066,1050.1370922433932,143.92874421379415
323,0.679624621064033,1045.3433087486628,132.5082630934649
324,0.6817180292738917,1046.1496746878047,142.44892333520937
325,0.6838149015047629,1046.1005143928485,153.53866368321854
326,0.6859101434268815,1043.7618110922201,148.38926286884373
327,0.6880046468184081,1043.045824614676,153.06822897863708
328,0.6900999637264865,1041.652731330467,146.73295208372357
329,0.6921965733216279,1041.1485829247592,153.8141662294105
330,0.6942884945981568,1041.8291149791146,159.1606838319338
331,0.6963781649531228,1039.3731712093102,160.383916655966
332,0.6984747371200234,1036.429089963121,165.84579150655844
333,0.7005690388882679,1037.2434472914722,177.57395913426646
334,0.7026621579778546,1035.1975445119779,171.40091784117078
335,0.704757268847954,1035.5830462027131,172.73795808277688
336,0.7068509057629639,1035.286226554862,182.73850449241291
337,0.708945644402387,1035.300121333625,179.39555971500408
338,0.7110406815970572,1036.384483827376,189.97420834134556
339,0.7131372373036142,1033.0156979379242,188.5753921530227
340,0.7152323589250973,1034.9424043629956,193.96567156336963
341,0.7173245162021571,1032.982658324049,197.07871096222365
342,0.7194199711852413,1033.362086241192,202.0117655554134
343,0.7215151322330351,1033.3884185739341,210.84996393125428
344,0.7236102334592447,1033.754369284229,211.11660691518486
345,0.7257047129497166,1032.943516742541,221.6512674466829
346,0.7277958825256088,1032.1367209269497,225.48263653987954
347,0.7298900912292255,1033.1466060546345,223.6262836023391
348,0.7319867159780691,1033.9919133270073,229.02751572091844
349,0.7340808521059053,1036.9411163873776,229.3408912198058
350,0.7361738853270124,1032.3421623331617,243.48070261586219
351,0.7382682123604443,1032.0341040220671,242.86970917250767
352,0.7403641944498084,1034.4805084743311,255.8785424361852
353,0.7424576311971561,1034.9356508870144,252.76812635217257
354,0.7445523870480827,1037.1680186214794,257.72890311759096
355,0.7466478284648128,1035.1663053622271,264.3628739934466
356,0.7487413917548734,1037.618503332852,271.00974818209244
357,0.7508354594737505,1038.5028897068257,276.2992402437284
358,0.7529278056847568,1037.951857218631,284.542472197323
359,0.7550230257904859,1039.468028243349,291.15578623169785
360,0.7571167923480437,1039.2360217225096,296.1484488729676
361,0.7592113317151179,1042.5747171676398,299.2385371362879
362,0.7613074731933067,1043.885790743661,313.60356951561374
363,0.7634009581307508,1043.9240403201695,315.0438436194782
364,0.7654969266569684,1045.0624869098694,324.21719629348144
365,0.7675905899780763,1046.8849434497856,329.5953222245794
366,0.7696837880547684,1048.0282982067263,340.96698101315445
367,0.7717795008463626,1049.1021613865578,347.8598138038169
368,0.7738757788346248,1051.4208279889383,346.44648921553414
369,0.7759706260990727,1052.4930799263864,360.4522078845115
370,0.7780620795267656,1055.513739873961,374.7304958238582
371,0.7801559906208961,1057.669604924944,376.20130191484037
372,0.7822523136569128,1060.0280051714903,386.56640938103664
373,0.7843481481853999,1060.7734687084926,385.1330606277072
374,0.7864425511046899,1062.9064961286783,400.6006582583233
375,0.7885343495966205,1066.3942052544953,409.5299678732176
376,0.7906286372458883,1066.8255019119845,421.66551140140774
377,0.7927244345313397,1069.285002980174,428.07865489998306
378,0.794818005513127,1072.9907922419998,436.29201844184047
379,0.7969121491149282,1074.9165738859745,442.50907359648835
380,0.7990047112993173,1080.4447401476357,454.90624512844994
381,0.8010984966914405,1080.0728653290496,470.496689472754
382,0.8031950165575023,1083.8639590892572,483.59496216358696
383,0.80529055904954,1085.7350972604102,457.9294283249759
384,0.8073868607794276,1084.8324529120614,409.02462244007944
385,0.8094799923089985,1083.9009452010232,358.77180971617827
386,0.8115723232550889,1081.4626917023884,293.342628961677
387,0.8136672975922271,1082.8037968609758,244.11058613995715
388,0.8157631100610689,1080.5168706458633,200.75865170337036
389,0.8178569790142735,1076.8465015370864,152.32123869399774
390,0.8199506303068442,1077.8966616251034,101.14258620488098
391,0.8220462665916841,1072.9097495141377,53.91078269420584
392,0.8241405937791958,1072.7948609947407,2.038698772005078
393,0.8262325853224312,1071.7565374846613,-34.14636080932601
394,0.8283265675885274,1070.455827288839,-80.38192711998262
395,0.8304231027322762,1071.0205574131107,-124.35825849930157
396,0.832516312308734,1069.225794708436,-176.03078445884313
397,0.8346104967180491,1068.911951280241,-215.3458852063332
398,0.8367055646585567,1067.9840036559433,-254.18920302339598
399,0.8387997810841866,1067.4088330177235,-296.29935062119984
400,0.8408959249120883,1064.513593498637,-328.24089848844125
401,0.8429902851163829,1065.0842929947967,-370.16530643206136
402,0.8450834013034724,1065.1430936098923,-412.8636802441005
403,0.8471787052036875,1062.0014451973534,-450.5211885621784
404,0.8492741754489669,1062.3471118780446,-486.220108264993
405,0.8513666186650054,1060.0958934158261,-520.5271831189881
406,0.8534586558453424,1059.3234211267315,-562.7619750665598
407,0.8555555147205227,1057.9675362935668,-597.5877746006371
408,0.8576510528712873,1058.2088405558297,-628.1242125781886
409,0.8597438531231701,1056.647859589211,-663.7155436293311
410,0.8618396600787528,1055.9321457288854,-696.5424659487057
411,0.8639352641137702,1053.8268758279332,-730.058477730185
412,0.8660278348127696,1054.5684035468141,-759.6603692693601
413,0.8681190723532742,1051.43550748562,-796.0511125016368
414,0.8702145301226206,1052.589129794338,-824.4152253335942
415,0.8723097299260473,1051.7176340276355,-857.5265890503302
416,0.8744009465527449,1052.1797923427796,-886.2428400339444
417,0.8764962014565297,1051.7896687588548,-924.3077128210471
418,0.8785921785819074,1053.8847346800837,-945.8929134647763
419,0.8806862529738079,1051.1304377428432,-978.9609570644864
420,0.8827803474942315,1050.9655693025034,-1004.406907405708
421,0.884876552415157,1049.7219487013067,-1036.5024193779473
422,0.8869727619955021,1048.8883780636372,-1064.576687744931
423,0.8890661549276524,1048.7329801955693,-1080.439887269209
424,0.8911606435626759,1046.7791964144678,-1115.086083697408
425,0.8932564177642083,1048.3346087921889,-1140.2077920483691
426,0.8953515942364704,1047.6873974792175,-1167.1242874318582
427,0.8974449590572777,1047.4561905862342,-1191.6097963601587
428,0.8995380126042275,1046.459740499395,-1215.7322962810322
429,0.9016308480731973,1045.978051648342,-1239.9477266003014
430,0.9037248205752632,1050.2532809547452,-1266.9783899549395
431,0.9058194398636225,1047.1042052307544,-1289.3650656247853
432,0.9079139093175219,1046.7275736961994,-1316.2078301064
433,0.910011764746055,1047.1726645946983,-1337.7057783389878
434,0.9121056647167038,1047.9251119951466,-1360.1168215134815
435,0.9141967683902507,1045.2787707758382,-1376.2793601507926
436,0.9162922424058753,1046.56606186075,-1403.059748199866
437,0.9183868595164038,1046.912425600752,-1424.3499683164403
438,0.9204815946523948,1046.9337796834236,-1452.5131750653593
439,0.9225765682279964,1047.9844101079207,-1472.2990731381412
440,0.9246708776548578,1048.665723611146,-1494.1941982368303
441,0.9267650233208798,1048.647432119268,-1512.061931225356
442,0.9288581102404102,1050.239611161197,-1535.4713218700535
443,0.9309518934142385,1050.1583022548257,-1556.3506951374975
444,0.9330469160925099,1049.5036445251403,-1574.6847306715601
445,0.9351415764644654,1048.8971168701,-1589.6540865344928
446,0.9372369506587555,1051.0538416936615,-1612.2937026113882
447,0.9393287530448476,1049.3723486466765,-1625.8895332399932
448,0.9414229216419412,1052.7435418288253,-1653.7919526287205
449,0.9435209341962445,1051.7812049894274,-1673.5994037432092
450,0.9456148252799238,1051.861361205815,-1691.5679080152277
451,0.9477091255207061,1054.9589221485476,-1709.7672923442813
452,0.9498037238864095,1054.900749288549,-1729.3282960358067
453,0.9518981043411001,1057.8193756578976,-1751.263594485379
454,0.9539914706287521,1054.6435217942942,-1763.8302806178233
455,0.9560859977890608,1057.8480450810632,-1788.424669983261
456,0.9581821096695351,1059.0300050032822,-1806.8035780650764
457,0.9602755737793266,1060.6656058436856,-1823.4149749171663
458,0.9623691838562978,1060.1428596272567,-1844.0172307683586
459,0.9644636726355348,1061.1916504400983,-1855.1436164035615
460,0.9665572681340019,1062.9934827269744,-1869.0801679223016
461,0.9686506726657692,1064.8462511293094,-1898.4810719899128
462,0.9707453651438224,1065.042552570404,-1906.0376924408067
463,0.9728397447984573,1068.4026854803049,-1929.174029318793
464,0.9749341599912872,1067.2367576561107,-1942.3074292955139
465,0.9770309382258842,1069.3693629704753,-1962.7904076824839
466,0.9791243621626365,1071.912204442276,-1980.652015026915
467,0.9812186011668534,1074.5506674049495,-1994.1789580488246
468,0.9833152549762485,1075.7561443070495,-2011.5619952207915
469,0.9854083366977224,1077.7447465225268,-2035.6925710505454
470,0.9875013366256304,1077.8816364141212,-2049.0860156757076
471,0.9895964031766183,1079.907830476228,-2063.7761736898456
472,0.9916911272506032,1082.3735744813605,-2076.2891866121804
473,0.9937856031740195,1084.7365069293649,-2099.608084737813
474,0.9958807301039379,1086.1411596392768,-2117.5163441841078
475,0.9979746323874407,1087.3915385091825,-2128.1773675554396
476,1.0000664008054638,1087.8316179562048,-2137.812599662772
477,1.0021595314674534,1092.678378290628,-2164.500339455792
478,1.0042547648495364,1097.283328194523,-2182.8190893270103
479,1.006349085630113,1098.1338857067399,-2197.14355973747
480,1.0084443367657523,1097.6195673734865,-2213.446724726538
481,1.0105398481990022,1102.5648512109951,-2239.2482790267222
482,1.0126348213072522,1103.0551711200399,-2244.199185030479
483,1.0147293432188107,1107.715954346872,-2261.2506120248827
484,1.0168223222913106,1109.164424779493,-2273.324815326634
485,1.0189181991118834,1114.1764968155185,-2302.334367380654
486,1.0210135889667047,1114.638527244839,-2312.454552146398
487,1.023105517395174,1116.1875346312463,-2330.3204358067105
488,1.0251997072975425,1120.3258767808213,-2348.929507279113
489,1.0272950549324347,1122.6445887867696,-2355.74894740233
490,1.0293904044607038,1124.6260715550764,-2382.1983226359685
491,1.0314847550764672,1130.8742598718286,-2405.530999290333
492,1.0335791521913305,1132.0637183939868,-2409.760540480704
493,1.035674282724225,1135.7435336731594,-2435.7376346220844
494,1.0377683744197583,1141.4937605940722,-2455.0589239669866
495,1.0398611358062981,1145.2913358228643,-2480.7024983795186
496,1.0419559810580585,1148.1382636494793,-2489.479454611483
497,1.0440519355231435,1150.4329634973087,-2517.528632274397
498,1.0461442665368221,1155.8192503283549,-2538.2266972033476
499,1.048238151325366,1158.3757698787383,-2541.308776561388
500,1.0503312794335307,1163.2035101388924,-2562.0383187500156
501,1.0524262698953144,1165.9120596063326,-2588.555346764304
502,1.0545208315883745,1167.8192441933422,-2601.421053387878
503,1.0566150350094698,1175.714363374942,-2628.6344087071916
504,1.058711440318921,1179.1154495421745,-2643.910193889779
505,1.060803734980524,1180.112017375144,-2662.7267359034254
506,1.0628970711462522,1186.987781535671,-2682.699633366795
507,1.0649945592352892,1189.9515333342042,-2708.1485586030103
508,1.0670895920886003,1194.5046671709129,-2724.014799107556
509,1.0691815189460832,1198.6066142180734,-2742.70947199832
510,1.0712752972137536,1203.2272307361238,-2769.0317953676795
511,1.073371173619778,1208.0581967313992,-2782.459737747892
512,1.0754657024825272,1212.5976560769368,-2809.3260481595844
513,1.077559391113827,1217.056549601557,-2830.790971985142
514,1.079654167044188,1222.448040900399,-2859.8549220055475
515,1.081749685406742,1227.8526565257323,-2880.1133239740243
516,1.0838429051818583,1231.6866848999564,-2903.5927878723123
517,1.0859346611894292,1233.2126334375828,-2928.735207099463
518,1.0880274765489322,1238.1271003681,-2943.3562241878967
519,1.0901226378244568,1250.045126569665,-2976.196614639696
520,1.092218906510469,1248.7876543422217,-2991.036021177946
521,1.0943142405516277,1253.2353979555808,-3008.023562941909
522,1.0964083656069452,1257.370169206273,-3050.801733669182
523,1.098504575117021,1265.652310166134,-3067.031929653971
524,1.100598880587325,1261.8163783508217,-3079.877166630519
525,1.1026907648634887,1274.373223808131,-3117.5410556099023
526,1.1047864761829782,1276.4647139118545,-3144.940104711419
527,1.1068805633882368,1275.69909718626,-3160.9995956557186
528,1.1089715885079452,1282.5581294498954,-3183.2436467138277
529,1.1110674731376504,1287.4029049955961,-3234.061072449693
530,1.1131638031712348,1286.9283023815422,-3234.876982327817
531,1.1152567400703868,1296.0609291592245,-3284.3912044919716
532,1.1173518797395834,1296.820876072637,-3308.839848906743
533,1.1194466841667583,1294.8383505092888,-3325.499824494636
534,1.1215386388653605,1300.6134779499255,-3371.847446356404
535,1.1236321502294464,1306.5451171602833,-3388.6926672533605
536,1.1257265608788465,1299.446672877408,-3414.774685566115
537,1.127823511019811,1305.7614329289318,-3445.2800525098523
538,1.1299186917312898,1298.6131217413501,-3480.261019978621
539,1.1320102853860914,1305.1486641153172,-3513.201899299407
540,1.1341022265777971,1298.1863993063455,-3534.647049405885
541,1.136196488705377,1294.8809535696812,-3558.5690765273434
542,1.1382919496812383,1290.8956779150328,-3588.097810888821
543,1.1403848113573067,1296.9343010097311,-3627.5383549396456
544,1.1424801205078854,1295.7767155214403,-3662.723690974405
545,1.144579099546908,1296.5630217944563,-3690.0507658211654
546,1.1466743733674984,1301.4979908104056,-3728.6601900276028
547,1.1487627957344069,1299.3479704003416,-3750.410075845606
548,1.1508586543248278,1301.5864323526703,-3773.4713622683357
549,1.1529561980713183,1295.8421356792626,-3783.9861859703033
550,1.1550454984226184,1304.5990047151315,-3828.1315622909738
551,1.1571409429142046,1309.8057994776352,-3864.832413721448
552,1.159240859340017,1300.8301304831987,-3856.584009913419
553,1.1613355832020602,1312.3701428185673,-3914.537870889385
554,1.163423871831942,1307.4531709425178,-3912.086684377036
555,1.1655188736812345,1312.9376026599086,-3956.5840693686223
556,1.1676174368768866,1316.5827448062369,-3979.3805390664247
557,1.1697080797153998,1321.8453125608596,-4015.9734463807476
558,1.171800206369591,1322.586906190593,-4033.6609492471935
559,1.17389591489135,1326.2191806051082,-4070.876001418025
560,1.1759888523797297,1338.0026439838082,-4112.120275131661
561,1.1780809947202961,1341.4766847586368,-4146.879071106507
562,1.1801761196344618,1339.0188406242703,-4148.160733722064
563,1.1822736635654147,1338.322197804193,-4165.980292567272
564,1.1843710306693693,1346.1515682064507,-4204.1439132614805
565,1.1864625384002512,1354.701147231277,-4245.579443870896
566,1.1885545198904406,1353.35294450201,-4257.277952752382
567,1.1906522613678343,1352.2388136679351,-4267.628372112425
568,1.192750069492095,1355.7316174367613,-4292.750851245071
569,1.1948381381583106,1367.5451189498024,-4338.510331906255
570,1.1969297222624806,1371.805685889725,-4372.959014363722
571,1.1990290164311135,1381.185960834884,-4410.171132782912
572,1.2011243924560484,1385.5532868813411,-4433.718008165544
573,1.2032149592826593,1396.496669370089,-4479.295749252403
574,1.2053132365828256,1393.6479460746368,-4489.901665597546
575,1.20741576508926,1396.104460698667,-4510.260303136332
576,1.2095030565711475,1407.5920560140314,-4546.589971385981
577,1.2115949657999687,1419.4975297847875,-4605.863229767793
578,1.2136960046145377,1410.0766966997812,-4589.079905164789
579,1.2157928316049589,1428.9641591528127,-4656.173542595525
580,1.21787984102748,1433.1873945324785,-4683.656765391022
581,1.2199725120701903,1441.639761083012,-4722.493736918267
582,1.2220773486348555,1454.4808194405355,-4771.946662301521
583,1.2241717280648772,1453.2045918005404,-4772.5618939005735
584,1.2262574809145717,1459.6515528268988,-4800.663165407509
585,1.22835205989159,1468.2694132279667,-4850.8090061062785
586,1.2304511070315651,1479.7003836620258,-4891.599350575068
587,1.2325439941641703,1493.0184649574514,-4946.88745274122
588,1.2346327282165248,1504.2195657628806,-4991.040052128479
589,1.2367296121231413,1500.7949994388073,-4995.894514774695
590,1.238832433751825,1515.454145045708,-5044.134456750984
591,1.2409238541102623,1535.7193315572317,-5118.209720367236
592,1.243012379245932,1523.7948159769878,-5090.546266081697
593,1.2451094606314712,1554.2925267869657,-5204.009963620398
594,1.2472066170026377,1543.5401930264532,-5172.942023648446
595,1.2492929515805862,1569.4250637120724,-5270.819160875273
596,1.2513843202334647,1575.450504299077,-5307.370348918156
597,1.2534920777891505,1597.4253183324136,-5384.0287197439775
598,1.2555889180496558,1597.6313627797456,-5388.899155347674
599,1.257667580798784,1606.3556047124678,-5422.342047990498
600,1.2597632986068967,1608.3474639255687,-5446.6934817885785
601,1.2618709074503869,1625.7054262427173,-5513.814742440077
602,1.2639618917954016,1644.2260764096463,-5580.875568623836
603,1.2660463256389345,1654.046806198125,-5619.488086438793
604,1.268151380164154,1652.4443101660509,-5620.316662760274
605,1.2702573897615381,1684.2189940560195,-5727.8369996240535
606,1.2723329096911193,1679.8082751672953,-5730.162679685186
607,1.2744197010315288,1695.3125209227226,-5789.855337736486
608,1.2765327006010119,1722.6651131229971,-5890.999838951339
609,1.2786342467193723,1724.6363462276913,-5900.113268365898
610,1.280707182799757,1755.522712106121,-6011.3315721077615
611,1.2827931530633179,1774.8313220750604,-6079.070606288998
612,1.2849085387747612,1798.9708738903673,-6167.804629610457
613,1.287000364654089,1795.1074659469816,-6169.087027080754
614,1.2890781709908103,1809.4408728149667,-6213.852622477699
615,1.2911842108955598,1829.0888821996418,-6292.147457686941
616,1.2932965864662813,1857.6636242750565,-6395.615271616659
617,1.2953774115066516,1889.2793471598486,-6508.76663720117
618,1.2974494068131983,1863.160533201721,-6414.841564165668
619,1.2995653278098822,1909.6806829201603,-6587.97829419357
620,1.3016791376111048,1922.951789845794,-6638.493019842796
621,1.3037423234004764,1932.8317108437984,-6678.460720952509
622,1.3058199114096363,1960.7800551795801,-6780.687973841754
623,1.3079467955462118,1979.371801013768,-6849.293921491696
624,1.3100601882305882,1998.8523262876565,-6922.264473461433
625,1.312113308135768,2005.199314677689,-6938.274873372795
626,1.3141962752176515,2061.1406193865664,-7147.415449100938
627,1.3163277077674513,2064.311803790496,-7158.424935246069
628,1.3184175493918626,2092.97452217022,-7264.891860611569
629,1.3204856618221223,2086.3423802912253,-7243.105690092643
630,1.3225968812824558,2145.7675345168373,-7451.240029286053
631,1.324712528812616,2188.7795011153153,-7613.408304913922
632,1.3267701241226586,2229.2557936848575,-7749.898486826513
633,1.3288455369869492,2220.770517148458,-7723.272079989518
634,1.331007859279665,2250.2482814368977,-7827.711110706818
635,1.3331193077637633,2284.1537992730996,-7958.223967926935
636,1.335111114646517,2326.9156178454573,-8107.597774244742
637,1.3372000138113185,2343.779223334722,-8166.940549433074
638,1.3394207042773567,2312.5187105148198,-8063.487183193286
639,1.3415191831855293,2438.2143946237143,-8505.082936684561
640,1.343419658472025,2462.2873464229206,-8587.533025681012
641,1.3455475267642247,2462.8687358546417,-8595.788239102802
642,1.3478257671998863,2543.9954090991255,-8882.853769583699
643,1.349910545699746,2483.795196411023,-8669.104137671764
644,1.3517701887420612,2595.6655938316762,-9057.68545748204
645,1.3539417100377606,2647.631588002158,-9242.646675259917
646,1.3562514521124112,2623.2458530682716,-9162.399649875764
647,1.3583044750242828,2657.9411850984934,-9290.125112322548
648,1.3600937081391848,2741.6317272542233,-9586.658506670388
649,1.362315666351114,2761.4248027550966,-9661.70637884756
650,1.3646739887244697,2812.901842312007,-9826.693627673916
651,1.3666040349314283,2880.958699163749,-10073.538012306233
652,1.3683585203137423,2902.9690739243197,-10147.292063404726
653,1.3706879171444677,2934.0382666605465,-10258.351813136858
654,1.3730812726720756,3097.790560139413,-10838.006074233748
655,1.3749143385354152,3108.965550777097,-10864.197398056687
656,1.376679031839902,3142.5541510699054,-10986.983165642756
657,1.3790764132796052,3129.5511566117048,-10953.74349213956
658,1.3814727924700456,3264.9638734158666,-11424.398150979394
659,1.3833424067073374,3025.418783703337,-10572.01012278092
660,1.3850593718572481,3470.157987945288,-12134.173557767976
661,1.387433769507078,3350.785701878703,-11723.09011026498
662,1.3897620281243455,3003.363835637783,-10511.213071287151
663,1.3917897627196847,4542.165135842982,-15889.328334274776
664,1.3929979117318791,272.7576341818055,-954.6517196363192
