,k,Pk0,Pk2
0,0.0029665470748989845,39631.76640687539,22820.994877747584
1,0.005026374055021859,74439.02042614491,20790.009919609383
2,0.007149300621522788,111703.99450459587,-8727.29829371325
3,0.009278869254964255,97791.01669397928,-9078.353096035295
4,0.011450332619344701,117693.39279099226,-6626.825359758202
5,0.013492955871419151,118225.63782485946,-13836.090092886156
6,0.01558905561191893,148600.4511535728,2267.7980235439163
7,0.017694083672553172,146614.1414471241,-15185.366459568586
8,0.019817874803135297,142664.83924445268,-21282.00296060456
9,0.02192074938196264,156509.6044590685,-2636.497231100178
10,0.02398877635566245,141674.89926525415,-7669.25784451707
11,0.026092869718961156,142745.7187047731,-31406.285749305927
12,0.028234663152781798,136937.264620161,6234.4420955739515
13,0.03032284873509123,127154.75638956753,-7089.609708927286
14,0.03240263258943404,137103.12502821072,3144.809501168835
15,0.03449210129864554,126118.70721121173,-2779.124009850699
16,0.03658588147515197,116910.8650452091,-795.6521967687288
17,0.038684769492669774,113334.1183076309,465.5898200120678
18,0.040788988884582836,113800.9167716273,-311.85991515519555
19,0.04289390876967646,107545.3361531107,-4084.9086861456653
20,0.04498336005546935,106066.69381136347,16263.945088320586
21,0.047064985294738244,103548.09727616931,-3113.3338435419
22,0.04917111919158227,99964.49066353236,1046.9303480500087
23,0.051262169141742274,97018.1699835306,-10687.317238488815
24,0.05335525146837034,92974.56965824614,4048.907501673433
25,0.05546637228956934,93745.05705401892,-3254.5301925405765
26,0.057573188192548086,88728.64336917295,-3711.656264390111
27,0.05965884044590281,90012.10130621257,-2593.429914967336
28,0.061745123021595065,88596.52373317348,-3956.9122035476817
29,0.0638268929113719,88932.29009774272,1905.7179049777053
30,0.06592966228838451,85983.50421279002,-6234.8699652378855
31,0.06803125784825748,85363.11274224748,-1250.9205559895436
32,0.07013131008699486,85268.0363156185,4131.0622864826755
33,0.07223032366074338,83560.20125342517,1163.9857721618794
34,0.07432334270720506,82787.24691284745,-166.5063640120273
35,0.07642066756954473,81248.4741454185,-1275.1896634176267
36,0.07850471694556041,82196.00690908295,6063.820865866485
37,0.08059701946059529,79872.31430323131,-832.5716652342029
38,0.08269521798132064,78071.4603501024,1363.6207224884452
39,0.08478307522909848,77781.79172285792,-3693.32320368447
40,0.08687780839616016,74997.74952567731,-596.1585936935019
41,0.08897524569656534,75949.13772092634,1479.4717266223372
42,0.09108077810470518,73788.47817832428,666.5708240823651
43,0.09318432266948053,72431.88037115068,2046.75126546921
44,0.0952788764104831,70196.30346637132,-780.2855293674783
45,0.09736254237981037,67947.80540456861,320.16936135309095
46,0.09944832814799408,67319.51888239174,-986.9966255466621
47,0.1015460879802399,66395.85910085835,-4176.449476978589
48,0.10364263756677322,64561.651537598336,-1892.2068727702454
49,0.10573893905394659,63663.85489160179,439.16915397942125
50,0.10783958559814742,62659.234958373185,-117.64825225211723
51,0.10993894058501318,62204.840929681275,229.60423498731532
52,0.11203921431523854,60590.88340964071,949.4096009510513
53,0.11412334585697578,60160.86679721625,-1536.3054016843566
54,0.1162159397555423,59337.122331766084,360.1167883640779
55,0.11831372048037725,58343.25181176274,-491.76156703075384
56,0.12039723118070132,58527.57855889998,413.79093144188846
57,0.12249223631878574,57466.11387484181,-1855.3930656873745
58,0.12458825984258635,57237.02242431593,71.51014718268678
59,0.12668846771583772,57204.75813552816,-410.07181559436555
60,0.1287846620419941,56687.21530636453,1338.1868078274117
61,0.13087133937881498,57242.41287087455,642.4091460641692
62,0.13297548334406448,55765.803843638045,1037.8439223112352
63,0.13506910815256093,56151.91137618736,-805.8744902485653
64,0.13716388258568254,55998.03995091185,1280.0354852135536
65,0.13926047573721634,56154.038053888384,-183.3215063447493
66,0.14134668829083769,55408.27995720915,476.6693394830382
67,0.1434475230090064,54973.495354169434,-149.59699258897507
68,0.14554528534185418,54856.38406981491,-768.3912989302689
69,0.14763320610735878,54692.48634348585,-550.5463652416666
70,0.14972114728432864,54040.06198908348,1037.617070362225
71,0.15181380487515775,53499.50412261963,570.865789520483
72,0.15392114901003526,53018.27224819055,1458.525169281028
73,0.15602147473412367,52876.17880592007,806.939400212083
74,0.15811617475881218,52786.52076693125,-1040.4662653652247
75,0.16021187122717997,51768.4557503449,1640.5541300148002
76,0.1623006419462899,51209.79375331439,363.2172293351399
77,0.1643899033199985,51323.858989205604,-51.6854467618038
78,0.16648355823815117,50627.23597083719,-570.1292401352193
79,0.16857196837784735,50410.90691476898,534.7837719605903
80,0.17066413320893647,50258.38986796998,-258.02030318046957
81,0.17277086992561352,49412.84579928944,-607.1422420055492
82,0.17486965460096995,49138.6056644633,561.3428621708848
83,0.17695857694944453,48611.314976571506,-1750.747887122507
84,0.17905245093155753,48304.96808139694,460.5555222991492
85,0.18115265212612636,48224.775511500295,1677.3248426771543
86,0.1832476884130739,48304.71480294452,-218.93165504731311
87,0.1853312475833926,47664.226875033855,769.1563648611838
88,0.1874284892203219,47774.5429345412,311.14602850606786
89,0.1895337179075755,47465.31829110781,511.01558702093985
90,0.1916268196474026,47564.85159947821,955.3942496883718
91,0.1937183403446853,47040.02457131571,1444.4024804561398
92,0.1958131498886989,47114.13704541584,717.0835187137744
93,0.19790587400989662,47046.62651866752,1216.918503112302
94,0.19999906515978938,46765.22502015297,458.58611904904984
95,0.2020893038374759,46378.55071922286,201.01137097149874
96,0.2041823192148178,46753.52391252592,218.9544092231289
97,0.2062825911013838,46082.00021394556,569.80372748253
98,0.20837701891459662,46281.86735136486,738.704657473942
99,0.21046758167944032,46445.200265264,587.8948874782818
100,0.21256678542440183,46179.843381802784,640.2089997039046
101,0.2146619261104852,45675.43256858079,464.0508001891585
102,0.21675618057220372,45513.316001360894,731.1153518771528
103,0.2188528705899679,45504.41935234036,-313.9217825820342
104,0.22094564274530842,45461.53521830699,-181.81211718504053
105,0.2230395148320731,45302.400127360415,1085.102852942343
106,0.22513567328585352,45293.24104604909,-322.1452508000196
107,0.22722785048644015,44898.21375641396,1353.5321466858506
108,0.22931975112872324,45157.35208720477,689.2135331864457
109,0.23141147723465103,44447.656311018996,402.37263680435683
110,0.23350584674782457,44561.41351824805,568.5913221021339
111,0.23560416522029054,44496.748432772474,114.22741176486434
112,0.2377006336558307,44026.46545365742,1.6810141490773938
113,0.23979727503904752,44301.11334757386,1169.8923681393503
114,0.2418944602532704,44127.85903870972,1024.8490016071576
115,0.2439884227569783,43786.97805643149,-311.17197856760004
116,0.24608359968283072,43718.20620244663,786.679870427022
117,0.24817552807053123,43580.03788083767,1237.4297070967662
118,0.25026237006475704,43592.74045473863,1531.47818063758
119,0.25235861551053484,43522.971345219994,-221.6781347015698
120,0.25445470778669854,43295.03126007601,413.1429182470584
121,0.2565487653287422,43479.07990123092,692.1519207178633
122,0.2586464955058471,43075.70656372,-355.6824016159741
123,0.2607443047329862,43096.217127184056,1620.3012998614727
124,0.26284383121734134,43153.08657383998,-64.1850263407954
125,0.264929885565984,42868.67894983358,741.0676344622185
126,0.2670163698864118,42806.957229675485,-578.8908535553676
127,0.269112135390912,43016.87702805167,140.27906931005893
128,0.27120764961246213,42844.01087713535,393.6769766523352
129,0.27330509996536784,42777.98716778021,711.0211845405848
130,0.27539842121309294,42679.77476296725,-303.9365840563248
131,0.27749656900268016,42574.336102279056,588.6153933812443
132,0.27959864364035925,42498.19940526941,63.1501818942029
133,0.2816878213234348,42452.05813725319,1023.641273285772
134,0.28377609558542155,42554.93111477656,33.92816522994518
135,0.2858732754634003,42349.856096014555,1000.7392190220571
136,0.28796861590208045,42288.609568572436,981.8915223832861
137,0.2900612915162532,42073.910362962655,441.2637781946444
138,0.2921547032025089,42190.575062736505,1241.3972812409381
139,0.2942501291133245,42127.81528374916,456.0562939353224
140,0.2963444256131289,42146.83819151584,924.3521085847874
141,0.2984361415704375,42023.50759705617,168.7657915877679
142,0.3005318840555698,42193.96720206764,163.12701721146513
143,0.30262777760316095,42071.39540045088,1098.2025041693812
144,0.3047248035439954,41872.34128683559,696.2976830784032
145,0.3068210272572538,41790.86046692711,142.12200874233432
146,0.3089144805088237,41855.8710866585,629.0231825394176
147,0.31101080657849756,41677.900375501,615.2756888533728
148,0.31310885951912926,41819.95705788969,468.4471959312574
149,0.3151991603466065,41773.98028850004,789.7123018653398
150,0.317288667284839,41776.21804655564,345.2013385582411
151,0.31938044185106124,41667.03569673024,186.7822306837751
152,0.3214783648369702,41463.46407074746,386.36852769461086
153,0.3235785211189416,41618.9919065177,312.14399030937324
154,0.32566935894833426,41453.569899629314,923.8073747949896
155,0.32776077751211374,41385.60802237341,799.3121222825341
156,0.3298523230655558,41520.37238441718,875.9033096091865
157,0.3319485433973702,41526.59460412199,385.662229807349
158,0.33404540358127904,41418.6397381591,382.1289880486528
159,0.33613494177837844,41437.88447076018,714.0838078504247
160,0.3382313832787478,41422.77957042818,952.6460128889707
161,0.3403308518124324,41190.088576734925,16.783685763443987
162,0.3424246601457981,41484.25388315738,343.61614939072837
163,0.3445197272986724,41361.75572910156,-435.7630010302739
164,0.3466158524641983,41372.496603516905,733.3449325724456
165,0.3487089916477683,41388.30801670064,899.8033120973172
166,0.35080114560367615,41191.81365878545,255.4000801146061
167,0.35289356821720286,41316.42368933604,689.4884790642657
168,0.3549881110219297,41140.531193477924,434.31656859034945
169,0.35708559248027844,41149.040421702564,766.8998038731272
170,0.3591813496003593,41163.12084320387,927.3421581502505
171,0.3612749400626811,41269.88717673989,323.6717776045694
172,0.3633693413142722,41385.97272981998,74.95328591817714
173,0.3654632219855477,41085.42547572966,821.2277660401774
174,0.3675603773529471,41151.947875941725,603.5037923884405
175,0.36965434919829326,41064.41803474485,329.05118619487797
176,0.3717418094879197,41181.234246642634,269.74074815209246
177,0.37383404253825586,41011.051110160886,230.23060294686886
178,0.3759308579415973,41199.63428540478,421.37848375963375
179,0.37802985088946095,41045.19908409076,977.8114398359828
180,0.3801213498834686,41100.44067159907,40.908788138344114
181,0.38221306010699313,41153.59985074763,-232.54052524707708
182,0.3843141376638833,41032.65147595983,190.27630136003427
183,0.3864096355836929,41174.453928360635,563.7540749066404
184,0.388502907295756,41094.203615890794,441.0972312507192
185,0.39059769208540335,41035.432121196085,364.6328906749432
186,0.3926958121232196,41140.34521205113,523.9385884612104
187,0.39478921808384226,41064.47048227145,112.46925346993409
188,0.39687821409975554,40950.270787571215,697.2865618589183
189,0.39897073627813356,41095.1225220265,467.61999943355767
190,0.401067192451382,41117.980313072454,553.592361564136
191,0.40316228148056854,41205.5417445178,383.3039685843819
192,0.4052546340249366,41075.248089377936,280.45272004948123
193,0.4073499183903822,41249.87863385439,270.7046956190359
194,0.4094468722071623,41074.25139678461,-144.56231867357772
195,0.41154432885897757,41040.55926475869,433.743358390584
196,0.41363408239228544,41040.856796304804,787.7911165938328
197,0.41572494638156243,41004.63033238755,123.92329759848937
198,0.41782181997781404,41155.9036389778,585.7673749027088
199,0.4199166506307261,41245.069435269266,-89.32461295841856
200,0.4220107143757513,41258.07404952888,145.09190993328298
201,0.42410542949066876,41123.89187748629,235.25003540021194
202,0.4262013850195404,41215.88166780607,382.32666419039356
203,0.4282955296445312,41081.60699603819,731.5227576155874
204,0.430391806688861,41252.93706748315,135.32489657643305
205,0.432488575457924,41181.940530897795,201.11253455902295
206,0.4345806090039814,41279.10849208114,631.9452819263381
207,0.43667244097425384,41382.595435329975,-69.3087131910212
208,0.4387671492209622,41292.78547779198,-61.399293114626985
209,0.4408622534544343,41239.656994496116,412.34789779579813
210,0.44295516415095815,41386.09594285723,377.92148202089385
211,0.4450482683181851,41324.43491822048,867.5056219980855
212,0.44714683875742495,41384.11575720221,46.69079835856352
213,0.44924362280569813,41468.55867549845,669.075296901643
214,0.4513338633316258,41455.86658965675,697.5110084236618
215,0.45342753643259276,41424.50081002543,556.8714094213434
216,0.45552189548586586,41328.282329798174,705.3408450415369
217,0.45761716616081083,41466.544934965095,392.1731873611958
218,0.4597117909764672,41609.72583727064,759.4503930945225
219,0.4618031890496857,41608.09265068571,172.03297710915353
220,0.4638995470730997,41560.96537576616,400.5682070158075
221,0.4659948171464902,41731.29488899727,172.21205862953107
222,0.46808929446972725,41598.75000752055,165.59335959090896
223,0.47018492649495636,41606.41893838959,462.55603382541517
224,0.4722792778491551,41545.2618708569,882.5574788660547
225,0.47437272572904565,41612.63807020142,491.09073548041283
226,0.47646593372141327,41707.81873453126,48.57434634949542
227,0.47856230727426236,41574.58448830591,481.7879374833254
228,0.48065904058976644,41714.17171391287,230.75761794850956
229,0.4827512226177774,41814.01018399649,309.27378443176354
230,0.4848441163240575,41836.326117216675,379.3629193698548
231,0.4869397730506266,41824.66991393324,-54.50947178407695
232,0.48903678813400875,41964.09270044264,212.1146385478356
233,0.49113096964965397,41769.14369259484,227.04953795244145
234,0.49322332174786626,41860.79264613321,470.019694434233
235,0.4953187148676145,41930.59420376054,103.67585787895871
236,0.49741120358770496,42086.598837487334,272.72457616990977
237,0.49950082345999325,41991.159146184866,444.623724556392
238,0.5015952506837275,41922.31683756384,-0.1525603210329183
239,0.5036919972981919,41951.30575061322,356.2334398480345
240,0.5057872116617207,42075.28812231691,858.8586659896051
241,0.5078828569897101,42184.65080050349,691.7108973463107
242,0.5099793452386306,42135.02427426243,235.5559844467557
243,0.5120767256379639,42211.99271228157,549.7899265957006
244,0.5141702395931294,42219.86355891663,369.11289414802127
245,0.51626132102766,42280.77187736564,439.6094361757117
246,0.5183576899265504,42367.773173610316,362.62145923719066
247,0.5204524416424112,42325.148150299145,398.5223227791386
248,0.5225430403510469,42472.36011197638,172.5375535710495
249,0.5246378991347941,42551.68784646209,350.9457983551832
250,0.5267345150769579,42351.44439036186,249.98629244871182
251,0.5288284644781793,42471.1573932732,496.6475964898581
252,0.5309200047543352,42398.87914091755,91.40666816377198
253,0.5330154787982235,42530.21520351509,152.11549987732798
254,0.5351140455458262,42585.04983246198,561.3032572072904
255,0.5372066203065362,42708.394660412014,376.96148274693553
256,0.5392991990272246,42615.01891205996,190.50432244484378
257,0.5413944118270408,42819.07734068487,151.56478114992595
258,0.5434881995106379,42719.70579277398,338.3617621592738
259,0.5455829952492127,42696.57022697597,262.97563891436
260,0.5476769745662954,42830.27708113155,329.1792206751245
261,0.5497697255495043,42970.26454894128,321.46704919375884
262,0.5518645446467839,43042.12884417495,424.23387130669977
263,0.5539598571350287,43002.39483117066,625.0797501173578
264,0.5560564538950566,43007.36899543737,189.31986747148127
265,0.5581500505101624,43112.180879507316,734.6893057374915
266,0.5602409063261653,43058.393865397695,305.37061445358887
267,0.5623379637803174,43200.7637554948,373.59406493485005
268,0.5644363283026402,43228.96618115324,208.32429351696786
269,0.5665273824761494,43126.84162813278,227.75510676079978
270,0.568621249018378,43386.30765978744,190.41777758730774
271,0.5707181447612965,43331.473525204136,328.10178058636
272,0.5728127938597997,43393.70378358199,-114.90083003658938
273,0.5749070881546879,43393.37986101964,584.1214172419026
274,0.5769991470923068,43548.98948013491,243.7980911269654
275,0.5790956911760897,43610.0639118205,354.6876007023627
276,0.5811893306261757,43595.49562586326,817.6236119288583
277,0.5832802267374103,43733.933955908135,157.1933096279738
278,0.5853761830306536,43652.45194642447,482.95494451380284
279,0.5874711784415975,43781.62465702993,609.4786375791547
280,0.5895653958899879,43853.46399503697,317.77060243044804
281,0.591659786459685,43711.89302018391,512.3412693899681
282,0.5937551851921442,43828.81647874792,225.11510715582813
283,0.5958498092767481,43947.30174523324,90.59457368825919
284,0.5979447066705442,44121.260738471654,367.7549059176176
285,0.6000383505174957,44129.92872040661,186.30625583720214
286,0.6021313016181767,44141.644918294,-203.45662536827606
287,0.6042246965556944,44191.346467058254,375.98595609762674
288,0.6063189733697846,44224.95396808255,461.88361714115484
289,0.6084147213727373,44296.57373204515,-22.06560067463558
290,0.6105090855473989,44338.14418463794,303.7291061802718
291,0.6126037649785722,44408.21375167176,464.3630266919755
292,0.6147002391370655,44409.83937151409,576.8946194312715
293,0.616794938930829,44457.398277104294,474.98863546863583
294,0.6188886865784012,44535.130544384,45.98354090970814
295,0.6209825762252046,44655.20771063735,374.0793393982071
296,0.6230764414889526,44787.17982223212,370.5112550625251
297,0.6251725389343245,44671.86295118642,286.9858011827544
298,0.627266923011265,44807.46807814085,521.4303793871201
299,0.6293596211388142,44931.466141247,267.1081345924553
300,0.6314513250607457,44791.54831785828,368.94946206699683
301,0.6335475720513941,45034.614204292455,495.0817987485537
302,0.6356444982495617,45143.71046831727,662.9485812638121
303,0.6377358562255245,45057.51627934436,309.94191954334474
304,0.6398302949107263,45097.53664550695,657.6103346361236
305,0.6419256185614247,45307.32485463722,453.3263469549834
306,0.6440214843206593,45298.26324833597,430.3066831056376
307,0.6461142033434962,45389.577903456,458.1799535546847
308,0.6482061138478032,45567.948087933415,474.09451587252966
309,0.6503020867345045,45558.26169173327,125.84111410738211
310,0.652398185537932,45618.161274344544,268.2816534667412
311,0.6544932048530038,45644.926173379994,303.45210474539545
312,0.6565867871776386,45755.59999615311,570.5401531017292
313,0.6586827890115348,45770.53499999908,-365.30558038106335
314,0.6607793300725506,45837.69676898568,179.23496394287113
315,0.6628724964198541,45946.295453682564,729.27869866059
316,0.6649654402217313,45974.183362238444,70.6533260236205
317,0.667059865407609,45997.169475300674,333.6089311427062
318,0.6691532523078332,46094.83923898729,214.2350205341811
319,0.6712457992597233,46155.52324396453,546.2861821224236
320,0.6733390782258323,46136.507955569,87.89841578170041
321,0.6754367503383576,46395.21862352654,296.5050368925621
322,0.6775335143160066,46537.66853646786,325.0953899262347
323,0.679624621064033,46556.454482098794,314.8824207390489
324,0.6817180292738917,46542.45822238527,166.63457710257393
325,0.6838149015047629,46652.270021050404,388.63282251162855
326,0.6859101434268815,46627.66434468007,685.1390004787103
327,0.6880046468184081,46871.550956317806,781.898934463701
328,0.6900999637264865,46856.717399146015,185.18344751941902
329,0.6921965733216279,46980.409163694974,390.0334398329058
330,0.6942884945981568,47007.451425691834,233.76349088604354
331,0.6963781649531228,47057.53781914482,23.868847385416245
332,0.6984747371200234,47163.409915606986,-5.572358477697772
333,0.7005690388882679,47233.7460566137,504.3541242488504
334,0.7026621579778546,47391.114803373726,281.29159423668665
335,0.704757268847954,47310.275929028816,256.09640045930985
336,0.7068509057629639,47458.847268321726,-34.1021829402477
337,0.708945644402387,47577.42738690925,323.05407317851615
338,0.7110406815970572,47767.24918410269,282.29059486994026
339,0.7131372373036142,47672.21689313928,276.3547523149308
340,0.7152323589250973,47910.532534541686,692.2784172339199
341,0.7173245162021571,48014.914972411265,522.5740085727265
342,0.7194199711852413,48064.05259957629,404.81382883509934
343,0.7215151322330351,48018.967843803126,551.3528830342558
344,0.7236102334592447,48192.70754891463,443.6578564839726
345,0.7257047129497166,48288.25136161916,247.91608349787117
346,0.7277958825256088,48256.15184837828,486.55834785489003
347,0.7298900912292255,48414.032507216325,402.2097968080649
348,0.7319867159780691,48410.85868067582,20.905139864364315
349,0.7340808521059053,48632.37069095416,-214.15062976950273
350,0.7361738853270124,48665.64138403547,424.1699719652066
351,0.7382682123604443,48706.04145513785,312.0774482141698
352,0.7403641944498084,48847.12692870699,398.7223589988845
353,0.7424576311971561,48909.089281973225,416.2191924069646
354,0.7445523870480827,49008.302068665624,308.7779647069707
355,0.7466478284648128,49059.147227243455,315.73046359928844
356,0.7487413917548734,49188.15049156782,653.2921689027185
357,0.7508354594737505,49183.46505319931,307.7959560725193
358,0.7529278056847568,49360.68490098663,478.11564665173705
359,0.7550230257904859,49456.59135688556,300.90553933593486
360,0.7571167923480437,49546.64584559548,143.19877983985538
361,0.7592113317151179,49564.160926293385,247.31431856646074
362,0.7613074731933067,49704.09431809894,545.1006555732368
363,0.7634009581307508,49734.148733996946,356.36168710360414
364,0.7654969266569684,49840.66564109708,383.67671109342473
365,0.7675905899780763,50074.531465957276,237.40423412270215
366,0.7696837880547684,50045.432759490606,252.95519943995882
367,0.7717795008463626,50274.89338944328,383.6473189581134
368,0.7738757788346248,50248.43515549678,553.833186523577
369,0.7759706260990727,50398.613682399344,244.7976339446431
370,0.7780620795267656,50458.9875977168,487.16556472984234
371,0.7801559906208961,50574.321906203986,297.20376629314416
372,0.7822523136569128,50691.87831509488,663.4786834321549
373,0.7843481481853999,50732.66129861204,157.53469569178375
374,0.7864425511046899,51032.9517486194,561.3010430538701
375,0.7885343495966205,50888.3705162656,373.313246177518
376,0.7906286372458883,51006.48101585971,386.74036808139846
377,0.7927244345313397,51128.631447551554,307.51913118317765
378,0.794818005513127,51266.509978306036,411.40259003663937
379,0.7969121491149282,51297.096830690876,754.5380666478244
380,0.7990047112993173,51574.0042702244,375.250149919266
381,0.8010984966914405,51556.75212891578,727.1527323633065
382,0.8031950165575023,51659.27090580303,609.6395660836783
383,0.8052905677217739,51748.37056454649,219.56423839275035
384,0.8073868841230295,51958.6578351996,541.2545608651744
385,0.8094800557409162,51966.77708504468,425.6588359957412
386,0.8115724907946299,52109.0671325802,555.7034180053621
387,0.8136674854006812,52125.565079982305,456.2490522781375
388,0.8157633267681768,52453.972383089465,481.84802678204824
389,0.8178572815764139,52394.8535690427,752.1579278942422
390,0.8199509017046862,52516.43080611261,359.84180357272294
391,0.8220464110750062,52590.69156727543,245.413531114068
392,0.8241406544737637,52711.1128927812,219.78355259008194
393,0.8262328397247414,52792.594259276135,515.7066560441702
394,0.8283269471334518,52919.22807477172,706.0146008882823
395,0.8304231064697798,53055.09705239691,166.40973977001823
396,0.8325161683796762,53183.44527041687,454.5440762314818
397,0.8346105557242035,53340.953058574465,483.5983118513358
398,0.8367059794413102,53401.92200303581,4.452360851007472
399,0.8388002445604258,53444.36855362194,604.8176001664305
400,0.8408960756111226,53593.771029164,324.80970986987825
401,0.8429905652842218,53731.24865462185,429.52636542440246
402,0.84508401313589,53960.19842449119,348.3905321954734
403,0.8471791713809247,54017.12378917021,824.7316841061929
404,0.8492743362825239,54076.666817593956,558.701014455851
405,0.8513668888602299,54159.45407350231,567.8515839627609
406,0.8534589296280589,54426.231728087434,573.6838279925092
407,0.8555558405338324,54474.13484167451,526.1203778839897
408,0.8576516874123633,54544.25922030833,480.44489723720267
409,0.859744590599333,54688.1119470109,549.1618901523502
410,0.8618400547669827,54829.69782180643,372.826375441801
411,0.8639350434441438,54891.81043550794,701.9213518002149
412,0.8660280248974203,55093.60159328673,704.733494057237
413,0.8681201347325478,55235.664476854625,392.6801257532315
414,0.8702157283801463,55293.009931002474,314.7814900165685
415,0.872310621353091,55306.7607693673,366.0843511058996
416,0.8744020359703552,55567.8070919338,717.583525051033
417,0.8764972088477568,55600.76384195176,42.9283362340896
418,0.878592835994214,55756.70817148758,878.9996328443472
419,0.8806870131084201,55871.16370554586,489.2387685667434
420,0.8827812802431019,56019.63640489155,665.6722514541077
421,0.884877279658285,56167.72508009484,489.905785379512
422,0.8869730004154345,56339.83600580271,382.85722912548977
423,0.8890661750433553,56455.5626180043,663.605579478415
424,0.891161435679344,56571.77374853191,446.2921734113251
425,0.8932577960179496,56785.517565477916,708.1949109446512
426,0.8953527392107627,56889.25063614733,472.5359129699931
427,0.8974462460666859,56943.993291696155,768.3996608139482
428,0.899539340962409,57070.070175224144,310.5062734918365
429,0.9016318169027592,57286.63722527748,632.1228966343425
430,0.9037252249745606,57351.86270999053,439.86754699183814
431,0.9058199443223193,57587.054178923194,174.56297557766533
432,0.907915243986348,57598.87604053316,435.266498013432
433,0.9100128049501981,57726.69949225966,275.6828460621559
434,0.9121059966002629,57967.184231323874,428.3417979933947
435,0.9141972861830797,57968.514654917846,784.6854340986076
436,0.9162932496702593,58129.25683444978,430.5889424445859
437,0.9183878012752863,58161.583631286245,557.2295395892006
438,0.9204823185419505,58570.07948581024,565.3727478119594
439,0.9225773629784582,58684.79952261977,662.3682979033123
440,0.9246718174739146,58748.760054312785,664.5918508056196
441,0.926766211900197,58878.017613573,448.45354069606964
442,0.9288591582540804,58983.66761351316,504.601584397815
443,0.9309526610700547,59267.81228982638,786.409057149739
444,0.9330479303067369,59323.18088675055,500.8142384642984
445,0.9351433527997749,59459.507275062264,661.9842923695297
446,0.9372383527365933,59480.55235915845,398.39412575653176
447,0.939329757499591,59714.61223210574,725.2530673911045
448,0.9414230571985791,59904.38233310045,468.41801999685174
449,0.9435210054806012,60051.21193690012,799.0025010659444
450,0.9456162503172072,60167.85816288581,429.738245094088
451,0.9477100092887099,60337.54530955416,592.6435933387182
452,0.9498046323041349,60485.46475496894,748.8216189636188
453,0.9518991548408083,60678.35732080598,887.8490027289788
454,0.9539929332702277,60814.562993032945,928.6270943712188
455,0.9560874898052096,61003.81156432141,319.9702414919557
456,0.9581824530689178,61180.35455609119,843.8568732995645
457,0.9602770371571748,61257.19365812353,1000.8853170122085
458,0.9623710723241273,61410.66734734676,619.6056985767879
459,0.9644648349083941,61546.12596536775,795.1156198841951
460,0.966557887379011,61668.973511554286,762.0612332693836
461,0.9686513195291268,61766.80488430757,932.7107982935473
462,0.9707470393683869,62073.72343398147,775.589655743516
463,0.9728419987888902,62137.708639906436,758.6740876162572
464,0.9749363451418961,62250.21908181883,856.6265741079231
465,0.9770319720978949,62471.69321847754,550.8673322287924
466,0.9791260608689247,62747.829222294895,588.6188123060303
467,0.981219993418123,62883.17407525996,730.2955490996586
468,0.9833154848012966,62936.40936582856,804.0512221623543
469,0.985409217900734,63019.287703066184,624.9923137308863
470,0.9875034929558208,63297.70170681796,915.6187562657713
471,0.989598845059814,63448.526276023746,450.2427275724906
472,0.9916925524589582,63697.06337953749,778.0835223896497
473,0.9937866222530743,63861.932779588686,783.0084990853477
474,0.9958822538585521,63957.03039516231,846.0481461678706
475,0.9979763461234663,64120.879102420455,790.0394504601038
476,1.0000687382803208,64310.00103161386,1110.6882407493304
477,1.0021620574674717,64445.364711172995,586.3439410157796
478,1.0042566040705312,64645.12638010788,562.60386640117
479,1.0063510481087232,64769.547765262265,766.1373543522079
480,1.0084458017147504,65024.583408163446,636.9049702802291
481,1.0105412449330358,65232.86386172385,612.7565773075788
482,1.0126363206852906,65315.37419517065,622.987448087394
483,1.014731689048677,65547.56701769198,1267.39888387208
484,1.0168251811607234,65651.4883646899,827.6464927535283
485,1.0189183181794257,65950.18358349154,645.1151433179258
486,1.0210135131858313,66124.78795235827,1081.5658980365993
487,1.023107899818119,66210.99995166445,529.349333166961
488,1.0252035642142994,66390.52792468668,628.5145940013022
489,1.0272979326699727,66624.52068690279,1060.2934521751597
490,1.0293915165160124,66760.26750842373,899.58064927367
491,1.0314862118776227,66933.78091635492,889.2165331170677
492,1.0335813276438528,67214.28507745152,723.9941110745964
493,1.0356760372494827,67338.07618598445,697.5993248777993
494,1.0377697665518313,67496.95173341039,932.5187668367183
495,1.0398635542890804,67684.45272186803,764.5958247449408
496,1.0419580022733907,67940.78364860929,857.2437933404207
497,1.0440530837182007,68240.38558078365,944.7547319985379
498,1.0461463909219801,68279.27696251274,1240.875881181242
499,1.048241289239942,68502.01133767876,1320.2449196046018
500,1.0503346504195201,68720.24750897095,801.8138287099985
501,1.0524278880438542,68898.56996323743,908.2008464378323
502,1.0545231057279465,69036.9381410461,1185.516309931562
503,1.0566172205725972,69323.34257909202,858.919934748384
504,1.0587125681053644,69409.37910126678,1050.5984880871608
505,1.060806974942881,69666.1516172319,1323.9132045958565
506,1.062900937291859,69916.72584981172,982.9524656902249
507,1.0649968400029963,70132.12471072798,1242.2025663479687
508,1.0670917748856612,70179.53866100543,958.4563918209507
509,1.0691837840599538,70515.2964331189,1114.9523359045465
510,1.0712784055790137,70680.31813452704,1181.9074187794852
511,1.0733741944109443,70970.85832105517,867.0969081129247
512,1.0754689143080451,71146.93122289797,1190.6170838945136
513,1.0775625935653539,71393.63043143698,1111.2708861834742
514,1.079656551776009,71467.44913347185,1088.4349940483285
515,1.081751759033872,71559.16647931363,1418.9312734172204
516,1.0838450038800544,71900.3673731303,1424.0181864354195
517,1.0859393346043436,72067.81237691517,970.7749834690221
518,1.0880340737032612,72387.66453162601,1014.968863440823
519,1.0901280973397867,72360.25968665401,1383.1079741118963
520,1.0922232205093443,72839.50352307099,1017.4706424130825
521,1.0943183198095006,72846.78414737002,1163.9121501505017
522,1.0964124680620808,73189.33329907319,1367.1407555822789
523,1.0985066965945804,73395.17457395374,1051.9156817904798
524,1.1006022506925348,73645.18116423002,1179.8100792893954
525,1.1026960746069068,73824.47896897282,1345.1179323797255
526,1.104789420523433,74135.77950563126,1076.4965719181962
527,1.1068841457204943,74202.19576087497,1269.3040324189922
528,1.1089772649904681,74483.97076907057,1089.3660082821725
529,1.1110723868790173,74743.49445112588,1369.79791196153
530,1.113168427194727,74963.24691222291,1218.8495236314807
531,1.1152626776337078,75211.90743052198,1299.930160630852
532,1.1173574051129724,75452.95835387913,1232.28014360965
533,1.119450573697561,75742.47565702355,1361.849205377056
534,1.1215436337779248,75885.32389300205,1332.521512106419
535,1.1236390334415942,76129.7577111573,1519.2622844442885
536,1.1257332200225998,76307.25772512451,1435.3131034585015
537,1.1278283378211404,76610.62781593368,1705.9911123161341
538,1.1299238131648552,76851.49967432916,1477.2700576661841
539,1.132017447124327,77030.88803453655,1627.9644406876787
540,1.134110650036949,77311.53971405653,1270.7885213727634
541,1.1362036259959787,77520.45776555114,1520.4907543134984
542,1.1382991427598659,77850.04538012086,1543.3172003065945
543,1.1403936066737896,78040.58479660455,1872.7228134103414
544,1.1424878264606209,78149.47620646787,1260.110438028725
545,1.1445836717483504,78549.02039358558,1407.2399644034888
546,1.1466778755714095,78772.39762780587,1421.3002437957962
547,1.1487715351237628,79016.74962079944,1467.6482561428616
548,1.1508672245306748,79230.87651006569,1482.694308150394
549,1.152961670034179,79435.0265596241,1365.8793391109962
550,1.1550551275418117,79805.17653552977,1852.1508875731838
551,1.1571500620004906,80134.55263104591,1617.163503152118
552,1.1592451155989445,80227.23466252556,1246.049945127254
553,1.1613401484055899,80506.66634619144,1999.6184406422692
554,1.1634328135986687,80714.13116345664,1669.0495204621857
555,1.1655280225544649,81112.55188030232,1739.1736510337644
556,1.1676232414157608,81346.32484042004,1468.3067825123485
557,1.1697157183635434,81464.7630467858,1466.106162778619
558,1.171809765164966,81717.63890507529,1530.1447720271046
559,1.1739036754657965,82195.61034342805,1907.83341064292
560,1.1759974618047027,82323.73315809302,1772.5742988517006
561,1.1780927342002254,82563.50094528928,1838.9475147425235
562,1.1801886215978319,82839.64097071509,1695.586258425479
563,1.1822824649467334,83054.15554849016,2097.2694807040584
564,1.1843777187054296,83489.50636008657,1722.6742309644642
565,1.1864731317277017,83709.11085462113,1868.184250833152
566,1.1885662199882188,83884.63940620968,1974.5483766641141
567,1.1906603290984812,84276.25914795244,1713.7682543943026
568,1.1927560449071208,84489.2280590462,2054.6212851819223
569,1.1948501301675682,84816.42090768498,1723.0055742007835
570,1.196942866326464,85020.14453712977,1839.024913660043
571,1.1990363434731066,85370.29948327802,1853.4018311646087
572,1.2011315528209288,85557.01941737976,1637.7405080315907
573,1.2032252726398727,85889.4559949157,2098.9483012664164
574,1.205319131714267,86197.04461187094,1831.2479476072124
575,1.2074143429200774,86536.16505959234,1860.228681572097
576,1.2095073316728018,86794.3747555092,2222.7993160518913
577,1.211602159357548,87154.07823326578,1748.9192260684865
578,1.2136984428310558,87348.37108187587,2102.617385358495
579,1.2157943340364452,87686.88270108865,2071.860980082852
580,1.217888268816351,87982.3201828839,2377.0935516206396
581,1.2199821909033837,88318.49801682738,2216.5657380389175
582,1.2220779372220854,88623.85542220648,2181.3147310055765
583,1.2241720630448372,88885.8848974565,2489.008920964736
584,1.2262656486341297,89151.57478887709,2027.116084804421
585,1.2283602712023978,89419.93996836772,2411.4041964785283
586,1.230453847781421,89765.88641369894,2013.1333715646567
587,1.2325484279288663,90056.670374473,2185.8366340538655
588,1.2346427330328844,90292.06374957388,2049.934261857176
589,1.2367368340043534,90663.89290882897,1971.0358807115433
590,1.2388320989568682,90978.93299718988,2306.9827758296988
591,1.2409254956441091,91251.1559090286,2198.76225554593
592,1.2430201387037565,91597.54511588775,2629.2534398440202
593,1.2451147141570293,91942.47759163896,2700.8674899535154
594,1.2472087367784284,92371.91211872292,2407.1817354937452
595,1.249302614173833,92644.20301695028,2289.5871490021955
596,1.2513971052845823,92937.18278458278,2165.8894796643003
597,1.2534931066319515,93233.67337362758,2273.6165192413982
598,1.2555863817711985,93534.63904556175,2097.822753095909
599,1.257678969059161,93845.745685232,2385.277169711471
600,1.2597748382104277,94100.62114221895,2374.743072569364
601,1.2618698898493887,94555.4404785513,2554.438407786241
602,1.2639640740660565,94825.78536359884,2586.4423596536526
603,1.266059176034634,95165.5649049529,2873.3676632334327
604,1.26815329738596,95581.95236616956,2592.205315063739
605,1.2702469827768745,95898.8757934456,2731.8516727473957
606,1.272341439773769,96289.58794016961,2578.7927077476525
607,1.2744361591580655,96562.37426786749,2496.4737125252745
608,1.2765301570381213,96985.04964709464,2504.8781163096187
609,1.2786243195908502,97327.81010442587,2691.6018532300864
610,1.2807201779848052,97527.11340389142,2941.7320143474867
611,1.2828149770647865,97984.06409470024,2595.707968542848
612,1.28490831046805,98424.12363256949,2643.9925889100186
613,1.2870024746125797,98575.88374927544,2937.136873074555
614,1.2890960788179595,99043.14473249196,2789.7488931213315
615,1.2911903407610128,99437.83907472558,2746.663888991132
616,1.2932847299377603,99824.02058040898,3038.191855358012
617,1.295379834193548,100073.2123228656,2822.909362839367
618,1.2974743412448833,100321.1968521292,3143.994861857827
619,1.299568838606027,100683.5038534044,3043.608524622504
620,1.3016640567270552,101130.07984574266,2716.198200620516
621,1.3037578272673165,101593.26466332866,3106.3492663007587
622,1.3058518980796576,101953.1791505184,3146.7993963733975
623,1.3079469520711469,102354.7553729386,3213.1364179717325
624,1.3100414674631762,102561.14496963583,3207.7078579390995
625,1.3121343419146885,103053.03371632892,3354.82481412163
626,1.3142291157646366,103434.08350678172,3192.636767099388
627,1.3163249547628966,103915.11332537538,3268.622117941099
628,1.3184204308819243,104104.68467496922,3361.313813299983
629,1.320514045081714,104525.24512870706,3422.251566247241
630,1.322607731116918,105005.2759743889,3747.469331183142
631,1.3247030067977636,105595.17986364146,3544.614513480082
632,1.3267964975071294,105819.48900707862,3271.8007283809125
633,1.3288900457896358,106323.37822247703,3580.4078579658126
634,1.3309846323229146,106648.53168371136,3790.3427780306897
635,1.3330795391690438,106938.08182084229,3738.395660269267
636,1.335173949560825,107420.28228858819,3619.604430371222
637,1.3372672428845813,107698.81786793689,3497.298272587471
638,1.3393616502777206,108282.60096329784,3432.1214774249
639,1.3414564546808454,108599.85966415731,3550.7978110096055
640,1.3435497634465539,109013.648286578,3806.334714727035
641,1.3456439095281743,109542.93201527238,3595.68071321481
642,1.3477398961804745,109797.56612734147,3808.7168636985307
643,1.3498356331361778,110147.72785221532,4126.618714003012
644,1.3519291222201564,110702.52512445506,3922.5086341538695
645,1.3540221824451044,111060.24893821796,4220.618168027066
646,1.3561174165883387,111535.1693387078,3736.9634361571925
647,1.3582118000666776,111916.8829142794,4439.981609574461
648,1.360305548489477,112443.75708275923,3812.15605118397
649,1.3624016471705516,112689.35867806207,4045.756931124224
650,1.364496581524498,113262.12911884523,4190.614729354976
651,1.366589927521404,113766.19947280228,4726.77789544361
652,1.3686839345616666,114228.96006083507,4688.069978667843
653,1.3707785136744248,114687.65448111352,4037.343077755249
654,1.3728736781569988,115000.81584327076,4284.037860225543
655,1.3749673745335222,115532.08585688217,4578.263803346656
656,1.3770602631292597,115922.89262234369,4628.833090281369
657,1.379155717578164,116436.02442192231,4940.8492534945335
658,1.3812508039107998,116750.0296939606,4549.5008727881695
659,1.3833453325862841,117298.7158433748,5013.61701145139
660,1.3854396647384786,117694.28114417869,4468.812003365898
661,1.387533616953471,118177.21576183423,4326.563450174401
662,1.389628935147901,118591.38837445322,4740.689207602844
663,1.3917230672721894,119016.00743230378,4550.349153215416
664,1.3938172778813163,119589.00553809757,4764.597990991655
665,1.3959128506087028,120177.72460185991,5002.853814621363
666,1.3980069894682674,120648.09678454416,5339.8207021111475
667,1.400100032768225,121058.22835663045,4810.665933081016
668,1.4021942273095422,121685.77258477188,4811.965531734656
669,1.4042879724639459,121987.86128579058,5311.041868524993
670,1.4063822250727482,122534.8685130298,5190.316551782954
671,1.4084777998796327,123092.58445338527,4835.673374215881
672,1.4105725454065003,123534.11695666562,5380.00893654809
673,1.412666035757187,124062.30329443647,5144.929704354384
674,1.4147597581950535,124600.30788753895,5306.953615551652
675,1.4168552493745823,125091.75995272407,5688.212240773444
676,1.4189502707585735,125638.45970650089,5835.647920457069
677,1.4210439871962917,126074.24787367819,5552.377324548791
678,1.4231379588066748,126555.06216755093,5707.918953219919
679,1.4252323843784174,127156.27056216006,5912.778629870971
680,1.4273263645812686,127545.88053531211,5848.902868229192
681,1.4294209343777806,128115.99266305179,5707.897952822347
682,1.4315160587565352,128780.56449983035,5723.155187170642
683,1.4336101809254245,129154.29492181496,5724.424589779937
684,1.4357047233292217,129722.01707499647,5673.48253194781
685,1.4377991034950037,130131.68521583939,6059.250078040369
686,1.439893269172154,130805.03180721674,5870.17437020753
687,1.4419870983325702,131382.39709280207,5919.72672453698
688,1.4440820971476513,131892.79164494408,6919.059761018938
689,1.4461780146809415,132500.5588747007,6245.131496669703
690,1.4482723645441788,133018.37496170402,6299.9497994061785
691,1.4503661519067539,133746.6414154166,6676.307095023685
692,1.4524608997459605,134165.83944421826,6479.186429726384
693,1.454556191478353,134682.8059541225,6675.754733045072
694,1.4566505605195028,135233.64004331484,6500.82692880749
695,1.4587435672120013,135837.66457967914,6466.640346890784
696,1.460836376274075,136488.73357303988,7267.302637295251
697,1.4629315024559504,136834.1409586487,6479.122163000832
698,1.465026115161985,137615.98870921886,6955.610558851755
699,1.4671201905708728,138008.8636949915,7534.547956042667
700,1.4692142550197365,138640.15764927713,6870.664953221186
701,1.4713085109511452,139313.1076581123,7238.514983179714
702,1.4734040883627781,139837.48025941206,7153.805956239639
703,1.4754983077923518,140479.82201595008,7441.12016990594
704,1.4775927333883283,141136.8747804847,7018.7942008561895
705,1.479686516386449,141696.78408364387,7832.223857593863
706,1.4817805445745025,142379.4701817015,7664.103237338371
707,1.483876051193717,142814.43105781157,7491.459253328412
708,1.4859713583510508,143588.71968934927,7417.696010426538
709,1.4880662760111125,144090.80471631858,7798.723880814173
710,1.4901603423423662,144718.94904578524,8408.77239188315
711,1.4922546168830801,145433.89640696874,7509.335188297483
712,1.4943493508016918,146083.5881602412,7867.96587724631
713,1.4964436549031517,146618.0076859343,8522.569903683976
714,1.4985372426394363,147276.18778002824,8046.082132989915
715,1.5006303537214591,147995.287175066,8613.552502953567
716,1.5027246941647125,148548.5163290896,8151.377493493546
717,1.5048198674391857,149284.6626306311,8251.686225112791
718,1.5069136003861163,150048.2419565483,8624.625616576506
719,1.5090076377683221,150559.81772956694,8410.276618890503
720,1.5111026723067662,151243.26927645138,8988.703956792831
721,1.5131971028762412,152036.15531679618,8573.707750346051
722,1.5152912609041667,152671.75074968964,8731.208100206173
723,1.5173854934463344,153225.65615156366,8804.08364784156
724,1.5194808793753787,153824.72979763304,9044.255997384942
725,1.5215756259285513,154661.51914420407,9454.59441417665
726,1.5236695807770564,155396.9981211483,9131.170851350733
727,1.5257641081783464,155950.9346391447,9087.351124828363
728,1.5278584873608179,156762.7759257801,9768.64469816743
729,1.5299536435991428,157288.76166568874,9461.379709637353
730,1.5320476585044298,158136.91244741293,9574.873228118504
731,1.5341414384393777,158607.0884961395,9755.611752865445
732,1.536236950937659,159440.5166305268,9829.338640928225
733,1.5383317033374695,160304.8512864443,10286.735150923838
734,1.5404255753841434,161049.07974320918,9743.27372039572
735,1.5425198393431812,161668.3259010298,10415.598435258691
736,1.5446136227526486,162318.02868614413,11437.151001887065
737,1.5467072285753283,163031.05396479316,11200.692809636997
738,1.5488013111816905,163833.7592896827,9988.15908923742
739,1.550896674249749,164680.61368037263,10892.307246042983
740,1.552991701547339,165355.1319180514,10080.997410866757
741,1.5550856629518366,166265.96321199264,10997.499150285412
742,1.5571801051512508,166951.93474716114,11038.231484325224
743,1.559274417579796,167817.46628351006,11087.154571193541
744,1.5613691533539047,168472.45031448398,11185.3758195022
745,1.5634631934261796,169201.3218694454,11744.587991605082
746,1.5655577892497892,170209.7830356518,11486.268878302617
747,1.5676527275763066,170752.62035263242,11195.383566908255
748,1.5697461748764228,171458.37974463025,11831.092972110939
749,1.5718402189801153,172351.5423807875,11505.371706813596
750,1.5739346218160084,173193.39392761732,11976.31979096427
751,1.5760295037244485,173937.3627995541,12396.85817751259
752,1.5781239238326052,174627.1527060233,12272.306924297145
753,1.5802176736109215,175647.79960080876,12398.624273871761
754,1.5823123941098438,176418.40067252517,12318.808738767051
755,1.5844068047546922,177241.94008030085,12309.533547698433
756,1.5864996832696292,178255.39691643228,13127.292814088078
757,1.5885944598128996,178897.98482335394,13245.431337981989
758,1.5906903325437156,179838.57007239346,12815.132478244555
759,1.592784689092666,180667.55540026826,12929.851751732505
760,1.5948796873290236,181540.22151900522,13716.336546893677
761,1.5969745597395735,182316.4540197987,13263.347259019512
762,1.5990689218084002,183141.19289089672,13148.962146057582
763,1.6011633213632455,184008.04259963182,14254.4489429815
764,1.6032577776043084,184762.45278259157,13774.303544912935
765,1.6053514020964894,185894.0407954483,13880.511924346096
766,1.607445093072501,186862.2133214649,14440.923180933432
767,1.6095393086936036,187452.4383352103,12300.023374184433
768,1.6116336711357766,188503.54911919482,8823.475895488551
769,1.6137279918528686,189052.5564736494,4516.0926932073435
770,1.6158221116449558,190003.1904783488,1015.8646567742747
771,1.6179176229648538,190857.32013009975,-4193.958537534168
772,1.6200131612431772,191757.5706311824,-7074.126347755408
773,1.6221069236192778,192585.69942844132,-11379.494189969433
774,1.6242011307622557,193450.34473060584,-14840.29645730172
775,1.6262960841945175,194362.31806501414,-18880.430819156336
776,1.6283896203498047,195273.7365928058,-23348.960197913642
777,1.6304834947928883,196183.93952013768,-27899.87387091224
778,1.632578127710653,197066.63180900033,-30773.285828789478
779,1.6346731813158608,197938.01765754825,-34902.50870162559
780,1.636767172365261,198652.88070059553,-39244.01167679844
781,1.6388603779595408,199607.66226603254,-43345.708851206306
782,1.6409563605892468,200623.69206345757,-47164.66643038681
783,1.643050621284035,201454.0927647725,-51229.76017125281
784,1.645144102645386,202533.2497822108,-55487.00719351094
785,1.6472395726584623,203532.0234162631,-58997.144201907395
786,1.6493331318477138,204360.77184819197,-63304.93152889847
787,1.6514277435583298,205258.85839917077,-67597.20877310295
788,1.6535225655624404,206259.39269624805,-71372.23631819141
789,1.655616100487628,207247.16462152073,-75946.24100669338
790,1.6577106071833263,208255.61858316266,-78906.52819913885
791,1.6598050724476994,209174.5901337864,-83896.19718949699
792,1.6619001395524664,210369.88144941913,-87950.02897872611
793,1.6639948642035431,211135.40864451634,-92315.8746249692
794,1.6660882997554614,211935.00907324348,-96541.32824081255
795,1.6681827329415837,212792.79237268254,-99040.17043874948
796,1.6702780557373313,214206.78305191483,-103938.14628923193
797,1.6723710846745943,214862.36281537244,-108325.84645639751
798,1.6744651718920411,216122.67310394096,-112783.15716906577
799,1.6765602044792516,216872.14978124524,-115900.65916662179
800,1.6786535596079524,217992.0799251019,-120243.73437470252
801,1.6807491745425278,219094.54349487374,-124470.25503207145
802,1.6828445761171116,220086.67202076816,-128546.20500371908
803,1.6849386388007168,221204.93169563214,-133504.45843536968
804,1.6870339476475265,222251.42987286352,-136852.97211068575
805,1.6891280758541645,223359.18995826686,-141694.5613644919
806,1.691221272327691,224269.5209098678,-145344.6213280361
807,1.6933141346742315,225441.61350214452,-149961.06056708397
808,1.6954090930463133,226635.46494415973,-153509.75892472465
809,1.6975047078021417,227524.29518302678,-158973.04774105074
810,1.6995991246970055,228731.9493838701,-162478.2572023074
811,1.7016934918813407,229505.73484162986,-166257.06106494242
812,1.703786903721137,230738.0299646192,-171122.88076753842
813,1.7058818292953146,231852.27296044072,-174979.1288423586
814,1.7079768740006063,233199.56592723317,-179414.43142309025
815,1.710070845319196,234100.24972847526,-183353.6173265135
816,1.7121645316176712,235230.71924687258,-188021.73220631617
817,1.7142597272321454,236372.03618911305,-192220.21361528314
818,1.7163549406546734,237505.754585191,-196635.64707552452
819,1.7184482195940645,238595.69960322764,-201393.9125731654
820,1.7205423072627637,239916.2333282104,-205825.3729016567
821,1.7226374847113666,241158.15559109914,-209540.23102834553
822,1.7247323233526113,242270.95619590796,-213980.9093567908
823,1.7268266901810085,243645.28287598153,-218394.22467436752
824,1.72892134476467,244449.542549608,-222447.99570937388
825,1.7310153629662073,245838.65538292495,-227424.87378304033
826,1.7331087353021186,246843.7568200265,-232110.46565318
827,1.7352028820270462,247971.7229239885,-236360.9338823583
828,1.737297419510233,249274.928583094,-241165.414514863
829,1.7393924268721555,250716.29785058482,-244961.87969660514
830,1.7414865202316776,251867.20484080445,-249908.17722427813
831,1.7435798385311778,253067.1566054008,-253858.6625862411
832,1.7456747741592018,254113.73879154227,-259026.43706362095
833,1.7477707733578058,255478.1824203831,-262362.00421611115
834,1.7498644151299778,256755.60319486773,-267372.5465425225
835,1.7519579294274097,257903.81651920892,-271992.7712545229
836,1.754052537005875,259228.10637435922,-276871.87995218305
837,1.756146014277543,260649.98482491708,-281691.29198408977
838,1.7582399685899122,261905.41757374327,-285869.4215476836
839,1.760335124398212,263339.7181966424,-291060.25130095164
840,1.7624306374180432,264534.08544301474,-295269.40694876923
841,1.764524733445493,265801.1652355632,-300020.0935265611
842,1.7666195957988082,267051.8325470556,-304481.311538682
843,1.7687146552767006,268422.9822552286,-309315.28882108897
844,1.7708085687106505,270068.88180035417,-314455.04456862085
845,1.7729026984403262,271252.7623009894,-319096.5373026601
846,1.7749968373222131,272585.71453185636,-323015.28607754415
847,1.7770919795414395,274042.74162947346,-328530.4629889017
848,1.7791866891650514,275210.3702914732,-332532.6130559598
849,1.7812805740714612,276875.24662914436,-338561.87841964373
850,1.7833749145944944,278263.1873779068,-342955.2540195878
851,1.7854698174814119,279411.37210472784,-347199.35517802485
852,1.7875649050000997,281254.32636187493,-352957.98302133236
853,1.7896586091751823,282688.2474261194,-358311.93123420037
854,1.7917528105223397,283895.01863432705,-362200.95786522503
855,1.7938472619734778,285041.3695442795,-367616.3792001533
856,1.7959410333998334,287066.8861155365,-372488.2536282994
857,1.7980353139963554,288202.39568186173,-377861.98505096225
858,1.8001292949050451,289545.86104470876,-382861.4441769285
859,1.8022240144636215,291131.6251289286,-387254.6515328185
860,1.8043180357006787,292904.85150462843,-392484.7278767088
861,1.8064120149556366,294480.6909791688,-398280.3705929758
862,1.808507216693214,295835.97011781076,-402856.5339104485
863,1.8106012235056632,297086.17819802364,-407328.3016459346
864,1.8126961076333348,298714.5725504995,-411716.04408137663
865,1.8147906359659112,300298.68004943535,-416879.6360597782
866,1.816885013662702,301943.5217559299,-423202.80131521705
867,1.8189799788179999,303100.55281573517,-427586.8144330915
868,1.8210733357472892,305061.68606128317,-432830.4378469008
869,1.8231675363973032,306537.6052784147,-438123.61485409434
870,1.8252628639859947,308455.2031272016,-443949.4633147838
871,1.8273578690890415,309696.58213115245,-449265.815278619
872,1.8294529153678178,311329.1426745133,-454611.42816180823
873,1.8315468366202061,313060.29691619135,-459942.0703137277
874,1.8336403420201965,314798.8210151538,-464617.99469158216
875,1.8357342642631629,316417.90795578546,-470570.29824679677
876,1.837828606636473,318215.78073399776,-476209.7118608016
877,1.8399232687279,320041.4806965298,-481924.1645462519
878,1.8420169361094605,321479.91378641076,-487173.3907450054
879,1.8441103454239045,323458.2294533897,-492403.37874427467
880,1.8462047113551943,325133.7071170833,-498691.6482927842
881,1.848300337583767,326899.06797816965,-503922.75825921516
882,1.850395118058644,328444.2619883996,-509165.2066476048
883,1.8524895015648957,330073.2766874291,-514757.02385290066
884,1.85458435317291,331601.6535475463,-520393.9951421917
885,1.8566786691854407,333578.9355361468,-526493.2739547943
886,1.8587722962005393,335293.29145110486,-531053.0494317028
887,1.8608667292143481,337341.3238716427,-537341.7231285258
888,1.8629623979972338,338935.8753398985,-542966.6777205025
889,1.8650575007618033,340895.99605310895,-549542.6909553614
890,1.8671515757398978,342496.3661913877,-554811.7864223971
891,1.86924567270883,344283.42006632895,-560418.3021370296
892,1.8713402290883943,346402.8966575025,-567221.3511982984
893,1.8734333441485889,347984.8835422399,-572089.5788125608
894,1.8755274569663687,349960.05354511976,-578218.5121329314
895,1.8776226584010878,351829.0245775517,-584863.01055133
896,1.8797156234954413,353696.3001867743,-590382.7183800453
897,1.8818097674713492,356120.28001229133,-596705.5207279361
898,1.8839051205157094,357575.2841506764,-602429.9761443082
899,1.886000042933448,359425.12951150164,-608184.9318422644
900,1.8880949075451439,361717.37217732036,-614493.5218165003
901,1.8901881584759161,363509.891520209,-620403.0163041244
902,1.892283217936019,365687.2688533679,-627428.1079516739
903,1.8943782680554568,367598.9857324516,-633946.1924433477
904,1.8964720473710392,369386.24500447133,-638851.9320748937
905,1.8985668668489433,371421.31556514616,-646255.097197002
906,1.9006612809862096,373845.61527511926,-652719.2110383149
907,1.902755719587151,375391.52971812675,-657738.2923368654
908,1.904849757588545,377844.6783887837,-665705.4543502819
909,1.9069430754605277,380335.38040408184,-672076.49794714
910,1.9090378340013505,381880.6268010198,-677837.5867282551
911,1.9111324914183263,383556.35069780145,-684743.1680410979
912,1.913226965923519,386296.63334917196,-690590.6429290975
913,1.915321381331026,388273.28563825967,-697851.8406393018
914,1.9174162748437817,390609.1209552601,-705207.1551541345
915,1.91951096404297,393035.7917424641,-712393.1764689815
916,1.9216039358616672,394941.1288262407,-718821.6179295162
917,1.9236986253914137,397061.9686768772,-725058.5388616865
918,1.9257933066276691,399200.98116553953,-731359.0574213464
919,1.9278873651498682,401497.25783522555,-737778.2171801312
920,1.9299807661659822,403527.43816560734,-744534.9773566746
921,1.9320760482648573,406645.1033090535,-753743.20347642
922,1.934171767524072,408356.65570695646,-759701.2856655286
923,1.9362651059315399,410287.5779052212,-766721.5616548229
924,1.938359138419254,413182.932925827,-773730.7431912662
925,1.9404538735984294,415239.8919893237,-780412.4418847244
926,1.9425479146608418,417641.37180309364,-787927.0376923475
927,1.9446418189559174,419787.9291751972,-794815.2461807644
928,1.9467371502259871,422190.45158582134,-801362.9557931972
929,1.9488329760684335,424325.08293225156,-808997.4711638432
930,1.9509268120448882,427041.2844288328,-816644.5997257662
931,1.953019609354344,429519.67101090687,-823544.481025641
932,1.9551147244404972,431868.16213126824,-832046.5125805988
933,1.957209950604826,434462.934541723,-838896.9276731155
934,1.9593041179655175,436671.9620760793,-846799.7060035897
935,1.9613980124620214,439573.6475805697,-854534.4833000994
936,1.9634920823781827,441553.01939753897,-860354.8208660033
937,1.9655870316775599,444589.7370393763,-869362.9903796115
938,1.9676813106463258,447065.47513888864,-876542.3918504446
939,1.9697755380711686,449463.9253277821,-884614.9123773958
940,1.9718704076888727,451397.6147183388,-890038.3566507372
941,1.9739643213778544,455166.6918922609,-900614.2967000911
942,1.9760582139073395,457264.7535015364,-907731.2692067382
943,1.9781533744008393,460012.895585753,-916950.5970154566
944,1.980249297656676,463045.1347435669,-924700.1174232466
945,1.9823436902775773,465155.6916024874,-932426.8887334466
946,1.9844363854611324,467963.37329751503,-939567.5395799617
947,1.986530057736426,470506.44429020217,-949055.240980364
948,1.988624138262085,472991.4364676665,-955081.204029725
949,1.9907191302641989,475586.4486611351,-964155.2099566483
950,1.9928140678397719,478790.3674709318,-971843.0656790473
951,1.994908057158038,481892.86432642356,-981929.8458467514
952,1.9970037235567513,483594.37074066314,-988223.7752736824
953,1.999098539119481,487428.07591085526,-998190.9513122067
954,2.001191245179364,490410.12290365406,-1009781.7462095292
955,2.003285465781134,492943.4950881383,-1015072.281804471
956,2.005380090953843,496066.22924169526,-1025283.7639818158
957,2.007473757612322,499438.08385346574,-1034548.8294263706
958,2.0095674385752345,501811.5526778088,-1042233.616378434
959,2.0116620669227445,504855.78890827525,-1052045.415739542
960,2.0137574654124313,507794.3029034155,-1059259.5235880152
961,2.015851542299029,510471.9746186144,-1068335.4256002116
962,2.017945842236743,514082.977744065,-1080092.7003089942
963,2.0200414078173843,516756.0952688543,-1088200.904104912
964,2.0221364472105585,519795.7087490749,-1095463.4546774402
965,2.0242304661583193,523577.3082341888,-1107936.3522108647
966,2.0263241213554704,525942.8539196004,-1114903.0285237802
967,2.028418169537371,528923.4172161551,-1123426.6371564695
968,2.030512126699397,532495.9807493322,-1133153.2587635436
969,2.032607257696191,535574.3909324253,-1143255.0605857044
970,2.0347026748788237,538472.5051395328,-1151190.730900134
971,2.036797432049628,542440.6890544744,-1165703.4171814017
972,2.0388917803566513,545666.4480156798,-1174342.8555191013
973,2.0409854404727548,548361.8498764375,-1182977.8999633277
974,2.043079158497923,551679.9719586982,-1193214.538812145
975,2.0451737042342053,554783.5225011624,-1201977.2982802922
976,2.047267957686092,558388.708440333,-1212346.5325317313
977,2.0493625921646865,562602.365136279,-1224494.0860494734
978,2.051458159400133,565074.2885503588,-1235163.013236005
979,2.0535521918605197,568615.0381448353,-1243961.1774232716
980,2.055645062675616,571939.0924030927,-1253991.452691044
981,2.0577393587752955,576232.4829247441,-1265494.3505286335
982,2.059834437786395,578756.3204629616,-1274071.3628763815
983,2.061928055170489,581615.8302381872,-1284850.561487165
984,2.0640226957402352,586742.5082023985,-1297523.193775758
985,2.066118258189404,590073.3193429611,-1309691.0338760752
986,2.068213196804832,594132.8174783328,-1318911.5587181365
987,2.0703072818107917,597285.5781698575,-1330527.274607504
988,2.072400931462771,600037.8912791195,-1341280.1862360842
989,2.074494103322103,604634.6964789024,-1351061.1932617477
990,2.076588647294614,607790.4428399565,-1361771.4002940122
991,2.0786837571325223,612195.7028069441,-1374694.5954466125
992,2.0807786951127576,615359.6191160927,-1387280.6138392808
993,2.0828733611799306,618949.4977290842,-1395869.4434639383
994,2.0849676047315464,623503.8795985589,-1408090.771608165
995,2.08706191167589,627014.2846361398,-1421939.6067582965
996,2.0891552570733616,630469.2471771543,-1431373.3218808887
997,2.0912498961643236,634924.4795740811,-1444052.446095169
998,2.0933446561638878,638178.7545336303,-1456687.8469712948
999,2.0954387435644386,641684.5273269449,-1466272.9415744613
1000,2.0975335870618825,646486.0091498567,-1481531.9490904096
1001,2.099629070349723,651608.8172583234,-1493955.2632104126
1002,2.1017228492895934,654258.0924998356,-1505933.743431274
1003,2.1038170482062775,659208.516772194,-1518784.4985247916
1004,2.1059122372778973,662852.2333801035,-1531594.3604836487
1005,2.10800554057148,666554.6636554106,-1545856.3726904509
1006,2.110098599114947,670773.6114483457,-1552898.9011135518
1007,2.1121927216235163,675730.3747967127,-1572684.7577213256
1008,2.1142879182187984,678650.0263585724,-1580750.6435950045
1009,2.1163820759811065,684117.0591600232,-1597534.6349708047
1010,2.118476597123504,687899.0553373718,-1610040.6497421877
1011,2.120572077635568,692619.1691382596,-1624191.7068726283
1012,2.122666143506846,696409.2499160178,-1637153.6685557598
1013,2.12475947440395,700998.8279856024,-1649209.7442076255
1014,2.1268549228070284,705577.7633808455,-1664630.4209043381
1015,2.1289503858580807,709719.5324430837,-1677534.9745394688
1016,2.131043274916299,713246.3745946094,-1690919.0743763677
1017,2.1331378502136085,718899.5567280045,-1706388.685808917
1018,2.135233020544507,723293.4223688847,-1719445.5212343428
1019,2.137327211773404,727205.2765287104,-1734640.1759009745
1020,2.1394213678417553,732572.231067488,-1750393.0732629604
1021,2.1415151935265153,737188.4878627628,-1766985.3135077595
1022,2.143609686067666,740779.1980273409,-1779180.74958736
1023,2.1457039096890913,746082.8852059018,-1794120.4147865286
1024,2.1477977892281794,751270.5287943189,-1811855.4007425748
1025,2.149892773795189,755958.3492330475,-1825256.8077481063
1026,2.151988207011953,759317.89771977,-1838278.3726919075
1027,2.154083430042502,765616.7256553498,-1855342.1483984734
1028,2.1561769020273363,770154.6469796811,-1873075.6577538305
1029,2.158269727638565,775060.7596608648,-1888552.0821134737
1030,2.1603643338266334,779851.9047218399,-1903210.2750250348
1031,2.1624594611960894,785369.1033602193,-1920999.554270814
1032,2.1645538445620423,791271.9049175764,-1938410.9021024609
1033,2.166649266160557,795570.9695155356,-1954138.65866436
1034,2.1687438965600263,800095.3596870078,-1971872.24665446
1035,2.1708363804402464,804812.7937042093,-1986245.3213563578
1036,2.17292939543057,809659.1488318483,-2003234.988924574
1037,2.1750246621139153,817636.3179996106,-2025900.020134972
1038,2.1771189095943266,821149.2311329712,-2040548.1664610445
1039,2.179212962470575,825891.3972208156,-2057395.55921103
1040,2.1813066434396426,831353.1788657558,-2076565.9813085597
1041,2.183402629792164,836602.1136119548,-2094236.424440938
1042,2.185498119455816,842938.0684094231,-2111977.347311058
1043,2.1875916200185137,848505.119804843,-2131348.326552409
1044,2.189686441120868,853657.4644698052,-2148888.510304844
1045,2.191781413276182,858791.7962002151,-2168504.9072264046
1046,2.193875147711239,864165.3958314031,-2188139.9953648527
1047,2.1959686613130316,870269.6931645469,-2206359.9858408733
1048,2.198063923558019,874779.7369576509,-2225806.9037980577
1049,2.2001595001532226,881025.5019584075,-2246824.588797135
1050,2.202253779153767,886425.554921796,-2264027.212498083
1051,2.2043460760907565,891229.5672654496,-2281071.049701482
1052,2.206440891990371,898198.1582717443,-2304474.8087811624
1053,2.2085356491852317,904258.5543514608,-2328624.459330472
1054,2.2106277016542335,908973.2294733827,-2343412.3654086273
1055,2.212721958545959,916331.7802070637,-2369294.7105075833
1056,2.2148185083900422,920252.34040811,-2384664.669689542
1057,2.216913061952383,926909.1798866534,-2411034.7500371463
1058,2.219006160150891,933185.4467972029,-2434647.1622734084
1059,2.2211007684745443,940415.9836967585,-2458947.865210712
1060,2.2231966067711273,943556.0206125183,-2478156.6922972817
1061,2.2252915180225106,951631.0889663275,-2502222.7635647818
1062,2.2273849286831946,958221.4676513921,-2526667.6886154413
1063,2.2294794057777056,965059.6931941505,-2552165.799971724
1064,2.231574082226972,970354.0215765854,-2572273.3804093474
1065,2.2336675726385264,976522.0798836574,-2601045.5610821457
1066,2.2357616690730993,983786.3025091096,-2622498.0682909186
1067,2.237857388038379,989898.9807159526,-2651624.328055539
1068,2.2399520699736297,995270.1908971402,-2670890.233081861
1069,2.2420449617357057,1001329.3219045307,-2692953.0883215107
1070,2.2441391380853632,1007606.5856657514,-2724226.14362008
1071,2.2462342793770116,1014339.938579011,-2748109.2941714902
1072,2.248330004000319,1021684.311796969,-2782241.9609729084
1073,2.2504234986669656,1024615.6516147143,-2794771.328485732
1074,2.2525166459790467,1035184.8977257081,-2838147.2104338985
1075,2.254612702557845,1040731.695492973,-2865421.096411209
1076,2.2567074239010356,1046113.0852169384,-2886153.419042887
1077,2.25879926569608,1056078.4264386916,-2927656.2587736095
1078,2.2608934332232278,1061915.7985903348,-2949878.427442674
1079,2.2629890832862967,1067037.689409794,-2979711.5029672687
1080,2.2650815906481947,1075491.7595358102,-3009882.241964031
1081,2.26717631551426,1081801.7759103724,-3043038.765892106
1082,2.2692717091510235,1088774.5023902955,-3074157.4749900517
1083,2.2713660430599174,1094783.4651195442,-3101706.47166838
1084,2.273460830916725,1101997.9265376118,-3135740.780511945
1085,2.2755552510450507,1110045.9872248566,-3173843.4027359635
1086,2.2776502981151867,1115429.3390833945,-3197555.307272772
1087,2.2797428242388995,1123122.5476829177,-3233480.313406824
1088,2.281836092329788,1129475.952654005,-3263133.5535121295
1089,2.283933556285596,1136924.4711712024,-3298191.1472298424
1090,2.286028868050817,1147052.0193207678,-3335392.131755722
1091,2.2881212248812486,1151920.6157120506,-3359182.6216561827
1092,2.290215014848569,1161739.775412394,-3396251.8080280363
1093,2.292310229911211,1167744.885976257,-3423782.5993998717
1094,2.2944051456334345,1175282.0034697808,-3456040.1768177333
1095,2.2964983471898495,1183611.4150605872,-3487555.078897507
1096,2.2985921024349003,1189897.4577956556,-3520431.475938066
1097,2.3006888643809247,1196613.0040427397,-3547813.6666518003
1098,2.302783634096356,1207413.3811835058,-3586714.090423024
1099,2.3048756698218886,1213805.7552763221,-3614330.604379588
1100,2.3069695720010412,1223305.1591666676,-3653695.774690531
1101,2.3090651112173397,1231559.7273376642,-3688439.2398799374
1102,2.311158495429861,1238816.1545336393,-3712171.4483873164
1103,2.3132509513768182,1249189.9677962025,-3758811.0817642347
1104,2.31534766594442,1256666.482717445,-3786983.704104332
1105,2.3174438092641236,1262089.1869320173,-3814471.2004283555
1106,2.3195366518474128,1274562.8507289574,-3857536.249424824
1107,2.321631141204296,1281357.2838752868,-3885713.709542382
1108,2.323727832694395,1295018.4324607367,-3934014.7083016606
1109,2.3258211826493147,1302495.7528787097,-3966491.3851838494
1110,2.3279133966950116,1307467.7826390134,-3988883.580493635
1111,2.330008120458155,1319595.212937451,-4037922.334056487
1112,2.332103956675321,1327278.148355382,-4065992.8932624795
1113,2.334197579452735,1336167.8503184032,-4100898.0869355956
1114,2.336290017181209,1341108.8359043594,-4119151.0137873404
1115,2.338385505091734,1353115.9461601046,-4171562.2923729457
1116,2.340480189114194,1361940.059840282,-4206660.339754025
1117,2.342573391055059,1373742.7359404617,-4249407.436064399
1118,2.344667848677038,1380368.8746198686,-4276941.41196927
1119,2.3467629878884537,1393075.5365361243,-4321231.416763418
1120,2.348858220839854,1398186.9991960803,-4347362.300679935
1121,2.35095250082758,1410419.5932932743,-4391442.266289912
1122,2.3530449396760944,1419571.5539082186,-4427794.404169903
1123,2.355141499104623,1431328.6438088387,-4472511.552919272
1124,2.3572378412451434,1436242.1648500795,-4492667.855877412
1125,2.3593294861259198,1453191.5434764642,-4554407.8686556015
1126,2.3614224992004984,1463187.9180700802,-4594486.93096514
1127,2.363517948981548,1466511.0230905258,-4610726.72058349
1128,2.3656139136423477,1481199.6629742014,-4665872.602484841
1129,2.367706660383537,1491385.9433061823,-4703924.760755903
1130,2.3698014470222093,1501040.387263389,-4740203.004003134
1131,2.3718977582075165,1508825.9264052869,-4771973.586633867
1132,2.3739899214574836,1521968.3291139312,-4822496.7487815665
1133,2.3760825194215927,1530056.1015552408,-4855860.967732094
1134,2.378179070039863,1543265.667669725,-4905413.705648848
1135,2.380273759058959,1553744.4040854948,-4943271.407939691
1136,2.382365673610318,1565086.3848302467,-4986441.023516864
1137,2.3844604460166168,1579077.2689174132,-5037630.320361117
1138,2.3865571190304595,1588991.2681588354,-5079044.809538245
1139,2.3886520978255446,1602513.2718066156,-5126752.792730798
1140,2.3907442891236066,1610023.4106015014,-5158324.804632204
1141,2.3928386457990913,1617048.702115073,-5184009.854604208
1142,2.394934562690242,1631794.5963434759,-5242749.02267691
1143,2.397029599690107,1652550.1262406392,-5314777.90892831
1144,2.3991222591305954,1652434.9723512572,-5319669.51318092
1145,2.401217024080888,1670146.9321775793,-5387198.940054875
1146,2.403314513026698,1678535.6879370608,-5418552.29387885
1147,2.4054081911284184,1692286.0406666168,-5465167.0944607025
1148,2.4075011183217048,1705163.8381086257,-5516682.20185135
1149,2.4095960074264258,1718428.1833308854,-5566106.705866205
1150,2.4116926326559978,1723152.1176197024,-5585276.597123529
1151,2.41378425055939,1742471.586751406,-5657343.598646308
1152,2.415877382497087,1758750.1095213727,-5720596.78314244
1153,2.4179783678062123,1764616.2393280582,-5742937.457327131
1154,2.4200733739460714,1775956.9681766964,-5782252.372389894
1155,2.422162501290004,1790329.7662294065,-5840572.918259047
1156,2.424257158180454,1800272.7775409576,-5877517.877796322
1157,2.426355368807169,1819611.1098878225,-5945034.914066237
1158,2.4284477900186845,1830305.349106311,-5991043.009493037
1159,2.43053883847394,1842192.7963503667,-6029418.319595153
1160,2.4326356353293934,1864094.346340943,-6110808.8580112625
1161,2.434732612021302,1871960.5142589207,-6145024.48229811
1162,2.4368252927922227,1885092.7182115805,-6190516.443673787
1163,2.43891890863681,1900895.535183985,-6248846.473539093
1164,2.441014895314609,1916914.5861781144,-6312735.752926992
1165,2.4431105244568765,1926876.678785062,-6348455.131595786
1166,2.4452031167440684,1942356.688677744,-6402540.142593867
1167,2.4472938786799143,1954123.4485119493,-6453013.500905478
1168,2.4493915902413868,1963276.8874210643,-6487806.506919729
1169,2.4514877943094935,1983691.5808603955,-6556594.494622215
1170,2.4535774837073663,1999519.2683502664,-6617368.235856226
1171,2.4556717453467782,2009476.9640171411,-6656669.097163174
1172,2.457770725968573,2030556.9145552912,-6733926.929746589
1173,2.459865450868259,2036338.883888134,-6758894.4742149385
1174,2.461954843714291,2057600.8502242567,-6838758.139251619
1175,2.464051305962942,2072717.9081807192,-6887422.8700798275
1176,2.4661493201186655,2093686.6584024692,-6969979.497142489
1177,2.468239991051035,2111512.415349071,-7031463.52470472
1178,2.4703335941159144,2122371.29857936,-7078710.533104222
1179,2.472432426226094,2135506.9300710494,-7125015.777004824
1180,2.47452690434623,2159963.3981915154,-7208791.297258005
1181,2.476615373809059,2173429.1161066242,-7262222.273645523
1182,2.478710457672189,2184386.661733824,-7309075.2081752485
1183,2.48080966574444,2198973.495987896,-7363297.217413812
1184,2.48290090100287,2217912.5235724747,-7426975.002742277
1185,2.4849923340191187,2230641.0539306686,-7475599.85360173
1186,2.4870897130294636,2258491.264928141,-7576150.8962764125
1187,2.4891862386660164,2267049.782872101,-7613984.314907659
1188,2.491278235985619,2292680.6147120367,-7697622.077810881
1189,2.4933690456944357,2302913.9676733254,-7736842.675682344
1190,2.495466543397291,2321193.226688672,-7812439.84007855
1191,2.497563830960505,2343172.9495018846,-7886578.407986841
1192,2.499654519205421,2361069.913153835,-7949514.069077706
1193,2.5017479497353943,2372671.039187088,-7999781.427381924
1194,2.5038480054516667,2390637.4213612475,-8060069.746821682
1195,2.505943433921919,2407103.6063197516,-8121554.318747309
1196,2.5080284861327207,2426333.0422107293,-8193895.226342362
1197,2.510123955773609,2449971.796314835,-8282816.480280933
1198,2.5122261646694253,2473261.8948391792,-8367329.780216054
1199,2.5143177674343575,2479523.839129982,-8388682.21592007
1200,2.516405803072155,2500286.981155091,-8469856.062006736
1201,2.5185026929964116,2516856.3912835536,-8531005.82637787
1202,2.5206041831245063,2541437.3637369387,-8620839.436910959
1203,2.5226964757648327,2570661.9668792635,-8716622.432089549
1204,2.5247869961159406,2586013.551354145,-8777569.047113398
1205,2.5268843920051487,2605650.700206941,-8850781.883280283
1206,2.528980483597168,2619226.3829662055,-8903378.22186181
1207,2.5310684597394695,2641663.2115948144,-8981658.27073674
1208,2.533161718042206,2676764.830034738,-9109673.46258488
1209,2.53526488574662,2685235.0338666206,-9143204.562569724
1210,2.5373603920777454,2710677.8114379803,-9234212.642773863
1211,2.539445749963502,2722629.1524271755,-9273628.93327431
1212,2.5415417180131348,2746798.5088806725,-9361652.41207846
1213,2.5436457679371425,2770999.8319453094,-9451516.267100148
1214,2.545736808475733,2798372.671379183,-9548465.778179532
1215,2.5478233832874237,2804711.9637242453,-9578461.026113067
1216,2.54992085584226,2828280.4826267706,-9670431.733053219
1217,2.5520207655356866,2842773.4631834407,-9717922.961601032
1218,2.5541098448110064,2870063.636237382,-9815783.053705145
1219,2.5562002600365847,2902365.6778914826,-9926964.545350065
1220,2.558305455724291,2918393.797345625,-9986176.386714155
1221,2.5604026511470312,2953541.8456469947,-10114018.60265352
1222,2.5624826414852553,2958352.6758115343,-10131917.465096345
1223,2.564574391949512,2980183.0183104677,-10220776.714836588
1224,2.5666808497683498,3010421.8891085684,-10332986.369326152
1225,2.5687773451615423,3033166.2746915836,-10410457.816686358
1226,2.5708608935170316,3061327.208665081,-10508187.704810854
1227,2.5729575952355885,3081161.1916994806,-10586705.623443428
1228,2.575060651513359,3112406.8264781875,-10692730.286500383
1229,2.577148431575012,3115847.7221016227,-10710475.106035154
1230,2.5792346077561192,3175330.370243606,-10918571.193404932
1231,2.5813352493894732,3194132.0858798423,-10987233.32531466
1232,2.5834369526956515,3218636.252712829,-11076299.415872518
1233,2.5855218346006232,3244999.8278081226,-11168857.155590052
1234,2.587610713900489,3254903.784919019,-11209337.794229344
1235,2.5897186990593415,3292277.475001038,-11339556.77397659
1236,2.5918181690667126,3307503.4028300303,-11401390.252675833
1237,2.5938985009385314,3330335.9099039487,-11480076.351254558
1238,2.5959901966325076,3361516.046618719,-11594273.404001625
1239,2.5980970827886534,3397181.990403429,-11723900.711839508
1240,2.6001911974764487,3434954.9459812716,-11857512.773142021
1241,2.6022734575046016,3443423.645924963,-11887692.383684441
1242,2.604374761438423,3493497.768121949,-12071009.017232029
1243,2.606480077670044,3527314.725394594,-12192925.754819458
1244,2.6085618800169397,3529130.3735798234,-12193626.565388069
1245,2.610646200048581,3547243.0963346926,-12261405.7561283
1246,2.6127580952497533,3600853.3195707235,-12457830.872949371
1247,2.6148609257992828,3623489.686052041,-12533284.845785111
1248,2.616933454172155,3654242.1182331955,-12643505.603214607
1249,2.619020659870304,3659970.7815224263,-12673964.32055308
1250,2.6211346279669097,3718585.0067216884,-12882102.775787868
1251,2.623236503452788,3748806.7349541113,-12990099.791853994
1252,2.6253090562225565,3765961.7938817185,-13046893.162179682
1253,2.6274000701334055,3784602.244675612,-13122224.704070587
1254,2.629513118467727,3814387.3468411528,-13227004.555661375
1255,2.631604301330356,3845680.2892952855,-13332600.47814635
1256,2.633685254021577,3897002.0623213346,-13516453.580755642
1257,2.6357889797673804,3928993.3423549747,-13634898.869682709
1258,2.637895874321367,3968877.519499076,-13771934.643041572
1259,2.6399747081141895,4005615.055614583,-13903741.640619703
1260,2.6420591747927733,4051592.5123959472,-14072178.180917311
1261,2.6441764666284318,4084946.6131434855,-14191143.886526432
1262,2.6462775406423154,4108239.5532426685,-14273384.398736674
1263,2.6483402943393326,4118922.3417554526,-14306520.965206206
1264,2.650428729148096,4179324.882557316,-14529813.784378493
1265,2.652562718674548,4195900.648547138,-14579446.065972716
1266,2.654664088292312,4215920.29859166,-14660649.494243035
1267,2.656712651557163,4275927.605720382,-14874898.358030358
1268,2.6588106765908748,4313376.07364787,-15006042.437141005
1269,2.6609452450324915,4351729.05922855,-15139086.301007437
1270,2.663032290426174,4386802.826715911,-15262148.15585689
1271,2.6650914877184944,4398329.735892959,-15310433.327585088
1272,2.6671986225603375,4446395.510979672,-15481455.222656997
1273,2.6693218160411916,4475896.523561672,-15584225.559657754
1274,2.6714003686163363,4542849.471532822,-15819379.397929464
1275,2.673473653710363,4548509.75033865,-15845858.860444792
1276,2.675588689124729,4597040.8083412,-16016965.313588258
1277,2.6776964003773744,4646598.699130155,-16187999.960355433
1278,2.6797534796790945,4699927.670048829,-16381992.389891693
1279,2.681845016836506,4701787.03417653,-16387243.141932007
1280,2.6839785543392702,4746328.302399028,-16547328.202919738
1281,2.6860638705482365,4815031.260868995,-16788034.378042694
1282,2.688115580192901,4812373.532022313,-16777829.386151053
1283,2.6902421071216107,4964525.826394264,-17322660.405659378
1284,2.6923784453538007,4870828.890551441,-16991229.402473573
1285,2.6944235266222867,4963962.727154258,-17316294.133355957
1286,2.6964818302236213,5007359.864834692,-17478404.9502943
1287,2.698646249049189,5017377.616374876,-17513298.857898947
1288,2.7007725953070936,5150820.297393368,-17974303.636599194
1289,2.7027692368507834,5075229.402006103,-17722604.724548105
1290,2.7048443440936585,5207695.398486811,-18187557.45964447
1291,2.7070515904059915,5247761.932918734,-18325859.056985233
1292,2.7091632832728005,5244240.669515022,-18316616.530696385
1293,2.7110832098570423,5350776.4955785815,-18689478.715386998
1294,2.713194248534394,5264614.153618662,-18395038.96549322
1295,2.7154564422347596,5389810.473185035,-18836208.867776766
1296,2.7175455830902693,5381366.896590333,-18799722.482742205
1297,2.7194409477796717,5477674.352654865,-19135895.0599682
1298,2.72159410281056,5435411.758782796,-18991273.467232194
1299,2.723868494276683,5670147.817936197,-19812128.793494686
1300,2.725905473691433,5638199.107109857,-19711507.919753443
1301,2.7277938720843573,5656219.5450430885,-19770421.777311776
1302,2.730005424734083,5697140.926319591,-19916560.76931261
1303,2.7322910595910366,5891322.345561076,-20596592.48214851
1304,2.7342323934891035,5691222.269234301,-19896825.700562168
1305,2.7361123669415965,5884747.907010965,-20574149.13639698
1306,2.73841292247591,5753196.751983511,-20126581.602727298
1307,2.7407262152838343,6107215.080943351,-21364504.897604216
1308,2.7424923562337074,6021784.838881499,-21057687.897029053
1309,2.7444202272828333,6222625.842733146,-21771035.763858113
1310,2.7468188489948773,6243841.67765447,-21844916.728666525
1311,2.7491571251284848,6104240.501757241,-21355155.195439696
1312,2.7509012180135843,6392386.464010215,-22350463.490234822
1313,2.7528220566885997,6608447.053528891,-23126541.30079555
1314,2.7552245852341666,6472962.876936736,-22650576.380463276
1315,2.7575799064734774,6363142.315700465,-22271196.03793539
1316,2.7593246433872425,6593713.902973384,-23074834.239588268
1317,2.761234187120032,6636602.046164201,-23220676.712377917
1318,2.7636390504715083,6552372.081034831,-22932763.56028759
1319,2.765948826576436,7039469.327654719,-24636980.01138419
1320,2.7676191435751902,6691698.160485118,-23423288.246562764
1321,2.769651838220211,6709008.892411647,-23471756.612563036
1322,2.772055945845228,6943202.404649736,-24316442.158258483
1323,2.7739175955497957,6484787.033717773,-22703574.87162559
1324,2.775657495525559,7592696.686731805,-26583846.07140052
1325,2.7780509401576134,6746089.851782799,-23611374.130064856
1326,2.7804282678176238,5987915.593777538,-20960590.445446935
1327,2.7823699672164355,8468218.782805866,-29642349.571795
1328,2.7838806433920418,5952810.474454206,-20832105.5111151
1329,2.7859958234637583,2524885.173908586,-8837098.10868005
