,k,Pk0,Pk2
0,0.0029665470748989845,3263.8318354596154,-5433.798484796041
1,0.005026374055021859,4098.9599257025375,-333.94899094862865
2,0.007149300621522788,4654.888043446927,410.865444005343
3,0.009278869254964255,6076.802934354657,-3323.5029556128075
4,0.011450332619344701,7084.961675482716,1511.0233259901886
5,0.013492955871419151,7664.072793670903,1968.4815982419304
6,0.01558905561191893,8461.506146612062,-823.6273348311829
7,0.017694083672553172,8841.585650269133,915.0499930288407
8,0.019817874803135297,8723.705224265903,-2281.6539114801362
9,0.02192074938196264,9389.987897659843,758.699953976479
10,0.02398877635566245,9580.761258670711,-678.2268036129886
11,0.026092869718961156,9004.137952133193,-695.5088192589843
12,0.028234663152781798,9238.359295285261,2322.8032631056662
13,0.03032284873509123,9058.87952984953,-352.11556246911465
14,0.03240263258943404,9556.98157926752,899.0946345571643
15,0.03449210129864554,8993.721921641525,-88.87299875420268
16,0.03658588147515197,9116.699920413275,-720.659032339862
17,0.038684769492669774,8388.992169583787,-54.07376236370477
18,0.040788988884582836,8223.823720949655,1248.7575793053866
19,0.04289390876967646,7956.05068242919,127.24473037606398
20,0.04498336005546935,7862.642813342519,-290.8400553244808
21,0.047064985294738244,7937.225478165199,-463.84700635672056
22,0.04917111919158227,7517.104860520763,-143.3026368298413
23,0.051262169141742274,7274.882883090853,-381.91437259922606
24,0.05335525146837034,7380.268042134294,877.5497870272459
25,0.05546637228956934,7210.43132279354,1068.2544185554573
26,0.057573188192548086,7008.9205095318575,232.28055077805084
27,0.05965884044590281,6824.451339851875,779.4748125331189
28,0.061745123021595065,6769.420362567766,241.79878699454142
29,0.0638268929113719,6681.194781450305,613.0901089267469
30,0.06592966228838451,6479.954790534476,-188.70964038466667
31,0.06803125784825748,6264.2994560482675,517.6690435212864
32,0.07013131008699486,6250.4795180963665,196.2528342934745
33,0.07223032366074338,6068.773731689617,329.93066604943465
34,0.07432334270720506,6027.560945074057,-1.673458119653362
35,0.07642066756954473,5910.485895712444,500.8785615970639
36,0.07850471694556041,5700.945003127546,320.7538939521415
37,0.08059701946059529,5498.096237908448,191.119433667521
38,0.08269521798132064,5387.065233502055,71.74657277461533
39,0.08478307522909848,5239.456687393199,489.56728695942263
40,0.08687780839616016,5188.7550208735465,-52.635195521652484
41,0.08897524569656534,4956.7243790837865,220.48278939324015
42,0.09108077810470518,4772.252954103962,445.68559632087914
43,0.09318432266948053,4669.281789878642,97.71737740957917
44,0.0952788764104831,4572.806604345223,27.568822478228554
45,0.09736254237981037,4381.80195712127,306.66077354988676
46,0.09944832814799408,4316.057823654912,157.26870472768817
47,0.1015460879802399,4262.769528416132,223.11478895457847
48,0.10364263756677322,4149.681321979476,62.40249027281447
49,0.10573893905394659,4009.8954857198905,116.65520276233553
50,0.10783958559814742,3890.987068958869,237.94807697825556
51,0.10993894058501318,3832.55932065777,333.05429442493414
52,0.11203921431523854,3716.653179950703,74.24049195230668
53,0.11412334585697578,3745.3352262806425,274.00459932014996
54,0.1162159397555423,3609.593699097081,268.20821750707125
55,0.11831372048037725,3507.8106454346644,84.47610506073862
56,0.12039723118070132,3450.2802932602362,263.0663735912074
57,0.12249223631878574,3441.197211671438,15.81761770022277
58,0.12458825984258635,3366.9600764602897,212.5321496757026
59,0.12668846771583772,3290.8964450254944,114.78708565926554
60,0.1287846620419941,3216.390554742793,166.76932881328796
61,0.13087133937881498,3204.143753325352,151.51290269206706
62,0.13297548334406448,3086.4771383206507,184.19058486990212
63,0.13506910815256093,3051.864059854899,140.09935842251392
64,0.13716388258568254,2985.046738539282,132.68850841581616
65,0.13926047573721634,2931.156711333145,54.40678832221129
66,0.14134668829083769,2876.90344011227,144.13964600300238
67,0.1434475230090064,2817.569713054988,106.90902209581952
68,0.14554528534185418,2748.86956043938,218.63039479673026
69,0.14763320610735878,2677.995015207985,145.9797382324925
70,0.14972114728432864,2612.864093607979,120.59485118551162
71,0.15181380487515775,2576.7203822323636,125.93226786720875
72,0.15392114901003526,2509.572609751772,172.87032910079137
73,0.15602147473412367,2474.56889261233,173.86980696355138
74,0.15811617475881218,2418.0810536461204,106.88460887132179
75,0.16021187122717997,2370.601932046858,140.2052696788043
76,0.1623006419462899,2294.9053241393217,222.00070826760745
77,0.1643899033199985,2265.837309803708,47.61886222977794
78,0.16648355823815117,2211.8090605363277,167.46565967913898
79,0.16857196837784735,2188.214246938084,185.50612588363498
80,0.17066413320893647,2145.962590679575,165.86784071855854
81,0.17277086992561352,2090.616346185363,50.84617270165187
82,0.17486965460096995,2056.9148784156705,143.4056613877289
83,0.17695857694944453,2023.358545380629,159.3867468557287
84,0.17905245093155753,1996.0200845771635,133.98078275375272
85,0.18115265212612636,1964.1654505518268,130.81207036427583
86,0.1832476884130739,1941.5700501072702,85.38537042188172
87,0.1853312475833926,1884.3672134619756,176.96897412915177
88,0.1874284892203219,1862.5961321644945,89.65554500864216
89,0.1895337179075755,1835.5015232207516,94.42088614331145
90,0.1916268196474026,1811.7491775793533,144.0992164989584
91,0.1937183403446853,1778.722003685806,158.37653801035253
92,0.1958131498886989,1749.3146923343559,142.59406330131316
93,0.19790587400989662,1726.8575015826593,108.61503969852374
94,0.19999906515978938,1692.4166626418737,115.66346112465367
95,0.2020893038374759,1672.7025612037778,142.89916373634318
96,0.2041823192148178,1635.1807413967906,93.09696692197744
97,0.2062825911013838,1609.4804773360606,137.90275994893207
98,0.20837701891459662,1582.0024969392173,130.56552799946869
99,0.21046758167944032,1551.0464750388855,127.25812702270139
100,0.21256678542440183,1539.6894932506098,124.93111686191074
101,0.2146619261104852,1508.0224318337926,115.7456035832913
102,0.21675618057220372,1492.8806942591514,134.09478497102583
103,0.2188528705899679,1464.062462144252,82.87301003774492
104,0.22094564274530842,1425.3727881985963,135.11475146057475
105,0.2230395148320731,1403.3372008560548,138.9041811264677
106,0.22513567328585352,1392.3366569979244,143.05775471764852
107,0.22722785048644015,1360.8849538415413,117.733235603114
108,0.22931975112872324,1345.7049997215702,131.61415355738723
109,0.23141147723465103,1324.8114579837822,135.96737437560577
110,0.23350584674782457,1301.8066432148282,139.9405963412969
111,0.23560416522029054,1277.1124842304848,139.6149853175151
112,0.2377006336558307,1262.1695192442342,129.52146761899138
113,0.23979727503904752,1237.4812730326507,116.71474944706985
114,0.2418944602532704,1222.1786595709025,166.89431626247827
115,0.2439884227569783,1207.1918637561475,112.15339715991239
116,0.24608359968283072,1185.1219363307723,142.65208820258323
117,0.24817552807053123,1164.5611597667562,149.5833194495022
118,0.25026237006475704,1155.4826518374032,155.44947524351574
119,0.25235861551053484,1139.6335172861775,134.36972686197623
120,0.25445470778669854,1123.8509618041844,146.59567079358087
121,0.2565487653287422,1111.4157872956528,160.18215967407184
122,0.2586464955058471,1098.9079218926852,126.10208971423701
123,0.2607443047329862,1077.155668280965,139.23989419523534
124,0.26284383121734134,1061.0321353601664,119.87849501375456
125,0.264929885565984,1040.486358314318,141.99074565252832
126,0.2670163698864118,1032.1949280453366,113.94569120994841
127,0.269112135390912,1016.114463158712,130.65991711222875
128,0.27120764961246213,1003.3617002154618,146.61222871447856
129,0.27330509996536784,994.951864857302,155.76085040933944
130,0.27539842121309294,974.5817770898767,147.51761835551594
131,0.27749656900268016,967.9751042373128,142.14961953075343
132,0.27959864364035925,946.1566995967482,142.6198132296228
133,0.2816878213234348,939.6012220592366,139.2524343594021
134,0.28377609558542155,926.326682310889,145.1522965415044
135,0.2858732754634003,913.310495555998,155.89841147883735
136,0.28796861590208045,902.6260006195243,158.8601911416919
137,0.2900612915162532,887.3301461258482,149.66432174878116
138,0.2921547032025089,877.5829370133545,161.56917990562565
139,0.2942501291133245,867.6365051363304,140.16168376051527
140,0.2963444256131289,858.7919050810636,153.84590844497563
141,0.2984361415704375,840.3587806932152,141.88650649928053
142,0.3005318840555698,831.7661325694568,155.14419923704503
143,0.30262777760316095,817.7390100596248,149.36596230751923
144,0.3047248035439954,810.9113582736917,150.7593434488918
145,0.3068210272572538,799.8777836944644,147.34178122411473
146,0.3089144805088237,790.284720216478,148.69950525449906
147,0.31101080657849756,777.535263859329,161.20160149752647
148,0.31310885951912926,769.998272710274,149.76122522500805
149,0.3151991603466065,764.2456965497681,155.7828888221082
150,0.317288667284839,750.1973879719594,150.96588984938938
151,0.31938044185106124,743.0148420343827,161.76593392511202
152,0.3214783648369702,736.8455729017535,150.32994804579045
153,0.3235785211189416,723.7997237371948,150.74348345901356
154,0.32566935894833426,714.9871315675986,156.07896529951483
155,0.32776077751211374,705.4252528944232,149.5351477601241
156,0.3298523230655558,697.0688970651449,154.1035304637153
157,0.3319485433973702,688.1031139299821,141.13737952071077
158,0.33404540358127904,684.5661422242961,158.17423041714403
159,0.33613494177837844,673.4158093611492,154.04180089853165
160,0.3382313832787478,664.404713666268,155.04379770034092
161,0.3403308518124324,658.660961270754,147.93756410254036
162,0.3424246601457981,652.3607507813394,156.17785554262198
163,0.3445197272986724,642.4427093539213,147.80733637094536
164,0.3466158524641983,633.9485210279466,152.21761761446353
165,0.3487089916477683,627.1958518699186,151.76004922666968
166,0.35080114560367615,620.712865406221,153.63401458267077
167,0.35289356821720286,614.4736199587971,152.24661342444938
168,0.3549881110219297,607.9527940677484,156.17245145009403
169,0.35708559248027844,599.8302316946367,155.87666538646243
170,0.3591813496003593,594.1675796291989,153.61432493500573
171,0.3612749400626811,585.7780913527581,158.42959214325893
172,0.3633693413142722,578.533345341898,155.60731747392023
173,0.3654632219855477,574.9513081360478,165.30638547423194
174,0.3675603773529471,567.7448364040059,159.9907306076791
175,0.36965434919829326,559.68396820506,161.4970108323102
176,0.3717418094879197,553.4148059283727,160.59519016464674
177,0.37383404253825586,547.9003366816531,158.71990963814414
178,0.3759308579415973,542.3822002108939,159.47180056774738
179,0.37802985088946095,537.3618015694451,154.87845649155688
180,0.3801213498834686,532.0425418984076,156.39496284852063
181,0.38221306010699313,523.7956691158411,160.88787631883838
182,0.3843141376638833,518.4905897783613,161.1060698257756
183,0.3864096355836929,513.871151532169,164.1568448054468
184,0.388502907295756,506.9392905585357,157.42348855493984
185,0.39059769208540335,503.6670559868734,162.14592774701285
186,0.3926958121232196,497.3379924879115,160.04323017129477
187,0.39478921808384226,490.8919360981082,161.53290515372134
188,0.39687821409975554,488.2224688809272,164.996106695193
189,0.39897073627813356,482.08674348474983,157.8270946068773
190,0.401067192451382,476.6626869271709,162.80557322523975
191,0.40316228148056854,474.0302900716424,164.46409535305938
192,0.4052546340249366,467.69929605561293,159.72353774973544
193,0.4073499183903822,463.9369863010788,160.75419072069965
194,0.4094468722071623,457.3892266007457,162.87670762339715
195,0.41154432885897757,453.8823971077814,165.82570006372572
196,0.41363408239228544,447.1849278204061,166.95201306683595
197,0.41572494638156243,443.63280864656844,160.30317010851633
198,0.41782181997781404,438.6685715417367,165.89720847709359
199,0.4199166506307261,435.44428255138604,164.38889501016695
200,0.4220107143757513,430.3532825725534,165.2419127834349
201,0.42410542949066876,425.4332503258777,160.70345727886
202,0.4262013850195404,422.4151591618593,163.86101636151096
203,0.4282955296445312,419.2740061282383,168.43173692496399
204,0.430391806688861,414.541651893315,159.31296241782752
205,0.432488575457924,409.63239375230165,164.93570404476583
206,0.4345806090039814,405.57395692269563,159.67956398242725
207,0.43667244097425384,402.22118098107927,164.65315538187718
208,0.4387671492209622,398.82086771522205,162.78669021329023
209,0.4408622534544343,394.88702889788095,164.24971245104635
210,0.44295516415095815,391.7682501775495,161.4102777894972
211,0.4450482683181851,387.6507216379509,160.98243927999803
212,0.44714683875742495,384.96966491984875,168.19861233019884
213,0.44924362280569813,380.1339607270675,165.0821706243709
214,0.4513338633316258,377.5594609996875,165.15624570115878
215,0.45342753643259276,373.98572126939575,165.84972966120836
216,0.45552189548586586,369.3059218311487,166.98435565148725
217,0.45761716616081083,367.79507802552035,162.46164569977861
218,0.4597117909764672,362.9387146729596,164.40704055901998
219,0.4618031890496857,360.1956665428534,164.05642779920382
220,0.4638995470730997,356.71078443613055,164.04454420717533
221,0.4659948171464902,353.3212602327736,167.97493744801477
222,0.46808929446972725,349.53884116134356,166.22922829510753
223,0.47018492649495636,347.12454962056205,166.74496787267418
224,0.4722792778491551,344.2994620494776,167.04799701300252
225,0.47437272572904565,340.58273899651,165.9199501094273
226,0.47646593372141327,337.5250793758067,164.59954743256338
227,0.47856230727426236,334.1096201367307,165.72542468753724
228,0.48065904058976644,332.4109327389467,163.88149198405506
229,0.4827512226177774,328.21328190357553,166.5929279392704
230,0.4848441163240575,326.36592334485795,167.3620305220767
231,0.4869397730506266,321.73412095259175,162.89605646935152
232,0.48903678813400875,320.05141377073744,164.09634016864229
233,0.49113096964965397,317.36266294303755,166.4165927845686
234,0.49322332174786626,315.50304227258255,166.62070632693982
235,0.4953187148676145,311.95563760556706,165.97088112587483
236,0.49741120358770496,310.12212088438423,164.63800973470526
237,0.49950082345999325,307.13650296090765,165.69483820522402
238,0.5015952506837275,304.6698404183697,167.43245114924005
239,0.5036919972981919,301.8238253166971,164.69568706874594
240,0.5057872116617207,298.37403488187596,165.69304025271614
241,0.5078828569897101,296.77375028862286,162.70854490040387
242,0.5099793452386306,294.7094344249755,163.3677308876206
243,0.5120767256379639,291.9325193241233,167.1007352650325
244,0.5141702395931294,289.17870374733224,164.09581636059843
245,0.51626132102766,288.03397539423463,166.20284014373513
246,0.5183576899265504,285.39769947078696,165.9036505657722
247,0.5204524416424112,282.94160808215463,166.53491924493147
248,0.5225430403510469,279.29083559429745,165.03854935847113
249,0.5246378991347941,278.86159165448953,167.7645931033372
250,0.5267345150769579,275.8161743530866,164.51512685881124
251,0.5288284644781793,274.27108840709684,166.0309536171457
252,0.5309200047543352,271.1425789173751,166.9451022140137
253,0.5330154787982235,269.98985495419197,167.41788342840226
254,0.5351140455458262,267.8656540685299,167.06157337755658
255,0.5372066203065362,265.740291435899,167.4724217061953
256,0.5392991990272246,263.85664113429044,166.24585424268818
257,0.5413944118270408,261.7466895146464,165.68146396762359
258,0.5434881995106379,259.654279530833,165.7436615472691
259,0.5455829952492127,256.97699285042967,166.09688799823383
260,0.5476769745662954,255.6354958943705,163.5648510386572
261,0.5497697255495043,253.0765317003765,165.21724665850235
262,0.5518645446467839,251.40151873779612,165.51066939136555
263,0.5539598571350287,250.2060555060363,167.66866977375798
264,0.5560564538950566,248.16678862209093,164.8321959187556
265,0.5581500505101624,246.6984581820592,166.19734976988838
266,0.5602409063261653,244.5479897485382,167.77011663160755
267,0.5623379637803174,243.42603725449928,166.0711355084023
268,0.5644363283026402,240.90202212668405,164.75337392622478
269,0.5665273824761494,238.5636219706487,164.47004572815268
270,0.568621249018378,237.82524555781606,165.2624671027024
271,0.5707181447612965,236.03763851510246,167.07572690137042
272,0.5728127938597997,234.30771265310705,165.93018723106476
273,0.5749070881546879,233.2419749266458,166.5652279488362
274,0.5769991470923068,230.69274263979594,166.29480864809784
275,0.5790956911760897,228.92555230363894,164.22376594577494
276,0.5811893306261757,227.96734985045586,167.61149282037158
277,0.5832802267374103,226.52575165473357,166.6268516452558
278,0.5853761830306536,224.29151146702446,165.40997818773997
279,0.5874711784415975,223.75604408800433,166.89564742407146
280,0.5895653958899879,221.78996690065878,165.74313380241094
281,0.591659786459685,220.3066608479371,164.8850692861837
282,0.5937551851921442,219.24399221686187,166.86615002471436
283,0.5958498092767481,217.8039190857851,167.00683591758113
284,0.5979447066705442,216.0219886202587,165.82444356416502
285,0.6000383505174957,214.63346968850652,167.44270772512135
286,0.6021313016181767,212.93467820274083,165.30254387227006
287,0.6042246965556944,211.94640350651173,168.00697479267632
288,0.6063189733697846,210.3853611187498,166.81712977501562
289,0.6084147213727373,209.2492930187966,168.25289303243514
290,0.6105090855473989,207.7375618353285,167.4165426769179
291,0.6126037649785722,206.43179667113517,168.2229659879129
292,0.6147002391370655,205.248705766145,168.55029976663928
293,0.616794938930829,203.7207272895015,167.30723000184284
294,0.6188886865784012,202.59414080560887,166.2479226078886
295,0.6209825762252046,201.69143820396988,168.58245708592924
296,0.6230764414889526,200.04940297122494,167.69418376287453
297,0.6251725389343245,199.13260661514494,167.90321033738246
298,0.627266923011265,197.72459806664497,166.14598106836246
299,0.6293596211388142,197.43371309091114,168.3361003078837
300,0.6314513250607457,196.08717222372889,168.97136927675982
301,0.6335475720513941,194.96204503442232,168.64366795131855
302,0.6356444982495617,193.45257418045207,168.91058240315968
303,0.6377358562255245,192.93813846701252,169.3161846345646
304,0.6398302949107263,191.37920581921978,168.3950510774279
305,0.6419256185614247,190.02181918576392,167.82848696846708
306,0.6440214843206593,189.58352833214434,169.38319107741395
307,0.6461142033434962,188.58944584180108,170.015380220264
308,0.6482061138478032,187.38991085103817,169.76613000813074
309,0.6503020867345045,186.4217291763558,169.87902535116496
310,0.652398185537932,185.12838676350418,169.41532320667292
311,0.6544932048530038,184.826973633229,169.98531694539506
312,0.6565867871776386,183.6206985540008,172.25400157763508
313,0.6586827890115348,183.20008899697078,171.67492792795417
314,0.6607793300725506,181.50757083161875,171.0754346054464
315,0.6628724964198541,180.61405279839215,170.76759990559708
316,0.6649654402217313,180.01108289767524,170.94206017907135
317,0.667059865407609,178.77214305178367,170.38302700020571
318,0.6691532523078332,178.11490795059677,171.35023701987748
319,0.6712457992597233,177.30329807407256,172.31556190169752
320,0.6733390782258323,176.72795636294487,172.68484213612163
321,0.6754367503383576,175.84998441755687,172.5758442686108
322,0.6775335143160066,175.07935478605648,173.2591450084171
323,0.679624621064033,173.84757544207477,173.31344991606682
324,0.6817180292738917,173.4540735451256,175.01737240657363
325,0.6838149015047629,172.87390914905055,174.30627413110275
326,0.6859101434268815,172.2276450029577,174.49744968442872
327,0.6880046468184081,171.50593244814849,176.10892870342684
328,0.6900999637264865,170.82403482408154,176.145805284895
329,0.6921965733216279,170.18523532174757,176.48154372203996
330,0.6942884945981568,169.5953265192344,177.50009013799428
331,0.6963781649531228,168.73009119221143,176.24550139360937
332,0.6984747371200234,167.7684543959545,177.8315522854618
333,0.7005690388882679,166.8761040252924,176.22835139027563
334,0.7026621579778546,166.90936325199735,178.63431520400852
335,0.704757268847954,166.12245282405632,178.43353818458212
336,0.7068509057629639,165.5545050168239,178.413835902499
337,0.708945644402387,165.1417014175094,179.90382451413385
338,0.7110406815970572,164.78649507477286,180.98277332861275
339,0.7131372373036142,164.28023495401868,181.4949231063433
340,0.7152323589250973,163.10305017488687,180.87505598294115
341,0.7173245162021571,163.20822682011323,182.8003896886655
342,0.7194199711852413,162.51658490462017,182.3891720182357
343,0.7215151322330351,161.89277045216366,182.17145281074875
344,0.7236102334592447,161.97202711691335,184.03619316082063
345,0.7257047129497166,161.0684559860062,184.36791039210846
346,0.7277958825256088,161.32094896533206,186.31969959940125
347,0.7298900912292255,160.6506182703214,186.47432157855096
348,0.7319867159780691,159.83799854458852,186.05743850534043
349,0.7340808521059053,159.66447463624044,187.55062053373754
350,0.7361738853270124,159.34185761782894,188.71123597800693
351,0.7382682123604443,158.89737864825355,189.357473126755
352,0.7403641944498084,158.76327170691673,190.1163835812682
353,0.7424576311971561,158.30615455736296,189.99917857214754
354,0.7445523870480827,158.27621579483352,192.8846826138776
355,0.7466478284648128,157.37859629256548,192.75869162152546
356,0.7487413917548734,157.62870920336792,194.41802131499549
357,0.7508354594737505,157.2807005730364,194.68191560674398
358,0.7529278056847568,157.20291613437732,195.81266037563327
359,0.7550230257904859,156.74039303156593,196.25159214240432
360,0.7571167923480437,157.05310668060514,199.12187971093175
361,0.7592113317151179,156.68952850215297,199.2241159441419
362,0.7613074731933067,156.24885734175533,199.65683414169314
363,0.7634009581307508,156.3853054971874,202.08035134471356
364,0.7654969266569684,156.37016187839518,203.50711019765419
365,0.7675905899780763,156.03506517548573,203.20963504955708
366,0.7696837880547684,155.6244827690447,203.88445175319194
367,0.7717795008463626,155.89071146586917,205.62974764957391
368,0.7738757788346248,155.93947992898623,207.7197908479639
369,0.7759706260990727,155.65045199243795,208.2281483749767
370,0.7780620795267656,155.62437120289312,209.451664094812
371,0.7801559906208961,155.75622002429338,211.33025115078885
372,0.7822523136569128,155.68918076403818,213.12963095358123
373,0.7843481481853999,155.78041066740352,214.0134622649417
374,0.7864425511046899,155.87576124330508,216.0508629424533
375,0.7885343495966205,155.90344009325702,216.9773619041785
376,0.7906286372458883,156.30308191355954,219.40256044370778
377,0.7927244345313397,156.26065237172546,221.42831000051308
378,0.794818005513127,156.54309163808313,222.3210780392062
379,0.7969121491149282,156.52214031114147,224.25844785140512
380,0.7990047112993173,156.53585011643182,225.3375075241952
381,0.8010984966914405,156.80764006149235,227.05988605437466
382,0.8031950165575023,157.5007657636194,230.2570539867784
383,0.80529055904954,156.58901427085996,226.68703705431957
384,0.8073868607794276,154.32177393507146,216.87900303223998
385,0.8094799923089985,152.09323233010522,207.56132613294488
386,0.8115723232550889,150.15662013054015,197.79063129656743
387,0.8136672975922271,148.5743800858914,190.53986624084698
388,0.8157631100610689,147.1484675425808,183.57112964047494
389,0.8178569790142735,145.01705064949107,176.1564529868079
390,0.8199506303068442,143.64223502579492,169.7145731654389
391,0.8220462665916841,142.17531410746852,163.30566311651134
392,0.8241405937791958,139.98781262179952,156.47160820325004
393,0.8262325853224312,139.23113277122684,151.863128317586
394,0.8283265675885274,137.18636765445234,144.7338415397144
395,0.8304231027322762,136.5451299169681,141.75734300100652
396,0.832516312308734,134.82725755872866,135.74790391676277
397,0.8346104967180491,133.51153638783524,130.73213474385966
398,0.8367055646585567,132.6161285162963,126.5242525137049
399,0.8387997810841866,131.31288689374722,122.10066122719157
400,0.8408959249120883,130.19682022740142,118.352471427567
401,0.8429902851163829,128.64096256803117,112.82445829095897
402,0.8450834013034724,127.85642158976934,110.49250691865265
403,0.8471787052036875,126.77030662239666,106.11838861836628
404,0.8492741754489669,125.82672962431867,102.68078402242853
405,0.8513666186650054,124.86726433871324,99.71066181792051
406,0.8534586558453424,123.46901586616178,95.07076753170114
407,0.8555555147205227,122.95382753542353,93.58837115957813
408,0.8576510528712873,121.98046008294928,90.00116425217874
409,0.8597438531231701,121.03814782857079,87.35477513893298
410,0.8618396600787528,119.66456847216853,83.52271351745402
411,0.8639352641137702,119.06232559815079,81.30048188248885
412,0.8660278348127696,118.07713027556893,78.70460115545691
413,0.8681190723532742,117.4315221450383,76.19256688887988
414,0.8702145301226206,116.51220996440584,73.38124034783891
415,0.8723097299260473,115.70577624370327,70.37192571938114
416,0.8744009465527449,114.7280645045579,68.52846468889763
417,0.8764962014565297,113.81430812669917,65.89007453899981
418,0.8785921785819074,113.15076371365049,63.58437655879879
419,0.8806862529738079,113.06331392596111,63.45712513603485
420,0.8827803474942315,112.28695522827695,60.98767171676924
421,0.884876552415157,111.28262578192813,58.16317465078048
422,0.8869727619955021,110.91381561658174,58.02017558873583
423,0.8890661549276524,110.03689347216412,55.21863292766085
424,0.8911606435626759,109.22499099425588,53.01550866935972
425,0.8932564177642083,108.51226235497035,50.87206029391649
426,0.8953515942364704,107.95153513556926,49.88118068471446
427,0.8974449590572777,107.47592972557271,48.37805199295612
428,0.8995380126042275,106.37266587789424,45.162494181260655
429,0.9016308480731973,105.90111329769712,44.85771363397528
430,0.9037248205752632,105.60981155595574,43.52164123202497
431,0.9058194398636225,104.85845082666204,42.2426729540444
432,0.9079139093175219,104.30087195271462,40.42250573739182
433,0.910011764746055,103.92526297887784,39.2043955674213
434,0.9121056647167038,103.17432177806165,38.11696135509179
435,0.9141967683902507,102.61101807420467,36.242072606477265
436,0.9162922424058753,102.03501284271549,35.33076753642576
437,0.9183868595164038,101.51703850008437,33.634100747666416
438,0.9204815946523948,101.47310517509136,33.87269834386223
439,0.9225765682279964,100.81288310436278,31.89798870882874
440,0.9246708776548578,100.28182375091966,30.94611825274845
441,0.9267650233208798,99.40090956734304,29.357635293416234
442,0.9288581102404102,99.28755317874342,28.529567339468983
443,0.9309518934142385,98.77703237395043,28.18796751702771
444,0.9330469160925099,98.5656063303285,26.707543924217937
445,0.9351415764644654,98.07631935454691,26.53183346219466
446,0.9372369506587555,97.58722855939061,25.697671597358806
447,0.9393287530448476,96.99638084697122,24.097563709433725
448,0.9414229216419412,96.90695925951484,24.136221371431468
449,0.9435209341962445,96.06826759068423,21.320746742077485
450,0.9456148252799238,96.0533732207741,21.923390772335054
451,0.9477091255207061,95.71172540417908,21.018136629996565
452,0.9498037238864095,95.07243389122713,19.16953232779966
453,0.9518981043411001,94.83870475194568,19.224652029186895
454,0.9539914706287521,94.52453570543062,18.147996482402153
455,0.9560859977890608,94.4220133092239,18.651137727353877
456,0.9581821096695351,93.99508541205417,17.331903677549693
457,0.9602755737793266,93.59565292288913,16.246749218884293
458,0.9623691838562978,93.32280364423386,15.53553786612809
459,0.9644636726355348,92.68998985719895,14.229464076945042
460,0.9665572681340019,92.51876010519746,14.645060186824335
461,0.9686506726657692,92.54219988971761,14.13454716787061
462,0.9707453651438224,92.16378293545762,12.512627416589229
463,0.9728397447984573,91.75177222701066,12.595582886826561
464,0.9749341599912872,91.54412160597037,11.386970409661203
465,0.9770309382258842,91.51763942531376,12.593556549824207
466,0.9791243621626365,90.8072135174827,9.413974188171258
467,0.9812186011668534,90.77236948334561,9.432682682228824
468,0.9833152549762485,90.68123141959943,9.999118215348414
469,0.9854083366977224,90.23230706570519,9.411356427826266
470,0.9875013366256304,90.14958498212576,9.215218497851618
471,0.9895964031766183,89.89101145880973,7.763956770936251
472,0.9916911272506032,89.40060815201323,6.277543227143468
473,0.9937856031740195,89.42818474293418,6.79716708336165
474,0.9958807301039379,89.0223888640447,5.652049847425263
475,0.9979746323874407,89.20987928886599,5.8180864271813295
476,1.0000664008054638,88.67783908435597,4.278934349453412
477,1.0021595314674534,88.90669177705095,5.324476327897428
478,1.0042547648495364,88.64706312361459,4.522197262348611
479,1.006349085630113,88.25206723942095,3.276814980839628
480,1.0084443367657523,87.87592384783657,2.886515342114955
481,1.0105398481990022,87.69247922559045,1.7004589677181057
482,1.0126348213072522,87.67132132685616,1.3094308038168607
483,1.0147293432188107,87.59616555236025,0.9705827992768492
484,1.0168223222913106,87.72488732196005,2.350173445568731
485,1.0189181991118834,87.32458017236225,0.3550497802280105
486,1.0210135889667047,87.03544594937337,-1.0663830066805584
487,1.023105517395174,87.31605113829869,-0.35581133600758114
488,1.0251997072975425,86.72672925513419,-2.6393096766860924
489,1.0272950549324347,86.982985938486,-1.247635136609404
490,1.0293904044607038,86.2766557308408,-4.0284273593289
491,1.0314847550764672,86.72551766752338,-3.124289758714443
492,1.0335791521913305,86.10811356613331,-3.991876770011636
493,1.035674282724225,85.82208522980571,-5.600762387834141
494,1.0377683744197583,86.27020408196572,-4.251267643333655
495,1.0398611358062981,85.84391874983717,-6.096126899888515
496,1.0419559810580585,86.01065576812783,-6.074218337112657
497,1.0440519355231435,85.97095063228959,-7.038182309707805
498,1.0461442665368221,85.5858108854933,-8.202646407796943
499,1.048238151325366,85.84561776952283,-8.296712751727451
500,1.0503312794335307,85.36312779556884,-10.07408586261892
501,1.0524262698953144,85.79883194373203,-9.747744424534774
502,1.0545208315883745,85.51167808525143,-10.248080208407776
503,1.0566150350094698,85.3551150991394,-11.8844050447728
504,1.058711440318921,85.37850900561457,-11.710968445158906
505,1.060803734980524,84.64383640894089,-14.107517968431136
506,1.0628970711462522,85.51405143287735,-12.429521188934052
507,1.0649945592352892,84.56788782682162,-16.00229167422652
508,1.0670895920886003,84.88147809422938,-15.783921382978276
509,1.0691815189460832,84.68509738119857,-17.02143813494993
510,1.0712752972137536,83.99361007127953,-19.504680377352706
511,1.073371173619778,84.76230672798347,-17.910151317181512
512,1.0754657024825272,84.03449116292248,-22.40765728961394
513,1.077559391113827,84.58505805375107,-19.58314866729672
514,1.079654167044188,83.51170516907231,-23.57418613626908
515,1.081749685406742,83.1207916233679,-26.25895233734286
516,1.0838429051818583,83.7858703300473,-24.829397824938184
517,1.0859346611894292,83.04029200824024,-28.050364940729633
518,1.0880274765489322,83.33428277060212,-27.411807444881177
519,1.0901226378244568,82.70060907897034,-30.212407309259657
520,1.092218906510469,82.25623425233688,-32.75757001516643
521,1.0943142405516277,82.47653898320412,-33.35532468290722
522,1.0964083656069452,81.0078889501466,-39.051613288338864
523,1.098504575117021,82.10921607432869,-35.00321694836313
524,1.100598880587325,80.48819545259586,-41.33324428708516
525,1.1026907648634887,81.13114607073197,-40.23742065503099
526,1.1047864761829782,80.2583000771018,-44.19403284246655
527,1.1068805633882368,79.71027508101066,-47.49101887308026
528,1.1089715885079452,79.68667429490894,-48.913282982096796
529,1.1110674731376504,77.63478354371905,-55.86177826547347
530,1.1131638031712348,78.86672372333929,-52.510660915302644
531,1.1152567400703868,76.67226378541302,-60.94393447791393
532,1.1173518797395834,76.77180443684702,-60.46544079275112
533,1.1194466841667583,75.3737140668473,-67.51452564122258
534,1.1215386388653605,73.59855728101681,-72.84878189922111
535,1.1236321502294464,73.69149056259776,-73.23516076413388
536,1.1257265608788465,71.75480349752276,-80.39072954333844
537,1.127823511019811,71.53435973219841,-82.17658094209786
538,1.1299186917312898,69.28414289419531,-89.43366563735128
539,1.1320102853860914,67.71689071285383,-95.00543651425289
540,1.1341022265777971,66.31498434950791,-101.22614316470498
541,1.136196488705377,64.60731130764792,-106.47197374648725
542,1.1382919496812383,62.76883112656968,-113.86365341840941
543,1.1403848113573067,61.110657873336635,-117.03546288313632
544,1.1424801205078854,60.21163256471912,-120.93286033122173
545,1.144579099546908,59.45132958459104,-124.38571065989605
546,1.1466743733674984,58.493834107455065,-126.91688149301676
547,1.1487627957344069,57.74481220369397,-129.5755331150428
548,1.1508586543248278,57.4511525734336,-131.13745097188473
549,1.1529561980713183,56.603694827533154,-133.37044492199843
550,1.1550454984226184,56.17257944599256,-134.37559423841287
551,1.1571409429142046,55.731871558141016,-136.21173233030143
552,1.159240859340017,55.445789828571456,-138.7590363320462
553,1.1613355832020602,54.98575315735775,-138.8385478766994
554,1.163423871831942,54.70372519457368,-140.37712645941784
555,1.1655188736812345,54.12812159180863,-141.5379796796344
556,1.1676174368768866,54.00069974177751,-142.55396279032723
557,1.1697080797153998,53.8827707810554,-144.00892772890822
558,1.171800206369591,53.55357767310098,-145.16513855867777
559,1.17389591489135,53.12591547829394,-145.90236869175757
560,1.1759888523797297,53.16346174137148,-147.38313172164965
561,1.1780809947202961,53.16656310402888,-148.17657913032554
562,1.1801761196344618,52.774230138495554,-148.92691059183142
563,1.1822736635654147,52.68982904292701,-149.5449619920983
564,1.1843710306693693,52.90622905270698,-151.90981775440778
565,1.1864625384002512,52.42717019191164,-151.7712758730152
566,1.1885545198904406,52.28895022914164,-152.20328335429855
567,1.1906522613678343,52.350014065462815,-153.53465183695786
568,1.192750069492095,51.91288859976675,-153.24619933888386
569,1.1948381381583106,52.007620659861615,-154.61827827225088
570,1.1969297222624806,52.10998180792331,-156.21824840541643
571,1.1990290164311135,52.09900184591796,-156.83548628265999
572,1.2011243924560484,51.99825863140984,-157.48552244012296
573,1.2032149592826593,52.13340961450458,-158.65462329350808
574,1.2053132365828256,51.7808978596864,-158.70668348042278
575,1.20741576508926,51.8854480101065,-160.0805895171885
576,1.2095030565711475,51.85066085476583,-160.57507389214274
577,1.2115949657999687,52.133059369939666,-162.49360723024512
578,1.2136960046145377,52.019264090515634,-163.00002616057267
579,1.2157928316049589,52.16707941189398,-163.94590478710552
580,1.21787984102748,52.00698614267918,-163.97370517825917
581,1.2199725120701903,52.41384730615017,-165.73153010155212
582,1.2220773486348555,52.33473696067562,-166.35919038481438
583,1.2241717280648772,52.47112316863289,-167.40077438347615
584,1.2262574809145717,52.91244799400397,-168.7967799719985
585,1.22835205989159,52.62079994642666,-169.2930077349796
586,1.2304511070315651,52.61852409978499,-169.55691375915703
587,1.2325439941641703,52.998395846831535,-171.46648998122689
588,1.2346327282165248,52.81247934531602,-171.31010911526948
589,1.2367296121231413,53.44530150822599,-174.44473145308598
590,1.238832433751825,53.69180937284673,-175.29745931232793
591,1.2409238541102623,53.515188816895034,-175.10871036987447
592,1.243012379245932,53.85825271647245,-176.6895172555541
593,1.2451094606314712,53.924359666414055,-177.62971436379885
594,1.2472066170026377,54.16894134869763,-178.48231574514364
595,1.2492929515805862,54.6174395369555,-180.24419102441166
596,1.2513843202334647,54.501450076202715,-180.841016047134
597,1.2534920777891505,54.81429565396604,-182.0531756497689
598,1.2555889180496558,54.793254718286505,-182.2301524436584
599,1.257667580798784,55.45901535556192,-185.16599424822147
600,1.2597632986068967,55.57162018943413,-186.0041296622817
601,1.2618709074503869,55.77388107705522,-186.94421530683596
602,1.2639618917954016,56.19123804486236,-188.57604645282782
603,1.2660463256389345,56.39941453881931,-189.77379203351958
604,1.268151380164154,56.321727364258614,-189.91887390071332
605,1.2702573897615381,56.71837943205341,-191.37557879390542
606,1.2723329096911193,57.78569014127237,-195.47679729070688
607,1.2744197010315288,57.21137370415904,-193.67612084955917
608,1.2765327006010119,57.661685485169386,-195.45675084792836
609,1.2786342467193723,59.04982086672184,-200.1157269708447
610,1.280707182799757,59.12480956683479,-201.2903140129891
611,1.2827931530633179,58.72794189620085,-199.81447371142272
612,1.2849085387747612,59.71397091767287,-203.88508125578315
613,1.287000364654089,60.03704565293896,-204.69997085098078
614,1.2890781709908103,61.01824945423195,-208.26341759756477
615,1.2911842108955598,61.078964769117704,-209.32671676335727
616,1.2932965864662813,61.321225299521245,-210.27336103529655
617,1.2953774115066516,62.637373462283854,-214.94186428385396
618,1.2974494068131983,62.791289951996625,-215.694777982037
619,1.2995653278098822,63.45130091157818,-218.0501970223564
620,1.3016791376111048,64.06917819626452,-220.3277033328985
621,1.3037423234004764,64.88454727935036,-223.32632658014782
622,1.3058199114096363,64.84373664315356,-223.6106586664445
623,1.3079467955462118,64.98348894099855,-224.6059699296133
624,1.3100601882305882,66.00406497669354,-227.82550148823316
625,1.312113308135768,67.05461166089255,-231.8924256905217
626,1.3141962752176515,66.86530597889352,-231.34000533445985
627,1.3163277077674513,67.97277412114569,-235.3603979049351
628,1.3184175493918626,69.01236359589188,-238.97308829481457
629,1.3204856618221223,70.00586232282589,-242.64794075942754
630,1.3225968812824558,70.02973975314548,-242.67755680638322
631,1.324712528812616,72.4831698682414,-251.53889113725643
632,1.3267701241226586,72.39557308127723,-251.446086397519
633,1.3288455369869492,73.16502173862509,-254.2489905605033
634,1.331007859279665,73.24198566151514,-254.72027533293553
635,1.3331193077637633,73.63656212515664,-256.10010747273583
636,1.335111114646517,75.262666142994,-261.73110222020324
637,1.3372000138113185,75.59241598685155,-263.13353888199333
638,1.3394207042773567,76.03055947962073,-264.7920243282504
639,1.3415191831855293,79.27754512150001,-276.37219880722597
640,1.343419658472025,78.85141849445137,-274.9601585325809
641,1.3455475267642247,81.03513804730035,-282.68520020715926
642,1.3478257671998863,81.02349959312753,-282.70835706109773
643,1.349910545699746,81.86520119132955,-285.5872422918288
644,1.3517701887420612,86.19970885590921,-300.7971568935817
645,1.3539417100377606,85.84193191693687,-299.86001242557995
646,1.3562514521124112,87.01533566282552,-303.839168368652
647,1.3583044750242828,87.02613883046239,-303.91188458898307
648,1.3600937081391848,87.7859165859316,-306.6571535772028
649,1.362315666351114,89.71825967906442,-313.4323235738004
650,1.3646739887244697,92.28787647292965,-322.5390446364391
651,1.3666040349314283,94.53485545739835,-330.3574875925583
652,1.3683585203137423,92.33826309793079,-322.60638638316436
653,1.3706879171444677,93.69539122752205,-327.74663450411146
654,1.3730812726720756,99.46835761536516,-347.80577394096
655,1.3749143385354152,96.29712554708827,-336.56355530524837
656,1.376679031839902,97.0741184257031,-339.4460844457781
657,1.3790764132796052,95.1805290752539,-332.9772224314217
658,1.3814727924700456,109.44008978707221,-382.94238037552316
659,1.3833424067073374,96.65479629484236,-337.9410553958295
660,1.3850593718572481,108.28054706062424,-378.72974442174774
661,1.387433769507078,110.54479722763386,-386.6683251623279
662,1.3897620281243455,144.01500699981895,-503.94539397196075
663,1.3917897627196847,120.14032004422874,-420.81218159040674
664,1.3929979117318791,10.91282165910761,-38.19487580687663
