,k,Pk0,Pk2
0,0.0029665470748989845,5142.452793040743,-4373.565964948561
1,0.005026374055021859,5829.3972277524,3105.73090148805
2,0.007149300621522788,7342.027628350694,-6141.883150321575
3,0.009278869254964255,8916.70919112432,3518.880525563271
4,0.011450332619344701,9538.211875003737,-4217.954404904398
5,0.013492955871419151,12494.821975608016,-931.4680229324966
6,0.01558905561191893,11399.437767327689,-374.5276971804949
7,0.017694083672553172,11230.124872658618,-3454.6926286739845
8,0.019817874803135297,12121.999758016662,2534.0333945122247
9,0.02192074938196264,11853.451305059005,1100.9647005508434
10,0.02398877635566245,12349.750157882523,-634.4122317363015
11,0.026092869718961156,11601.672543875162,-1487.4811490573445
12,0.028234663152781798,11171.527362705503,-1164.1794613992793
13,0.03032284873509123,10968.71096227748,-218.31861489593368
14,0.03240263258943404,10542.382819181319,-333.243893635927
15,0.03449210129864554,9793.260286529674,-751.0317129403761
16,0.03658588147515197,9782.829830314551,1211.5208937030416
17,0.038684769492669774,9673.856514387639,218.90184423517263
18,0.040788988884582836,8980.455417862628,-370.84392774731174
19,0.04289390876967646,8710.611336854829,-499.35636627865404
20,0.04498336005546935,8322.418372057726,1107.2707480406516
21,0.047064985294738244,8209.553186911618,-393.8883667488203
22,0.04917111919158227,7845.363933134669,-212.14330210336058
23,0.051262169141742274,7721.634201513829,-1.7557806391348711
24,0.05335525146837034,7473.629949417884,287.83847955340696
25,0.05546637228956934,7204.037250352947,-278.12009513364166
26,0.057573188192548086,7163.03775677361,403.2430978850818
27,0.05965884044590281,6843.404652890305,425.4950193714921
28,0.061745123021595065,6879.105406455058,-260.5964595007225
29,0.0638268929113719,6535.2680818235785,120.35446443742285
30,0.06592966228838451,6305.447464824442,62.86032742875665
31,0.06803125784825748,6349.174518502815,-156.69964653825485
32,0.07013131008699486,6028.396899538742,-317.48445669428884
33,0.07223032366074338,5953.508791171714,-226.0046909731782
34,0.07432334270720506,5742.346538874806,151.874546774447
35,0.07642066756954473,5654.193819719844,-48.04332198293502
36,0.07850471694556041,5536.059244952555,15.433243666735805
37,0.08059701946059529,5187.015393503615,-162.9611199055063
38,0.08269521798132064,5094.449533496252,-172.68761841781188
39,0.08478307522909848,4922.327916310892,36.49106108038767
40,0.08687780839616016,4793.752937080492,38.422883445126416
41,0.08897524569656534,4594.915957573084,-51.740005320042606
42,0.09108077810470518,4445.652039010223,23.958968359924256
43,0.09318432266948053,4285.883164779627,-23.509420496699388
44,0.0952788764104831,4196.6824440018445,86.96664192688206
45,0.09736254237981037,4120.0942184522655,99.11220557258893
46,0.09944832814799408,3950.4583961208327,34.098738236635185
47,0.1015460879802399,3911.6470421021963,-56.81437721635367
48,0.10364263756677322,3754.4524990723407,-68.57807761686692
49,0.10573893905394659,3678.9951138485812,42.91532479808631
50,0.10783958559814742,3596.003638952072,35.959288468869325
51,0.10993894058501318,3567.24604843949,125.1502516243643
52,0.11203921431523854,3417.5694350686754,94.90770720799635
53,0.11412334585697578,3369.210530104212,162.5433706084633
54,0.1162159397555423,3311.9170129640192,115.57274889432159
55,0.11831372048037725,3266.027289271297,-21.41699022092135
56,0.12039723118070132,3195.43789295348,116.87614880413399
57,0.12249223631878574,3133.2816544768057,23.660378721097654
58,0.12458825984258635,3080.4666503352582,62.333177602404454
59,0.12668846771583772,3020.208766853854,37.54923294827792
60,0.1287846620419941,2982.7442386950074,3.7791040070501767
61,0.13087133937881498,2911.586013963727,170.07143637457912
62,0.13297548334406448,2867.075790373464,-27.188983573961096
63,0.13506910815256093,2775.2302049739396,31.916297226504682
64,0.13716388258568254,2745.7881036672047,66.76094897197223
65,0.13926047573721634,2659.2824182725717,48.68335631961839
66,0.14134668829083769,2625.2098979817165,-17.087565079902596
67,0.1434475230090064,2542.8670984212854,75.27571351939307
68,0.14554528534185418,2515.9508319015654,39.917525386718424
69,0.14763320610735878,2473.747138486097,-18.500377001271275
70,0.14972114728432864,2419.276540963167,-19.804444686123606
71,0.15181380487515775,2340.257813562726,51.23424081447208
72,0.15392114901003526,2324.9366832653145,-2.5548381016193633
73,0.15602147473412367,2260.177836610215,102.9413834418127
74,0.15811617475881218,2219.307825368373,-21.698965635006996
75,0.16021187122717997,2199.650534725302,13.296112286247235
76,0.1623006419462899,2130.8418992048573,53.677274099689136
77,0.1643899033199985,2089.1144098514565,21.61459108988165
78,0.16648355823815117,2082.278364166768,27.56217024833063
79,0.16857196837784735,2031.7710510100371,65.3891822923844
80,0.17066413320893647,2009.4125636169556,60.41048253290453
81,0.17277086992561352,1994.4762287063065,43.77050982996183
82,0.17486965460096995,1956.5067011712858,38.66615656262846
83,0.17695857694944453,1905.7392277260676,29.14705654994975
84,0.17905245093155753,1914.6048314351735,53.561226078788344
85,0.18115265212612636,1873.7171040552705,85.50100914904962
86,0.1832476884130739,1851.7921816999478,21.20998856677762
87,0.1853312475833926,1829.492326678188,38.209832483059515
88,0.1874284892203219,1804.6261276546766,51.18909907885239
89,0.1895337179075755,1772.612801017909,52.56541140688291
90,0.1916268196474026,1751.1753673855694,62.637052413671995
91,0.1937183403446853,1711.511774976876,69.98096384173299
92,0.1958131498886989,1699.506080927907,52.693841516323594
93,0.19790587400989662,1662.6598583496952,36.03732238641813
94,0.19999906515978938,1653.0704394417971,93.31453218754592
95,0.2020893038374759,1619.9155820230553,63.14093078585555
96,0.2041823192148178,1606.3347261356598,11.62875500721022
97,0.2062825911013838,1585.301899605178,56.38045331808148
98,0.20837701891459662,1558.1058742350085,45.789346773306896
99,0.21046758167944032,1544.2570192506864,23.753531400807105
100,0.21256678542440183,1510.7633661185866,12.54547536944587
101,0.2146619261104852,1496.8503043593587,35.62734775500721
102,0.21675618057220372,1480.7852233980714,59.8486286397532
103,0.2188528705899679,1460.8825407248694,53.79891581318136
104,0.22094564274530842,1437.1096094564027,58.16782886290752
105,0.2230395148320731,1422.857040190649,62.731984510042345
106,0.22513567328585352,1402.0946321203105,53.19342093198023
107,0.22722785048644015,1392.9122075632886,45.504532026484426
108,0.22931975112872324,1369.1947453761288,6.576296700380082
109,0.23141147723465103,1359.9612278709526,95.70113427737354
110,0.23350584674782457,1334.9518672915929,52.144081825280026
111,0.23560416522029054,1325.5972467857885,46.59295018885194
112,0.2377006336558307,1306.8666760124818,55.06576828764356
113,0.23979727503904752,1300.8744249485583,45.77365028479087
114,0.2418944602532704,1279.6892289105012,74.85142113498337
115,0.2439884227569783,1263.3965677293493,25.030066318682895
116,0.24608359968283072,1250.9531496288087,69.2992171847605
117,0.24817552807053123,1227.859622708897,53.437699454802136
118,0.25026237006475704,1222.4896800199406,63.69823169388814
119,0.25235861551053484,1209.9881053480676,39.562853824119124
120,0.25445470778669854,1201.1927855026443,56.16446084057775
121,0.2565487653287422,1189.745596852598,82.55880208027966
122,0.2586464955058471,1182.1868973672672,55.02555969458342
123,0.2607443047329862,1159.7283393994394,76.60572963648312
124,0.26284383121734134,1156.9893610670304,48.82940161734049
125,0.264929885565984,1139.474597258695,39.684907369228966
126,0.2670163698864118,1131.7767330256006,65.87765079121708
127,0.269112135390912,1117.2273706043834,58.787008112477
128,0.27120764961246213,1106.7393904388466,37.56142956168488
129,0.27330509996536784,1088.355547847567,50.589949285842245
130,0.27539842121309294,1083.0344859395282,38.710499423012344
131,0.27749656900268016,1071.3808703584973,70.09051924833288
132,0.27959864364035925,1063.9589245456843,49.81956873443604
133,0.2816878213234348,1053.1353573727813,75.73557263499812
134,0.28377609558542155,1043.43546356584,41.858637750076305
135,0.2858732754634003,1032.144726791252,52.42590506849138
136,0.28796861590208045,1023.0969526616218,61.48263880512132
137,0.2900612915162532,1011.9708002307137,55.37872785059264
138,0.2921547032025089,1005.9087145589612,70.66678551044589
139,0.2942501291133245,1000.9800826949609,49.837113156495576
140,0.2963444256131289,992.2774128488354,62.44923952890599
141,0.2984361415704375,979.5751634537704,37.974289360711694
142,0.3005318840555698,975.9663686012633,53.22020486398878
143,0.30262777760316095,963.9316641021612,61.77245944636168
144,0.3047248035439954,956.2981101352195,42.38489967375587
145,0.3068210272572538,948.8240338101419,54.93887659383197
146,0.3089144805088237,941.3318990219356,50.14049817950057
147,0.31101080657849756,933.0624651266658,42.733547698842024
148,0.31310885951912926,921.46711743311,47.65698947162351
149,0.3151991603466065,917.8621842380235,46.04372381538471
150,0.317288667284839,912.5929044926739,39.19708293916595
151,0.31938044185106124,903.7516110824347,46.140970140742866
152,0.3214783648369702,900.4825761261566,52.792311900846315
153,0.3235785211189416,889.8811212919368,49.4511440998954
154,0.32566935894833426,882.0921758088805,46.17894045739733
155,0.32776077751211374,872.3916833561608,40.3139108023027
156,0.3298523230655558,867.484848660125,48.928379826347246
157,0.3319485433973702,862.443878777663,56.531726911809656
158,0.33404540358127904,855.8329753110661,57.62753712493513
159,0.33613494177837844,850.2064750105571,47.89376922971512
160,0.3382313832787478,842.608227572481,55.79208230652272
161,0.3403308518124324,835.5875076780973,47.946899738100186
162,0.3424246601457981,829.4894317329401,54.95105098815885
163,0.3445197272986724,823.935624041739,41.63948804526656
164,0.3466158524641983,820.76119757722,54.32638130248176
165,0.3487089916477683,810.4245202197254,41.6994548246642
166,0.35080114560367615,805.6523644091362,53.56564130123443
167,0.35289356821720286,801.4141120422178,33.563164440003895
168,0.3549881110219297,794.265974163659,46.5311433958993
169,0.35708559248027844,792.0074181603179,42.65241075120853
170,0.3591813496003593,785.6817953481014,42.57284638945968
171,0.3612749400626811,777.8781682878387,49.34530069359368
172,0.3633693413142722,774.7321556707317,44.55011657221709
173,0.3654632219855477,767.3253277062427,46.95532737008509
174,0.3675603773529471,763.4389790731198,42.392132824854855
175,0.36965434919829326,758.6627139974447,45.02142508952107
176,0.3717418094879197,752.5802342028009,40.04577586055692
177,0.37383404253825586,748.3760652777567,44.81650107019413
178,0.3759308579415973,746.7935864244494,45.5797362338615
179,0.37802985088946095,738.5972566998,50.9697081599878
180,0.3801213498834686,734.9854594621128,45.96777742669982
181,0.38221306010699313,733.377329335957,49.510035016870226
182,0.3843141376638833,723.6179139759697,45.378945631478125
183,0.3864096355836929,721.0904974002665,42.42798301178952
184,0.388502907295756,716.8600825373156,48.814709847852086
185,0.39059769208540335,712.2126898917801,55.05676634479533
186,0.3926958121232196,707.7929734624238,45.19782501757745
187,0.39478921808384226,705.0452886033602,38.766448149682354
188,0.39687821409975554,699.2079691409023,43.821904981381806
189,0.39897073627813356,695.7204780588188,48.22380830517225
190,0.401067192451382,691.9832242659172,54.24447442985909
191,0.40316228148056854,685.3836414803817,46.76345756160571
192,0.4052546340249366,682.5403607113789,45.91155477745969
193,0.4073499183903822,680.0277604952033,43.850350363079066
194,0.4094468722071623,675.9363085571806,48.29837652091005
195,0.41154432885897757,673.9945857992846,45.993936399266026
196,0.41363408239228544,667.0427334254686,42.74954031623074
197,0.41572494638156243,663.400785237869,40.08068881884386
198,0.41782181997781404,659.13039765349,52.22933058492928
199,0.4199166506307261,653.6413122767763,41.15547727279373
200,0.4220107143757513,652.1955205726655,43.52923479020928
201,0.42410542949066876,648.4203848743145,47.539079128079976
202,0.4262013850195404,645.7733196835616,43.50384210739736
203,0.4282955296445312,643.0471765602789,52.179314998541315
204,0.430391806688861,639.176679885268,45.82044108116298
205,0.432488575457924,635.8235094593662,46.38015264137435
206,0.4345806090039814,631.596809902188,45.84267734809777
207,0.43667244097425384,630.4706600753752,52.81317634211701
208,0.4387671492209622,626.4554501015732,39.32427807882342
209,0.4408622534544343,623.7207376865845,41.08984485976472
210,0.44295516415095815,622.0251909770396,41.05177506920847
211,0.4450482683181851,616.1973487825127,46.12727002184356
212,0.44714683875742495,613.6427387798765,44.948425246619124
213,0.44924362280569813,611.6136867804122,39.43087878359035
214,0.4513338633316258,608.2157777527711,42.40198484727303
215,0.45342753643259276,603.1072544986883,43.08546929112752
216,0.45552189548586586,600.0723410043629,45.39595969797889
217,0.45761716616081083,600.1325623892055,40.4390524181123
218,0.4597117909764672,593.5964044148657,44.76217023001491
219,0.4618031890496857,589.9217835021049,37.27456878594567
220,0.4638995470730997,591.3080888911699,47.247031544094725
221,0.4659948171464902,587.4219218942537,45.7020997331546
222,0.46808929446972725,583.7360386444898,42.25963412330447
223,0.47018492649495636,581.7541260436044,44.03866826587918
224,0.4722792778491551,579.7437830050961,46.12020164270829
225,0.47437272572904565,577.1427485219481,49.19771966969801
226,0.47646593372141327,573.7016074349907,41.579404075679044
227,0.47856230727426236,569.7345662983729,41.65258441341562
228,0.48065904058976644,568.2837020802742,42.27238556136132
229,0.4827512226177774,564.8185900264787,39.73608023156068
230,0.4848441163240575,563.1104565744746,44.702630505968415
231,0.4869397730506266,560.6142899422977,44.367791844863206
232,0.48903678813400875,559.7921185476121,38.87582580010688
233,0.49113096964965397,554.705993343045,41.26060455300057
234,0.49322332174786626,554.198827854557,45.098502029863546
235,0.4953187148676145,551.7503151142612,46.45065111567864
236,0.49741120358770496,549.7078253096033,48.47119306337612
237,0.49950082345999325,545.4483287449498,43.796336497455314
238,0.5015952506837275,543.4656751782433,42.94430619264528
239,0.5036919972981919,543.1538094211893,39.827450747720434
240,0.5057872116617207,541.4349417537913,44.52271558225849
241,0.5078828569897101,538.257309131032,42.34809814150622
242,0.5099793452386306,535.4037647922688,40.92104826346706
243,0.5120767256379639,533.9097983866367,42.754483632246576
244,0.5141702395931294,532.2742072034366,43.717121068434366
245,0.51626132102766,529.5192794362093,42.31828009394856
246,0.5183576899265504,527.134017509108,44.10534713701275
247,0.5204524416424112,525.112889613867,47.033514253410615
248,0.5225430403510469,522.6280451567457,42.33783717347621
249,0.5246378991347941,520.8537785873428,40.94402861052186
250,0.5267345150769579,517.8364530284131,46.042165694360875
251,0.5288284644781793,515.8860269044088,42.411239440361165
252,0.5309200047543352,513.4497423250725,45.87556793363051
253,0.5330154787982235,512.9950906782841,44.034927367653324
254,0.5351140455458262,510.411475921641,49.08237799458029
255,0.5372066203065362,509.14789347501153,45.098127908065486
256,0.5392991990272246,507.4541811284549,44.972852770808224
257,0.5413944118270408,504.63567265896734,43.614849660937345
258,0.5434881995106379,503.61076399710345,44.08507266138109
259,0.5455829952492127,503.884983540823,44.17148581772453
260,0.5476769745662954,500.4874470080927,43.29344351584034
261,0.5497697255495043,499.15107920172125,45.63228519969325
262,0.5518645446467839,497.5891625662884,46.33418120826036
263,0.5539598571350287,496.25398718763745,47.254844404411365
264,0.5560564538950566,493.8507419096101,44.02236280060003
265,0.5581500505101624,491.45525890979707,46.85329704827012
266,0.5602409063261653,489.0881474034795,52.370842581674765
267,0.5623379637803174,488.83538167615063,47.65627430570832
268,0.5644363283026402,487.1775782030147,45.26171551082612
269,0.5665273824761494,484.84382786215235,47.129219087559875
270,0.568621249018378,482.85866137223763,44.599037605735134
271,0.5707181447612965,482.30903653683004,48.12610255100073
272,0.5728127938597997,480.94531666498784,47.39981319747405
273,0.5749070881546879,479.26683231930843,49.96395593584797
274,0.5769991470923068,478.72788754833925,48.96353270321129
275,0.5790956911760897,476.753628151777,45.92899221492349
276,0.5811893306261757,475.8176000311839,48.90714566051292
277,0.5832802267374103,474.427622176168,51.22438168371124
278,0.5853761830306536,473.0609982299325,48.52928914745552
279,0.5874711784415975,470.04903165001804,46.77796565607093
280,0.5895653958899879,470.11196447138605,51.684310703589766
281,0.591659786459685,469.0005940604978,47.43075148544603
282,0.5937551851921442,466.5686298720324,49.98514594689451
283,0.5958498092767481,465.5238883722776,54.91990849175895
284,0.5979447066705442,463.2651712541662,47.019635973047315
285,0.6000383505174957,463.98527763771546,48.4448053285433
286,0.6021313016181767,462.19561252368584,48.437600547885374
287,0.6042246965556944,460.36965514436037,48.94882029300073
288,0.6063189733697846,458.94693256174185,55.37511044195828
289,0.6084147213727373,459.9798239163777,55.51937976417084
290,0.6105090855473989,456.4964765937244,53.1616529667764
291,0.6126037649785722,455.5350216381608,53.24800796764237
292,0.6147002391370655,455.8618433708178,57.98413290796392
293,0.616794938930829,453.51811206057783,51.535847208763585
294,0.6188886865784012,454.16611482837817,53.65113396504719
295,0.6209825762252046,452.344840239637,56.79771105874983
296,0.6230764414889526,451.3082539385884,61.22175828926503
297,0.6251725389343245,448.97263779554646,54.97927298506861
298,0.627266923011265,449.9566727988244,55.83926380145968
299,0.6293596211388142,448.67539204861424,59.10511379369847
300,0.6314513250607457,446.5744103803549,64.2782545681886
301,0.6335475720513941,444.8363030972166,55.6342575336203
302,0.6356444982495617,444.05195633931197,61.34559738413769
303,0.6377358562255245,444.22084975040724,60.587897138107756
304,0.6398302949107263,442.70556239163056,59.77407357706476
305,0.6419256185614247,441.65051222481134,60.43574692668879
306,0.6440214843206593,441.10518044248346,62.24668771005969
307,0.6461142033434962,440.5392731309833,66.55028913780362
308,0.6482061138478032,439.5135189756845,62.25486962372438
309,0.6503020867345045,438.7290438857817,65.99056801745445
310,0.652398185537932,437.9532516790248,64.88237174195659
311,0.6544932048530038,437.1134130150882,65.05936586621728
312,0.6565867871776386,437.3773086622487,70.35806361069822
313,0.6586827890115348,437.5374982254784,65.83163051471539
314,0.6607793300725506,435.55255296472654,71.02825964826545
315,0.6628724964198541,434.15711016790766,71.19809996895737
316,0.6649654402217313,434.3814950518591,73.35947695434187
317,0.667059865407609,433.34579567041146,75.00302765473295
318,0.6691532523078332,432.18514265277395,75.06231812881248
319,0.6712457992597233,431.5202937352571,73.0959249446516
320,0.6733390782258323,431.93154227286453,72.76966321134692
321,0.6754367503383576,431.3051602775964,72.25246133148839
322,0.6775335143160066,430.30541435221113,78.59349291143872
323,0.679624621064033,429.12534865407196,75.23998486756552
324,0.6817180292738917,430.2684150013513,78.44148487970456
325,0.6838149015047629,428.8165190086968,78.98712559896458
326,0.6859101434268815,428.60303002916123,79.21863189457764
327,0.6880046468184081,428.6445785235229,82.84885228768142
328,0.6900999637264865,427.626919627126,80.36835814285071
329,0.6921965733216279,427.69991509780635,83.5191678210804
330,0.6942884945981568,427.04309687909705,85.19867407510127
331,0.6963781649531228,426.4567176864313,86.52865681014171
332,0.6984747371200234,426.1484280573273,87.28603724704583
333,0.7005690388882679,426.29899509947177,90.27041971393517
334,0.7026621579778546,425.05876387509744,91.91127915943618
335,0.704757268847954,425.21665335043133,90.63539744696791
336,0.7068509057629639,425.4102895311922,97.49222553670903
337,0.708945644402387,424.5318537448393,94.67410912939891
338,0.7110406815970572,425.2533496460541,98.03628271082002
339,0.7131372373036142,424.4472181942963,97.07982349499903
340,0.7152323589250973,424.4277118795779,100.21027667772618
341,0.7173245162021571,424.6356987393415,102.89909625892004
342,0.7194199711852413,424.6262534162439,101.33631032258762
343,0.7215151322330351,424.30816512096845,106.32128949401684
344,0.7236102334592447,424.2846692230016,106.5953312022484
345,0.7257047129497166,425.178416012353,109.31997624124637
346,0.7277958825256088,425.32808670662683,113.51809266614124
347,0.7298900912292255,423.84938542463516,110.45823450747238
348,0.7319867159780691,424.6687386264969,116.74759617350915
349,0.7340808521059053,425.3226500552596,117.00644775884425
350,0.7361738853270124,424.6888910367947,118.85397163874133
351,0.7382682123604443,425.58601338694956,122.6690979772547
352,0.7403641944498084,424.70956780483425,121.81314471114736
353,0.7424576311971561,425.2311462972549,123.90534657557512
354,0.7445523870480827,425.3361513356578,126.16062183041366
355,0.7466478284648128,426.19510136013275,129.6427907855902
356,0.7487413917548734,426.5873172810784,133.0427432242002
357,0.7508354594737505,426.89657251846506,132.8490507161655
358,0.7529278056847568,427.8448104852169,137.40470687929624
359,0.7550230257904859,428.5939675243281,140.71851028333762
360,0.7571167923480437,428.86379796067206,145.1977971662018
361,0.7592113317151179,428.74065067637974,143.9856804937345
362,0.7613074731933067,429.52421757126973,143.27909429873134
363,0.7634009581307508,430.23675883556473,150.26394298964732
364,0.7654969266569684,430.28006314507036,154.08910802774457
365,0.7675905899780763,431.08704076449607,157.37175182516384
366,0.7696837880547684,432.2293319580034,157.7039388861121
367,0.7717795008463626,432.2306058235785,162.14238467230447
368,0.7738757788346248,433.51419441877147,164.97313452209602
369,0.7759706260990727,434.0505221017014,166.63923981231397
370,0.7780620795267656,435.81110960439366,175.60762811707212
371,0.7801559906208961,435.890116325253,175.45648082201586
372,0.7822523136569128,437.05974803760853,180.16517287594755
373,0.7843481481853999,438.1580118417892,181.8203420516953
374,0.7864425511046899,439.05630480186596,186.07463509994474
375,0.7885343495966205,439.71323506740316,188.34790854801906
376,0.7906286372458883,441.45256665114226,191.27083880598695
377,0.7927244345313397,442.01368317613276,198.0265883278772
378,0.794818005513127,443.601431563036,199.28187709585757
379,0.7969121491149282,443.6325476501554,206.1635360766585
380,0.7990047112993173,446.3680265455263,211.3921162593817
381,0.8010984966914405,447.56778284541537,218.24667184606633
382,0.8031950165575023,448.08708206119735,218.7223397847951
383,0.80529055904954,448.89336916523513,209.6855145989706
384,0.8073868607794276,448.9965231507906,185.1380728463217
385,0.8094799923089985,447.8454670072273,166.7822630299783
386,0.8115723232550889,445.93443489739775,138.21560109467657
387,0.8136672975922271,445.76645378723543,123.50933726099454
388,0.8157631100610689,444.9070049834817,97.16973037698772
389,0.8178569790142735,444.9270055319217,78.7606064798476
390,0.8199506303068442,444.3746584001065,56.42241802322546
391,0.8220462665916841,444.0646841796443,36.84207440981361
392,0.8241405937791958,443.25423758342754,14.37240325098601
393,0.8262325853224312,442.7680692429108,-5.155109509928126
394,0.8283265675885274,442.2906428371411,-21.492109506137865
395,0.8304231027322762,442.1092065945674,-41.5886481426298
396,0.832516312308734,440.834881650676,-57.47156242603557
397,0.8346104967180491,440.3865392968305,-75.63689188360196
398,0.8367055646585567,438.8027899427211,-95.18946293693372
399,0.8387997810841866,439.7529637697657,-110.10810486919556
400,0.8408959249120883,438.67927092135477,-128.33116859859322
401,0.8429902851163829,438.80823382850764,-141.5478596989144
402,0.8450834013034724,437.89683259432286,-162.1599599720998
403,0.8471787052036875,437.7008011730032,-176.61274151841153
404,0.8492741754489669,437.39365318615194,-192.6807058282986
405,0.8513666186650054,436.68161821720423,-207.3411155411664
406,0.8534586558453424,436.9474323960648,-223.6662466897563
407,0.8555555147205227,435.57556751991956,-235.76521099012527
408,0.8576510528712873,436.29901140447186,-252.38457459993748
409,0.8597438531231701,435.2816662317781,-268.34062302124346
410,0.8618396600787528,435.7388823645207,-281.3395423146677
411,0.8639352641137702,435.4832841767796,-296.44184231155947
412,0.8660278348127696,434.8766129818411,-306.5995146871002
413,0.8681190723532742,434.24852970309684,-323.18689906967177
414,0.8702145301226206,434.0004445340379,-335.45331612411013
415,0.8723097299260473,434.4640028200948,-347.5724534976081
416,0.8744009465527449,433.3333065647827,-360.38168482836386
417,0.8764962014565297,433.35909233608277,-375.092369893875
418,0.8785921785819074,434.16692229781466,-385.0953607096247
419,0.8806862529738079,434.1784005745194,-398.4634471101555
420,0.8827803474942315,432.8133630382886,-409.5965808924646
421,0.884876552415157,433.09562150665107,-423.80958829883906
422,0.8869727619955021,434.31440385149926,-435.4101541599634
423,0.8890661549276524,433.1682638432766,-444.2734719093004
424,0.8911606435626759,432.3757191812516,-455.73943955705386
425,0.8932564177642083,432.3208832026814,-467.53061820243005
426,0.8953515942364704,432.5275708833699,-478.23035618886155
427,0.8974449590572777,432.3785783238691,-487.64713832220224
428,0.8995380126042275,432.4058013059732,-498.29425476700175
429,0.9016308480731973,432.3518572241161,-511.33436478409465
430,0.9037248205752632,432.2729305541829,-518.8332070815109
431,0.9058194398636225,432.6242432863141,-528.7878084658133
432,0.9079139093175219,433.36236778508953,-541.5706148583939
433,0.910011764746055,432.84946483842253,-549.7599048452746
434,0.9121056647167038,433.627570963367,-560.0156229023208
435,0.9141967683902507,433.1949649500702,-568.6936963833789
436,0.9162922424058753,432.6817194365893,-578.5719971815428
437,0.9183868595164038,433.1987156253153,-585.0699232321753
438,0.9204815946523948,433.10062674744375,-597.8253009967933
439,0.9225765682279964,433.8750641035462,-607.3327943511233
440,0.9246708776548578,433.7370289924015,-615.8138451448723
441,0.9267650233208798,434.02243104155275,-623.7648022297012
442,0.9288581102404102,434.56401906810066,-633.1957638642886
443,0.9309518934142385,433.8202356162632,-639.3448869790459
444,0.9330469160925099,434.5463440120605,-649.6052355283579
445,0.9351415764644654,435.3719204224376,-658.3367120706935
446,0.9372369506587555,436.5139665601898,-669.5198445122552
447,0.9393287530448476,435.7497603569828,-676.4118526327032
448,0.9414229216419412,435.41938496932704,-682.9385017469871
449,0.9435209341962445,437.07942504738344,-692.9628396174517
450,0.9456148252799238,435.6697704092249,-698.7060349334283
451,0.9477091255207061,437.0302500133006,-709.6331867124262
452,0.9498037238864095,437.5600682114912,-716.1182428392905
453,0.9518981043411001,438.36127009672333,-722.9928380296584
454,0.9539914706287521,438.9465435805437,-736.4937385059483
455,0.9560859977890608,439.735231231376,-740.3291063900956
456,0.9581821096695351,440.25361676071157,-750.7336293199949
457,0.9602755737793266,440.2498156399025,-753.5597118319149
458,0.9623691838562978,440.4707905069393,-763.1689620210519
459,0.9644636726355348,441.78967514926296,-773.8940951928965
460,0.9665572681340019,442.8988710481069,-777.1321336555867
461,0.9686506726657692,441.91459234534113,-785.2063341963362
462,0.9707453651438224,443.3156509315273,-792.6584790566276
463,0.9728397447984573,444.2887885572668,-802.7559277676048
464,0.9749341599912872,444.74085611303684,-809.4114161333392
465,0.9770309382258842,444.6130231763867,-810.8225308520151
466,0.9791243621626365,445.23649276645136,-821.5888089135296
467,0.9812186011668534,446.8842429053896,-828.4243179616044
468,0.9833152549762485,446.9753722314805,-835.1255650030514
469,0.9854083366977224,449.1704683481004,-846.3540889894549
470,0.9875013366256304,448.4924136489224,-849.7799631570168
471,0.9895964031766183,449.8903627425968,-858.4323464592437
472,0.9916911272506032,452.29769505207463,-867.9911298336228
473,0.9937856031740195,452.35992646466616,-873.9013930436665
474,0.9958807301039379,454.06906084113956,-883.4525913612491
475,0.9979746323874407,454.95770797568025,-888.4965964048267
476,1.0000664008054638,455.38899987083494,-896.7619606813017
477,1.0021595314674534,455.87069870352394,-900.6876844432269
478,1.0042547648495364,456.46110242761193,-908.5451845323531
479,1.006349085630113,458.06698202622,-918.0819542570231
480,1.0084443367657523,459.59381497624565,-922.5805974410882
481,1.0105398481990022,460.6411663417015,-933.2249152143817
482,1.0126348213072522,461.6635926047435,-938.7007989492043
483,1.0147293432188107,463.1094349773668,-945.546186072794
484,1.0168223222913106,464.56169545946204,-956.3738285834091
485,1.0189181991118834,466.3861856976968,-964.2316865515957
486,1.0210135889667047,468.2060349720083,-970.31397037423
487,1.023105517395174,468.6771841821783,-979.3712132437441
488,1.0251997072975425,470.27317322159666,-983.4103077580434
489,1.0272950549324347,471.2675292201842,-992.5272931268387
490,1.0293904044607038,473.6373592355326,-1000.8090927362226
491,1.0314847550764672,474.62970638672226,-1009.8150428596316
492,1.0335791521913305,477.05608584525464,-1016.5741599034957
493,1.035674282724225,476.6535213570996,-1026.0238571545835
494,1.0377683744197583,480.2115243094602,-1032.8308240358576
495,1.0398611358062981,480.3040147990622,-1040.6808982908246
496,1.0419559810580585,482.58769698796095,-1044.8186584667853
497,1.0440519355231435,483.73127218406376,-1055.9437915883389
498,1.0461442665368221,485.99247443759106,-1066.397243697433
499,1.048238151325366,487.20385525044014,-1074.09063876795
500,1.0503312794335307,489.5081961225133,-1082.623245694653
501,1.0524262698953144,490.162642364057,-1085.2717693537345
502,1.0545208315883745,493.72111853721907,-1100.5500001189962
503,1.0566150350094698,495.34572971507197,-1107.514742215918
504,1.058711440318921,497.1632512227607,-1111.2227098077885
505,1.060803734980524,498.73953930262047,-1122.3256827941038
506,1.0628970711462522,500.7807436658686,-1132.4113845565034
507,1.0649945592352892,501.95026163139363,-1140.2798790809265
508,1.0670895920886003,505.6851400503723,-1152.4351467219435
509,1.0691815189460832,507.0017524016371,-1159.7660937780224
510,1.0712752972137536,508.79384405870275,-1170.9584411454327
511,1.073371173619778,510.9488311244735,-1178.142330508234
512,1.0754657024825272,512.9921702185256,-1187.6034007963262
513,1.077559391113827,515.6441808572882,-1198.7454136975925
514,1.079654167044188,516.2458588899837,-1206.498222743828
515,1.081749685406742,518.4438510824326,-1211.5868895542094
516,1.0838429051818583,521.238805533405,-1225.2225355219828
517,1.0859346611894292,522.9692817788844,-1239.5093855837606
518,1.0880274765489322,525.912845888592,-1247.9543720217687
519,1.0901226378244568,527.6757177163181,-1259.8872450940582
520,1.092218906510469,528.8296449164267,-1268.3551365716778
521,1.0943142405516277,531.9867649726993,-1276.749372949716
522,1.0964083656069452,532.3524783814808,-1290.9765803698076
523,1.098504575117021,537.6970110862145,-1303.2783076292662
524,1.100598880587325,538.9448236519922,-1315.7192887052106
525,1.1026907648634887,538.7080857208704,-1321.5390668298687
526,1.1047864761829782,543.7958214761871,-1339.2878053581205
527,1.1068805633882368,543.9469703729087,-1348.266153174933
528,1.1089715885079452,546.9808367329431,-1357.125211848337
529,1.1110674731376504,545.3535764549115,-1367.6210796223234
530,1.1131638031712348,550.6140037298436,-1384.3453939091453
531,1.1152567400703868,550.9247139117184,-1395.3532322864762
532,1.1173518797395834,551.9617365235698,-1409.5681469067135
533,1.1194466841667583,555.1198041851617,-1424.9770957695441
534,1.1215386388653605,554.1090415455132,-1434.800140244927
535,1.1236321502294464,557.1240621597111,-1447.1009890841458
536,1.1257265608788465,555.3826981572063,-1459.0343209735993
537,1.127823511019811,557.6841020120577,-1470.9136909936872
538,1.1299186917312898,554.1366901975623,-1478.6984594130824
539,1.1320102853860914,557.0519559637594,-1503.1615998605505
540,1.1341022265777971,555.7702016803174,-1511.698973993616
541,1.136196488705377,556.3394903131959,-1530.4781607193122
542,1.1382919496812383,556.6715732881476,-1548.2296073941382
543,1.1403848113573067,556.2704664270508,-1558.5663784796147
544,1.1424801205078854,553.4798466078507,-1563.671822014264
545,1.144579099546908,555.7618738959966,-1576.4395532353142
546,1.1466743733674984,554.3700496596653,-1587.1928822603606
547,1.1487627957344069,554.7890944247912,-1600.571953908891
548,1.1508586543248278,557.3274129898542,-1617.4811548519517
549,1.1529561980713183,559.9382732745803,-1634.6660098371983
550,1.1550454984226184,559.6520109065943,-1640.8815636771837
551,1.1571409429142046,561.8824804873447,-1656.0334204024568
552,1.159240859340017,561.2058823013672,-1664.9538230191133
553,1.1613355832020602,561.1312364682608,-1672.357705441016
554,1.163423871831942,564.2859983603233,-1691.9663073957918
555,1.1655188736812345,561.1005796747672,-1690.4757805412298
556,1.1676174368768866,565.7324774554506,-1710.738706959309
557,1.1697080797153998,564.7854264796491,-1716.2459078108063
558,1.171800206369591,570.0732695970622,-1742.4666810613987
559,1.17389591489135,565.9494159996568,-1737.7194664148262
560,1.1759888523797297,574.6451862376315,-1769.2485697216703
561,1.1780809947202961,576.6464430523844,-1778.2820967265366
562,1.1801761196344618,575.4969788471469,-1782.0059132213462
563,1.1822736635654147,579.6829065688959,-1803.5521905986388
564,1.1843710306693693,577.6203312082168,-1801.140426441799
565,1.1864625384002512,584.8599119944281,-1831.49554710692
566,1.1885545198904406,583.4060026843365,-1833.0616284749176
567,1.1906522613678343,587.6887395024114,-1853.217126629626
568,1.192750069492095,590.4491627577607,-1865.1706583775763
569,1.1948381381583106,591.1317856690688,-1875.9112539464359
570,1.1969297222624806,593.994809648707,-1891.8564128391313
571,1.1990290164311135,593.7603504809631,-1897.257247495428
572,1.2011243924560484,602.4818883221529,-1927.5587730198656
573,1.2032149592826593,602.7292469720861,-1936.0176187625666
574,1.2053132365828256,607.1973755733916,-1954.2627577701812
575,1.20741576508926,608.1022194604648,-1965.8466896644293
576,1.2095030565711475,611.0101921643427,-1977.1319445196352
577,1.2115949657999687,614.3785103823054,-1990.0650301360404
578,1.2136960046145377,614.7651638132054,-2002.285443394291
579,1.2157928316049589,620.2235990737847,-2021.9803183526878
580,1.21787984102748,622.5029647122186,-2032.2084896195872
581,1.2199725120701903,630.0129431029668,-2064.1134579575655
582,1.2220773486348555,629.5161904172455,-2065.9684521044096
583,1.2241717280648772,630.0038171562547,-2067.5769128885654
584,1.2262574809145717,640.7078857339376,-2108.2578259776515
585,1.22835205989159,636.2824090403703,-2098.5870799522095
586,1.2304511070315651,645.7271297526538,-2130.6446122154466
587,1.2325439941641703,652.40834915026,-2161.412404688752
588,1.2346327282165248,653.0103565648748,-2165.390058877374
589,1.2367296121231413,648.3224234675048,-2156.4429011334605
590,1.238832433751825,662.4502059667119,-2207.3504987926494
591,1.2409238541102623,666.2548555317043,-2226.332841235095
592,1.243012379245932,668.729841426692,-2236.0702904757327
593,1.2451094606314712,677.9965901741625,-2273.1731635270676
594,1.2472066170026377,674.6919314684561,-2264.303560186801
595,1.2492929515805862,687.3125838381601,-2308.60438406092
596,1.2513843202334647,687.4376240459057,-2315.4943026250835
597,1.2534920777891505,696.4045589990267,-2346.621370393037
598,1.2555889180496558,697.0064062755903,-2352.0203523964583
599,1.257667580798784,703.2609162609173,-2377.968044443929
600,1.2597632986068967,708.0247475012319,-2394.8532354527506
601,1.2618709074503869,711.4771433640859,-2410.8168434797703
602,1.2639618917954016,720.6079950841153,-2445.1224888856746
603,1.2660463256389345,722.6717472939966,-2455.2627250007395
604,1.268151380164154,730.1909573364076,-2483.008265896145
605,1.2702573897615381,742.2909429053074,-2528.7140284563097
606,1.2723329096911193,746.1351495205222,-2546.086238320716
607,1.2744197010315288,756.8227832283974,-2582.221207335721
608,1.2765327006010119,756.4172859018898,-2586.0512364036126
609,1.2786342467193723,761.1197191385872,-2601.89011001594
610,1.280707182799757,774.9901051562928,-2651.5381539936093
611,1.2827931530633179,769.7231807580641,-2640.8802917967655
612,1.2849085387747612,782.4314003947568,-2685.360228828713
613,1.287000364654089,794.0715427857187,-2725.7623514384613
614,1.2890781709908103,809.1684455033215,-2782.1615819084377
615,1.2911842108955598,805.3586038783088,-2772.765073192495
616,1.2932965864662813,815.0998311739377,-2804.4422801673136
617,1.2953774115066516,821.4031970080716,-2827.8742310055068
618,1.2974494068131983,827.1569534388814,-2849.138942451726
619,1.2995653278098822,838.5549447448308,-2892.548504658586
620,1.3016791376111048,853.6536643300115,-2946.788869556106
621,1.3037423234004764,861.0826889745755,-2973.6612737810287
622,1.3058199114096363,872.6665058308186,-3014.606234361946
623,1.3079467955462118,871.2473469644385,-3013.043640560254
624,1.3100601882305882,884.7111224717468,-3062.155693556971
625,1.312113308135768,882.0940246517414,-3052.2790088689476
626,1.3141962752176515,915.1697002338556,-3169.752071267828
627,1.3163277077674513,912.979162501265,-3169.472817039749
628,1.3184175493918626,938.9712860049106,-3258.697195981061
629,1.3204856618221223,948.8027226500111,-3295.689380978067
630,1.3225968812824558,950.8283318347777,-3306.7919619224044
631,1.324712528812616,970.9219176813237,-3373.3039226052906
632,1.3267701241226586,979.7646765843319,-3404.0838891439616
633,1.3288455369869492,981.1671702255521,-3410.9962823700184
634,1.331007859279665,1005.705931196714,-3497.9819393468065
635,1.3331193077637633,1025.0689227222,-3570.865874686341
636,1.335111114646517,1018.2704865735894,-3545.4131284860696
637,1.3372000138113185,1034.9194486847296,-3605.731690002118
638,1.3394207042773567,1052.3852881608866,-3665.6843550741573
639,1.3415191831855293,1066.091641551242,-3717.87770963369
640,1.343419658472025,1116.391682332256,-3888.087837794914
641,1.3455475267642247,1096.5903178897659,-3826.1796502879884
642,1.3478257671998863,1129.5732498533584,-3940.4597402864215
643,1.349910545699746,1121.108884321914,-3912.923112486376
644,1.3517701887420612,1171.913257656232,-4088.935618825227
645,1.3539417100377606,1146.6303325759493,-4003.2944535848783
646,1.3562514521124112,1225.9135959683317,-4284.352217283847
647,1.3583044750242828,1180.0023867547902,-4121.8620762574465
648,1.3600937081391848,1190.0095605407103,-4156.236363650182
649,1.362315666351114,1245.2783300949745,-4355.004237619394
650,1.3646739887244697,1228.3221023709498,-4296.198892063684
651,1.3666040349314283,1280.0541193017705,-4472.379100886614
652,1.3683585203137423,1314.881100305281,-4597.036865219376
653,1.3706879171444677,1282.0651936823026,-4484.5764917079405
654,1.3730812726720756,1407.9719527011123,-4923.209279064573
655,1.3749143385354152,1396.3831092035798,-4884.111280101455
656,1.376679031839902,1414.6389790910814,-4949.593617940766
657,1.3790764132796052,1380.6846244182584,-4828.293861355771
658,1.3814727924700456,1373.226690255144,-4806.806636450816
659,1.3833424067073374,1444.9942463745685,-5054.572503375338
660,1.3850593718572481,1451.5364300881997,-5080.1619949887345
661,1.387433769507078,1230.6056275423928,-4308.128551675495
662,1.3897620281243455,2070.5167950532878,-7246.111609763321
663,1.3917897627196847,1888.0395996795985,-6610.9727915762805
664,1.3929979117318791,791.7327375496662,-2771.0645814238314
