,k,Pk0,Pk2
0,0.0029665470748989845,31131.054376720884,-53348.37168478646
1,0.005026374055021859,52811.46007199178,31018.742358898166
2,0.007149300621522788,68475.20194833443,-2471.88052782591
3,0.009278869254964255,55962.08373209948,-14136.796665931446
4,0.011450332619344701,59283.911600195046,26800.5937347838
5,0.013492955871419151,62625.76096952835,-6750.592314829911
6,0.01558905561191893,59419.96707872822,-2450.1028504431138
7,0.017694083672553172,60203.22510187494,422.8077902376269
8,0.019817874803135297,55487.4336029367,3730.095996814546
9,0.02192074938196264,47311.29687870333,4970.816568128232
10,0.02398877635566245,46052.57766861299,-5160.476762652701
11,0.026092869718961156,40489.469312553985,20.21236896626933
12,0.028234663152781798,37108.49382886419,3318.577313383816
13,0.03032284873509123,31953.46005927311,-427.04069412377305
14,0.03240263258943404,30200.069444587665,-1670.9907977121973
15,0.03449210129864554,28148.38073498537,-890.2949526456115
16,0.03658588147515197,25800.737332076467,-726.3212761180249
17,0.038684769492669774,22137.76266303866,1479.3158871962255
18,0.040788988884582836,20794.224355688584,-843.1308347667449
19,0.04289390876967646,20621.847187811807,-1210.3114046624735
20,0.04498336005546935,18587.318970350334,1277.7628326254671
21,0.047064985294738244,17973.105604012126,-610.5575451556272
22,0.04917111919158227,17593.422233473466,-112.19875732223981
23,0.051262169141742274,16811.493141473486,-1738.8602364610097
24,0.05335525146837034,16415.24885375044,627.9437494654462
25,0.05546637228956934,16402.401792586945,1724.5231341511576
26,0.057573188192548086,15817.912071027315,-217.8753218771726
27,0.05965884044590281,14979.758656806933,-104.3831210504847
28,0.061745123021595065,15105.768735005373,-109.89421242513438
29,0.0638268929113719,14729.598820438165,424.0643653832597
30,0.06592966228838451,14029.913204952056,-849.1104849360529
31,0.06803125784825748,13336.818434078126,-142.0930163455516
32,0.07013131008699486,13073.641637678922,644.9546966981375
33,0.07223032366074338,12299.949221222945,575.0819522418075
34,0.07432334270720506,11517.738501329051,70.42787406519516
35,0.07642066756954473,10996.892751033189,122.34465745295553
36,0.07850471694556041,10374.563435363087,267.8127142784696
37,0.08059701946059529,9797.82692092896,68.2350436326573
38,0.08269521798132064,9215.572788949683,-59.09077078192494
39,0.08478307522909848,8649.718148155189,-21.863517309886547
40,0.08687780839616016,8371.069021371812,184.9136889055987
41,0.08897524569656534,7809.906340499389,168.80408919990256
42,0.09108077810470518,7542.077363994842,193.81954745558045
43,0.09318432266948053,7153.122733841197,197.51653646951578
44,0.0952788764104831,7028.470497938095,-86.69512447691467
45,0.09736254237981037,6805.379497746207,267.0615640869317
46,0.09944832814799408,6630.940439085472,24.111462162596755
47,0.1015460879802399,6520.6890508463275,3.2755453754929875
48,0.10364263756677322,6381.324354581989,139.83631052197882
49,0.10573893905394659,6285.881478082144,102.36596629069743
50,0.10783958559814742,6047.395004814077,-23.645719992015223
51,0.10993894058501318,5982.71308033838,62.1054767255715
52,0.11203921431523854,5981.167102268194,-111.2745402056161
53,0.11412334585697578,5849.49853232485,-35.28200031908684
54,0.1162159397555423,5768.540968842866,67.54262501850512
55,0.11831372048037725,5614.338433696175,166.97959313380363
56,0.12039723118070132,5503.010343879284,334.27336477289583
57,0.12249223631878574,5365.846512456468,-10.536074632209052
58,0.12458825984258635,5244.658121398076,97.1602841110296
59,0.12668846771583772,5059.036322012922,-79.82445321086098
60,0.1287846620419941,4969.905218387567,28.896440492934058
61,0.13087133937881498,4804.740634131314,-31.6019144407911
62,0.13297548334406448,4660.898709164674,-14.471070967693496
63,0.13506910815256093,4558.852012260619,64.2385717226586
64,0.13716388258568254,4402.656239009953,16.642790678405287
65,0.13926047573721634,4349.432501588868,210.46537986794468
66,0.14134668829083769,4183.248508486438,-72.62708715618183
67,0.1434475230090064,4033.4475610020377,111.40754915685143
68,0.14554528534185418,3944.4266205756508,39.4006497678657
69,0.14763320610735878,3903.7164916805045,46.69602874439051
70,0.14972114728432864,3783.450729136851,-22.813102361115547
71,0.15181380487515775,3705.059856332093,167.47583554700108
72,0.15392114901003526,3638.3123307732503,160.27377149297197
73,0.15602147473412367,3567.226612933066,132.46678748409482
74,0.15811617475881218,3490.6484349696425,35.68915802885034
75,0.16021187122717997,3442.178559888571,73.94075248488228
76,0.1623006419462899,3392.8241852521187,85.0333745891201
77,0.1643899033199985,3339.5234133241092,49.368373736071604
78,0.16648355823815117,3307.485728274293,33.09186838395854
79,0.16857196837784735,3255.861499241822,24.71213916273596
80,0.17066413320893647,3183.5853566207647,50.34217890160538
81,0.17277086992561352,3148.192051836641,-26.329525178491757
82,0.17486965460096995,3076.3776958305407,77.60784410397116
83,0.17695857694944453,3033.6989077397743,135.6279097936605
84,0.17905245093155753,3013.481821734444,122.85000756161175
85,0.18115265212612636,2933.883628924948,31.39452250440577
86,0.1832476884130739,2880.286158560454,118.6356708574661
87,0.1853312475833926,2852.668745054323,32.04236505885311
88,0.1874284892203219,2796.913731633441,68.69298882965163
89,0.1895337179075755,2764.6058634003475,15.360934683067157
90,0.1916268196474026,2695.9478914337683,42.584606450178505
91,0.1937183403446853,2664.473896723029,62.86872023299689
92,0.1958131498886989,2626.3884093632905,124.50572034571223
93,0.19790587400989662,2603.772419544906,-0.24436072550330623
94,0.19999906515978938,2565.01091035284,38.46589236848221
95,0.2020893038374759,2506.2580265394763,67.132395651363
96,0.2041823192148178,2474.2443025274865,6.104561272933943
97,0.2062825911013838,2432.0345576356826,14.110959254735008
98,0.20837701891459662,2391.187403191464,90.11901210827163
99,0.21046758167944032,2362.456463869529,74.07095145219742
100,0.21256678542440183,2330.393880961249,23.835556794735307
101,0.2146619261104852,2300.598853517436,32.62931437251978
102,0.21675618057220372,2274.0951598825136,112.32969263747032
103,0.2188528705899679,2272.918312976075,4.254294027900817
104,0.22094564274530842,2224.658716340942,64.31610525299702
105,0.2230395148320731,2190.789604941365,43.390244612432355
106,0.22513567328585352,2181.224757275692,12.960338765922529
107,0.22722785048644015,2152.968167833288,46.30091616558934
108,0.22931975112872324,2118.712315222784,43.027056305274265
109,0.23141147723465103,2102.167154954789,60.631751320482124
110,0.23350584674782457,2066.8758066102123,89.27495411199715
111,0.23560416522029054,2041.5929660211402,51.61525699218228
112,0.2377006336558307,2022.359511776411,35.49458906627673
113,0.23979727503904752,1984.7878758886543,60.57366036577385
114,0.2418944602532704,1977.238981669494,66.48545968240612
115,0.2439884227569783,1940.8305876512231,26.593187950179615
116,0.24608359968283072,1934.012869254829,30.77298443454265
117,0.24817552807053123,1909.6515270698947,30.751307565679422
118,0.25026237006475704,1887.5902037318663,74.26682284820835
119,0.25235861551053484,1876.3457090538284,26.398630206328903
120,0.25445470778669854,1839.5102048170272,54.805022583633125
121,0.2565487653287422,1815.4185873139177,55.8023806354856
122,0.2586464955058471,1805.9520467796717,68.72742664634721
123,0.2607443047329862,1790.3310667928843,74.00507153492889
124,0.26284383121734134,1779.3068969834703,31.230479690468034
125,0.264929885565984,1743.0853352696852,76.04802212293332
126,0.2670163698864118,1738.7065671436883,44.43484189508087
127,0.269112135390912,1722.9780274200498,39.96130725135472
128,0.27120764961246213,1697.858477801775,42.89409630149284
129,0.27330509996536784,1689.08172143098,88.75818688156136
130,0.27539842121309294,1675.622044529371,28.58162506928302
131,0.27749656900268016,1645.8881422685306,61.363528379034186
132,0.27959864364035925,1640.5410620099083,55.08008662659743
133,0.2816878213234348,1625.9436039354478,50.38432837681499
134,0.28377609558542155,1599.0056929992134,40.584496532023046
135,0.2858732754634003,1594.1978250247664,22.57417496517196
136,0.28796861590208045,1564.0791375257954,53.56869768447842
137,0.2900612915162532,1562.5366286230665,57.50517265039036
138,0.2921547032025089,1545.3466994752678,42.6009830911084
139,0.2942501291133245,1536.5512588911656,41.214063375672715
140,0.2963444256131289,1524.5420310982458,57.814701981544474
141,0.2984361415704375,1508.8378072416904,34.270216593691444
142,0.3005318840555698,1501.6132826900266,32.57442500806811
143,0.30262777760316095,1483.776212979526,48.607950704932264
144,0.3047248035439954,1475.337641252482,34.261400075615235
145,0.3068210272572538,1467.8533985183287,28.97396278993151
146,0.3089144805088237,1444.2682454003095,35.52260811400453
147,0.31101080657849756,1432.1733565471475,54.853570375880636
148,0.31310885951912926,1428.4303505237951,62.58205168891937
149,0.3151991603466065,1415.4637295959656,45.903142690301
150,0.317288667284839,1403.1397267875127,34.85877581815254
151,0.31938044185106124,1394.2918682513468,45.81615805458217
152,0.3214783648369702,1381.01159338331,36.01126598677025
153,0.3235785211189416,1365.8374910482607,32.715420857220195
154,0.32566935894833426,1356.522136881974,58.187160927913304
155,0.32776077751211374,1351.0157872455868,33.29556175716734
156,0.3298523230655558,1337.6778442871716,43.88752740143596
157,0.3319485433973702,1328.7927609798996,50.013277511656526
158,0.33404540358127904,1320.363705281855,48.46519129815814
159,0.33613494177837844,1306.5215830880184,28.647438013412007
160,0.3382313832787478,1301.6722033733324,47.02530326101851
161,0.3403308518124324,1285.5703665617098,29.280368786655036
162,0.3424246601457981,1276.209769692939,49.45595425451294
163,0.3445197272986724,1275.8680820680745,36.74572816338684
164,0.3466158524641983,1261.289362714092,34.94365568632114
165,0.3487089916477683,1250.6827385014162,39.07172278603236
166,0.35080114560367615,1241.6152136538888,48.52208167312285
167,0.35289356821720286,1234.8010457075711,36.22062420971269
168,0.3549881110219297,1218.8838509195032,52.082271838798945
169,0.35708559248027844,1224.7987605150965,54.52263839154235
170,0.3591813496003593,1211.933315235328,38.45783667070419
171,0.3612749400626811,1204.1305886523446,36.75216413188759
172,0.3633693413142722,1196.4050083045597,45.69537577925536
173,0.3654632219855477,1189.7361431172988,36.85293215731409
174,0.3675603773529471,1178.0275860591082,43.82338379171777
175,0.36965434919829326,1170.7436870289032,50.94376766285028
176,0.3717418094879197,1159.2907674612127,36.01462987437826
177,0.37383404253825586,1155.4037984486908,51.67657121750073
178,0.3759308579415973,1151.8838003120254,36.795085503738264
179,0.37802985088946095,1141.9921722594831,45.35743601867436
180,0.3801213498834686,1133.1831590412626,22.642735322247226
181,0.38221306010699313,1125.460854549331,40.950668285227984
182,0.3843141376638833,1115.2370060949852,35.06004475987417
183,0.3864096355836929,1116.6507309027,50.73513258308711
184,0.388502907295756,1109.8829762488658,45.026668045239134
185,0.39059769208540335,1103.8342930700576,42.616363556635335
186,0.3926958121232196,1095.5692029836134,34.13091724523875
187,0.39478921808384226,1088.8794169006167,27.02021083769611
188,0.39687821409975554,1081.360254998762,35.67214504442156
189,0.39897073627813356,1078.9163828449118,37.78798937265667
190,0.401067192451382,1070.3906680663154,38.45125827139262
191,0.40316228148056854,1061.5692898371046,39.400226402096635
192,0.4052546340249366,1054.320093475308,33.81333043428678
193,0.4073499183903822,1048.679916052648,37.36211496775264
194,0.4094468722071623,1045.5773394741218,47.758524540058836
195,0.41154432885897757,1042.420242938239,34.774748125625415
196,0.41363408239228544,1033.4701944918609,38.88936327626185
197,0.41572494638156243,1030.2829150923449,30.7607262683553
198,0.41782181997781404,1022.5005211779715,32.90065746947398
199,0.4199166506307261,1014.1224509072813,27.651669186674415
200,0.4220107143757513,1011.8581485087803,41.7639532552313
201,0.42410542949066876,1002.0810709454372,27.959785350468508
202,0.4262013850195404,1004.0068892024831,31.60044248344749
203,0.4282955296445312,993.9253242126571,37.44255152320285
204,0.430391806688861,988.1543500345796,25.3445366424167
205,0.432488575457924,987.6192358997267,36.99147887342596
206,0.4345806090039814,980.8954677380323,35.22508083975548
207,0.43667244097425384,974.2065756324307,35.66122466666108
208,0.4387671492209622,973.6191236851744,39.43117592822966
209,0.4408622534544343,966.6606859719988,32.584790483039214
210,0.44295516415095815,960.5544204047612,27.400235834213664
211,0.4450482683181851,952.123340042994,35.59033638942704
212,0.44714683875742495,948.1078197919054,39.82957125503929
213,0.44924362280569813,946.209434319487,38.005701393015606
214,0.4513338633316258,942.9800551704461,34.60002904949341
215,0.45342753643259276,936.261515368238,36.35381155153582
216,0.45552189548586586,931.6468176622595,26.510961842370225
217,0.45761716616081083,928.3627593660884,30.317383861310926
218,0.4597117909764672,921.1113544746797,45.96915980713682
219,0.4618031890496857,916.8441908656891,35.82205517427253
220,0.4638995470730997,912.797138407717,28.05562150313754
221,0.4659948171464902,909.4538035160436,33.678785000521955
222,0.46808929446972725,907.3580134544105,38.794078467881576
223,0.47018492649495636,901.7913376333508,31.168275390816156
224,0.4722792778491551,897.2864170963203,36.794093107998464
225,0.47437272572904565,893.4326422605005,28.57465581255933
226,0.47646593372141327,890.3867034809383,28.743350713218767
227,0.47856230727426236,887.9013696328162,30.049741624357758
228,0.48065904058976644,880.9356690738356,31.036159586425523
229,0.4827512226177774,873.360331522447,36.24680480169517
230,0.4848441163240575,873.9475077776394,34.1570298051381
231,0.4869397730506266,868.0012579813948,30.118695154121202
232,0.48903678813400875,863.8322479117252,33.822085093290816
233,0.49113096964965397,860.197164973216,31.520612109649328
234,0.49322332174786626,855.5441178693012,44.57910882817106
235,0.4953187148676145,854.073387531742,32.44705650483367
236,0.49741120358770496,852.0651556158398,34.624275813103296
237,0.49950082345999325,846.7420836353164,34.17658279381234
238,0.5015952506837275,841.4963126877901,29.34238761261189
239,0.5036919972981919,836.9875469205926,25.41229040673589
240,0.5057872116617207,837.8111202925885,34.03389153598373
241,0.5078828569897101,832.7646815082991,34.62007369109426
242,0.5099793452386306,828.945014614779,33.373053884574006
243,0.5120767256379639,824.2058760650734,23.823999374187558
244,0.5141702395931294,823.4547860317068,27.170578691089844
245,0.51626132102766,819.0743450179947,27.23191382152585
246,0.5183576899265504,816.0868828783912,27.075514041067038
247,0.5204524416424112,811.4166652603615,29.46751646909963
248,0.5225430403510469,806.7438006052399,26.906816929847892
249,0.5246378991347941,802.3355153345298,32.36539690585839
250,0.5267345150769579,801.3919110518019,29.189296505635628
251,0.5288284644781793,799.1811542244566,32.88402414348552
252,0.5309200047543352,794.139370100369,33.31901837199492
253,0.5330154787982235,792.8336472536803,24.28982972300919
254,0.5351140455458262,787.3763530613317,33.88752081881043
255,0.5372066203065362,786.4911537842993,28.391003384702202
256,0.5392991990272246,783.8780775819823,26.063980469033446
257,0.5413944118270408,778.581521363071,29.641503089093124
258,0.5434881995106379,774.9887078532649,23.783706261509344
259,0.5455829952492127,772.1973468042188,25.081635467631898
260,0.5476769745662954,771.3655965766302,28.63865431595413
261,0.5497697255495043,766.9114706696744,32.453407979193614
262,0.5518645446467839,765.74373631613,24.15797881152846
263,0.5539598571350287,761.6277057327015,26.28453378081065
264,0.5560564538950566,758.1187852257414,25.92860141444587
265,0.5581500505101624,755.6222251810088,33.71317674869292
266,0.5602409063261653,754.1614384689066,26.043131856755096
267,0.5623379637803174,751.6162246239015,29.1310632214571
268,0.5644363283026402,747.0300517578452,27.445415519323422
269,0.5665273824761494,743.3294960914567,23.116173666996545
270,0.568621249018378,741.4409621639937,25.574591866849737
271,0.5707181447612965,740.0215557580567,23.45840038288538
272,0.5728127938597997,736.9378560892993,25.397977251648395
273,0.5749070881546879,732.4413611288297,27.447640718666715
274,0.5769991470923068,731.0347099338486,31.232237897799163
275,0.5790956911760897,729.6632761652696,30.01290480151432
276,0.5811893306261757,725.9581818810478,29.522233710107816
277,0.5832802267374103,724.265115798805,22.743622305228037
278,0.5853761830306536,721.2746232807821,21.287553606269608
279,0.5874711784415975,718.1398685882407,27.32097216797713
280,0.5895653958899879,713.7239403140675,29.81568559974024
281,0.591659786459685,713.6145179873133,22.96318267573353
282,0.5937551851921442,711.5326662723111,22.33987499669048
283,0.5958498092767481,709.128052346258,25.277456615961935
284,0.5979447066705442,706.0838326426345,24.879462451947774
285,0.6000383505174957,704.3222575793914,28.373665632230352
286,0.6021313016181767,699.6680964866943,23.315603367781797
287,0.6042246965556944,696.9413585581827,29.793741852945047
288,0.6063189733697846,697.3270668863615,22.967177990180506
289,0.6084147213727373,693.2856899230271,28.497941470919
290,0.6105090855473989,690.7166109349241,23.981426373644734
291,0.6126037649785722,688.4045149638692,21.29851498087848
292,0.6147002391370655,688.2994504343327,24.608533250630465
293,0.616794938930829,683.6002016272005,27.76431882569871
294,0.6188886865784012,680.3557081217791,16.45607957398483
295,0.6209825762252046,679.7299354389482,23.571206193162947
296,0.6230764414889526,677.2274494369593,30.143021607507105
297,0.6251725389343245,676.2870093876286,28.63329901266704
298,0.627266923011265,673.1819759158323,19.94050678537765
299,0.6293596211388142,672.7863224967676,24.067226465303897
300,0.6314513250607457,669.3974077413286,24.67764778763481
301,0.6335475720513941,666.2949692667166,24.172443794679463
302,0.6356444982495617,666.5900038505498,29.327258029090864
303,0.6377358562255245,662.6883019558954,22.8862348078776
304,0.6398302949107263,659.3928280915314,23.897770960541152
305,0.6419256185614247,656.147187247933,22.205870725758228
306,0.6440214843206593,656.5983276731157,25.199921892364415
307,0.6461142033434962,653.3405391699504,24.369991412041138
308,0.6482061138478032,651.0462840284699,21.088490991864287
309,0.6503020867345045,648.9791842368703,24.47361976140719
310,0.652398185537932,647.2346374726353,18.921203845699647
311,0.6544932048530038,646.9228569874595,28.165527572197885
312,0.6565867871776386,643.4665711253342,22.370441555543024
313,0.6586827890115348,643.2666417385467,21.27672290033705
314,0.6607793300725506,638.0932679717725,23.505168266987965
315,0.6628724964198541,638.898163246359,19.91706042066456
316,0.6649654402217313,635.0888381797813,22.704983144478792
317,0.667059865407609,635.6593689669659,26.6276074052694
318,0.6691532523078332,633.1145726476792,22.866054343997124
319,0.6712457992597233,628.3494374698092,20.227718138324782
320,0.6733390782258323,629.8405571018571,24.692924028798267
321,0.6754367503383576,626.2244413934285,22.72328280294554
322,0.6775335143160066,624.7444731328856,23.23678889017766
323,0.679624621064033,623.5152891861017,22.343559708935263
324,0.6817180292738917,621.4449252651467,19.403410318904818
325,0.6838149015047629,618.5312564792297,22.98698977854279
326,0.6859101434268815,615.5679142490934,20.579300832713322
327,0.6880046468184081,614.7702778990252,21.0622562477418
328,0.6900999637264865,613.0667386679232,19.400323312506224
329,0.6921965733216279,611.8768315115835,21.724868893985214
330,0.6942884945981568,610.2763462144093,23.176090851187812
331,0.6963781649531228,608.1717724132596,20.788604039880124
332,0.6984747371200234,606.3806762311893,18.387116869487883
333,0.7005690388882679,603.8878327641266,28.100826986971118
334,0.7026621579778546,602.4812391821158,21.20211565262337
335,0.704757268847954,600.7281818659734,19.51825379422167
336,0.7068509057629639,599.447352673129,21.113842796699622
337,0.708945644402387,596.6782161416015,20.783242487677338
338,0.7110406815970572,594.9059746468869,26.74634712700472
339,0.7131372373036142,594.328778379153,17.496440323205643
340,0.7152323589250973,592.4333820359499,20.02463726197032
341,0.7173245162021571,590.1539850205903,23.632851671879433
342,0.7194199711852413,587.7536374046041,18.902401602926872
343,0.7215151322330351,587.279888486702,19.87075584724155
344,0.7236102334592447,585.3255735577335,18.922616478372156
345,0.7257047129497166,583.2476124529398,21.511130768873294
346,0.7277958825256088,583.5533271568794,18.412434844800806
347,0.7298900912292255,579.5579362121327,20.081267660251605
348,0.7319867159780691,579.1753156453468,18.780481586279688
349,0.7340808521059053,576.539815163257,19.925119645013282
350,0.7361738853270124,576.4273556857966,19.820782382728858
351,0.7382682123604443,574.2014175162154,20.399625077152525
352,0.7403641944498084,571.4231958689774,21.01110255164634
353,0.7424576311971561,570.332623459354,19.152030227681074
354,0.7445523870480827,568.4926928830787,21.80351921194464
355,0.7466478284648128,567.8490831054012,19.099973589194544
356,0.7487413917548734,567.1743453818209,20.436245244658043
357,0.7508354594737505,565.749143721453,23.109389807104687
358,0.7529278056847568,563.5244126906217,19.85453399468767
359,0.7550230257904859,560.7137893771019,23.869691692602814
360,0.7571167923480437,560.8954950310225,20.196257786358004
361,0.7592113317151179,558.6904958077847,17.454080209264394
362,0.7613074731933067,557.1437845892016,20.867002757495946
363,0.7634009581307508,555.5967794654391,21.63096861186766
364,0.7654969266569684,554.1973319061431,21.550086342321563
365,0.7675905899780763,553.070534493245,21.715432459603218
366,0.7696837880547684,550.476756033469,20.239860859543256
367,0.7717795008463626,548.7756462685201,19.880679443785525
368,0.7738757788346248,547.4125633122544,19.444134521462562
369,0.7759706260990727,546.8139923462709,19.159130372615355
370,0.7780620795267656,544.9210627921894,19.023111440296308
371,0.7801559906208961,543.5793287342847,15.729036506652196
372,0.7822523136569128,542.6514209904965,16.824233461923114
373,0.7843481481853999,541.6308822350443,19.85521662843066
374,0.7864425511046899,541.165181559095,16.73651790965629
375,0.7885343495966205,537.8599107197507,18.284637648016588
376,0.7906286372458883,537.2371670317945,17.923062277667647
377,0.7927244345313397,535.6113958002334,17.380816176851862
378,0.794818005513127,533.70471215641,17.232234479293002
379,0.7969121491149282,532.8462269944547,20.42413126024784
380,0.7990047112993173,531.6668400658942,16.454811141861146
381,0.8010984966914405,530.493958022627,18.754857447629604
382,0.8031950165575023,528.1503774388648,18.36377877532064
383,0.8052905677217739,527.003560578237,14.870991972693842
384,0.8073868841230295,526.6790484038901,16.148399142644102
385,0.8094800557409162,525.2417720691853,20.015743218443685
386,0.8115724907946299,523.7343413456595,15.83105825988116
387,0.8136674854006812,522.4469808647713,19.142112249453195
388,0.8157633267681768,520.5412015643586,16.180276567194827
389,0.8178572815764139,519.8008936438911,17.609069988633443
390,0.8199509017046862,518.8666969735101,16.797829324764866
391,0.8220464110750062,516.5942082210396,15.255956153682694
392,0.8241406544737637,515.1712030187782,16.26700817786503
393,0.8262328397247414,514.1201513026266,17.211444694640385
394,0.8283269471334518,511.6590406452763,18.628796176805178
395,0.8304231064697798,511.6245398715123,13.827094360356375
396,0.8325161683796762,509.0750009804333,17.964062278534662
397,0.8346105557242035,509.4566830278424,18.194824696155916
398,0.8367059794413102,508.09164007881225,16.839091868360498
399,0.8388002445604258,507.508064944741,17.91812780998166
400,0.8408960756111226,505.5926611272902,16.938289568964507
401,0.8429905652842218,505.39308481765283,16.715384965530728
402,0.84508401313589,503.0187220423533,16.95488069702331
403,0.8471791713809247,502.2986057766605,16.67502341257581
404,0.8492743362825239,500.79507945468305,20.803302911946208
405,0.8513668888602299,499.0530421333387,17.062582373974774
406,0.8534589296280589,497.4685374132065,14.731216810933214
407,0.8555558405338324,497.1792452697951,16.68473116433464
408,0.8576516874123633,495.5980496825793,16.473239235891942
409,0.859744590599333,494.5328134989483,17.281351155396
410,0.8618400547669827,493.4644152988206,17.18122705483325
411,0.8639350434441438,493.3506277647551,17.80688814025047
412,0.8660280248974203,491.63790438135413,18.878787057319368
413,0.8681201347325478,489.9421142301601,18.726993392099835
414,0.8702157283801463,488.75303592976064,16.154535846181986
415,0.872310621353091,487.9645458293099,16.203325784785523
416,0.8744020359703552,486.5128790842229,19.615200574452867
417,0.8764972088477568,485.0394542197728,15.526099233686706
418,0.878592835994214,484.61667104500356,19.46839970836651
419,0.8806870131084201,483.1347989911314,17.92723549916217
420,0.8827812802431019,481.78013803728345,16.119966184146772
421,0.884877279658285,480.71405304908825,14.97395980244681
422,0.8869730004154345,479.9409090497169,15.873591796233683
423,0.8890661750433553,478.67337976125805,18.930094255143107
424,0.891161435679344,477.5106052872755,17.925574082652762
425,0.8932577960179496,476.89423475496915,16.846780316403233
426,0.8953527392107627,475.6166850935434,15.179421696595917
427,0.8974462460666859,473.7331111146774,18.658397500526736
428,0.899539340962409,473.2114631672541,14.915407656105923
429,0.9016318169027592,471.71280072521614,14.877645419036034
430,0.9037252249745606,471.7295354661739,18.77188788325209
431,0.9058199443223193,470.45963526305565,18.24994696470098
432,0.907915243986348,468.82636904725643,17.866205163743103
433,0.9100128049501981,467.2843894619451,16.708923769010635
434,0.9121059966002629,465.90669616523775,17.054090026089998
435,0.9141972861830797,465.71813998177464,16.69048877844889
436,0.9162932496702593,465.11437913020455,16.28368085334007
437,0.9183878012752863,462.92767551016476,15.31305572050595
438,0.9204823185419505,462.5789596652254,17.21510358334002
439,0.9225773629784582,461.1164815527128,14.49538426569067
440,0.9246718174739146,460.5411262366738,17.3608802299709
441,0.926766211900197,459.57545781522265,17.436573352912735
442,0.9288591582540804,457.9021528120258,15.071704122419781
443,0.9309526610700547,457.18838594291924,17.987103266114744
444,0.9330479303067369,455.83320074634025,18.192396796315183
445,0.9351433527997749,455.6018674633918,17.112217397112175
446,0.9372383527365933,454.5147302027598,15.448288578702828
447,0.939329757499591,452.9143325472858,16.989788370727243
448,0.9414230571985791,451.9354706379976,15.463452431410941
449,0.9435210054806012,451.64755490436966,17.746846507163404
450,0.9456162503172072,450.67663288312957,19.43111860988904
451,0.9477100092887099,449.00935381169086,15.556203928005885
452,0.9498046323041349,448.29843944392593,17.318116052620592
453,0.9518991548408083,447.6976888569844,16.469825658655154
454,0.9539929332702277,445.51229519101423,15.532081517336707
455,0.9560874898052096,445.5639277225178,15.108634899203256
456,0.9581824530689178,445.00568598183236,16.59685374798131
457,0.9602770371571748,443.11944823926046,15.432084486870329
458,0.9623710723241273,441.65931283954507,14.702660098894592
459,0.9644648349083941,441.48167116484234,16.172724141041765
460,0.966557887379011,440.3515040329211,15.471668229077908
461,0.9686513195291268,439.6722684634664,16.28866199759859
462,0.9707470393683869,439.0887505198831,17.09895530788641
463,0.9728419987888902,437.655902334909,17.246976701489558
464,0.9749363451418961,436.6939695367099,15.972604920446006
465,0.9770319720978949,436.35304356456686,16.01861395670476
466,0.9791260608689247,434.29680138017477,16.981209654038878
467,0.981219993418123,433.73230920620676,16.98272913942474
468,0.9833154848012966,432.40088413972217,17.129914786143022
469,0.985409217900734,431.7404670046318,15.446844300594964
470,0.9875034929558208,431.1476359814621,17.59774946029373
471,0.989598845059814,430.2282408234002,17.212029507097537
472,0.9916925524589582,429.296084310449,17.570253318978875
473,0.9937866222530743,428.2782001187002,15.610435794986488
474,0.9958822538585521,428.02120226687606,15.437292749502424
475,0.9979763461234663,427.21322670664966,15.963319925827207
476,1.0000687382803208,425.9752419608036,16.037336399302426
477,1.0021620574674717,424.49259163037794,13.074098862441755
478,1.0042566040705312,424.1480694189752,16.676333354887237
479,1.0063510481087232,424.0226722157966,17.265193365363565
480,1.0084458017147504,422.38219067690915,14.040290825608762
481,1.0105412449330358,421.34788434789107,15.897833821797425
482,1.0126363206852906,420.97749968515217,16.80055396087687
483,1.014731689048677,419.9795859158216,19.44561314740119
484,1.0168251811607234,418.6359175767543,16.303846601637243
485,1.0189183181794257,417.7116162728654,17.09483174273406
486,1.0210135131858313,416.6485088411766,15.865928186926087
487,1.023107899818119,416.0369833297715,15.4118230103336
488,1.0252035642142994,415.0636277864301,16.360651636720615
489,1.0272979326699727,414.0551460898782,16.44111496774904
490,1.0293915165160124,412.99479990436214,18.03841593740022
491,1.0314862118776227,412.86381361931706,16.33862045200726
492,1.0335813276438528,411.927582205614,17.310985714776727
493,1.0356760372494827,411.113545066498,16.257032494003095
494,1.0377697665518313,410.05174122333597,16.270327734315302
495,1.0398635542890804,409.7020274280481,16.47729966175352
496,1.0419580022733907,408.1519471124642,17.007805790005495
497,1.0440530837182007,407.94478497238566,15.916463431189856
498,1.0461463909219801,406.75152642941885,17.83710661033672
499,1.048241289239942,406.5096068297849,17.91493994232468
500,1.0503346504195201,405.5566320647181,16.145573953158827
501,1.0524278880438542,404.7551226055695,16.17780808777802
502,1.0545231057279465,403.83377881857035,17.733570569000662
503,1.0566172205725972,403.3692304849846,14.895309444841933
504,1.0587125681053644,402.36740300060643,17.0959132172017
505,1.060806974942881,401.73353541335797,18.8476462267419
506,1.062900937291859,400.3844654529014,17.46137485208166
507,1.0649968400029963,399.40913082592033,17.532203332255843
508,1.0670917748856612,398.84614083530295,17.901397278725433
509,1.0691837840599538,398.3412663113748,17.34796315928811
510,1.0712784055790137,397.2180064169165,16.74904760715839
511,1.0733741944109443,397.0778818988013,19.403858419521317
512,1.0754689143080451,396.6365796205442,17.926403249173834
513,1.0775625935653539,394.78095186167445,15.548798418195336
514,1.079656551776009,394.6473463832227,16.279839366255015
515,1.081751759033872,393.66364818404054,17.00244971033888
516,1.0838450038800544,393.0592222364449,17.387154988010558
517,1.0859393346043436,392.09998019247723,17.31633105922216
518,1.0880340737032612,391.5563655127179,17.531453209674655
519,1.0901280973397867,390.2373815995544,18.778200769692646
520,1.0922232205093443,389.7150784471305,16.52719535180705
521,1.0943183198095006,388.97492552594736,17.753003797106768
522,1.0964124680620808,388.554648535324,16.178751298768383
523,1.0985066965945804,388.2049263954092,17.819648616612415
524,1.1006022506925348,386.987734221998,18.917623200956893
525,1.1026960746069068,386.5762992930623,15.676988736642585
526,1.104789420523433,386.0236402106235,16.893244309608797
527,1.1068841457204943,384.6158526453843,19.37632603096648
528,1.1089772649904681,384.7965673971344,19.38347839976002
529,1.1110723868790173,383.35898271069954,17.865482361547716
530,1.113168427194727,382.83956048071036,18.78317542104004
531,1.1152626776337078,381.98239529976877,19.74828522364722
532,1.1173574051129724,381.2410085027172,19.024422801352518
533,1.119450573697561,380.3229004291496,19.506368322586237
534,1.1215436337779248,379.6158014674551,19.582360703982296
535,1.1236390334415942,379.5322554001774,19.68791420826007
536,1.1257332200225998,378.5670716309089,20.259042656254973
537,1.1278283378211404,377.5493690075371,19.026043519316755
538,1.1299238131648552,376.9560465961544,19.59761214279025
539,1.132017447124327,376.3853926725704,19.48647713368977
540,1.134110650036949,376.0023934331716,19.655163162048822
541,1.1362036259959787,374.939985410273,20.124971976022362
542,1.1382991427598659,374.6097681691622,19.76570778069117
543,1.1403936066737896,374.17714226672115,20.93165955613341
544,1.1424878264606209,373.32600490945555,20.6053342859456
545,1.1445836717483504,373.0409274664642,19.47393931022915
546,1.1466778755714095,371.64084443081936,19.144190648838514
547,1.1487715351237628,371.7588861279136,20.61662916500188
548,1.1508672245306748,370.38719170947644,20.291060536456765
549,1.152961670034179,369.8819536998395,20.544957920428505
550,1.1550551275418117,369.3786736899167,20.27574906245045
551,1.1571500620004906,368.9833330153271,20.74911427518328
552,1.1592451155989445,368.0719470781405,20.532656042985668
553,1.1613401484055899,367.40467958766664,20.791183823035247
554,1.1634328135986687,367.18424701887886,22.568568581228373
555,1.1655280225544649,366.40864836431564,21.580238793387583
556,1.1676232414157608,365.2996561092128,22.007355898618904
557,1.1697157183635434,364.6730531188758,21.230286365226007
558,1.171809765164966,364.5577737050121,23.04530437111788
559,1.1739036754657965,363.56615804737254,21.878168031516505
560,1.1759974618047027,363.14794724515286,20.721061536932854
561,1.1780927342002254,362.3483820455732,22.08201901337982
562,1.1801886215978319,361.73908447138683,21.680208789326578
563,1.1822824649467334,360.90361386503525,22.16112547081852
564,1.1843777187054296,360.12187627455705,21.251435182838126
565,1.1864731317277017,359.99005368633243,22.55542213337424
566,1.1885662199882188,358.61818075982427,23.134172109652813
567,1.1906603290984812,358.60978607498123,23.22926742412003
568,1.1927560449071208,358.1845076229601,22.518284871426633
569,1.1948501301675682,357.7719567135586,22.85039762868507
570,1.196942866326464,356.7455855768757,23.244326211643877
571,1.1990363434731066,356.18486181470206,23.527142286375497
572,1.2011315528209288,355.86986323843354,23.184600981305024
573,1.2032252726398727,355.54456013169073,23.253641101009972
574,1.205319131714267,354.2749319271559,23.474216300094206
575,1.2074143429200774,353.96656561264774,24.2721972720285
576,1.2095073316728018,353.71114735944764,23.00665039988562
577,1.211602159357548,353.20170612353303,23.949927557104182
578,1.2136984428310558,352.5623649433453,24.824515103189803
579,1.2157943340364452,351.8852010272337,26.169831364198664
580,1.217888268816351,351.0944410381933,25.588442406807967
581,1.2199821909033837,350.78286620687186,24.621215724140207
582,1.2220779372220854,350.01732015236024,23.689350992288233
583,1.2241720630448372,349.8117573218149,25.531320818430522
584,1.2262656486341297,349.05553143148813,25.99737840546912
585,1.2283602712023978,348.32195111700673,26.57004559953102
586,1.230453847781421,348.31858041146995,25.683173665515056
587,1.2325484279288663,347.3543471823156,26.761903313483593
588,1.2346427330328844,346.7605866675056,26.10190685655161
589,1.2367368340043534,346.1192551852993,27.68412518959037
590,1.2388320989568682,346.0102320970416,26.877372430518104
591,1.2409254956441091,345.43282565926654,25.930987453694218
592,1.2430201387037565,344.9751107652237,28.077793699540166
593,1.2451147141570293,344.28870592443286,28.895342090826073
594,1.2472087367784284,343.95195894534265,26.088221451560194
595,1.249302614173833,343.5669263022396,26.51917679641338
596,1.2513971052845823,343.0842771646254,28.335680079607204
597,1.2534931066319515,341.9976835770937,28.993096428295146
598,1.2555863817711985,341.30654342170044,28.1735564540047
599,1.257678969059161,340.8308658309244,29.33997697436694
600,1.2597748382104277,340.46348796644116,28.140215876223944
601,1.2618698898493887,340.215337414301,29.31902585575633
602,1.2639640740660565,339.64380422387717,28.87836525935983
603,1.266059176034634,339.1976086836822,28.786839509528626
604,1.26815329738596,338.9638800041716,28.671723843455823
605,1.2702469827768745,338.33736426844297,31.29239410433966
606,1.272341439773769,337.7005840323554,31.70204289074425
607,1.2744361591580655,337.32522602974905,30.147024897295772
608,1.2765301570381213,336.8522037344475,29.50487412801193
609,1.2786243195908502,336.55537471913874,31.232684495610457
610,1.2807201779848052,335.672085764234,31.63171679742551
611,1.2828149770647865,335.3440116930128,30.610612307070863
612,1.28490831046805,335.0521080674538,32.1226801568803
613,1.2870024746125797,334.82884056776777,33.77249936354203
614,1.2890960788179595,334.3296350753158,31.91504372238065
615,1.2911903407610128,333.8187445796589,32.93770625415398
616,1.2932847299377603,333.3524340868483,32.902117144793465
617,1.295379834193548,332.81146494018395,33.97703546025813
618,1.2974743412448833,332.2093309031973,33.13102542942363
619,1.299568838606027,331.91866078602766,32.74163733395205
620,1.3016640567270552,331.6084591215693,32.561249574541
621,1.3037578272673165,331.34466774012606,35.15005174769171
622,1.3058518980796576,330.61058244807765,33.74853140948632
623,1.3079469520711469,330.6270221621767,35.17418995278795
624,1.3100414674631762,329.75176008725964,36.2952150001234
625,1.3121343419146885,329.7350608391507,35.264640682853205
626,1.3142291157646366,328.97661352504014,36.34340148661226
627,1.3163249547628966,328.6374921004717,35.08483831972849
628,1.3184204308819243,328.04557258979554,36.71908266315158
629,1.320514045081714,327.99732559313173,37.2134771896895
630,1.322607731116918,327.4538089488293,37.967584906837125
631,1.3247030067977636,327.39683693584703,37.3676373941989
632,1.3267964975071294,326.57884112459186,37.31754353536353
633,1.3288900457896358,326.5403323943109,36.31465690581649
634,1.3309846323229146,325.9288159563987,36.77612550893983
635,1.3330795391690438,325.7121010282995,38.78834211667058
636,1.335173949560825,325.1343156704838,39.105262476021004
637,1.3372672428845813,325.08911031540066,39.30063455845072
638,1.3393616502777206,324.46233800068785,38.23002998050927
639,1.3414564546808454,324.1138999660077,40.31901943424983
640,1.3435497634465539,323.6859173872433,41.161624744912935
641,1.3456439095281743,323.71141967252913,40.82217583244921
642,1.3477398961804745,323.1630088044821,41.53011728441785
643,1.3498356331361778,322.88053299547664,41.04360970064563
644,1.3519291222201564,322.0528538971328,42.01487228295792
645,1.3540221824451044,321.6144536238292,41.47787934017425
646,1.3561174165883387,321.84413106738043,42.80848372028506
647,1.3582118000666776,321.4779132786191,43.60668075834174
648,1.360305548489477,321.4718144024337,43.0095682447858
649,1.3624016471705516,320.7424420706761,42.05618193411573
650,1.364496581524498,320.8169759163101,45.52817928864286
651,1.366589927521404,319.9714213373475,45.59909438619511
652,1.3686839345616666,319.9807446528433,46.083890942324174
653,1.3707785136744248,319.7535182725253,46.486547926421046
654,1.3728736781569988,319.4278406569174,45.916175395718106
655,1.3749673745335222,318.5200075633208,46.30531099027076
656,1.3770602631292597,318.8532465957878,46.67015357084574
657,1.379155717578164,318.40529287069734,46.56540472445619
658,1.3812508039107998,318.06488630305415,48.0006624169347
659,1.3833453325862841,317.9180718805591,48.96046056077392
660,1.3854396647384786,317.3602678856901,48.25643479200051
661,1.387533616953471,317.26051131039287,49.05260504441657
662,1.389628935147901,316.52443543123763,49.685987286674106
663,1.3917230672721894,316.71841464104,50.849241088484824
664,1.3938172778813163,316.7454055302077,49.75241702704298
665,1.3959128506087028,315.9829781151396,51.257619952216
666,1.3980069894682674,315.8734138271215,52.047424682035995
667,1.400100032768225,315.75173767167144,51.96763502090304
668,1.4021942273095422,315.51285708555014,52.16472513481759
669,1.4042879724639459,315.3457753516081,53.0497870685392
670,1.4063822250727482,315.06132104283904,54.1998798923159
671,1.4084777998796327,314.8377521898221,53.70083641484743
672,1.4105725454065003,314.6446295842824,54.99483778998449
673,1.412666035757187,314.44643740467984,54.65745642692384
674,1.4147597581950535,314.01513237338753,55.683965931605684
675,1.4168552493745823,313.89421104212215,57.59699722884878
676,1.4189502707585735,313.7868008608078,58.213769396799485
677,1.4210439871962917,313.4755102787361,57.83105641495592
678,1.4231379588066748,313.14564581542487,58.389804296199785
679,1.4252323843784174,313.1105268030378,58.18209537783593
680,1.4273263645812686,312.76883843755354,60.02537219050076
681,1.4294209343777806,312.5693607222337,59.47538059811744
682,1.4315160587565352,312.6111068022146,60.64853833156353
683,1.4336101809254245,312.7052013666845,61.87908965916376
684,1.4357047233292217,312.07870636286515,61.41096575172394
685,1.4377991034950037,311.48269633195576,62.888212260435196
686,1.439893269172154,311.78817439695445,63.15124163807966
687,1.4419870983325702,311.7013489986274,63.693031966842604
688,1.4440820971476513,311.6845738230178,64.66936275067303
689,1.4461780146809415,311.2117925767524,64.28879279040603
690,1.4482723645441788,310.8771590951092,65.69497854332765
691,1.4503661519067539,311.096131325909,66.23076891419555
692,1.4524608997459605,310.91184340722924,67.71242046730704
693,1.454556191478353,310.8628740856881,67.3487441030404
694,1.4566505605195028,310.3430537244231,68.66648938677898
695,1.4587435672120013,310.43995134665,69.10132368512774
696,1.460836376274075,310.56405529147315,69.86027954630308
697,1.4629315024559504,310.39657416055,70.978816299178
698,1.465026115161985,310.1500806864837,70.90096599053905
699,1.4671201905708728,310.3151286903262,72.68908213497215
700,1.4692142550197365,309.8711279276923,73.21790145822159
701,1.4713085109511452,310.0965800810341,73.8186867052918
702,1.4734040883627781,309.87557474211735,74.95875745252854
703,1.4754983077923518,309.72293455028483,76.01390861144297
704,1.4775927333883283,309.3911127747753,75.71695347517058
705,1.479686516386449,309.8815859783137,77.07428417414823
706,1.4817805445745025,309.62015244447525,77.22710423964124
707,1.483876051193717,309.73769394549686,79.36115793317134
708,1.4859713583510508,309.84210458125335,79.01040486324605
709,1.4880662760111125,309.46722617069156,80.31905754926599
710,1.4901603423423662,309.22497878395865,81.37745011565234
711,1.4922546168830801,309.08593965760235,81.87498257543594
712,1.4943493508016918,309.142788851501,82.06112681115407
713,1.4964436549031517,309.4050249070961,83.92909848741719
714,1.4985372426394363,309.39829627136675,85.20775177424987
715,1.5006303537214591,309.4627366908698,86.07281978527865
716,1.5027246941647125,309.2425494843058,86.23490050920603
717,1.5048198674391857,309.3888698068682,87.56036067191971
718,1.5069136003861163,309.2610014120027,87.41662575161025
719,1.5090076377683221,309.38200538376014,88.41457280420629
720,1.5111026723067662,309.23752544422155,90.45290397383141
721,1.5131971028762412,309.50755016220836,91.38971153591078
722,1.5152912609041667,309.2999344718778,92.330700936604
723,1.5173854934463344,309.668945861992,91.96017498911422
724,1.5194808793753787,309.3716259962531,93.67100162941148
725,1.5215756259285513,309.6388161419993,95.81568240985844
726,1.5236695807770564,309.7352931609986,96.72271609566673
727,1.5257641081783464,309.6115454024666,96.21027677713504
728,1.5278584873608179,309.67745232524186,98.28501851270849
729,1.5299536435991428,309.56786303415385,100.10110287822172
730,1.5320476585044298,309.6585952596332,100.00533244304088
731,1.5341414384393777,309.7758416206708,101.40851583759455
732,1.536236950937659,310.02059114923406,103.64932920842742
733,1.5383317033374695,310.2258404292709,104.06859570194173
734,1.5404255753841434,310.44506608444163,105.39532580792735
735,1.5425198393431812,310.33941483636187,105.72216515304822
736,1.5446136227526486,310.559829722316,107.06904104954651
737,1.5467072285753283,310.7912564474698,108.53914571403578
738,1.5488013111816905,310.89729636130363,109.41185430114605
739,1.550896674249749,310.8780540037303,111.84927431371746
740,1.552991701547339,311.09216881793094,111.16256285343101
741,1.5550856629518366,311.4243548923479,114.78464295985057
742,1.5571801051512508,311.41288235948514,114.6121296745547
743,1.559274417579796,311.7306689019266,115.64214890953954
744,1.5613691533539047,311.67433097505034,116.63203868264951
745,1.5634631934261796,312.0708519776799,118.94650512373674
746,1.5655577892497892,312.276351901146,120.05248735362592
747,1.5676527275763066,312.4110173733515,120.6511432284204
748,1.5697461748764228,312.4995568011412,122.66432248288686
749,1.5718402189801153,313.07234603938815,123.74404229654553
750,1.5739346218160084,313.27816904073075,124.78214142030889
751,1.5760295037244485,313.3588795847893,125.79528179336691
752,1.5781239238326052,313.7124012676153,127.53948966179954
753,1.5802176736109215,313.5361051887933,128.19399076288485
754,1.5823123941098438,314.14717000324765,130.85585385964802
755,1.5844068047546922,314.277478137078,131.7760048521372
756,1.5864996832696292,314.32164617907836,132.85551885508445
757,1.5885944598128996,314.8743117624542,134.50898756592565
758,1.5906903325437156,315.205149104396,137.23677600041802
759,1.592784689092666,315.48552767003446,138.3867390662396
760,1.5948796873290236,315.9086637774533,139.49683777889243
761,1.5969745597395735,316.18345324415276,141.21252207831367
762,1.5990689218084002,316.3859425530053,142.4546456953834
763,1.6011633213632455,316.6085228051813,144.43601589915804
764,1.6032577776043084,317.2898314573491,146.57973206655416
765,1.6053514020964894,317.6131558312474,147.7413780021827
766,1.607445093072501,317.9076519954445,148.75403276549042
767,1.6095393086936036,317.85757782726387,145.55768641074457
768,1.6116336711357766,317.2991463715635,136.3973940877184
769,1.6137279918528686,317.02172978893407,128.56070428499714
770,1.6158221116449558,317.0782984998269,122.95429803153704
771,1.6179176229648538,316.20282460726975,113.22635278000281
772,1.6200131612431772,315.58601762319626,106.24145633273426
773,1.6221069236192778,315.484678782204,97.29634365638995
774,1.6242011307622557,315.1763975279141,90.8484247242822
775,1.6262960841945175,314.68971529079215,81.79174442764536
776,1.6283896203498047,314.2586401928859,73.79225435103828
777,1.6304834947928883,313.95660488321164,67.51278568672537
778,1.632578127710653,313.50502084628545,60.23218208143392
779,1.6346731813158608,313.4778062375397,52.65436365393475
780,1.636767172365261,312.8114121610526,44.39856121007526
781,1.6388603779595408,312.47725598839327,37.846992340853795
782,1.6409563605892468,312.0693412003743,32.096109244233475
783,1.643050621284035,312.1467787040191,24.951144712791702
784,1.645144102645386,311.65273343880125,17.4299838544351
785,1.6472395726584623,311.27225311519015,10.248612892701873
786,1.6493331318477138,310.8693692301715,2.600658401464636
787,1.6514277435583298,310.59835091886055,-2.8751905685659938
788,1.6535225655624404,310.32470086985506,-9.716723831136205
789,1.655616100487628,310.18571594879523,-15.729590099516363
790,1.6577106071833263,309.5511774160754,-22.633703845833207
791,1.6598050724476994,309.2611825065674,-29.143538762644017
792,1.6619001395524664,308.97684825097286,-35.270531289693515
793,1.6639948642035431,308.6759360666829,-41.683369691109334
794,1.6660882997554614,308.1889864675622,-47.986150242245714
795,1.6681827329415837,308.3499600664672,-53.4930692656008
796,1.6702780557373313,307.41558755030445,-59.858811593661734
797,1.6723710846745943,307.6019746388381,-66.42951399915889
798,1.6744651718920411,306.7734729249479,-72.475898151958
799,1.6765602044792516,307.1665146247989,-77.35219777992724
800,1.6786535596079524,306.7294392097136,-83.01091338443716
801,1.6807491745425278,306.11463481548407,-89.85445418963488
802,1.6828445761171116,305.9248204792104,-95.68164398493447
803,1.6849386388007168,305.71748851323883,-101.45267741667413
804,1.6870339476475265,305.34016924607516,-106.54406261209866
805,1.6891280758541645,305.0917194130888,-112.83425208850858
806,1.691221272327691,304.7545813666124,-118.06121401006466
807,1.6933141346742315,304.5950001267818,-122.97931038311755
808,1.6954090930463133,304.236411899724,-127.75696407236553
809,1.6975047078021417,303.71832159851016,-133.37265464311028
810,1.6995991246970055,303.78409534976373,-139.5115189419884
811,1.7016934918813407,303.5815924886371,-143.72687406311655
812,1.703786903721137,303.1433587867079,-149.87130262242965
813,1.7058818292953146,302.79624216223624,-154.94892666413148
814,1.7079768740006063,302.5698131202134,-159.26377510134412
815,1.710070845319196,302.28277508063076,-164.50267999477475
816,1.7121645316176712,301.92159446507213,-169.71835304676083
817,1.7142597272321454,301.7572636945962,-174.50442515752783
818,1.7163549406546734,301.465818276855,-179.67655370115295
819,1.7184482195940645,301.2320057624588,-184.46538420270323
820,1.7205423072627637,300.92655163792773,-189.64735977471747
821,1.7226374847113666,301.02561126620145,-194.07118372616733
822,1.7247323233526113,300.51944431856793,-199.61420338794056
823,1.7268266901810085,300.5959655972628,-203.79789507041957
824,1.72892134476467,299.93585509869945,-208.78283847996326
825,1.7310153629662073,299.59683114865555,-211.94713840297
826,1.7331087353021186,299.7115658775133,-216.1674440741751
827,1.7352028820270462,299.1569720410222,-221.59763986372622
828,1.737297419510233,299.396884629543,-226.2404568751394
829,1.7393924268721555,298.82259996836626,-230.1946039721038
830,1.7414865202316776,298.7248940293553,-234.6826886555354
831,1.7435798385311778,298.5656764516723,-238.07569863551464
832,1.7456747741592018,298.1052382990495,-243.51610985451157
833,1.7477707733578058,297.9252612509595,-246.90708465779963
834,1.7498644151299778,297.9601166897625,-251.49062459206536
835,1.7519579294274097,297.5731747504189,-254.7328847672804
836,1.754052537005875,297.3400233668384,-259.94049891816377
837,1.756146014277543,297.3314941976188,-264.05687878843275
838,1.7582399685899122,296.95483071051916,-267.9469040275872
839,1.760335124398212,297.03074660680335,-271.87598743116314
840,1.7624306374180432,296.9191593744082,-276.4043164542443
841,1.764524733445493,296.2734896304689,-279.97063748208296
842,1.7666195957988082,295.97392157512377,-282.6994962971465
843,1.7687146552767006,296.38306043809035,-287.01355412411823
844,1.7708085687106505,295.74248215560385,-291.27091950975114
845,1.7729026984403262,295.80781232216646,-295.4746153654983
846,1.7749968373222131,295.61895263578805,-299.7707128804168
847,1.7770919795414395,295.3651997224013,-302.20108247876584
848,1.7791866891650514,295.19986082739024,-305.4608764631068
849,1.7812805740714612,295.1019953608946,-309.80321749206564
850,1.7833749145944944,294.93378284273206,-312.95596068748824
851,1.7854698174814119,294.4680259798067,-316.7467005838377
852,1.7875649050000997,294.6422790094909,-320.18817287820923
853,1.7896586091751823,294.72358613358864,-324.87347667576125
854,1.7917528105223397,294.41100777292974,-327.51217997709085
855,1.7938472619734778,294.2034632318717,-331.185391093002
856,1.7959410333998334,294.21297907759435,-334.88408787024366
857,1.7980353139963554,294.09523904019346,-337.9537185250849
858,1.8001292949050451,293.5074228139013,-341.36047387642606
859,1.8022240144636215,293.7036462433384,-344.09125344648
860,1.8043180357006787,293.42617361492785,-347.35171575488755
861,1.8064120149556366,293.21693007652283,-351.4901160724824
862,1.808507216693214,292.849929413817,-354.26007020222096
863,1.8106012235056632,292.98839206575747,-357.9456831055081
864,1.8126961076333348,292.8597534935286,-360.41060184935685
865,1.8147906359659112,293.29841692490373,-365.106587757759
866,1.816885013662702,292.69897666204673,-367.2173114372617
867,1.8189799788179999,292.52859272261776,-370.6018544433591
868,1.8210733357472892,292.6984623416519,-373.2192007971661
869,1.8231675363973032,292.34067529309385,-377.07492763860887
870,1.8252628639859947,292.36039489540696,-379.68474103438945
871,1.8273578690890415,292.2474727118892,-382.3736879217975
872,1.8294529153678178,292.2993926215058,-386.1324043945614
873,1.8315468366202061,291.9507492591325,-388.7807000307867
874,1.8336403420201965,292.15516482657466,-392.1799218537001
875,1.8357342642631629,291.48977167902194,-394.3848416372681
876,1.837828606636473,291.68368023545645,-397.5465738199986
877,1.8399232687279,291.672907584042,-400.8829256306731
878,1.8420169361094605,291.3637580291306,-403.61283030556484
879,1.8441103454239045,291.17260639479326,-405.83431999444076
880,1.8462047113551943,290.9878776647011,-409.0261774630672
881,1.848300337583767,291.16347671432925,-411.5956779162192
882,1.850395118058644,290.9420329301272,-413.762282111177
883,1.8524895015648957,290.9789086677409,-417.1767747425039
884,1.85458435317291,290.9812442249936,-420.69314465740086
885,1.8566786691854407,291.0505874943841,-423.16153602998065
886,1.8587722962005393,291.10872250157587,-425.63846562310124
887,1.8608667292143481,291.0569633798532,-429.00288968173675
888,1.8629623979972338,290.8887631114413,-432.0899493196917
889,1.8650575007618033,291.03348707870407,-434.28626525869885
890,1.8671515757398978,290.87084691141575,-436.7522882000156
891,1.86924567270883,290.57088191081897,-438.43755301390337
892,1.8713402290883943,290.6186898515042,-441.89515325389084
893,1.8734333441485889,290.65478485053984,-444.5159489496287
894,1.8755274569663687,290.5170237950243,-446.620746514742
895,1.8776226584010878,290.3908509263134,-449.30293155989114
896,1.8797156234954413,290.786557808021,-452.44544942120814
897,1.8818097674713492,290.4363646084782,-454.3609777591689
898,1.8839051205157094,290.49884934665414,-456.81889940234487
899,1.886000042933448,290.19518527792536,-458.930523564083
900,1.8880949075451439,290.6173724761937,-462.3670130130162
901,1.8901881584759161,290.33152120249713,-464.1090295195732
902,1.892283217936019,290.4290078875023,-467.2004219115731
903,1.8943782680554568,290.16207731075696,-468.9620966819235
904,1.8964720473710392,290.5181309017901,-472.16874327767476
905,1.8985668668489433,290.29127971366546,-474.2401900065679
906,1.9006612809862096,290.39606868138094,-476.47045231546554
907,1.902755719587151,290.0920231887602,-478.03859497710556
908,1.904849757588545,290.39255201027856,-480.4844031769221
909,1.9069430754605277,290.11809306581966,-482.67480764286364
910,1.9090378340013505,290.4737826892239,-486.0986347621927
911,1.9111324914183263,290.51624600336487,-488.467893834903
912,1.913226965923519,290.29049035619465,-489.6944495901069
913,1.915321381331026,290.3388748749753,-493.3992170837594
914,1.9174162748437817,291.00796778570776,-495.83957124752845
915,1.91951096404297,290.83384119982725,-497.5699412843189
916,1.9216039358616672,290.5149902251308,-500.0277194147974
917,1.9236986253914137,290.5426807979488,-501.62032979252933
918,1.9257933066276691,290.63627681490584,-504.64493945626685
919,1.9278873651498682,290.58963394419203,-506.1980698103826
920,1.9299807661659822,290.92182181483105,-508.93859210681455
921,1.9320760482648573,290.63306310388907,-510.65812458652255
922,1.934171767524072,290.7143418369776,-512.161827216781
923,1.9362651059315399,291.26425430268915,-515.4361617790046
924,1.938359138419254,291.16686564763916,-518.2046720131991
925,1.9404538735984294,290.9895116601999,-519.3739707980461
926,1.9425479146608418,291.14878351259557,-521.8662373607395
927,1.9446418189559174,291.23046615280794,-524.1678094200818
928,1.9467371502259871,291.4433366339478,-526.019339283421
929,1.9488329760684335,291.3031682118835,-528.4493070659547
930,1.9509268120448882,291.64072660370874,-531.4170487519913
931,1.953019609354344,291.80164283847057,-532.3012374804306
932,1.9551147244404972,292.05035864919074,-534.9112364359528
933,1.957209950604826,291.87717673881946,-536.7055789606482
934,1.9593041179655175,291.8625849189786,-538.8012558029845
935,1.9613980124620214,291.94610080570266,-540.9723091322712
936,1.9634920823781827,292.11458497277465,-543.3673927767292
937,1.9655870316775599,292.0323801129901,-544.8664395025156
938,1.9676813106463258,292.40201800023345,-547.9559162962556
939,1.9697755380711686,292.6215274068683,-549.5103551110858
940,1.9718704076888727,292.48020182657274,-551.832972317251
941,1.9739643213778544,292.8353090506644,-553.8800850581151
942,1.9760582139073395,292.89139601766493,-555.5477748753789
943,1.9781533744008393,293.0510657229814,-558.541067291435
944,1.980249297656676,293.2903391584691,-560.3282874734138
945,1.9823436902775773,293.49372425986655,-562.2800698234279
946,1.9844363854611324,293.13057839646825,-563.2976696009455
947,1.986530057736426,293.65784487244383,-566.2237234914209
948,1.988624138262085,294.020190749536,-568.8713099963983
949,1.9907191302641989,293.7679296886879,-569.8882099962841
950,1.9928140678397719,294.01998853799364,-571.5162220093588
951,1.994908057158038,294.2366265564702,-574.2324042050225
952,1.9970037235567513,294.47166358318015,-575.8042903420179
953,1.999098539119481,294.86431826208394,-579.2508416731284
954,2.001191245179364,294.7823692934657,-581.3468653320972
955,2.003285465781134,295.1821971336556,-582.7507456069692
956,2.005380090953843,295.4678922491266,-585.2444053376355
957,2.007473757612322,295.21734895158585,-585.9706442636491
958,2.0095674385752345,295.94468907905474,-589.3576595278189
959,2.0116620669227445,295.87030878346604,-591.1153308864716
960,2.0137574654124313,296.3433206325296,-592.8495229292761
961,2.015851542299029,296.3713686978052,-594.1448574465327
962,2.017945842236743,296.6132583894003,-597.1745733493543
963,2.0200414078173843,296.7769763820533,-599.391617171795
964,2.0221364472105585,297.13928098204286,-601.3681174069085
965,2.0242304661583193,297.06636896404655,-602.727203026698
966,2.0263241213554704,297.40693746882357,-605.7806123997282
967,2.028418169537371,297.7493224791939,-607.7494377149599
968,2.030512126699397,297.7947546317278,-609.3603606469723
969,2.032607257696191,298.17129485174695,-610.9327826951751
970,2.0347026748788237,298.3245396805613,-613.267795827949
971,2.036797432049628,298.9743748638789,-615.2194775352692
972,2.0388917803566513,298.8315601696381,-616.2907939729954
973,2.0409854404727548,299.5788964916467,-620.2080065637056
974,2.043079158497923,299.54549067780766,-622.2503879513329
975,2.0451737042342053,300.33288394176924,-625.0597403225352
976,2.047267957686092,300.68884458948213,-626.8133645162322
977,2.0493625921646865,300.3608648128361,-627.7400002458548
978,2.051458159400133,301.0132844073886,-630.6622537847716
979,2.0535521918605197,301.212731602706,-632.1399359783504
980,2.055645062675616,301.3006924464225,-633.8443801655992
981,2.0577393587752955,301.45544253595256,-636.6699888559172
982,2.059834437786395,302.28897850773694,-639.8588960347494
983,2.061928055170489,302.32672858257627,-640.9119236792976
984,2.0640226957402352,302.6444210246287,-642.8355589427986
985,2.066118258189404,303.4350725039093,-645.6915764427744
986,2.068213196804832,303.6764609708454,-648.2712115756766
987,2.0703072818107917,303.84869856017053,-649.6177633576954
988,2.072400931462771,304.1359986475415,-652.8137558789317
989,2.074494103322103,304.4122850150852,-653.6314639987163
990,2.076588647294614,304.58244896269684,-655.6304964057609
991,2.0786837571325223,305.48064571438545,-658.5277044613731
992,2.0807786951127576,305.48960938202555,-660.1355218522447
993,2.0828733611799306,305.7364129244833,-662.503525750457
994,2.0849676047315464,306.32493672792674,-664.3459326749885
995,2.08706191167589,306.9446415625355,-668.5202263848545
996,2.0891552570733616,307.25346472588325,-669.5851413511023
997,2.0912498961643236,307.59483698844656,-672.237306555299
998,2.0933446561638878,307.9936526746302,-674.1721302015687
999,2.0954387435644386,308.20049967819205,-676.8458427598381
1000,2.0975335870618825,308.60837070477646,-679.2710219701612
1001,2.099629070349723,309.2963843048599,-680.6729433567721
1002,2.1017228492895934,309.4106226092489,-682.414823350443
1003,2.1038170482062775,309.9517708917162,-685.0662838087486
1004,2.1059122372778973,310.574811340314,-688.6274886428683
1005,2.10800554057148,310.8443751023488,-690.1572209107766
1006,2.110098599114947,311.6339710115486,-693.1582201247854
1007,2.1121927216235163,311.5739974740926,-693.839583546271
1008,2.1142879182187984,312.2330575414975,-697.1864277398073
1009,2.1163820759811065,312.6614259145101,-699.313473763207
1010,2.118476597123504,312.91505513456633,-702.6503622692074
1011,2.120572077635568,313.63151448534774,-704.7193945213656
1012,2.122666143506846,313.8887943878788,-706.93692031257
1013,2.12475947440395,314.64091068293015,-708.9866336089029
1014,2.1268549228070284,314.6033293907419,-711.3555624393326
1015,2.1289503858580807,315.66820447455507,-715.4326481392792
1016,2.131043274916299,315.4090708765684,-716.0020795209203
1017,2.1331378502136085,315.8972092267051,-718.6969951342252
1018,2.135233020544507,317.30325179335733,-722.376239125233
1019,2.137327211773404,317.4327453659377,-725.5458589898172
1020,2.1394213678417553,317.7401134948216,-726.024221126626
1021,2.1415151935265153,318.68161826193005,-729.8541912862734
1022,2.143609686067666,318.2980585834432,-732.359536313541
1023,2.1457039096890913,319.24572072469766,-733.9598811915247
1024,2.1477977892281794,319.3625722408714,-737.7347747708017
1025,2.149892773795189,319.8539841821119,-738.9630347995266
1026,2.151988207011953,320.59373599894377,-742.8493748420058
1027,2.154083430042502,321.23738154245643,-743.9212842449366
1028,2.1561769020273363,321.6966362277063,-747.7270268735557
1029,2.158269727638565,322.4211662534272,-750.9507091410774
1030,2.1603643338266334,322.61127838055404,-753.5494773829312
1031,2.1624594611960894,323.2075571716783,-755.9264276909507
1032,2.1645538445620423,323.8584813476195,-758.8980827235149
1033,2.166649266160557,324.44232140590225,-762.366329694142
1034,2.1687438965600263,324.5611284823651,-763.2926350468686
1035,2.1708363804402464,325.20204143329113,-766.1841860787755
1036,2.17292939543057,326.05152033156816,-771.028083660587
1037,2.1750246621139153,326.52851166340764,-772.3231879203429
1038,2.1771189095943266,326.7559103755918,-774.1108859005029
1039,2.179212962470575,327.7439222240892,-779.4177727684297
1040,2.1813066434396426,328.05832518840396,-781.0679151856923
1041,2.183402629792164,328.3409652356425,-785.1380501193881
1042,2.185498119455816,329.01323100168287,-786.0785093505665
1043,2.1875916200185137,329.5703269479691,-790.9643196425097
1044,2.189686441120868,330.33061532969833,-793.6876389596409
1045,2.191781413276182,330.42783528577644,-797.2898843401709
1046,2.193875147711239,330.9773136013165,-800.5927166072559
1047,2.1959686613130316,331.7331525778958,-803.3595773044483
1048,2.198063923558019,331.5748795056882,-804.4721037539437
1049,2.2001595001532226,332.21106473958554,-808.2570606532419
1050,2.202253779153767,333.27156912600566,-811.3785023739734
1051,2.2043460760907565,333.03249658416075,-815.531811228473
1052,2.206440891990371,333.81564561324353,-816.7819518430969
1053,2.2085356491852317,334.3574548306416,-821.3789573109227
1054,2.2106277016542335,335.2269721667716,-825.6055216647387
1055,2.212721958545959,334.55419266829176,-827.0237960795063
1056,2.2148185083900422,335.52479140309237,-830.0230224702033
1057,2.216913061952383,336.8262023138612,-834.910704405468
1058,2.219006160150891,336.49222966506704,-837.9248235630439
1059,2.2211007684745443,337.3721793618508,-840.9638716425253
1060,2.2231966067711273,337.06387857995867,-846.0363150716753
1061,2.2252915180225106,338.3216422176139,-848.6086127529587
1062,2.2273849286831946,338.0686372497748,-852.648194090977
1063,2.2294794057777056,338.13491561674755,-854.4465178147939
1064,2.231574082226972,339.0620592534476,-858.0080343779514
1065,2.2336675726385264,338.6501795143925,-862.142609381704
1066,2.2357616690730993,339.46001907273796,-865.4057632073502
1067,2.237857388038379,339.0898808530564,-868.0478686516611
1068,2.2399520699736297,339.86860393758,-871.5343415809855
1069,2.2420449617357057,339.69524774541594,-873.494067766554
1070,2.2441391380853632,339.5486188044746,-879.2429178753803
1071,2.2462342793770116,340.0020550657898,-879.1679820963062
1072,2.248330004000319,339.42139675153,-885.1152622514144
1073,2.2504234986669656,339.7822211314877,-887.0728064520065
1074,2.2525166459790467,339.77079773275796,-892.1308967949826
1075,2.254612702557845,340.1461782415247,-895.9388636181732
1076,2.2567074239010356,339.78228396838915,-898.075690005012
1077,2.25879926569608,339.99677295869986,-904.8918854772204
1078,2.2608934332232278,339.82577651642146,-905.7905667176047
1079,2.2629890832862967,339.04127284803036,-910.3970630217742
1080,2.2650815906481947,339.4039412474638,-913.5475546028744
1081,2.26717631551426,338.57433191506243,-916.8568326260038
1082,2.2692717091510235,338.30440341180343,-921.0251427948597
1083,2.2713660430599174,338.1350563592166,-925.4980569681697
1084,2.273460830916725,337.4411426388618,-928.2684542410859
1085,2.2755552510450507,336.9580515630415,-932.4610563918126
1086,2.2776502981151867,336.40644778489974,-935.6628637217406
1087,2.2797428242388995,336.7532240405515,-938.5799180621334
1088,2.281836092329788,336.03752135104276,-942.0523776339528
1089,2.283933556285596,336.5933923207811,-948.0375850387425
1090,2.286028868050817,335.62168551256985,-947.9539669723181
1091,2.2881212248812486,335.7331010182391,-951.8394681858235
1092,2.290215014848569,335.40960208949775,-954.8009536157988
1093,2.292310229911211,335.44770510042645,-958.0353812900565
1094,2.2944051456334345,335.22590601823293,-960.6534504105109
1095,2.2964983471898495,335.9229481146272,-966.1167471710793
1096,2.2985921024349003,335.91834279276554,-968.9181156757065
1097,2.3006888643809247,335.8857205920118,-970.8066028457098
1098,2.302783634096356,336.03840282495975,-975.5140532239848
1099,2.3048756698218886,335.7715787313367,-976.546314424751
1100,2.3069695720010412,335.5719101619672,-979.8134929620935
1101,2.3090651112173397,336.87370823297664,-985.9415164322401
1102,2.311158495429861,336.02318882579186,-984.7027275813598
1103,2.3132509513768182,336.641370059922,-990.6201133652099
1104,2.31534766594442,336.2912068611852,-993.5694912919878
1105,2.3174438092641236,337.27360464195596,-998.257357487384
1106,2.3195366518474128,336.6319765323131,-999.3011129055384
1107,2.321631141204296,337.2796046667991,-1004.5272182592026
1108,2.323727832694395,337.91087868650476,-1007.4585016099029
1109,2.3258211826493147,338.06062490898177,-1009.2319205290836
1110,2.3279133966950116,338.30214611213876,-1013.2831808384875
1111,2.330008120458155,338.11163417252567,-1016.1245064968496
1112,2.332103956675321,338.5979048265742,-1019.4910764779879
1113,2.334197579452735,338.9401678966842,-1021.9167473160459
1114,2.336290017181209,339.0030106038679,-1024.704959661635
1115,2.338385505091734,338.97653999509504,-1026.8128910295009
1116,2.340480189114194,339.18174250704016,-1030.6635095806332
1117,2.342573391055059,339.6735217282727,-1034.889742950238
1118,2.344667848677038,339.6495252832374,-1036.098244871521
1119,2.3467629878884537,341.4572048917474,-1043.1506558668884
1120,2.348858220839854,340.65579451800636,-1044.4093446996217
1121,2.35095250082758,341.6276675186127,-1048.6578403845542
1122,2.3530449396760944,341.9429620967355,-1050.341699081236
1123,2.355141499104623,342.0724067921358,-1054.6654230033628
1124,2.3572378412451434,341.7400062221102,-1054.779612222823
1125,2.3593294861259198,343.313177582284,-1061.8576896812244
1126,2.3614224992004984,342.4607876016309,-1061.2593779961785
1127,2.363517948981548,344.01826987594205,-1068.1314825592478
1128,2.3656139136423477,342.95547510814134,-1066.4630251629733
1129,2.367706660383537,344.8355700479524,-1074.5754839777283
1130,2.3698014470222093,344.8363146865717,-1077.0287845608136
1131,2.3718977582075165,345.2514190566654,-1080.3031378304759
1132,2.3739899214574836,345.2106331559648,-1081.6571564798621
1133,2.3760825194215927,346.05036661950317,-1085.866566218358
1134,2.378179070039863,346.17122572042564,-1087.5040735441
1135,2.380273759058959,347.326091142078,-1093.010540855506
1136,2.382365673610318,347.07922509613513,-1094.7193816283086
1137,2.3844604460166168,348.58364467661215,-1100.8266057543883
1138,2.3865571190304595,348.7199501402193,-1103.4060780683726
1139,2.3886520978255446,348.1547740892499,-1102.9502621524207
1140,2.3907442891236066,349.6393842364093,-1108.1123883825612
1141,2.3928386457990913,349.7774308556678,-1111.4194964015128
1142,2.394934562690242,350.7909032348402,-1116.6540092134858
1143,2.397029599690107,350.9859322900995,-1118.0832339766778
1144,2.3991222591305954,352.4493921852866,-1124.8187498142884
1145,2.401217024080888,351.64161829031684,-1123.7472228241365
1146,2.403314513026698,354.7006853989707,-1135.6112299604574
1147,2.4054081911284184,353.5216791717276,-1133.6236795456202
1148,2.4075011183217048,354.2898929867019,-1136.9904768450544
1149,2.4095960074264258,354.9604880522224,-1141.5175771419104
1150,2.4116926326559978,355.80704894751113,-1145.1187235942941
1151,2.41378425055939,356.053196862628,-1147.0743076935423
1152,2.415877382497087,357.91327897501367,-1156.0312224002575
1153,2.4179783678062123,358.27102334371483,-1158.0429280465548
1154,2.4200733739460714,358.74816687580534,-1161.901226074414
1155,2.422162501290004,358.5391221977228,-1161.9471822393245
1156,2.424257158180454,360.12225032982974,-1168.4260784343917
1157,2.426355368807169,359.9552580401452,-1168.1591811465507
1158,2.4284477900186845,361.7008423812161,-1176.2779852332217
1159,2.43053883847394,363.34180844526566,-1182.463159467505
1160,2.4326356353293934,362.363864321383,-1180.7362468681447
1161,2.434732612021302,363.19207481290823,-1185.2534112568633
1162,2.4368252927922227,364.65240956345167,-1191.1985246774448
1163,2.43891890863681,364.37835114774634,-1191.7639180742153
1164,2.441014895314609,365.0568126683242,-1195.6881009731858
1165,2.4431105244568765,365.8312499739926,-1198.8546883144013
1166,2.4452031167440684,368.5881522677904,-1209.4755502525018
1167,2.4472938786799143,369.0784945344624,-1213.2844479522842
1168,2.4493915902413868,369.0487865371384,-1213.2636235898585
1169,2.4514877943094935,369.6372404397262,-1216.6365400206726
1170,2.4535774837073663,371.4900161857897,-1224.1218743882914
1171,2.4556717453467782,370.46676956059855,-1222.1597096107348
1172,2.457770725968573,372.4231115397644,-1229.3615791234365
1173,2.459865450868259,373.4965698179627,-1234.4618411391093
1174,2.461954843714291,374.58520990538426,-1239.8361927961203
1175,2.464051305962942,374.773479089564,-1240.7951054854918
1176,2.4661493201186655,377.3906871156376,-1249.4223071626345
1177,2.468239991051035,378.53895678458116,-1255.7303904850537
1178,2.4703335941159144,378.4821576318455,-1257.1289554683517
1179,2.472432426226094,380.09513463273674,-1264.832947029492
1180,2.47452690434623,380.26487060728584,-1265.3053741353667
1181,2.476615373809059,382.711829421337,-1274.3927271199711
1182,2.478710457672189,382.45106614754553,-1274.9315975783438
1183,2.48080966574444,383.7396968500797,-1279.9520012863732
1184,2.48290090100287,384.927224101475,-1284.1397313445136
1185,2.4849923340191187,385.93785547236075,-1290.3170565525825
1186,2.4870897130294636,387.7668778249538,-1296.4621271987053
1187,2.4891862386660164,389.0328512228197,-1301.5932840886458
1188,2.491278235985619,390.59883238855684,-1307.7808066217694
1189,2.4933690456944357,389.7317233813797,-1306.1348548457374
1190,2.495466543397291,390.3422775941643,-1309.794639514921
1191,2.497563830960505,394.41332621095586,-1324.922262281731
1192,2.499654519205421,395.91341350262263,-1330.3353557979217
1193,2.5017479497353943,395.23146973679127,-1329.5635311808487
1194,2.5038480054516667,395.2228953072118,-1329.9549761830724
1195,2.505943433921919,398.81815911950537,-1342.9599875943902
1196,2.5080284861327207,400.2319424328446,-1347.7111824521107
1197,2.510123955773609,400.75507440791336,-1352.2579051813104
1198,2.5122261646694253,402.51056004805,-1358.5683306174046
1199,2.5143177674343575,403.1592088674919,-1361.2905959626014
1200,2.516405803072155,405.46179813438715,-1369.6293494981287
1201,2.5185026929964116,404.173338759791,-1367.0577377207603
1202,2.5206041831245063,407.4598343563986,-1378.775604213812
1203,2.5226964757648327,408.67181463192594,-1383.5029961090174
1204,2.5247869961159406,411.02195278188185,-1392.995768372946
1205,2.5268843920051487,411.20891603114933,-1394.1276727815268
1206,2.528980483597168,412.13973740573863,-1399.0044788503933
1207,2.5310684597394695,415.4769654704858,-1410.2886427679862
1208,2.533161718042206,417.340026204468,-1417.4136738141851
1209,2.53526488574662,417.65537219228713,-1418.9788758010536
1210,2.5373603920777454,419.21359230579327,-1425.067340162179
1211,2.539445749963502,419.1410625595606,-1426.6879023623612
1212,2.5415417180131348,423.28680065396657,-1441.223102637856
1213,2.5436457679371425,421.56754793316264,-1436.0183012438404
1214,2.545736808475733,426.5964942111493,-1453.8710751048343
1215,2.5478233832874237,427.5068973186228,-1457.3580624932615
1216,2.54992085584226,430.5742106704488,-1469.3400000259098
1217,2.5520207655356866,432.15875409492753,-1475.7995267686326
1218,2.5541098448110064,432.2791512627419,-1476.9636141901685
1219,2.5562002600365847,434.2070314329465,-1484.1445941398936
1220,2.558305455724291,436.01433577584066,-1491.6180906904658
1221,2.5604026511470312,438.0236685147844,-1499.5372713797838
1222,2.5624826414852553,440.8689136608311,-1508.9703439374377
1223,2.564574391949512,439.2958254174368,-1505.1780755131501
1224,2.5666808497683498,443.3726434880332,-1519.045258975287
1225,2.5687773451615423,446.2644080725835,-1529.9296391480884
1226,2.5708608935170316,447.8418195378431,-1536.2666926794302
1227,2.5729575952355885,447.4540399421769,-1535.7050792509472
1228,2.575060651513359,452.50636279178855,-1554.0706285220706
1229,2.577148431575012,452.0267392650806,-1551.938134975761
1230,2.5792346077561192,454.04248554870964,-1560.0643151297124
1231,2.5813352493894732,457.2502156285462,-1571.1228019963976
1232,2.5834369526956515,460.5954047807183,-1584.0701727130056
1233,2.5855218346006232,461.04587013798914,-1585.584911595016
1234,2.587610713900489,462.29719657367593,-1591.5668901509518
1235,2.5897186990593415,464.6743211833039,-1600.2647688348313
1236,2.5918181690667126,467.238712803955,-1609.4595897412498
1237,2.5938985009385314,470.1530156742752,-1619.9453314502334
1238,2.5959901966325076,472.37057593172983,-1629.113208974895
1239,2.5980970827886534,475.8578593857348,-1641.8558177662858
1240,2.6001911974764487,475.8727386222241,-1643.1359145436118
1241,2.6022734575046016,476.68230812412025,-1644.6300175874833
1242,2.604374761438423,482.22219956076304,-1665.4557669129733
1243,2.606480077670044,480.1992170284437,-1658.7005988284882
1244,2.6085618800169397,487.0822516329898,-1682.9086264795121
1245,2.610646200048581,489.91567437183465,-1693.5283841309385
1246,2.6127580952497533,490.72638170867646,-1696.9292592991999
1247,2.6148609257992828,493.32497723353055,-1705.8610089580466
1248,2.616933454172155,498.77242077195274,-1725.877203273378
1249,2.619020659870304,500.4403329057193,-1732.1565881877355
1250,2.6211346279669097,503.6245810545599,-1743.2184176191674
1251,2.623236503452788,503.6925181961512,-1745.3797819128517
1252,2.6253090562225565,509.05987683425974,-1763.7458745100248
1253,2.6274000701334055,507.1599112093869,-1757.6116822361355
1254,2.629513118467727,510.4954652838166,-1769.5841156095946
1255,2.631604301330356,513.7964362653547,-1780.8914238074078
1256,2.633685254021577,518.4239756338102,-1798.3671136887206
1257,2.6357889797673804,521.42092947879,-1808.7451542205474
1258,2.637895874321367,523.1236932443383,-1815.1670998187321
1259,2.6399747081141895,529.2214579295679,-1837.208198508787
1260,2.6420591747927733,531.9544670026745,-1847.1134211142678
1261,2.6441764666284318,536.1440015893236,-1861.9319817563116
1262,2.6462775406423154,537.8597404225911,-1868.3342862561308
1263,2.6483402943393326,539.3939557095558,-1873.6455993655027
1264,2.650428729148096,542.3994189759471,-1885.3902672913505
1265,2.652562718674548,552.4110357002996,-1920.5269266821422
1266,2.654664088292312,553.0326685343874,-1923.3168710085772
1267,2.656712651557163,549.2813102126895,-1910.4336669299485
1268,2.6588106765908748,554.7953484836393,-1929.9044479440472
1269,2.6609452450324915,561.2271467444126,-1952.249933079789
1270,2.663032290426174,563.9708404463871,-1963.0780882905985
1271,2.6650914877184944,567.072179407003,-1974.6649822265583
1272,2.6671986225603375,573.2309508654296,-1996.1793840639705
1273,2.6693218160411916,574.5808653351324,-2001.398476136481
1274,2.6714003686163363,579.2450969434875,-2016.800792662805
1275,2.673473653710363,579.0734975498614,-2017.2801968234387
1276,2.675588689124729,581.0582292902211,-2024.618544655938
1277,2.6776964003773744,589.3413251151957,-2053.3138823267973
1278,2.6797534796790945,593.763666337272,-2070.038198994421
1279,2.681845016836506,600.9308319970872,-2094.7184886048317
1280,2.6839785543392702,601.0064629272414,-2095.706963901385
1281,2.6860638705482365,603.1959251308847,-2103.765589739982
1282,2.688115580192901,610.9280885124166,-2131.140681749703
1283,2.6902421071216107,616.8665152920115,-2152.6526931353505
1284,2.6923784453538007,615.1656133814881,-2147.084431168688
1285,2.6944235266222867,624.69004957475,-2178.904160342117
1286,2.6964818302236213,633.7215514343505,-2210.465947105521
1287,2.698646249049189,632.8988365525171,-2209.14894346174
1288,2.7007725953070936,637.4054171876026,-2226.1504467035884
1289,2.7027692368507834,634.0066406921633,-2212.563227395518
1290,2.7048443440936585,642.1022322422627,-2242.5199653636614
1291,2.7070515904059915,655.1584751743628,-2288.349649421942
1292,2.7091632832728005,652.4918377845373,-2278.9827941444305
1293,2.7110832098570423,664.8505951469148,-2322.6130062400844
1294,2.713194248534394,657.8122154112074,-2297.530248992766
1295,2.7154564422347596,671.839689886461,-2347.9503836660747
1296,2.7175455830902693,678.3278287432913,-2371.0963468515483
1297,2.7194409477796717,684.2672062392533,-2390.0512860905033
1298,2.72159410281056,687.0388991452978,-2400.4822088826813
1299,2.723868494276683,690.1203873973757,-2413.302137146878
1300,2.725905473691433,692.6702370404885,-2421.190631430688
1301,2.7277938720843573,692.7270495518225,-2420.890301639916
1302,2.730005424734083,696.4762128667143,-2435.7658916532932
1303,2.7322910595910366,723.3351711825103,-2529.8358576605387
1304,2.7342323934891035,722.6442075291274,-2526.082896176094
1305,2.7361123669415965,716.0817920254809,-2503.1969140047086
1306,2.73841292247591,722.2070539386381,-2526.3859959710785
1307,2.7407262152838343,740.5217934665625,-2589.520964457443
1308,2.7424923562337074,731.1471089219524,-2558.2451838120232
1309,2.7444202272828333,733.5493658530014,-2565.510930173253
1310,2.7468188489948773,736.1112366733813,-2575.720938547868
1311,2.7491571251284848,760.8069683239063,-2662.7750763819013
1312,2.7509012180135843,752.9004829327075,-2633.010222637242
1313,2.7528220566885997,783.6872285804438,-2742.4474749312044
1314,2.7552245852341666,804.8861212750155,-2815.9257176608708
1315,2.7575799064734774,789.0460086702574,-2761.18703816027
1316,2.7593246433872425,787.6851753318413,-2755.4800915521505
1317,2.761234187120032,802.6313754160711,-2808.4158004288142
1318,2.7636390504715083,805.3815763642805,-2819.1851102557025
1319,2.765948826576436,793.2517843034703,-2775.34008550918
1320,2.7676191435751902,845.420554703798,-2958.0033111230196
1321,2.769651838220211,819.9445661964493,-2869.2721518721155
1322,2.772055945845228,801.5709539628917,-2805.8331520850393
1323,2.7739175955497957,946.0565881902073,-3310.9128660622323
1324,2.775657495525559,765.1146715253333,-2678.4832686292393
1325,2.7780509401576134,703.6426327111526,-2462.380970646187
1326,2.7804282678176238,935.2041014958654,-3274.146830509313
1327,2.7823699672164355,666.9954596545987,-2333.989664680797
1328,2.7838806433920418,883.9657393137941,-3095.6620093432534
1329,2.7859958234637583,1.285338565809938,-4.498684980334782
