,k,Pk0,Pk2
0,0.0029665470748989845,1732.079942514706,-1169.7692070614905
1,0.005026374055021859,6565.89499327828,656.4880505035662
2,0.007149300621522788,9104.067078752196,263.7896527915867
3,0.009278869254964255,8962.082402769527,745.7915734661166
4,0.011450332619344701,11591.086535474436,-2159.6403496367766
5,0.013492955871419151,12149.671723527557,-593.810751353552
6,0.01558905561191893,14429.715981389782,3045.723246221122
7,0.017694083672553172,14717.083142707073,-1734.04823492342
8,0.019817874803135297,13956.595838155352,-1702.6985463902104
9,0.02192074938196264,15619.283858322658,-2028.3984576312475
10,0.02398877635566245,14241.997963517735,-889.6781781717816
11,0.026092869718961156,14193.107428342099,-3910.808718723959
12,0.028234663152781798,13430.504874500502,1332.9916284744163
13,0.03032284873509123,12508.539203640694,17.834561874855478
14,0.03240263258943404,13211.430807146606,238.0648509346993
15,0.03449210129864554,12131.141325965154,-529.2540944510442
16,0.03658588147515197,11180.991141447825,-687.4270718916113
17,0.038684769492669774,10678.526966333837,441.45972577964324
18,0.040788988884582836,10793.318971446473,-143.0123915275593
19,0.04289390876967646,10006.654641793706,-402.03103584728075
20,0.04498336005546935,9610.99399035066,1363.219441317869
21,0.047064985294738244,9308.293439027326,25.801578576932876
22,0.04917111919158227,8970.55850235938,-361.093750441418
23,0.051262169141742274,8723.478913594827,-542.5566679141435
24,0.05335525146837034,8208.272056504667,509.1277091457974
25,0.05546637228956934,8204.059144660616,-412.0356468970966
26,0.057573188192548086,7923.065763490885,-468.98889965112767
27,0.05965884044590281,7776.45525719961,-86.2687756380879
28,0.061745123021595065,7568.834085148577,-434.8851723871936
29,0.0638268929113719,7609.228360029898,-54.23460051209222
30,0.06592966228838451,7165.075188435874,-266.5071413055877
31,0.06803125784825748,7067.983007016224,-352.064232438604
32,0.07013131008699486,7173.884141962243,359.4686599818726
33,0.07223032366074338,6955.074966266662,14.116600793412289
34,0.07432334270720506,6803.983580849929,-299.5819119793175
35,0.07642066756954473,6615.111162819308,-41.16660658958594
36,0.07850471694556041,6529.593041575685,507.1295277084045
37,0.08059701946059529,6365.761625511016,96.24485210086503
38,0.08269521798132064,6170.5371638601455,9.271849573934055
39,0.08478307522909848,6053.376253215382,-279.891023531413
40,0.08687780839616016,5865.278491091777,61.7737321756815
41,0.08897524569656534,5765.114193554412,248.42879879935083
42,0.09108077810470518,5555.493073123682,20.093375597938795
43,0.09318432266948053,5367.059632146189,380.4307240269373
44,0.0952788764104831,5135.46074920545,-10.174215823487351
45,0.09736254237981037,4897.241252892708,220.96400863149893
46,0.09944832814799408,4793.139225147227,-2.1622629575464685
47,0.1015460879802399,4621.714476774765,-237.66399744672887
48,0.10364263756677322,4480.392037922944,-136.4927309440514
49,0.10573893905394659,4284.88048004587,-41.27203983814289
50,0.10783958559814742,4207.470585830291,-4.145367352492657
51,0.10993894058501318,4062.538313673541,56.13891816295578
52,0.11203921431523854,3937.2683464659813,116.39461919957145
53,0.11412334585697578,3849.5473596095976,-44.1377187778907
54,0.1162159397555423,3773.078792781342,-34.31859148914063
55,0.11831372048037725,3645.1103979449517,-73.17277365025555
56,0.12039723118070132,3632.500056251241,84.19033130203624
57,0.12249223631878574,3519.4939540654823,-42.518958732630026
58,0.12458825984258635,3475.8109238592215,-11.460091024709792
59,0.12668846771583772,3443.886372681034,-76.05617109597506
60,0.1287846620419941,3416.8267765633104,162.5378251618413
61,0.13087133937881498,3397.5336148501583,25.21848150016547
62,0.13297548334406448,3307.1840814704115,50.26671694999119
63,0.13506910815256093,3264.1255065161295,-73.85442527792728
64,0.13716388258568254,3260.188885395177,69.99157743097854
65,0.13926047573721634,3242.8412209130174,-30.423486777887895
66,0.14134668829083769,3161.800517391826,50.72492494973895
67,0.1434475230090064,3114.549013309175,57.79205882710274
68,0.14554528534185418,3085.0052775176314,-0.8542608417198685
69,0.14763320610735878,3063.293309702101,48.018594924872886
70,0.14972114728432864,2959.952951551208,3.106733862579495
71,0.15181380487515775,2911.5049513369977,44.65972979923723
72,0.15392114901003526,2879.558692577293,85.89449940352043
73,0.15602147473412367,2799.5199951376903,59.4534270865186
74,0.15811617475881218,2767.9369657192833,-58.77864295968294
75,0.16021187122717997,2695.6159033413255,102.1524879559628
76,0.1623006419462899,2643.982783194859,30.63708041276122
77,0.1643899033199985,2576.099897198647,17.039459550893472
78,0.16648355823815117,2514.1944696992964,-8.542620525699324
79,0.16857196837784735,2475.887171904003,61.933101360244066
80,0.17066413320893647,2446.9816656230996,11.812923003609745
81,0.17277086992561352,2376.5940735382687,-5.960387341502363
82,0.17486965460096995,2330.08173644112,83.60797042685104
83,0.17695857694944453,2286.8053348497206,-26.785656476047485
84,0.17905245093155753,2231.3534682588593,53.42273329812738
85,0.18115265212612636,2210.6049316727963,79.34402988878374
86,0.1832476884130739,2186.2961378609352,27.230939621503246
87,0.1853312475833926,2140.6470090874072,54.961664174119456
88,0.1874284892203219,2126.7090698716947,23.147492567337206
89,0.1895337179075755,2092.485434493369,42.78188704059493
90,0.1916268196474026,2070.5175249022486,76.31412272618226
91,0.1937183403446853,2041.36621047969,97.71303649235601
92,0.1958131498886989,1997.7055103966356,28.540623326943006
93,0.19790587400989662,1999.1732175151496,70.73843858042348
94,0.19999906515978938,1961.8076025371633,46.18538609196347
95,0.2020893038374759,1936.242721347692,30.81031150310262
96,0.2041823192148178,1935.3897782039771,35.28757331277447
97,0.2062825911013838,1905.7459192465105,33.152146827654164
98,0.20837701891459662,1899.1346569333598,52.62213764886327
99,0.21046758167944032,1884.00832395299,28.434465324404723
100,0.21256678542440183,1862.6704786781759,67.50551173634952
101,0.2146619261104852,1823.6949201108253,34.731456277681225
102,0.21675618057220372,1815.6520474824245,53.742373392186714
103,0.2188528705899679,1801.1641136637606,33.5147266020222
104,0.22094564274530842,1775.1987129741149,63.7955871100978
105,0.2230395148320731,1757.9854036630027,63.35905660926914
106,0.22513567328585352,1729.405743929503,30.472721981411723
107,0.22722785048644015,1706.7850089238666,91.3272861408693
108,0.22931975112872324,1694.6702464396176,25.81023075772151
109,0.23141147723465103,1646.7360626067793,62.58543543307368
110,0.23350584674782457,1644.720975504224,52.099633720831015
111,0.23560416522029054,1628.593600529028,40.489490259635296
112,0.2377006336558307,1591.7639638833768,26.690119675315806
113,0.23979727503904752,1592.119976311395,95.06735803970113
114,0.2418944602532704,1569.6168568778062,56.63129883637685
115,0.2439884227569783,1539.9996707545035,28.94219916112135
116,0.24608359968283072,1523.5983848240694,55.71396212221843
117,0.24817552807053123,1502.9343806621328,70.82697128203775
118,0.25026237006475704,1490.4018880911885,99.27528927437486
119,0.25235861551053484,1472.815322971487,46.3723387765268
120,0.25445470778669854,1463.8998473496958,49.746361058753294
121,0.2565487653287422,1450.218828551554,69.19407547179054
122,0.2586464955058471,1429.0923085011639,35.50382501925181
123,0.2607443047329862,1418.844520460642,77.73520286271913
124,0.26284383121734134,1410.7557224594245,53.99187297052035
125,0.264929885565984,1393.686129097055,76.08402668779458
126,0.2670163698864118,1373.3233885648733,38.1053204134843
127,0.269112135390912,1370.984249496145,32.65938398716419
128,0.27120764961246213,1364.2280306880202,66.71068168037777
129,0.27330509996536784,1348.996058333356,47.510949811164394
130,0.27539842121309294,1330.074047564094,33.428517923399745
131,0.27749656900268016,1324.2185804185037,64.72755885224862
132,0.27959864364035925,1313.1041906080065,38.318911989249685
133,0.2816878213234348,1296.3051193140009,60.43293355650116
134,0.28377609558542155,1292.1301555977036,36.22316976253204
135,0.2858732754634003,1279.4846363100476,35.28985397789368
136,0.28796861590208045,1266.4550408656291,57.232984744376296
137,0.2900612915162532,1255.7338095990128,60.27576150319662
138,0.2921547032025089,1241.1340285618046,77.40323753932917
139,0.2942501291133245,1234.447111246982,57.943771455885916
140,0.2963444256131289,1226.9298362052782,86.61701292182529
141,0.2984361415704375,1219.9457522780222,51.545958488941764
142,0.3005318840555698,1206.9693073895842,48.93818226827849
143,0.30262777760316095,1193.1543591109712,71.75034422909552
144,0.3047248035439954,1186.2121375554955,56.416974918041596
145,0.3068210272572538,1174.9383357512993,46.482315237748566
146,0.3089144805088237,1166.4757357748354,59.222851213116975
147,0.31101080657849756,1155.7796773201578,44.22183179873038
148,0.31310885951912926,1146.0408120748612,45.87500996328704
149,0.3151991603466065,1140.5551404199923,60.60266555353795
150,0.317288667284839,1130.5609435104532,49.107831197656196
151,0.31938044185106124,1119.314369469561,54.45520431586119
152,0.3214783648369702,1105.0061757673313,60.87880535013536
153,0.3235785211189416,1107.3983216803415,42.13896345940519
154,0.32566935894833426,1093.0385446684638,57.138940493761126
155,0.32776077751211374,1083.9077293575765,55.98890800177909
156,0.3298523230655558,1079.543593000939,59.25148411349931
157,0.3319485433973702,1070.9970493026904,60.520411637575904
158,0.33404540358127904,1061.8192270310649,49.65323960922072
159,0.33613494177837844,1059.0376443744128,45.05825871720691
160,0.3382313832787478,1050.5982146533765,60.84167969717498
161,0.3403308518124324,1039.2411238036057,39.73259629665795
162,0.3424246601457981,1031.6066074985683,59.95954835160224
163,0.3445197272986724,1026.153119424258,36.990523799771786
164,0.3466158524641983,1022.9811377333978,45.88552962130193
165,0.3487089916477683,1012.8885807205362,57.133634497678685
166,0.35080114560367615,1005.8243003172128,40.705743134262036
167,0.35289356821720286,998.2804154905999,62.635766850788954
168,0.3549881110219297,991.4397127871232,43.46995629471969
169,0.35708559248027844,985.2095690084753,49.14799912372901
170,0.3591813496003593,980.7121832903341,49.57317022276423
171,0.3612749400626811,976.251354337198,60.71784582468649
172,0.3633693413142722,970.2742096624853,44.86013498768946
173,0.3654632219855477,961.4693111384385,54.37371216385562
174,0.3675603773529471,954.2127154756328,53.64978362611491
175,0.36965434919829326,946.2942965730336,47.38529905136711
176,0.3717418094879197,943.4749188582468,47.80287240780179
177,0.37383404253825586,936.8581874739161,50.86774879679046
178,0.3759308579415973,932.3247414745067,49.27401629231045
179,0.37802985088946095,927.5196756741573,55.64862742819612
180,0.3801213498834686,918.4258087850103,37.98913372568288
181,0.38221306010699313,915.5909827938384,42.24422544180951
182,0.3843141376638833,913.8083300639579,49.028314869884426
183,0.3864096355836929,906.2474490519602,45.681808598851354
184,0.388502907295756,895.6225362362665,43.19179879737421
185,0.39059769208540335,895.0747779079659,43.6258550476918
186,0.3926958121232196,889.9685918630408,50.02485220816476
187,0.39478921808384226,882.1571797628272,49.318688905439934
188,0.39687821409975554,876.1412511724159,47.691444125555506
189,0.39897073627813356,873.1586628012584,59.73181254193199
190,0.401067192451382,869.7790256345108,48.93766257253036
191,0.40316228148056854,868.9015364270092,51.692430773003565
192,0.4052546340249366,860.7123133051903,46.84259708654981
193,0.4073499183903822,855.4560537448532,47.27584703395818
194,0.4094468722071623,849.3960104289806,35.13927396404035
195,0.41154432885897757,846.5217815742134,36.880895052555864
196,0.41363408239228544,840.7424440454462,49.66335697297372
197,0.41572494638156243,832.2885225064246,38.98929833712995
198,0.41782181997781404,832.616592559802,45.996583702303845
199,0.4199166506307261,829.5767341004916,42.40648277261854
200,0.4220107143757513,823.0221772349853,44.49954554891424
201,0.42410542949066876,819.6841375503917,44.11032330638444
202,0.4262013850195404,812.6728193882069,43.31415058946792
203,0.4282955296445312,809.142894653562,49.618110153846594
204,0.430391806688861,805.5985235260911,40.412260725021426
205,0.432488575457924,802.2950411548067,44.22570616610162
206,0.4345806090039814,798.6412967146913,45.54865596552486
207,0.43667244097425384,794.8886408777773,41.57775446111353
208,0.4387671492209622,788.9475009826324,33.16558132689941
209,0.4408622534544343,785.3811865705615,43.63911491713607
210,0.44295516415095815,782.6167937017867,42.09670348606466
211,0.4450482683181851,778.286874832212,49.6538678790902
212,0.44714683875742495,774.056304266846,40.41860648859589
213,0.44924362280569813,770.3921969481498,45.640421492113425
214,0.4513338633316258,770.0685453359557,52.43983294920032
215,0.45342753643259276,763.5973095999343,46.622795260267004
216,0.45552189548586586,759.1879126905677,41.89619757245449
217,0.45761716616081083,757.4109845282749,44.91054958724377
218,0.4597117909764672,753.7987388722489,44.650471219128754
219,0.4618031890496857,749.990836085553,34.92633765084463
220,0.4638995470730997,746.2464206099188,44.56305902091661
221,0.4659948171464902,745.3985608608236,39.79908277306992
222,0.46808929446972725,740.1430200831093,43.090236468544056
223,0.47018492649495636,735.2734596443725,42.673422827257845
224,0.4722792778491551,732.9768116773085,47.8906638741709
225,0.47437272572904565,728.42885721867,46.20706706298402
226,0.47646593372141327,726.3426977527799,38.583561833075656
227,0.47856230727426236,720.6486427844235,41.18132662087228
228,0.48065904058976644,718.7426828682972,43.1277014887984
229,0.4827512226177774,716.4590714297995,43.642676923405276
230,0.4848441163240575,714.3583105738536,41.128490138091855
231,0.4869397730506266,709.7301976121421,32.46922970277689
232,0.48903678813400875,709.4037281820994,38.03902452312579
233,0.49113096964965397,701.9702687201537,42.31708196120978
234,0.49322332174786626,700.8678429421657,41.512044078792066
235,0.4953187148676145,697.254491550708,32.181331077919914
236,0.49741120358770496,697.1022605767556,33.584953892212035
237,0.49950082345999325,693.0563460418066,43.160116400089976
238,0.5015952506837275,688.2111597113437,34.81591946734362
239,0.5036919972981919,686.5813586209349,36.38601796855778
240,0.5057872116617207,683.3948583674589,47.654001728328225
241,0.5078828569897101,681.6968898984948,43.12148928863604
242,0.5099793452386306,675.8029042532936,39.82314400056327
243,0.5120767256379639,675.1422560532446,38.01710220745623
244,0.5141702395931294,673.2305490624981,41.90420177603126
245,0.51626132102766,670.4410797435468,37.33722754669395
246,0.5183576899265504,667.6062964467751,33.09375021310815
247,0.5204524416424112,665.6284869634642,43.662664348427114
248,0.5225430403510469,661.6418505730854,32.52384378155509
249,0.5246378991347941,660.2676193159691,38.98710101582129
250,0.5267345150769579,656.1587550607411,36.166125386327835
251,0.5288284644781793,653.47465328856,40.70124682807601
252,0.5309200047543352,649.3141643018846,33.62854025410506
253,0.5330154787982235,650.0876529122186,37.75267401128963
254,0.5351140455458262,645.9088332982625,40.35782211466316
255,0.5372066203065362,644.3335077626989,32.273827151804056
256,0.5392991990272246,640.6312274082444,41.33359889318486
257,0.5413944118270408,640.4805010526127,31.708067903989964
258,0.5434881995106379,636.5400245137673,42.944802695054065
259,0.5455829952492127,634.0693340617888,33.53539247239826
260,0.5476769745662954,631.2045471809745,35.79630477591356
261,0.5497697255495043,628.6937977058396,37.10870702791967
262,0.5518645446467839,627.1526311120623,31.823935215989703
263,0.5539598571350287,624.8682694628616,40.10461041373196
264,0.5560564538950566,622.6705592120034,29.960154298663664
265,0.5581500505101624,621.2414475328566,45.43444727700156
266,0.5602409063261653,618.3014503977771,35.54197284237854
267,0.5623379637803174,615.7278312545402,33.28161206908442
268,0.5644363283026402,613.0326307938718,33.245093900647454
269,0.5665273824761494,609.7356050794357,31.30308684347407
270,0.568621249018378,610.9734978709739,33.435825455369745
271,0.5707181447612965,606.5882337436367,32.56022587165887
272,0.5728127938597997,606.5044780977349,32.13918288238309
273,0.5749070881546879,602.5349169691058,33.79673639065362
274,0.5769991470923068,601.7931350098678,34.01678159134559
275,0.5790956911760897,598.6827401661022,30.666473112824434
276,0.5811893306261757,596.6804091201828,38.79265871033618
277,0.5832802267374103,597.1057523980083,31.0251877517104
278,0.5853761830306536,591.9235262125261,36.9663123116778
279,0.5874711784415975,589.2890646541873,35.301113418648406
280,0.5895653958899879,588.6031838974748,34.61076635658711
281,0.591659786459685,585.5349447938763,35.562491958643186
282,0.5937551851921442,583.8665038333704,34.26101807518807
283,0.5958498092767481,580.7418614167862,30.69915100837637
284,0.5979447066705442,581.0084871514701,34.563177508428716
285,0.6000383505174957,579.2001704737987,31.065132489804363
286,0.6021313016181767,576.5139468699368,28.446547324551293
287,0.6042246965556944,575.6155919537541,32.48327823078306
288,0.6063189733697846,573.284175302426,35.57528352143298
289,0.6084147213727373,570.7602719623839,28.283142567519743
290,0.6105090855473989,568.6988354840925,30.888366117072575
291,0.6126037649785722,567.5540467893552,32.892544609289864
292,0.6147002391370655,565.5658910661073,35.88418644910129
293,0.616794938930829,561.9530178429601,28.3430945123195
294,0.6188886865784012,561.0589050222765,30.022904481016376
295,0.6209825762252046,560.4486183159839,30.169689313117637
296,0.6230764414889526,559.7709762932686,33.302034522682156
297,0.6251725389343245,557.0326974268168,31.646532984455153
298,0.627266923011265,555.6842108995141,30.654930323114318
299,0.6293596211388142,553.8713104418842,30.17796806236339
300,0.6314513250607457,550.6492510075691,33.53235306024201
301,0.6335475720513941,550.5318537540334,32.30611248718992
302,0.6356444982495617,548.3548271458302,33.1215829620931
303,0.6377358562255245,545.6179360784317,31.783459035774516
304,0.6398302949107263,543.46200374198,30.648345467223667
305,0.6419256185614247,543.2484465905155,33.88296687273331
306,0.6440214843206593,541.7901085825566,28.777404467192532
307,0.6461142033434962,539.7822851125783,33.5837545657239
308,0.6482061138478032,538.4913482107758,29.068462593816655
309,0.6503020867345045,536.5358346944546,28.560952433929245
310,0.652398185537932,534.6483383646653,26.917326579231403
311,0.6544932048530038,533.1776737485836,29.87915235707487
312,0.6565867871776386,532.0689816263871,32.6157224340707
313,0.6586827890115348,530.8661403015022,22.130187329785034
314,0.6607793300725506,528.0562105318694,29.675912228380216
315,0.6628724964198541,526.8853968796191,34.44129686891201
316,0.6649654402217313,526.3510584163974,27.945288132005206
317,0.667059865407609,524.4297401638097,27.508208924155426
318,0.6691532523078332,523.649817236839,26.19318194279842
319,0.6712457992597233,520.4874603711208,27.85711373876937
320,0.6733390782258323,519.6995278566465,29.282683592132244
321,0.6754367503383576,519.543554164561,24.950796780408915
322,0.6775335143160066,516.3251815690378,29.93653596034344
323,0.679624621064033,516.0445720501206,26.05716527175298
324,0.6817180292738917,512.9150094507434,26.872892325183916
325,0.6838149015047629,511.77379298048686,27.63999151740715
326,0.6859101434268815,510.02258070170734,31.19793342206935
327,0.6880046468184081,510.40574200358935,31.37151658246546
328,0.6900999637264865,507.4725381271697,26.74805920735485
329,0.6921965733216279,506.74053635712323,27.738506631307274
330,0.6942884945981568,504.50953842988093,28.706147746159807
331,0.6963781649531228,502.4465086205451,27.562786623806716
332,0.6984747371200234,501.89486093743915,25.54164769006472
333,0.7005690388882679,500.1088852715277,28.69702702610433
334,0.7026621579778546,499.90602719848886,27.989031786314577
335,0.704757268847954,497.11454101524805,25.553070022796142
336,0.7068509057629639,497.33621221719875,24.934295445160977
337,0.708945644402387,496.2203205653774,24.540648162923873
338,0.7110406815970572,495.4925622467028,26.815395225082177
339,0.7131372373036142,492.81883083833213,23.790241802933615
340,0.7152323589250973,492.71282269541837,29.229402358652383
341,0.7173245162021571,491.1251379463043,29.03473689034214
342,0.7194199711852413,489.60162966173,26.65536013742367
343,0.7215151322330351,486.82466226153525,27.943043414554012
344,0.7236102334592447,486.43459762219305,26.923393869660917
345,0.7257047129497166,485.14541677907937,23.38255692021583
346,0.7277958825256088,483.26098919081727,23.34143029717524
347,0.7298900912292255,481.6770018402026,24.882298859319278
348,0.7319867159780691,480.3981784410176,24.357210107006143
349,0.7340808521059053,480.2361341359754,21.428477025669995
350,0.7361738853270124,478.470249537361,25.037227844441986
351,0.7382682123604443,477.89400554360924,26.54126342116403
352,0.7403641944498084,476.4953451820662,28.266577766324023
353,0.7424576311971561,474.97022297682133,25.69050373469933
354,0.7445523870480827,473.97207660756965,25.80076821805898
355,0.7466478284648128,471.7485202087494,23.11248911219201
356,0.7487413917548734,471.7788375888297,25.43369568427908
357,0.7508354594737505,469.8337230671921,22.22534080688754
358,0.7529278056847568,469.37413680934895,23.14932857238379
359,0.7550230257904859,467.66020026449013,21.565934450991854
360,0.7571167923480437,466.87010004051785,24.45617287285268
361,0.7592113317151179,465.1527838460649,21.515594995413473
362,0.7613074731933067,464.19807858315556,27.62805623147556
363,0.7634009581307508,462.2120277158925,27.062382985374477
364,0.7654969266569684,460.82139315343045,24.848455329703004
365,0.7675905899780763,461.2313029993721,23.490075134980124
366,0.7696837880547684,459.36889540543007,23.58330761181634
367,0.7717795008463626,458.71974936095165,23.39217581177644
368,0.7738757788346248,456.9684687867206,25.72499313948872
369,0.7759706260990727,456.2816116963933,21.942918464703546
370,0.7780620795267656,454.9011390639572,23.628116111174485
371,0.7801559906208961,454.3731485246414,24.96661874993963
372,0.7822523136569128,452.6927656032817,25.429980745893904
373,0.7843481481853999,450.98452431053494,20.22371410123605
374,0.7864425511046899,451.6720663101351,25.436141178109878
375,0.7885343495966205,450.28054558757054,25.351408436319197
376,0.7906286372458883,447.8899747390766,23.73546888737418
377,0.7927244345313397,446.86087255746486,25.613867130418257
378,0.794818005513127,446.65695302748117,26.22773452670811
379,0.7969121491149282,444.77013641829154,24.51259324905399
380,0.7990047112993173,443.8446128740065,22.720224532836426
381,0.8010984966914405,443.385669478324,24.359007163223676
382,0.8031950165575023,441.8448198366065,24.830573256093878
383,0.8052905677217739,440.957671965595,21.45215675661837
384,0.8073868841230295,440.5512695126205,23.335436467949247
385,0.8094800557409162,439.0952296579165,23.279982494625013
386,0.8115724907946299,437.8774244342886,22.05007998651243
387,0.8136674854006812,436.4386932730189,21.76230656513628
388,0.8157633267681768,435.9835495536048,22.29634425720761
389,0.8178572815764139,434.92195164452664,24.52339287391428
390,0.8199509017046862,433.3741436018637,22.26080182356446
391,0.8220464110750062,432.4224141598371,21.408654963680817
392,0.8241406544737637,431.76358169780326,20.75847504533077
393,0.8262328397247414,430.41032073150717,20.963401445165466
394,0.8283269471334518,429.66040829155264,22.192856846529846
395,0.8304231064697798,428.37948575535086,19.308115586064446
396,0.8325161683796762,427.61893750529975,22.23873391681022
397,0.8346105557242035,427.04586099834773,22.969879298563924
398,0.8367059794413102,426.0586809633746,20.5925855778048
399,0.8388002445604258,424.5770990989559,21.868239967088513
400,0.8408960756111226,424.24080636236636,22.74970110461456
401,0.8429905652842218,422.7820630472258,23.595988693838528
402,0.84508401313589,422.5336266064185,20.748576913237944
403,0.8471791713809247,421.2247986879715,21.858269141969114
404,0.8492743362825239,420.1970075018963,21.685965585417755
405,0.8513668888602299,419.7091355037375,21.833056619822216
406,0.8534589296280589,419.1054346390472,22.018889794235278
407,0.8555558405338324,417.2618986220144,23.437126484991033
408,0.8576516874123633,416.09627256369885,21.12139769456628
409,0.859744590599333,415.5483673958328,21.709155411319635
410,0.8618400547669827,414.8817350004661,22.48424986709101
411,0.8639350434441438,413.7343408700725,19.471123821151025
412,0.8660280248974203,413.0471305594998,22.78210693132494
413,0.8681201347325478,412.6906907170708,20.70895327416913
414,0.8702157283801463,410.90171795049315,20.29701116420555
415,0.872310621353091,410.00380035041104,20.56309447297874
416,0.8744020359703552,409.0034363433457,21.66252666620786
417,0.8764972088477568,408.43252263858284,17.93664979425306
418,0.878592835994214,407.55247743816216,22.73640345141296
419,0.8806870131084201,406.447891307484,22.56214211226163
420,0.8827812802431019,405.68284986363295,20.485299329817483
421,0.884877279658285,405.50907467489196,20.998548353273677
422,0.8869730004154345,404.2523285851303,19.14889051080994
423,0.8890661750433553,403.4556703834567,22.339092507709754
424,0.891161435679344,402.5682574052594,19.899869639593526
425,0.8932577960179496,401.8843276291715,19.888014512688137
426,0.8953527392107627,400.68689084610054,19.0090413499304
427,0.8974462460666859,399.7326240955556,22.869482694973062
428,0.899539340962409,399.5612305250306,20.239454449912472
429,0.9016318169027592,398.2476041306264,19.935349991517523
430,0.9037252249745606,397.276356946155,19.735296725834207
431,0.9058199443223193,396.773086852226,18.51684807369093
432,0.907915243986348,396.15010024754474,20.104481215241876
433,0.9100128049501981,394.545160140785,19.205977811260407
434,0.9121059966002629,393.71443281328965,21.252848734266024
435,0.9141972861830797,393.0985350264668,20.23598240210223
436,0.9162932496702593,392.560749860718,19.05139807142295
437,0.9183878012752863,391.23681660003786,18.393337661794707
438,0.9204823185419505,391.8698214757583,19.24664836147216
439,0.9225773629784582,390.24147689179415,19.576070339845373
440,0.9246718174739146,388.8684049434142,18.53696114965439
441,0.926766211900197,388.848367003366,18.43643136888005
442,0.9288591582540804,387.73015749963275,20.757275527876608
443,0.9309526610700547,386.94478448282877,21.0729348683014
444,0.9330479303067369,386.245918728234,19.062061446894067
445,0.9351433527997749,385.65429480737436,21.405720563281072
446,0.9372383527365933,384.3269460010025,18.94177996713153
447,0.939329757499591,383.7215524881162,20.604857755562108
448,0.9414230571985791,383.580154032768,15.934164193227561
449,0.9435210054806012,382.6949932624537,20.47556170249836
450,0.9456162503172072,381.7687439355649,17.913816194301177
451,0.9477100092887099,380.6631950364252,18.86477081861584
452,0.9498046323041349,380.4557152521712,21.0627618437431
453,0.9518991548408083,379.78188544285103,20.015276598005524
454,0.9539929332702277,378.31964354406074,20.939468843674778
455,0.9560874898052096,378.00561953203703,19.75078490410241
456,0.9581824530689178,377.2425857091365,21.440118097208785
457,0.9602770371571748,376.5301913335503,21.04677005086632
458,0.9623710723241273,375.4397699476197,19.100295362328804
459,0.9644648349083941,375.1417096759928,21.469766750711607
460,0.966557887379011,374.2132361558648,19.395824023713356
461,0.9686513195291268,373.4169765904284,20.740980773816727
462,0.9707470393683869,372.7881701400407,20.712108970282326
463,0.9728419987888902,371.9554222205868,18.85375023515922
464,0.9749363451418961,371.33022866522464,19.803317649485056
465,0.9770319720978949,370.2424279504505,19.141140089584386
466,0.9791260608689247,369.55669532533693,18.021223612613447
467,0.981219993418123,369.20961975861917,20.26173993039448
468,0.9833154848012966,367.45571186510995,20.13640427193659
469,0.985409217900734,367.49959848893053,19.44200182165426
470,0.9875034929558208,367.08218792757015,19.510313559021398
471,0.989598845059814,365.93034247517926,18.85126466007652
472,0.9916925524589582,365.74093422185376,20.70981503763641
473,0.9937866222530743,364.9312658136916,20.01389619502316
474,0.9958822538585521,364.4030102003917,19.673422791164015
475,0.9979763461234663,363.28311492167285,19.796017740195566
476,1.0000687382803208,363.08502510166795,20.316774136952503
477,1.0021620574674717,362.45911650560043,18.928302409075975
478,1.0042566040705312,361.7859579099104,19.21739452830836
479,1.0063510481087232,360.9569609680182,19.820788878125942
480,1.0084458017147504,360.07516208872886,19.195425519581523
481,1.0105412449330358,359.838550323638,19.388798418882306
482,1.0126363206852906,358.5665844268804,18.72783269216551
483,1.014731689048677,358.2283827821478,22.674798157569274
484,1.0168251811607234,358.07984308781516,17.961617969459223
485,1.0189183181794257,356.84206520406,19.19803892665928
486,1.0210135131858313,356.1129618542487,20.832428510180414
487,1.023107899818119,355.62303665960087,19.162220009517398
488,1.0252035642142994,354.3387724185053,18.571411698780175
489,1.0272979326699727,354.4751414294485,20.28121563215143
490,1.0293915165160124,352.9446283910249,19.045954888342965
491,1.0314862118776227,353.3427746537846,19.5055855209132
492,1.0335813276438528,352.55662544690466,19.284312327327545
493,1.0356760372494827,351.95742448698314,19.42442520955475
494,1.0377697665518313,351.01211252198306,18.32232715975239
495,1.0398635542890804,350.46746197118387,18.21165008159078
496,1.0419580022733907,350.29710739781075,19.189384560041976
497,1.0440530837182007,349.087417299762,19.9430746358152
498,1.0461463909219801,348.51778587732514,19.832712199884188
499,1.048241289239942,348.02762192060084,19.907227808087264
500,1.0503346504195201,347.96570274616766,19.081252240064465
501,1.0524278880438542,347.16805330793267,18.27198365709154
502,1.0545231057279465,346.44764808439965,21.691529344611315
503,1.0566172205725972,345.77535122560994,20.131972531509483
504,1.0587125681053644,344.7696071782278,20.621076608559942
505,1.060806974942881,344.84413415160014,20.45020255486265
506,1.062900937291859,343.56731111440087,19.29613552623289
507,1.0649968400029963,343.67851266772857,20.54169086748665
508,1.0670917748856612,342.2321401936089,20.6267688474987
509,1.0691837840599538,342.15043682343264,20.67746437303929
510,1.0712784055790137,341.2800911662473,19.063980673880916
511,1.0733741944109443,340.7279085493101,19.599506766118672
512,1.0754689143080451,339.87078446136104,19.79060762066507
513,1.0775625935653539,339.9326229593995,18.580234853854996
514,1.079656551776009,339.2920708075478,21.092516972582633
515,1.081751759033872,338.8267859902014,21.593441337269752
516,1.0838450038800544,338.1180628486005,21.857781195752487
517,1.0859393346043436,337.04178029812624,20.86347358876009
518,1.0880340737032612,336.4902575270123,20.08827305937621
519,1.0901280973397867,336.2328638622515,20.937380519231574
520,1.0922232205093443,335.7938710361667,20.25804445004671
521,1.0943183198095006,335.0942302275214,18.62805223040871
522,1.0964124680620808,334.4780444528371,21.085896026629268
523,1.0985066965945804,334.0655832109585,21.41474023854249
524,1.1006022506925348,333.56888600086785,19.762112874306894
525,1.1026960746069068,333.18024896896236,20.936434321043222
526,1.104789420523433,332.8443056571914,19.55655249206974
527,1.1068841457204943,331.6188465369083,21.62877915076193
528,1.1089772649904681,331.5577582251726,21.319999705652627
529,1.1110723868790173,330.60307914961146,21.287252070451093
530,1.113168427194727,330.3119760311706,21.09603538417797
531,1.1152626776337078,329.4834550675175,21.166988125899906
532,1.1173574051129724,329.5098061928374,20.282721509310072
533,1.119450573697561,328.9011919922973,20.45706778682243
534,1.1215436337779248,328.1071972121217,21.569121335968877
535,1.1236390334415942,327.7201434156463,23.528051851962154
536,1.1257332200225998,326.96072817762825,20.95093411052206
537,1.1278283378211404,326.6791302512468,21.928349490162066
538,1.1299238131648552,326.3464897518027,21.030097574508574
539,1.132017447124327,325.6001751079376,23.225279022538594
540,1.134110650036949,325.00408078272625,20.68941105828062
541,1.1362036259959787,324.472547519519,23.305184782853576
542,1.1382991427598659,324.3602938267036,22.15363821890373
543,1.1403936066737896,323.15268159641823,23.806725315635486
544,1.1424878264606209,322.8224503190328,21.28820952027227
545,1.1445836717483504,322.47281102135514,20.76468136763894
546,1.1466778755714095,321.9263713573781,22.256929446059164
547,1.1487715351237628,320.975275833091,20.85429097258589
548,1.1508672245306748,320.67862440423283,21.044896605159117
549,1.152961670034179,320.0801089966837,22.81450886367204
550,1.1550551275418117,319.9001621220255,22.928112035481146
551,1.1571500620004906,319.4315483328017,22.702805130896234
552,1.1592451155989445,319.18545705476583,21.082753903033367
553,1.1613401484055899,318.58396748001053,23.401784895836478
554,1.1634328135986687,318.08312230397837,23.21288812989464
555,1.1655280225544649,317.9180005913352,22.77720706249679
556,1.1676232414157608,317.43388602429906,22.504620379596915
557,1.1697157183635434,316.9351684414784,22.229050824123853
558,1.171809765164966,315.8063619027614,23.94843506827593
559,1.1739036754657965,316.0855827694374,23.326249683966076
560,1.1759974618047027,315.6218709896549,23.75924937722088
561,1.1780927342002254,314.7914219384285,23.160110334118258
562,1.1801886215978319,313.775774503672,23.674170857033445
563,1.1822824649467334,313.5780068381316,24.390076221412816
564,1.1843777187054296,313.6406248839792,23.338106048402
565,1.1864731317277017,312.73612658645163,24.25321876514516
566,1.1885662199882188,312.68088199522543,24.47997031722907
567,1.1906603290984812,312.2697762489934,25.888442129465002
568,1.1927560449071208,311.59552437772624,23.596688599199442
569,1.1948501301675682,311.011573637367,23.892065821641648
570,1.196942866326464,310.99232314043735,25.044557559217303
571,1.1990363434731066,310.251846314594,24.019023776396104
572,1.2011315528209288,309.78826604382243,24.878254686610006
573,1.2032252726398727,309.19068021270124,25.82413222329754
574,1.205319131714267,309.32604261872007,24.88570673071005
575,1.2074143429200774,308.72948332981974,24.187774021574153
576,1.2095073316728018,307.9357082251954,25.03917200010743
577,1.211602159357548,308.02569002409865,24.269126356458862
578,1.2136984428310558,307.39663540751997,25.516685949780378
579,1.2157943340364452,307.25521555386814,25.618999902327854
580,1.217888268816351,306.140849069689,25.6468784809959
581,1.2199821909033837,306.1957168908939,26.33985600480169
582,1.2220779372220854,306.2888278078537,25.5900533527669
583,1.2241720630448372,305.54148122292133,26.807077489416177
584,1.2262656486341297,304.86460398977425,25.180952819672065
585,1.2283602712023978,304.72788157906166,26.001337114949447
586,1.230453847781421,303.7824847126865,25.375110166585912
587,1.2325484279288663,303.3376512729719,26.955066705499352
588,1.2346427330328844,303.646304730942,26.744972043592597
589,1.2367368340043534,303.1126065000802,26.13013248627134
590,1.2388320989568682,302.7397688042785,26.467155465464703
591,1.2409254956441091,302.13931418692965,27.83977796317114
592,1.2430201387037565,301.7223883478419,28.700431011335308
593,1.2451147141570293,301.33833832587277,28.014541263063148
594,1.2472087367784284,301.0663480685891,27.953720899563034
595,1.249302614173833,300.8885721608051,27.27885871844782
596,1.2513971052845823,300.2570769482958,27.410450143157302
597,1.2534931066319515,299.85707664750583,28.61923910223616
598,1.2555863817711985,299.5986760647651,27.173343730995843
599,1.257678969059161,299.231716507394,28.62085552979426
600,1.2597748382104277,298.5215034241796,28.734152024994042
601,1.2618698898493887,298.64480320904573,29.50492591646462
602,1.2639640740660565,298.05004313316283,29.232445257681178
603,1.266059176034634,298.03667841749206,31.29323344360086
604,1.26815329738596,297.5075524766013,28.958343212737322
605,1.2702469827768745,296.98606276748626,29.43898955287678
606,1.272341439773769,296.72690481085107,30.286476899696666
607,1.2744361591580655,296.1182751732973,29.766294934052645
608,1.2765301570381213,296.0944691273307,29.86206925542893
609,1.2786243195908502,295.62469766744135,31.51394579624253
610,1.2807201779848052,295.2430296357461,31.300658898437682
611,1.2828149770647865,294.8930223334081,31.226495438854784
612,1.28490831046805,294.9768141152758,30.51680805167125
613,1.2870024746125797,294.1394673250746,31.530305378354438
614,1.2890960788179595,294.1107051588463,32.12387469659241
615,1.2911903407610128,293.9530233029913,31.383325084045644
616,1.2932847299377603,293.3273081391418,32.785135547208014
617,1.295379834193548,293.0330269133178,32.48462444157727
618,1.2974743412448833,292.6900990338348,32.52620184470401
619,1.299568838606027,292.2533776729607,33.0141908024683
620,1.3016640567270552,292.05367686129244,32.80608657606407
621,1.3037578272673165,291.85261829650824,33.90882510991327
622,1.3058518980796576,291.4427063093838,34.03230128350728
623,1.3079469520711469,291.32550769976956,33.98758071464023
624,1.3100414674631762,291.22756806012484,34.21162647904885
625,1.3121343419146885,290.7440374495563,34.853613404962594
626,1.3142291157646366,290.21469534778635,34.30756637828147
627,1.3163249547628966,290.08705997228003,35.26486191277911
628,1.3184204308819243,289.6183203216556,35.71813188305077
629,1.320514045081714,289.2446822198222,35.694865348708504
630,1.322607731116918,288.89786131513677,36.121348247915655
631,1.3247030067977636,288.87279304390245,36.17228822799233
632,1.3267964975071294,288.65259912294016,36.4435353283944
633,1.3288900457896358,288.44821895227795,37.15570386355917
634,1.3309846323229146,288.1595219964682,37.08815938139999
635,1.3330795391690438,287.5951805419893,36.46973824876024
636,1.335173949560825,287.5957026355313,38.14840703848966
637,1.3372672428845813,286.9324643388613,37.486157505132276
638,1.3393616502777206,287.1179713941907,37.48931301129027
639,1.3414564546808454,286.76319770317167,38.61357824999873
640,1.3435497634465539,286.64840742876964,37.90701080610347
641,1.3456439095281743,286.4393441229211,38.57559711312158
642,1.3477398961804745,285.9426150206111,38.44293032611277
643,1.3498356331361778,286.0045009046375,39.7348851940475
644,1.3519291222201564,285.5979183339333,39.56830610534029
645,1.3540221824451044,285.43210599842104,41.44969571494032
646,1.3561174165883387,285.05343110149045,39.58628142191688
647,1.3582118000666776,284.68231497336313,41.77886754118455
648,1.360305548489477,284.6468721128996,40.71460822685082
649,1.3624016471705516,284.62604776371325,41.950370158953
650,1.364496581524498,284.2643138093318,41.86804777349549
651,1.366589927521404,284.0055266377859,43.386255083642965
652,1.3686839345616666,284.0384778803274,44.068222545956225
653,1.3707785136744248,283.6939199864233,43.36433155144299
654,1.3728736781569988,283.2168305643638,43.623348567335846
655,1.3749673745335222,283.42603518820636,43.70277521712063
656,1.3770602631292597,282.86299583992434,45.07904152176851
657,1.379155717578164,282.8373427752406,44.662349862337
658,1.3812508039107998,282.4375521820091,45.35635781583385
659,1.3833453325862841,282.3390746922967,46.886134819748264
660,1.3854396647384786,281.94310806832476,45.89746259840021
661,1.387533616953471,282.07236207677533,45.82584987836965
662,1.389628935147901,281.83120518216623,47.08873237941011
663,1.3917230672721894,281.4012370770183,47.00548903073076
664,1.3938172778813163,281.4614615242716,47.69455043725417
665,1.3959128506087028,281.41227899842505,48.68123829494855
666,1.3980069894682674,281.1850108978391,48.85564467764504
667,1.400100032768225,281.0186461362907,49.05197567527001
668,1.4021942273095422,281.23784848389323,49.571092934637875
669,1.4042879724639459,280.6115515439202,50.37460725423982
670,1.4063822250727482,280.35904575971466,50.677710523271365
671,1.4084777998796327,280.3792337085754,50.372841368262065
672,1.4105725454065003,280.2146945832003,51.355880890681135
673,1.412666035757187,279.9423712237921,51.63469493937835
674,1.4147597581950535,280.0092429717034,52.157425367521654
675,1.4168552493745823,279.7855736664189,53.068604113040806
676,1.4189502707585735,279.86888512162136,54.46046567654991
677,1.4210439871962917,279.72011037639146,53.16556088789396
678,1.4231379588066748,279.1871639161868,54.47666410569038
679,1.4252323843784174,279.5482933666938,55.020657203948915
680,1.4273263645812686,279.3060095765946,55.4392837248838
681,1.4294209343777806,279.2717606169586,56.99602860914152
682,1.4315160587565352,279.19606366206995,55.91121283461791
683,1.4336101809254245,279.0372953667561,57.35851431864937
684,1.4357047233292217,279.1026369040922,58.012595003195955
685,1.4377991034950037,278.6210592195536,58.10486044773313
686,1.439893269172154,278.7883603505147,59.262408110304875
687,1.4419870983325702,278.78789118350744,58.720992645299816
688,1.4440820971476513,278.4924789711063,59.79000563724016
689,1.4461780146809415,278.42241863029096,61.113496614050305
690,1.4482723645441788,278.34310691843245,61.395406174119024
691,1.4503661519067539,278.57550957150374,62.330135306110066
692,1.4524608997459605,278.1287281094638,61.22099399557083
693,1.454556191478353,278.2283082248668,62.418509045446974
694,1.4566505605195028,278.2087997681791,63.04508723385017
695,1.4587435672120013,278.1982231073124,64.20975196834571
696,1.460836376274075,278.1001038068452,64.87647020531243
697,1.4629315024559504,277.905100918391,64.81808764834882
698,1.465026115161985,278.1615921720195,66.64145297882699
699,1.4671201905708728,277.4840281867695,66.9621653639254
700,1.4692142550197365,277.53247917189407,66.9874071077296
701,1.4713085109511452,278.04191916123096,68.26303141780195
702,1.4734040883627781,277.7262725394969,68.3087638738719
703,1.4754983077923518,277.6616732400488,68.73290636091095
704,1.4775927333883283,277.95549142988153,69.88805755131582
705,1.479686516386449,277.7531792525953,70.9969100369887
706,1.4817805445745025,277.94233163235236,71.14410058856151
707,1.483876051193717,277.65252176820593,71.44724988995925
708,1.4859713583510508,277.91286704807754,73.05765719674143
709,1.4880662760111125,277.97008255068914,74.03544846233055
710,1.4901603423423662,277.93255318221054,75.37367683053824
711,1.4922546168830801,277.8268745640973,74.64017773615026
712,1.4943493508016918,277.51925187429777,76.1782958341796
713,1.4964436549031517,277.70052990123975,77.41836121324584
714,1.4985372426394363,278.0919511298079,77.23285844939551
715,1.5006303537214591,278.11722354296535,77.59439755527288
716,1.5027246941647125,278.15344417165477,78.84919696776284
717,1.5048198674391857,277.96793520397733,79.78214838244618
718,1.5069136003861163,278.1987169297537,80.33937542632087
719,1.5090076377683221,278.33346343383295,80.6134010960185
720,1.5111026723067662,278.28471472753944,82.71320074304856
721,1.5131971028762412,278.53814882325486,82.65500420422327
722,1.5152912609041667,278.48200352051975,84.26696219677797
723,1.5173854934463344,278.5399328348428,84.40399008865926
724,1.5194808793753787,278.42215148384275,85.8433239480446
725,1.5215756259285513,278.54928122675386,87.6697052853932
726,1.5236695807770564,278.8276563686622,87.80326393691472
727,1.5257641081783464,278.77324808798977,87.49057793296659
728,1.5278584873608179,279.0709618345663,90.25312352900286
729,1.5299536435991428,279.0120461568903,90.76097163507302
730,1.5320476585044298,279.3085828523008,91.75770152509892
731,1.5341414384393777,279.3434281481815,91.18340780994852
732,1.536236950937659,279.64992376970065,93.61424974299986
733,1.5383317033374695,279.8295171091004,94.09736465406155
734,1.5404255753841434,279.9397777351953,95.98256208542634
735,1.5425198393431812,279.94259162676553,96.09810021979507
736,1.5446136227526486,280.10374407544504,98.73504365352886
737,1.5467072285753283,280.3220890735869,99.08367248115732
738,1.5488013111816905,280.4543654215553,99.27242551174443
739,1.550896674249749,280.3756519231561,101.19301025295186
740,1.552991701547339,280.96646420985195,100.71014248871165
741,1.5550856629518366,280.97572161274013,102.8571580903844
742,1.5571801051512508,281.1676658377558,103.51103671920453
743,1.559274417579796,281.2880657092985,104.74575126770901
744,1.5613691533539047,281.49760584982295,105.84239121035026
745,1.5634631934261796,281.92695570423706,107.80387675180995
746,1.5655577892497892,282.1952708618457,108.56817957388806
747,1.5676527275763066,282.12232814795533,108.70699052487915
748,1.5697461748764228,282.4565371029262,111.51153842215034
749,1.5718402189801153,282.8875713678222,111.65360137507601
750,1.5739346218160084,283.2430380810826,113.14086039004464
751,1.5760295037244485,283.6394691041796,115.50462813940923
752,1.5781239238326052,283.50590129019486,115.26040433707584
753,1.5802176736109215,283.85596787746226,116.2982695441766
754,1.5823123941098438,284.140826503869,117.8735325080183
755,1.5844068047546922,284.3402811567498,119.34423616183467
756,1.5864996832696292,284.91167983426425,121.18685276271586
757,1.5885944598128996,285.1299163572778,121.88743399942842
758,1.5906903325437156,285.4470477027675,122.5382419640452
759,1.592784689092666,285.50753324924597,124.29094509713599
760,1.5948796873290236,286.4431275458841,126.75706436147047
761,1.5969745597395735,286.2771311103319,127.0791618526075
762,1.5990689218084002,286.94224425852923,128.38441808552471
763,1.6011633213632455,287.09082238929335,130.77507764975473
764,1.6032577776043084,287.013548423732,130.86652050784264
765,1.6053514020964894,287.99141739463266,132.32551252417164
766,1.607445093072501,288.20433743319876,135.0725509997727
767,1.6095393086936036,287.9187067322145,130.61458820544414
768,1.6116336711357766,287.9367362324759,123.8494554276812
769,1.6137279918528686,287.4222505906346,116.12212974288734
770,1.6158221116449558,286.99107242708845,108.65463446775651
771,1.6179176229648538,287.06837465274845,101.66018842340505
772,1.6200131612431772,286.8493291167465,96.04917651249605
773,1.6221069236192778,286.29842221027263,88.0581889704333
774,1.6242011307622557,285.92330304828056,81.3495081290242
775,1.6262960841945175,285.9418458064455,74.10277443703457
776,1.6283896203498047,285.44360651998153,66.96736635913985
777,1.6304834947928883,285.19514994249204,60.115108037583504
778,1.632578127710653,285.00436300560426,54.801873207692985
779,1.6346731813158608,284.52954400450983,46.45870250867522
780,1.636767172365261,284.223244384766,41.30695805540394
781,1.6388603779595408,284.021807209443,33.92802862786298
782,1.6409563605892468,284.11735049905076,28.596456087623842
783,1.643050621284035,283.59583533502024,21.760206732207298
784,1.645144102645386,283.51321946048745,15.03575196622221
785,1.6472395726584623,283.0109575134396,9.521829063202091
786,1.6493331318477138,282.70679402761823,2.334206541624897
787,1.6514277435583298,282.61990697575726,-3.27946012559984
788,1.6535225655624404,282.3504217170379,-9.303722270258119
789,1.655616100487628,281.9881747474396,-14.901881639152316
790,1.6577106071833263,281.991182993245,-20.981476933016374
791,1.6598050724476994,281.79224699272237,-27.045538066305287
792,1.6619001395524664,281.48635873947455,-32.99412868933447
793,1.6639948642035431,280.94024136221833,-38.6823457920033
794,1.6660882997554614,280.57565837712394,-43.59630483183881
795,1.6681827329415837,280.61954495090265,-49.26466741439719
796,1.6702780557373313,280.46326661891294,-55.16155457372117
797,1.6723710846745943,280.1038050345112,-60.703129757010615
798,1.6744651718920411,279.7833092966222,-66.70424878434477
799,1.6765602044792516,279.8171653349315,-71.1449092402901
800,1.6786535596079524,279.5087595437175,-76.88398065845044
801,1.6807491745425278,279.2735436284588,-81.92435514196572
802,1.6828445761171116,278.87753491483284,-87.23016393443037
803,1.6849386388007168,278.9617305020524,-93.04556254688143
804,1.6870339476475265,278.51242662062856,-96.76395225541945
805,1.6891280758541645,278.38276226579677,-103.64788534583099
806,1.691221272327691,278.1769940696003,-108.13888762537887
807,1.6933141346742315,278.0981752269181,-113.76724779910656
808,1.6954090930463133,277.83822625746177,-117.61047891146552
809,1.6975047078021417,277.394739880428,-123.23821450645937
810,1.6995991246970055,277.6068322604052,-128.19400271536335
811,1.7016934918813407,277.09070503184006,-132.11234639871074
812,1.703786903721137,277.13989441815073,-137.15629915712066
813,1.7058818292953146,276.79313072505005,-141.63743486536544
814,1.7079768740006063,276.8216330183026,-146.4796905365759
815,1.710070845319196,276.18397069919723,-150.44000539939148
816,1.7121645316176712,276.2824820590631,-155.73204957275516
817,1.7142597272321454,276.26786227883315,-160.09221755770827
818,1.7163549406546734,276.0063735377232,-164.09942167091344
819,1.7184482195940645,275.7999385160092,-169.2784108976183
820,1.7205423072627637,275.6875385440319,-173.85973771740962
821,1.7226374847113666,275.34322551739467,-177.34816879981798
822,1.7247323233526113,275.2852869111646,-182.34115348048576
823,1.7268266901810085,275.1207734209832,-185.88138429059987
824,1.72892134476467,274.690162449029,-190.64121492807837
825,1.7310153629662073,274.59717146542516,-195.1461865943863
826,1.7331087353021186,274.59380351649025,-199.3415338833718
827,1.7352028820270462,274.55236830281115,-203.43538480535028
828,1.737297419510233,274.2030144411075,-207.8161136536014
829,1.7393924268721555,274.0205775357153,-211.23474237846688
830,1.7414865202316776,273.7759493254985,-215.46587224604886
831,1.7435798385311778,273.84249576467744,-219.30978365484765
832,1.7456747741592018,273.38678626606907,-224.14512015199665
833,1.7477707733578058,273.39083515064516,-226.7973821635085
834,1.7498644151299778,273.37942814493977,-231.1398887144418
835,1.7519579294274097,273.15917717549877,-234.8091831387712
836,1.754052537005875,272.978817414454,-238.81293270894224
837,1.756146014277543,272.85515011997325,-242.46150375880651
838,1.7582399685899122,272.9152133500401,-246.4610325381248
839,1.760335124398212,272.69955891191927,-249.89848504922747
840,1.7624306374180432,272.2152592236346,-253.52093243747427
841,1.764524733445493,272.47929128857,-257.7884877750871
842,1.7666195957988082,271.94151625872075,-259.7516703145853
843,1.7687146552767006,272.1020546160673,-264.46627067513765
844,1.7708085687106505,271.8809908813397,-267.90340558849823
845,1.7729026984403262,272.07852133591507,-272.5552978628066
846,1.7749968373222131,271.8414103696039,-275.33108827540946
847,1.7770919795414395,271.4824440058176,-277.68384665107794
848,1.7791866891650514,271.70377159393274,-281.31888614337703
849,1.7812805740714612,271.2086306418551,-285.5189645800697
850,1.7833749145944944,271.4714878299025,-288.8805457785028
851,1.7854698174814119,271.23133931331716,-292.5756582521387
852,1.7875649050000997,271.0708775239179,-295.5675448344984
853,1.7896586091751823,271.0156224364208,-298.8827894022583
854,1.7917528105223397,270.96049185209915,-302.1254491564157
855,1.7938472619734778,270.6921892769198,-304.8543445667694
856,1.7959410333998334,270.5822408491068,-308.02080376880883
857,1.7980353139963554,270.47207943771986,-311.61026695960254
858,1.8001292949050451,270.50804936943894,-315.23577822865303
859,1.8022240144636215,270.2650420583119,-317.52821507745676
860,1.8043180357006787,270.34837072908994,-320.97997508805287
861,1.8064120149556366,270.37227536299906,-324.58628891806785
862,1.808507216693214,270.45976075894055,-326.72927678206185
863,1.8106012235056632,270.0190224982616,-330.1323420103715
864,1.8126961076333348,270.237194286613,-333.23607161656696
865,1.8147906359659112,269.95296960287163,-335.462464637428
866,1.816885013662702,270.1170082239863,-339.71711526237044
867,1.8189799788179999,269.81597911907204,-342.6963475920368
868,1.8210733357472892,269.9849279909283,-345.482418203605
869,1.8231675363973032,269.86710265092023,-347.62329363207897
870,1.8252628639859947,269.78989989117645,-351.6982838553758
871,1.8273578690890415,269.7006472479397,-354.00414544234667
872,1.8294529153678178,269.6262944559675,-356.39607272910956
873,1.8315468366202061,269.36370497374224,-358.91513136597337
874,1.8336403420201965,269.37871868507705,-361.98162312896056
875,1.8357342642631629,269.3881590435131,-364.76120095605444
876,1.837828606636473,269.45369481828783,-367.67466171464883
877,1.8399232687279,269.14445452403544,-369.99922045909113
878,1.8420169361094605,269.2998803722166,-373.60557935243475
879,1.8441103454239045,269.4010198560713,-375.5768216656579
880,1.8462047113551943,269.2105164957133,-378.5799793129415
881,1.848300337583767,269.29145281154786,-381.9385591164533
882,1.850395118058644,269.40040416811746,-384.2958688958473
883,1.8524895015648957,269.0276327561941,-386.42982109820156
884,1.85458435317291,269.09394047669764,-388.7035577698035
885,1.8566786691854407,269.0038852187948,-391.9727121314211
886,1.8587722962005393,268.9673005418467,-394.2350469758329
887,1.8608667292143481,268.9874766438059,-396.5994026716369
888,1.8629623979972338,269.05893380372737,-399.0949878514852
889,1.8650575007618033,269.0240176171967,-401.7466349461013
890,1.8671515757398978,268.99349144496404,-404.47909088394886
891,1.86924567270883,268.72126544800494,-406.2862274131902
892,1.8713402290883943,268.9422703264269,-409.03469509148294
893,1.8734333441485889,269.0029188328493,-411.68238349464457
894,1.8755274569663687,268.91016690192026,-413.7761675024099
895,1.8776226584010878,269.03277684333585,-416.8697439134267
896,1.8797156234954413,268.96845652580663,-419.17758146743176
897,1.8818097674713492,269.22149779585584,-421.0793165161309
898,1.8839051205157094,269.02906042457795,-424.54441977019366
899,1.886000042933448,268.8756257457311,-425.5556809459108
900,1.8880949075451439,269.3634391476621,-428.1564347976594
901,1.8901881584759161,269.269029671889,-430.6769420377678
902,1.892283217936019,269.23895434645226,-433.5999469985095
903,1.8943782680554568,269.09289811110256,-435.37621868085444
904,1.8964720473710392,269.1564475413813,-437.35374044938004
905,1.8985668668489433,269.41055302958796,-440.649253940725
906,1.9006612809862096,269.26837447764007,-441.8808288450312
907,1.902755719587151,269.04652917129556,-443.7310117553344
908,1.904849757588545,269.26013443973824,-446.62903082159823
909,1.9069430754605277,269.46642463206314,-449.1339172034364
910,1.9090378340013505,269.60230555751383,-452.59634779185245
911,1.9111324914183263,269.55257701634196,-454.0710581208257
912,1.913226965923519,269.562818165653,-455.10435868221265
913,1.915321381331026,269.49449346892777,-457.8643628172498
914,1.9174162748437817,269.7209536022397,-459.58586103106205
915,1.91951096404297,269.92028101249906,-463.22691659287784
916,1.9216039358616672,269.9511810528151,-464.88728659675166
917,1.9236986253914137,270.2110043821484,-467.267025136431
918,1.9257933066276691,270.04848930129634,-468.81317183776275
919,1.9278873651498682,270.35944458310905,-471.5819813255388
920,1.9299807661659822,270.3616054993303,-472.8424750700933
921,1.9320760482648573,270.31542992780385,-476.17131156951075
922,1.934171767524072,270.3742147525246,-477.5499892099101
923,1.9362651059315399,270.4411524738407,-479.933459341455
924,1.938359138419254,270.91056814571596,-482.1715657449735
925,1.9404538735984294,270.7027228745998,-483.5644645597603
926,1.9425479146608418,270.9193172733289,-486.19847728817865
927,1.9446418189559174,270.81978143084206,-488.41064090762455
928,1.9467371502259871,271.1008326880619,-490.55492773560593
929,1.9488329760684335,271.0764984058364,-492.5382670193781
930,1.9509268120448882,270.99781326788457,-493.7293874900974
931,1.953019609354344,271.2094282959484,-496.30873118436836
932,1.9551147244404972,271.6311793054681,-497.91904831336956
933,1.957209950604826,271.6869625373114,-501.25434603793894
934,1.9593041179655175,271.90159184655226,-503.36126232480694
935,1.9613980124620214,271.9006502756155,-504.1062102366265
936,1.9634920823781827,272.21310844247097,-506.51327791084526
937,1.9655870316775599,272.01678155838346,-508.5704399326462
938,1.9676813106463258,272.57080076221587,-510.9540650865967
939,1.9697755380711686,272.5648695012121,-512.395990371547
940,1.9718704076888727,272.515933065306,-514.6422813606322
941,1.9739643213778544,273.1440145883414,-517.0249684782287
942,1.9760582139073395,272.8476977456275,-518.1656569987002
943,1.9781533744008393,273.1288965469161,-520.9541179319217
944,1.980249297656676,273.63097986986963,-523.5565686537107
945,1.9823436902775773,273.4870628896508,-524.6956112000855
946,1.9844363854611324,273.7015767133431,-527.2770511395771
947,1.986530057736426,274.1550597814552,-529.2511992378692
948,1.988624138262085,274.17432183289543,-531.1899268235485
949,1.9907191302641989,274.3204932036147,-533.3119841113812
950,1.9928140678397719,274.3260337385612,-534.116743945647
951,1.994908057158038,274.8421449554851,-536.2233916879293
952,1.9970037235567513,274.7909833637118,-538.6780371115337
953,1.999098539119481,275.22451676731015,-540.851489624321
954,2.001191245179364,274.94974012107326,-542.5088409258221
955,2.003285465781134,275.27555659791716,-543.5084622250118
956,2.005380090953843,275.5434097093487,-546.3512990897135
957,2.007473757612322,276.1958879403918,-549.4611892781082
958,2.0095674385752345,276.3306893691925,-551.4285126155237
959,2.0116620669227445,276.66962578573737,-553.546830828313
960,2.0137574654124313,276.9698993043918,-555.5123072415087
961,2.015851542299029,276.7570417207168,-556.1500991713759
962,2.017945842236743,277.2586662471003,-558.0141008673113
963,2.0200414078173843,277.4761745684711,-561.6477338181127
964,2.0221364472105585,277.6022330289799,-562.3102170415301
965,2.0242304661583193,277.8288921989272,-564.6295247387612
966,2.0263241213554704,278.2814342381519,-567.446120136723
967,2.028418169537371,278.31852197532595,-568.1056426884651
968,2.030512126699397,278.5858488180631,-570.3878969446226
969,2.032607257696191,279.3910745818827,-574.0081826220073
970,2.0347026748788237,279.135561236584,-573.9236728840401
971,2.036797432049628,279.7312158144621,-577.7983344781952
972,2.0388917803566513,280.23969557472856,-580.1412600139608
973,2.0409854404727548,280.1023878534227,-580.7390401598502
974,2.043079158497923,280.40306478547865,-583.0205860588662
975,2.0451737042342053,280.9542536482297,-584.8481238817867
976,2.047267957686092,281.2945986063036,-587.6726598179445
977,2.0493625921646865,281.6010584425902,-589.1503921446955
978,2.051458159400133,281.9874960778124,-592.501610228801
979,2.0535521918605197,282.09125336089903,-592.3907043248122
980,2.055645062675616,282.3333194924299,-594.6002630255828
981,2.0577393587752955,282.7019304710007,-597.5341965684906
982,2.059834437786395,282.91055504216894,-598.7788508802538
983,2.061928055170489,283.50967221808395,-602.5366675739982
984,2.0640226957402352,283.9002151930934,-603.479419781904
985,2.066118258189404,284.18631338797957,-606.5551287088518
986,2.068213196804832,284.63314874702394,-607.8060616036564
987,2.0703072818107917,284.6000877827623,-610.0038326567035
988,2.072400931462771,285.03426640647723,-612.8919405701563
989,2.074494103322103,285.3943037568199,-613.0438203148234
990,2.076588647294614,286.0579024509132,-616.5285927919273
991,2.0786837571325223,286.4422232489077,-619.5381049335979
992,2.0807786951127576,286.53351364981705,-621.2491617697307
993,2.0828733611799306,286.78093232834834,-622.1124384059319
994,2.0849676047315464,287.3030780735409,-624.1407500502581
995,2.08706191167589,287.7194974827553,-626.8670414213747
996,2.0891552570733616,288.54361644063766,-630.1147311864714
997,2.0912498961643236,288.40104363848883,-631.1088195081949
998,2.0933446561638878,289.1635452616472,-634.7848463615517
999,2.0954387435644386,289.42656130918357,-635.0317706516353
1000,2.0975335870618825,289.56855581616617,-638.0945212612064
1001,2.099629070349723,290.45161940292525,-639.7746787599713
1002,2.1017228492895934,291.0113031056521,-643.1504898545683
1003,2.1038170482062775,291.0095431243572,-644.7111574778872
1004,2.1059122372778973,291.5440218206483,-647.6228664193914
1005,2.10800554057148,291.6123715450265,-649.0344656587631
1006,2.110098599114947,292.4144708647782,-651.4338158116199
1007,2.1121927216235163,293.05173264041935,-654.649520121894
1008,2.1142879182187984,293.206992351117,-655.5843960244547
1009,2.1163820759811065,293.4695568433495,-658.4298302677399
1010,2.118476597123504,294.37946345368385,-661.9419889875884
1011,2.120572077635568,294.7706316594276,-663.2455759655752
1012,2.122666143506846,295.14254661423655,-666.1503404370644
1013,2.12475947440395,295.54164715335367,-667.450663047733
1014,2.1268549228070284,295.75074742365933,-669.741185137384
1015,2.1289503858580807,296.7327256272222,-673.9088597889083
1016,2.131043274916299,297.0110817936178,-674.6392465520679
1017,2.1331378502136085,297.7008380570435,-677.780802709355
1018,2.135233020544507,298.21705570392544,-681.3330037036357
1019,2.137327211773404,298.06092679552773,-681.1398908813209
1020,2.1394213678417553,299.0816161614372,-684.6505387449973
1021,2.1415151935265153,299.5345590330772,-689.1620177265382
1022,2.143609686067666,299.93239972268907,-690.0882397652858
1023,2.1457039096890913,300.28547323386175,-691.786505856223
1024,2.1477977892281794,300.82109885253107,-695.5648915232625
1025,2.149892773795189,301.56626420807856,-697.8181096626209
1026,2.151988207011953,301.55921651352867,-698.7259663039105
1027,2.154083430042502,302.5401377981701,-702.6831178678726
1028,2.1561769020273363,302.7488869823902,-704.411169304319
1029,2.158269727638565,303.1891443608315,-707.6385591009991
1030,2.1603643338266334,304.0055163469858,-709.0016935622026
1031,2.1624594611960894,304.4664281485116,-712.1105990107495
1032,2.1645538445620423,305.1891024460574,-716.4902799795782
1033,2.166649266160557,305.5378571743657,-717.9561296744247
1034,2.1687438965600263,306.21825750540114,-722.0910593991875
1035,2.1708363804402464,306.56497359214944,-722.8970712564278
1036,2.17292939543057,307.20274279443845,-727.668716079596
1037,2.1750246621139153,307.75429982334754,-728.7476864343269
1038,2.1771189095943266,307.7953094269174,-732.2389531730204
1039,2.179212962470575,308.6902941635573,-735.1231720431847
1040,2.1813066434396426,309.1286140449422,-736.557975304604
1041,2.183402629792164,309.13389756968803,-740.5848826446072
1042,2.185498119455816,310.5432963866866,-744.2828322195472
1043,2.1875916200185137,310.6112185187613,-745.5463662432064
1044,2.189686441120868,311.14342184879104,-748.4397197610281
1045,2.191781413276182,311.4033101111882,-751.5476940930839
1046,2.193875147711239,311.8319275177731,-754.6830669172751
1047,2.1959686613130316,312.8681055190333,-758.0083584498668
1048,2.198063923558019,312.5166205491437,-760.0236088485785
1049,2.2001595001532226,313.7190190587982,-763.4696988790539
1050,2.202253779153767,313.85425632661753,-765.7652219416599
1051,2.2043460760907565,314.44436614974546,-769.2177654634481
1052,2.206440891990371,315.1494331668021,-773.2140635920958
1053,2.2085356491852317,315.7477021088764,-777.1247519273322
1054,2.2106277016542335,315.8911423952581,-778.5774386821274
1055,2.212721958545959,315.97528813493585,-780.5442865958424
1056,2.2148185083900422,317.097231582365,-786.753293701966
1057,2.216913061952383,317.34766956450613,-787.9060598484143
1058,2.219006160150891,317.15747617485414,-791.7341148291006
1059,2.2211007684745443,318.34773851009425,-794.8269582881053
1060,2.2231966067711273,317.8997337527976,-797.8435269444481
1061,2.2252915180225106,318.9611461293751,-801.14573224429
1062,2.2273849286831946,319.2547236146961,-805.1391064880645
1063,2.2294794057777056,318.83862005859186,-806.8388667624862
1064,2.231574082226972,319.94855673142774,-810.7417166648326
1065,2.2336675726385264,319.76177052428983,-815.3903338498861
1066,2.2357616690730993,320.95213396693316,-818.2628304591692
1067,2.237857388038379,319.865931119628,-820.6378986291803
1068,2.2399520699736297,321.05539947359034,-824.3625099253233
1069,2.2420449617357057,321.5806312771723,-829.957879182858
1070,2.2441391380853632,320.7905169570178,-831.4419075264198
1071,2.2462342793770116,321.01942071332553,-832.7420682949272
1072,2.248330004000319,320.85284287007084,-837.5239505631581
1073,2.2504234986669656,321.0699358958367,-839.022591648469
1074,2.2525166459790467,321.0439632948956,-844.7095801185428
1075,2.254612702557845,321.4843737427066,-848.6809845044118
1076,2.2567074239010356,321.27904346193327,-850.8337096679483
1077,2.25879926569608,321.4700688570463,-855.8039234617177
1078,2.2608934332232278,321.7849900025414,-859.0078205683029
1079,2.2629890832862967,320.11869889407757,-860.0148448021325
1080,2.2650815906481947,321.22390136080554,-864.9286291626817
1081,2.26717631551426,320.7245164395066,-869.8035687109638
1082,2.2692717091510235,320.8863563681205,-874.0811837366404
1083,2.2713660430599174,320.0811930658174,-876.4385411941245
1084,2.273460830916725,319.7960766193126,-882.4936580048505
1085,2.2755552510450507,318.9151873823686,-883.516397746099
1086,2.2776502981151867,318.93112924537434,-887.4670411955321
1087,2.2797428242388995,318.62797549137434,-890.6319892148539
1088,2.281836092329788,318.2358479371336,-893.4921459134472
1089,2.283933556285596,318.0516734319358,-895.3610289157982
1090,2.286028868050817,318.51612225710994,-901.1359088089046
1091,2.2881212248812486,318.0110029760788,-903.0571483728426
1092,2.290215014848569,318.4056792380075,-907.2432992524753
1093,2.292310229911211,317.86318697269814,-909.1272633025204
1094,2.2944051456334345,318.7823613956037,-914.5908480839461
1095,2.2964983471898495,318.19095970593526,-915.0838011896748
1096,2.2985921024349003,318.12506572662124,-918.7660723320331
1097,2.3006888643809247,318.89631801733475,-923.393148354877
1098,2.302783634096356,318.224925007231,-924.6834698004587
1099,2.3048756698218886,319.24183032864175,-929.7966404409011
1100,2.3069695720010412,318.01742247052096,-928.226194886863
1101,2.3090651112173397,319.19159405898046,-936.4112924665465
1102,2.311158495429861,319.5219787384555,-937.8740811280888
1103,2.3132509513768182,319.9964473024708,-942.4385098982373
1104,2.31534766594442,319.8321722163522,-945.5633235434618
1105,2.3174438092641236,320.0166352933693,-947.2849783282232
1106,2.3195366518474128,319.8568054488677,-951.4806982706399
1107,2.321631141204296,320.1010781242758,-952.3322826597955
1108,2.323727832694395,321.0322239854301,-957.6907679309123
1109,2.3258211826493147,320.76730460128397,-960.0341528910765
1110,2.3279133966950116,321.0070493211052,-962.5658796678226
1111,2.330008120458155,321.68152324180943,-967.2095864052593
1112,2.332103956675321,321.32687749154127,-968.5178184594143
1113,2.334197579452735,323.04983587764553,-975.8429715640536
1114,2.336290017181209,321.8442347668312,-974.0251172850137
1115,2.338385505091734,322.0114664304009,-977.432490226909
1116,2.340480189114194,323.00771509880803,-982.2551338669238
1117,2.342573391055059,323.5009716420796,-986.223723222822
1118,2.344667848677038,323.5361620850791,-986.9441171926285
1119,2.3467629878884537,324.3759808931148,-992.2313425378677
1120,2.348858220839854,323.34704105989755,-992.6022036603342
1121,2.35095250082758,325.3048960712616,-998.7857410738404
1122,2.3530449396760944,324.92781414255694,-1000.0584018531189
1123,2.355141499104623,325.3033133055767,-1003.4832398603369
1124,2.3572378412451434,325.66951615349046,-1004.9776688819156
1125,2.3593294861259198,325.9108223361579,-1009.3083661717505
1126,2.3614224992004984,326.62615355800403,-1013.2053770816971
1127,2.363517948981548,325.7691854754828,-1012.0356390346362
1128,2.3656139136423477,327.70707161096743,-1019.8028523927749
1129,2.367706660383537,327.7780563214969,-1022.1003105360799
1130,2.3698014470222093,328.46566555274245,-1026.9442179750495
1131,2.3718977582075165,328.12788750098645,-1026.9958556044028
1132,2.3739899214574836,329.44815836205197,-1032.2017301855726
1133,2.3760825194215927,329.600140100228,-1034.6211172331089
1134,2.378179070039863,330.00361578050354,-1038.3388369245702
1135,2.380273759058959,330.7179365917644,-1042.0855934721728
1136,2.382365673610318,331.2224893658499,-1044.3050766786719
1137,2.3844604460166168,331.74823260367117,-1048.3189510220757
1138,2.3865571190304595,331.89125107425815,-1050.3115487022685
1139,2.3886520978255446,332.958265557611,-1056.2287658848668
1140,2.3907442891236066,333.6950438350674,-1059.216648961402
1141,2.3928386457990913,334.08123303290535,-1062.1251114874042
1142,2.394934562690242,334.8693358460488,-1065.755869758688
1143,2.397029599690107,334.997489795888,-1069.0178231764921
1144,2.3991222591305954,336.40232437605357,-1074.2427126740292
1145,2.401217024080888,336.1469895347506,-1075.4654019255815
1146,2.403314513026698,336.79235883692456,-1079.4022770763356
1147,2.4054081911284184,338.0080310377654,-1083.982162334837
1148,2.4075011183217048,338.4953839903209,-1088.072338947028
1149,2.4095960074264258,339.04172166644474,-1090.1001720331628
1150,2.4116926326559978,338.41284710107794,-1090.409425966613
1151,2.41378425055939,340.1510199732783,-1096.5335752741842
1152,2.415877382497087,339.6786114515705,-1096.9401036846361
1153,2.4179783678062123,342.10137491873763,-1106.600635031619
1154,2.4200733739460714,341.69563527297254,-1105.8627771995616
1155,2.422162501290004,343.2454917129412,-1113.1345783271497
1156,2.424257158180454,342.8310164863822,-1112.4735144319156
1157,2.426355368807169,344.0495555965024,-1117.3218212300117
1158,2.4284477900186845,344.46595570497675,-1119.981222033399
1159,2.43053883847394,345.30242907208645,-1124.3902140169478
1160,2.4326356353293934,346.84896817904684,-1129.9061522359955
1161,2.434732612021302,347.3969607377344,-1134.1231510085622
1162,2.4368252927922227,349.0713793969921,-1138.9877877854278
1163,2.43891890863681,348.8915408417124,-1141.4526013734844
1164,2.441014895314609,349.97593302569845,-1146.6179025057993
1165,2.4431105244568765,350.58119539075165,-1149.3475731615783
1166,2.4452031167440684,352.0993716688372,-1156.8579276811129
1167,2.4472938786799143,352.08224397528875,-1157.679949974644
1168,2.4493915902413868,351.9611593115884,-1157.8706254066076
1169,2.4514877943094935,353.6510979255777,-1163.8708391824166
1170,2.4535774837073663,355.79187980941595,-1172.8636927335053
1171,2.4556717453467782,355.758203024278,-1174.5097297881375
1172,2.457770725968573,356.2027734253711,-1175.927202989862
1173,2.459865450868259,357.0708172354477,-1180.1821219719793
1174,2.461954843714291,358.53291941475936,-1186.7567622031954
1175,2.464051305962942,358.4321822014702,-1186.8614409187144
1176,2.4661493201186655,359.990735692316,-1193.633416660979
1177,2.468239991051035,361.96916488737975,-1201.4874062106467
1178,2.4703335941159144,362.7846142589308,-1205.7445062393247
1179,2.472432426226094,361.568137707369,-1202.1858543115286
1180,2.47452690434623,364.58179306917464,-1213.2837609538105
1181,2.476615373809059,366.6201511263016,-1220.826077094663
1182,2.478710457672189,366.7102694680113,-1222.3881754829029
1183,2.48080966574444,366.62759429954076,-1223.0944196506564
1184,2.48290090100287,369.48710813594096,-1233.6980278775825
1185,2.4849923340191187,368.9562281542497,-1232.9781357745685
1186,2.4870897130294636,371.13014132053974,-1241.146197758832
1187,2.4891862386660164,372.8317446980367,-1247.9709264658943
1188,2.491278235985619,374.25210669259644,-1253.2217653673317
1189,2.4933690456944357,374.98260404101813,-1256.7816947734234
1190,2.495466543397291,375.56454790714423,-1260.6305192892223
1191,2.497563830960505,376.2554562336611,-1263.7725225184536
1192,2.499654519205421,378.3414567754755,-1271.224584157022
1193,2.5017479497353943,378.9324863529682,-1274.7129219987114
1194,2.5038480054516667,380.1884837584783,-1279.4286977187555
1195,2.505943433921919,381.87115571715987,-1285.8672150519074
1196,2.5080284861327207,382.61509189516516,-1289.3988978495383
1197,2.510123955773609,383.289473384071,-1293.490115550792
1198,2.5122261646694253,385.89469113880585,-1303.3170997700245
1199,2.5143177674343575,387.28479843534706,-1307.5992719701485
1200,2.516405803072155,388.02552716236903,-1311.6562070179743
1201,2.5185026929964116,387.0664512269992,-1309.595884576492
1202,2.5206041831245063,388.8562428816303,-1315.4687120562655
1203,2.5226964757648327,394.4065784782049,-1335.844980484314
1204,2.5247869961159406,393.1666782123942,-1332.370249059059
1205,2.5268843920051487,395.2944087682664,-1339.95136902224
1206,2.528980483597168,395.51579113786937,-1342.4385875261744
1207,2.5310684597394695,396.04613534190463,-1344.3807047774312
1208,2.533161718042206,399.86948906235557,-1358.924635064134
1209,2.53526488574662,401.0982495257864,-1362.7778992503866
1210,2.5373603920777454,401.66922704863237,-1367.0523277040013
1211,2.539445749963502,404.06884168492655,-1375.1137565209772
1212,2.5415417180131348,403.4893882085142,-1374.039539056678
1213,2.5436457679371425,405.7703403215254,-1383.0489162577082
1214,2.545736808475733,408.14817603056173,-1390.5625164757805
1215,2.5478233832874237,408.5311909371921,-1393.354646885814
1216,2.54992085584226,413.07769788709464,-1410.0779745918958
1217,2.5520207655356866,413.1798506607274,-1410.7863633592272
1218,2.5541098448110064,411.0289866916221,-1404.89955116549
1219,2.5562002600365847,416.5544469286825,-1423.537512580196
1220,2.558305455724291,419.0617386241414,-1433.1700841845511
1221,2.5604026511470312,420.9263639605445,-1440.6443629437144
1222,2.5624826414852553,419.93925673621334,-1437.3611405865154
1223,2.564574391949512,421.8224531317143,-1445.8194013745203
1224,2.5666808497683498,425.237883842375,-1457.0121694729703
1225,2.5687773451615423,425.3537282180728,-1458.1142458376796
1226,2.5708608935170316,428.8541813892705,-1470.816736100002
1227,2.5729575952355885,431.1679775128335,-1479.5690345687062
1228,2.575060651513359,432.50817789679104,-1484.7913769367271
1229,2.577148431575012,434.0910306513686,-1491.2933725237892
1230,2.5792346077561192,437.65647831700284,-1503.8002978628017
1231,2.5813352493894732,436.6101350039394,-1500.9197688617307
1232,2.5834369526956515,440.37258819571736,-1514.1203701574698
1233,2.5855218346006232,444.17871323767963,-1527.9583817327882
1234,2.587610713900489,445.78146721080094,-1534.0390002971774
1235,2.5897186990593415,447.155694350382,-1540.613800346994
1236,2.5918181690667126,449.51609407723674,-1547.7971856479908
1237,2.5938985009385314,449.7569998940242,-1550.113444315138
1238,2.5959901966325076,455.46533813686784,-1570.4704777711938
1239,2.5980970827886534,454.8889001672265,-1569.515521383943
1240,2.6001911974764487,457.7950430027469,-1578.7273906183484
1241,2.6022734575046016,460.7205108523516,-1590.1662174317737
1242,2.604374761438423,462.8454742125828,-1598.7604954111214
1243,2.606480077670044,469.4233946384701,-1621.912063443423
1244,2.6085618800169397,465.58062026331623,-1608.8226998422183
1245,2.610646200048581,470.81457344789663,-1627.4051154777096
1246,2.6127580952497533,473.8074911145974,-1638.0804402678964
1247,2.6148609257992828,475.4763028376752,-1644.741056999827
1248,2.616933454172155,477.0181335585574,-1649.8440277052432
1249,2.619020659870304,481.8179594394213,-1668.7749732843324
1250,2.6211346279669097,484.7442485474961,-1678.934452077892
1251,2.623236503452788,488.16178066806475,-1690.1464465985973
1252,2.6253090562225565,490.7301923741734,-1699.4187828940042
1253,2.6274000701334055,492.49877687462777,-1707.7802942447956
1254,2.629513118467727,490.29291318178633,-1699.6483262342297
1255,2.631604301330356,495.80215546323797,-1719.014949588196
1256,2.633685254021577,500.17953731660265,-1734.1964109452947
1257,2.6357889797673804,504.5040707269069,-1749.573567913761
1258,2.637895874321367,504.1434955208869,-1748.9890340161137
1259,2.6399747081141895,504.1548336646313,-1749.7778048358869
1260,2.6420591747927733,508.9637103543024,-1767.539763542003
1261,2.6441764666284318,514.2213366425678,-1786.1791748687874
1262,2.6462775406423154,519.1836412737459,-1803.550514181021
1263,2.6483402943393326,519.0199769038815,-1802.7118090922872
1264,2.650428729148096,526.8098844809439,-1831.3022974400915
1265,2.652562718674548,523.2732174291579,-1819.100531455598
1266,2.654664088292312,526.1495145371524,-1830.0846685478468
1267,2.656712651557163,531.8609130560341,-1848.8399344494878
1268,2.6588106765908748,533.0711317824861,-1855.0010596329316
1269,2.6609452450324915,541.1394792101771,-1882.607549195824
1270,2.663032290426174,542.5251255134037,-1887.7154317922348
1271,2.6650914877184944,541.5042874581659,-1885.8053545547514
1272,2.6671986225603375,545.2608500082569,-1898.1164082499015
1273,2.6693218160411916,548.8027524854895,-1910.7455156899075
1274,2.6714003686163363,559.6437876733913,-1948.5355992693667
1275,2.673473653710363,563.2885960986238,-1962.1555927528784
1276,2.675588689124729,564.660853017744,-1967.3667913586196
1277,2.6776964003773744,569.5907025726781,-1985.4304105252327
1278,2.6797534796790945,569.0487691822565,-1983.5396218884362
1279,2.681845016836506,568.089503136001,-1980.6693757888809
1280,2.6839785543392702,573.8705451813886,-2001.3060250379342
1281,2.6860638705482365,579.0321556526578,-2019.2114820782804
1282,2.688115580192901,583.0887614972978,-2033.5326097465968
1283,2.6902421071216107,592.0814063440495,-2064.853247403978
1284,2.6923784453538007,593.3074716586472,-2070.5837418845103
1285,2.6944235266222867,603.4708265244739,-2105.5176787460687
1286,2.6964818302236213,607.7065221165232,-2121.5799051088607
1287,2.698646249049189,605.7601559000859,-2114.3096016279846
1288,2.7007725953070936,615.0004931035835,-2146.8773206070896
1289,2.7027692368507834,615.6816555885603,-2149.7121115355167
1290,2.7048443440936585,622.730812952916,-2174.7534231062677
1291,2.7070515904059915,624.8513904739117,-2182.6949854404306
1292,2.7091632832728005,624.7557301710601,-2181.6132561712107
1293,2.7110832098570423,637.0969949331848,-2224.0491728707543
1294,2.713194248534394,635.2607141220237,-2218.528249835585
1295,2.7154564422347596,635.3547812547713,-2220.4481649137756
1296,2.7175455830902693,647.8640588481617,-2263.377643305516
1297,2.7194409477796717,637.010949606552,-2225.86824684199
1298,2.72159410281056,650.4970250966768,-2273.382429915108
1299,2.723868494276683,676.2114400383425,-2363.1470590067916
1300,2.725905473691433,658.8903172410728,-2303.487400957018
1301,2.7277938720843573,679.2776368905562,-2373.5050909417014
1302,2.730005424734083,686.7492951053168,-2401.0568066726432
1303,2.7322910595910366,698.1932434174831,-2441.4240802678355
1304,2.7342323934891035,694.6645781398443,-2428.2219339702015
1305,2.7361123669415965,693.6813331567236,-2424.5361386689883
1306,2.73841292247591,690.0361964717152,-2414.1632479545874
1307,2.7407262152838343,695.9229377970331,-2434.733990995603
1308,2.7424923562337074,702.1229337303932,-2455.879438934317
1309,2.7444202272828333,719.6879772791649,-2518.1894156128897
1310,2.7468188489948773,724.9320415152628,-2536.256968935995
1311,2.7491571251284848,720.7570381644736,-2521.8682891267126
1312,2.7509012180135843,720.2879881598684,-2520.9146618546415
1313,2.7528220566885997,737.4756014350417,-2580.9219899686614
1314,2.7552245852341666,732.1097902826464,-2561.9399583114537
1315,2.7575799064734774,752.216451786695,-2632.044230881345
1316,2.7593246433872425,765.8855459531628,-2679.4455774507214
1317,2.761234187120032,767.6784958425899,-2686.8361164211565
1318,2.7636390504715083,787.741298087079,-2757.2402079156495
1319,2.765948826576436,775.407557108929,-2713.7172109015764
1320,2.7676191435751902,746.4550282651247,-2612.088828244834
1321,2.769651838220211,788.3507838553469,-2759.2582271842075
1322,2.772055945845228,752.6482443305769,-2634.06449272417
1323,2.7739175955497957,829.880359351829,-2904.1854021706567
1324,2.775657495525559,769.784776828403,-2694.782838770394
1325,2.7780509401576134,844.4399527263138,-2955.3469028646555
1326,2.7804282678176238,806.9384835324719,-2825.012179398252
1327,2.7823699672164355,623.4587500784589,-2182.1723626983908
1328,2.7838806433920418,762.864564189744,-2670.532103468718
1329,2.7859958234637583,993.0358123492946,-3475.6253432225312
