,k,Pk0,Pk2
0,0.0029665470748989845,327813.16071790154,-563746.0891815602
1,0.005026374055021859,429047.7820484917,265758.38045529684
2,0.007149300621522788,564185.7893421607,82268.89417903547
3,0.009278869254964255,464357.3004654932,-156347.8171191639
4,0.011450332619344701,474349.2277121829,212588.97574936753
5,0.013492955871419151,509651.26929005526,-91894.14772121434
6,0.01558905561191893,489207.79766568553,-72784.31758749414
7,0.017694083672553172,494542.332497804,-12425.89896117616
8,0.019817874803135297,456473.91130667186,5624.940897385426
9,0.02192074938196264,396168.16304499493,71820.05441277035
10,0.02398877635566245,392378.618986824,-12818.866188760798
11,0.026092869718961156,344741.5995855578,-9546.462080957124
12,0.028234663152781798,321583.9098781381,29440.334294918917
13,0.03032284873509123,283034.8997946147,-7012.481284763601
14,0.03240263258943404,272770.8685739432,-14002.393530616235
15,0.03449210129864554,254078.8569293864,-17006.434230935847
16,0.03658588147515197,238070.96193914526,-8077.225234799246
17,0.038684769492669774,210376.8222250017,10022.402749398214
18,0.040788988884582836,199657.18832053262,-18860.225128904432
19,0.04289390876967646,198734.64523347755,-7650.02134636666
20,0.04498336005546935,180218.59635234915,18077.005646106245
21,0.047064985294738244,178851.02707738266,-4636.9564019312775
22,0.04917111919158227,172416.90703075312,-808.5461452011114
23,0.051262169141742274,167052.14827585834,-16517.705554588916
24,0.05335525146837034,164176.69265533565,1357.737882570121
25,0.05546637228956934,164804.42970275096,13654.230450429355
26,0.057573188192548086,161758.19624628295,-1247.0893896816574
27,0.05965884044590281,156238.47233439685,3845.85330591646
28,0.061745123021595065,155961.87954609195,4896.639873862873
29,0.0638268929113719,153487.44566559084,6883.799710067032
30,0.06592966228838451,148942.40309803345,-6613.788445394395
31,0.06803125784825748,145428.43215455647,361.18386693137086
32,0.07013131008699486,143037.0568023761,4018.855289569654
33,0.07223032366074338,136449.2212456442,-2903.5738250836644
34,0.07432334270720506,131796.55815361155,2340.1644425973495
35,0.07642066756954473,126986.07581187904,-4000.5628478463805
36,0.07850471694556041,122289.95954925365,-3132.4480801054633
37,0.08059701946059529,117400.34752868432,-540.5478182419364
38,0.08269521798132064,113197.60945303678,-1274.8311801771754
39,0.08478307522909848,108650.00650137113,-1240.038133861169
40,0.08687780839616016,107235.15349929813,880.2193565956386
41,0.08897524569656534,100699.13698752377,843.4303593825713
42,0.09108077810470518,100150.7763717352,3590.897787291072
43,0.09318432266948053,96486.66084863037,672.3959294705675
44,0.0952788764104831,95367.17382804157,-1561.7634367887608
45,0.09736254237981037,94195.00251279806,5325.037940139016
46,0.09944832814799408,92185.46671740632,-2322.987296770256
47,0.1015460879802399,91486.4899612891,1505.5122549643254
48,0.10364263756677322,90941.8569452021,559.3132649172859
49,0.10573893905394659,90128.78825273243,3016.7241120828676
50,0.10783958559814742,87690.84505130444,215.14154266481833
51,0.10993894058501318,87270.01565349719,-651.9125557153834
52,0.11203921431523854,87166.87890329285,-735.6648779893566
53,0.11412334585697578,86045.66709224583,-957.7815956188582
54,0.1162159397555423,86340.67035164947,1770.7963815896228
55,0.11831372048037725,85049.40925333429,-408.44454926676576
56,0.12039723118070132,83419.972444694,4517.4962584809155
57,0.12249223631878574,83288.34455520527,-2173.4603222930896
58,0.12458825984258635,82582.29488842947,1538.6258831269959
59,0.12668846771583772,80554.54609272748,-3020.804730965995
60,0.1287846620419941,79282.37534449065,211.29111181959323
61,0.13087133937881498,78922.68296037089,-1877.831675395399
62,0.13297548334406448,77271.42783307539,-1384.8687129885554
63,0.13506910815256093,76558.00317038492,650.3457742874499
64,0.13716388258568254,75298.33666329487,-1534.196216398693
65,0.13926047573721634,74923.20745699973,2893.701062347331
66,0.14134668829083769,73662.6194567264,-1085.9808329536634
67,0.1434475230090064,72828.54425677305,2143.4677111408178
68,0.14554528534185418,71888.42865681238,532.3215231938581
69,0.14763320610735878,71249.90801915323,1209.1208193206417
70,0.14972114728432864,70667.13295792922,1254.9733801312575
71,0.15181380487515775,69937.42045774379,496.4810071304217
72,0.15392114901003526,69220.8919742054,1510.8640404543055
73,0.15602147473412367,68827.76602581992,1050.2448855045327
74,0.15811617475881218,67689.13489009024,522.6572612479135
75,0.16021187122717997,67617.05665885954,1500.4252515761948
76,0.1623006419462899,66851.24574234577,140.2451837453911
77,0.1643899033199985,66864.01715596582,-1056.049588154196
78,0.16648355823815117,66420.17325572041,-745.3007408972671
79,0.16857196837784735,66314.44055043334,-91.20177058228606
80,0.17066413320893647,65442.82721964297,912.4534928592021
81,0.17277086992561352,65355.93948402634,-474.5802317522736
82,0.17486965460096995,64555.97731988282,940.4082479644298
83,0.17695857694944453,64126.95785055818,1635.7275605686687
84,0.17905245093155753,64388.831926501065,-392.345064125632
85,0.18115265212612636,63321.10535865464,973.5050980438826
86,0.1832476884130739,62588.81468605489,899.7744812204982
87,0.1853312475833926,62737.32075559118,191.92351321995363
88,0.1874284892203219,62201.17223417686,1162.8766766540589
89,0.1895337179075755,61774.752010015996,-611.9722045467682
90,0.1916268196474026,61040.01379192491,574.8034020349539
91,0.1937183403446853,60773.00689871226,839.7676772605491
92,0.1958131498886989,60771.00106432601,1508.7531912621876
93,0.19790587400989662,60896.28104687657,-267.4001726100198
94,0.19999906515978938,60439.509051907735,211.4460945173646
95,0.2020893038374759,59563.24849730554,593.4414858607353
96,0.2041823192148178,59564.44310522007,325.755466316687
97,0.2062825911013838,59099.412149894604,221.55155202999413
98,0.20837701891459662,58313.48671041413,1926.1231286968614
99,0.21046758167944032,58448.442043360395,230.53271053335456
100,0.21256678542440183,57978.14016747974,-48.90304315207013
101,0.2146619261104852,57938.59842477736,793.1642777899768
102,0.21675618057220372,57816.70703920914,2628.775763826257
103,0.2188528705899679,57943.01552233878,-629.469765044287
104,0.22094564274530842,57355.87437943469,1111.9170529621263
105,0.2230395148320731,56932.19903620324,-169.26032878580608
106,0.22513567328585352,57199.087596886646,-608.6307111921228
107,0.22722785048644015,57001.33755429519,289.5975637868555
108,0.22931975112872324,56886.114958958824,908.6460713060792
109,0.23141147723465103,56576.67166702282,989.0190121002347
110,0.23350584674782457,56234.30436694101,1754.4195709750857
111,0.23560416522029054,55838.316665888466,516.0807235275773
112,0.2377006336558307,55778.93943913631,823.9726641567032
113,0.23979727503904752,55350.30461077513,349.40362960621746
114,0.2418944602532704,55499.15526907848,1825.5757967257787
115,0.2439884227569783,55149.546412375195,-103.91676752018506
116,0.24608359968283072,55159.48070307049,245.40339570263143
117,0.24817552807053123,55069.514748480084,-491.8855219182053
118,0.25026237006475704,54723.77807008686,613.8649890255455
119,0.25235861551053484,55077.88339744444,234.99590955915912
120,0.25445470778669854,54272.12449494392,204.58568532179092
121,0.2565487653287422,53900.84385808278,991.8387649685427
122,0.2586464955058471,53970.38415573538,787.523752535236
123,0.2607443047329862,54101.668821655236,1178.7025622174572
124,0.26284383121734134,54037.51728706482,95.89811254424976
125,0.264929885565984,53561.24314302396,1396.4266810246165
126,0.2670163698864118,53604.531139901665,246.3455788455066
127,0.269112135390912,53571.75389067558,322.8476427568116
128,0.27120764961246213,53282.636959175834,-193.0560352792682
129,0.27330509996536784,53153.680658626596,1788.8968652300034
130,0.27539842121309294,53395.67937633955,-296.3017012314463
131,0.27749656900268016,52582.37225126212,684.4957071923519
132,0.27959864364035925,52987.52287896241,236.06018898588258
133,0.2816878213234348,52889.24582555248,463.81070959547526
134,0.28377609558542155,52451.8331368883,171.53626657382196
135,0.2858732754634003,52527.19775681195,55.02060173095113
136,0.28796861590208045,52059.78354166372,641.0324128034782
137,0.2900612915162532,52264.28789200142,752.7699337155599
138,0.2921547032025089,52312.410657493616,245.57301138588275
139,0.2942501291133245,52292.83680614464,-158.62446138323816
140,0.2963444256131289,51999.044808211314,791.8552155967535
141,0.2984361415704375,52055.50559121056,272.80234326957753
142,0.3005318840555698,51977.09967795339,368.52398206910647
143,0.30262777760316095,51677.52437533691,1543.8519955123993
144,0.3047248035439954,51735.54657825126,136.84728355202253
145,0.3068210272572538,52007.53785574517,48.11389371895958
146,0.3089144805088237,51277.45246975167,295.60413421274046
147,0.31101080657849756,51358.12790824979,709.739961532617
148,0.31310885951912926,51418.73710815163,1174.4081484788119
149,0.3151991603466065,51331.0818733534,34.478930276229214
150,0.317288667284839,51360.28477882191,590.9178961621909
151,0.31938044185106124,51160.65965356566,397.81798538597684
152,0.3214783648369702,51048.85784685984,21.192186125685787
153,0.3235785211189416,50931.58556516416,-504.3398505011802
154,0.32566935894833426,50970.897651969535,1129.7811730567914
155,0.32776077751211374,50987.20257176784,-467.0148926469051
156,0.3298523230655558,50788.67903894141,-192.29316692042065
157,0.3319485433973702,50949.577555487056,195.02989826369608
158,0.33404540358127904,50736.914734182166,594.771565122579
159,0.33613494177837844,50641.35243948219,-63.504570435954285
160,0.3382313832787478,50671.29968199847,700.3485062824838
161,0.3403308518124324,50506.27573782878,4.8549146334553726
162,0.3424246601457981,50535.89462907409,829.4926311562589
163,0.3445197272986724,50450.97974846605,-33.9160469171322
164,0.3466158524641983,50471.771643305845,-425.1444894925048
165,0.3487089916477683,50288.747393380676,338.41737459352674
166,0.35080114560367615,50240.277250816165,433.86659450513383
167,0.35289356821720286,50194.714836363826,205.22443495496103
168,0.3549881110219297,50021.71371046849,733.9422360474798
169,0.35708559248027844,50384.03800172289,607.2530610718709
170,0.3591813496003593,50120.076488309955,772.6221102044384
171,0.3612749400626811,50061.366772991496,-109.43419369763161
172,0.3633693413142722,50077.22909646431,248.6896423378363
173,0.3654632219855477,49981.07553252259,301.3747234005597
174,0.3675603773529471,49958.20029853856,517.7227649956053
175,0.36965434919829326,49880.95442003926,607.7526167635124
176,0.3717418094879197,49823.07839345325,145.53369264977755
177,0.37383404253825586,49741.96847733355,1220.513624832131
178,0.3759308579415973,50089.69808517651,484.16231531043235
179,0.37802985088946095,49700.67839500013,318.1646385039059
180,0.3801213498834686,49715.324304956055,-160.07239587464304
181,0.38221306010699313,49679.7974043831,370.21623356702975
182,0.3843141376638833,49428.51147031015,-122.39847168727619
183,0.3864096355836929,49720.14589551993,752.6768308625441
184,0.388502907295756,49838.57088665088,178.84963088205365
185,0.39059769208540335,49930.76835197573,484.1964031866803
186,0.3926958121232196,49774.46384632791,503.7490131904407
187,0.39478921808384226,49706.657348866625,200.01533888758058
188,0.39687821409975554,49748.95093747516,528.3575158451634
189,0.39897073627813356,49706.15797964475,187.53945494572378
190,0.401067192451382,49705.333402035874,-342.8862160234146
191,0.40316228148056854,49537.06904752584,447.1309936210298
192,0.4052546340249366,49579.34384681249,205.4624385178336
193,0.4073499183903822,49596.29637126912,680.938644744715
194,0.4094468722071623,49640.31049215558,342.6952544945698
195,0.41154432885897757,49777.80394649446,134.21017417519957
196,0.41363408239228544,49635.796446740285,375.97733348448975
197,0.41572494638156243,49785.38968424822,111.89155501063053
198,0.41782181997781404,49529.38284918762,109.3942182634045
199,0.4199166506307261,49418.191267127055,221.05852438239035
200,0.4220107143757513,49617.47235242554,546.1027309632107
201,0.42410542949066876,49474.62896249374,317.76498822073654
202,0.4262013850195404,49719.289217510435,136.9586855874181
203,0.4282955296445312,49661.72084635733,852.8139254222276
204,0.430391806688861,49562.25130121444,90.76499420537888
205,0.432488575457924,49790.74290910892,443.05005396144105
206,0.4345806090039814,49633.81006929099,460.825929108233
207,0.43667244097425384,49556.387564159515,578.275530299838
208,0.4387671492209622,49704.91334175007,413.37376572148065
209,0.4408622534544343,49557.915634156,-146.62979315589632
210,0.44295516415095815,49723.97687924594,149.3955377823097
211,0.4450482683181851,49522.0968349149,900.8793421450557
212,0.44714683875742495,49509.78794464128,467.80044299353824
213,0.44924362280569813,49638.541073349064,543.3681848646726
214,0.4513338633316258,49717.07037644778,480.11976603999057
215,0.45342753643259276,49556.01974554006,297.9064628100975
216,0.45552189548586586,49727.5532376131,-14.65168683831984
217,0.45761716616081083,49737.552449912444,270.14685898343424
218,0.4597117909764672,49697.82888160036,950.3134952197348
219,0.4618031890496857,49630.858229169695,302.1066983859364
220,0.4638995470730997,49770.85410632159,208.50040167862866
221,0.4659948171464902,49676.169846267476,277.16303158453013
222,0.46808929446972725,49898.55446861266,249.97418379519542
223,0.47018492649495636,49770.56493313914,3.6351944482716467
224,0.4722792778491551,49824.74512166783,489.9376249632467
225,0.47437272572904565,49902.794734748706,140.62741735658196
226,0.47646593372141327,49922.30605338749,118.09154636197322
227,0.47856230727426236,49983.1653013421,211.01931927211442
228,0.48065904058976644,49850.90604248843,-39.82855111625044
229,0.4827512226177774,49807.561028952565,794.9329130431538
230,0.4848441163240575,49924.542611536155,179.69528988804365
231,0.4869397730506266,49886.517091805144,-4.341899766262894
232,0.48903678813400875,49817.34517436404,410.90525780298503
233,0.49113096964965397,49872.859753869365,330.20174348345284
234,0.49322332174786626,49854.835990339656,1091.3801409103085
235,0.4953187148676145,50094.37549331651,305.42698594664995
236,0.49741120358770496,50100.0528783194,280.14605649367536
237,0.49950082345999325,50150.23723480144,283.61630895617
238,0.5015952506837275,50124.59832889579,-87.31245907200787
239,0.5036919972981919,50047.54655838566,-161.7003695747539
240,0.5057872116617207,50193.59211302861,273.7684406859565
241,0.5078828569897101,50191.239337723135,189.93723303641454
242,0.5099793452386306,50347.359822246384,733.782454934144
243,0.5120767256379639,50266.93899262761,59.239526983071734
244,0.5141702395931294,50265.36598902766,380.53802021884894
245,0.51626132102766,50340.5761748323,555.7994412632038
246,0.5183576899265504,50268.1221306941,157.77854333676808
247,0.5204524416424112,50347.84839544778,315.57868652842836
248,0.5225430403510469,50280.31019949698,-0.8767499872844098
249,0.5246378991347941,50365.829434379804,305.92703557554364
250,0.5267345150769579,50465.36756633997,564.4842257057643
251,0.5288284644781793,50568.8354733332,495.7013351518308
252,0.5309200047543352,50466.387760775586,570.3086471849093
253,0.5330154787982235,50601.43441296426,65.51259610713939
254,0.5351140455458262,50556.22493099149,332.1534012497041
255,0.5372066203065362,50594.5426502638,295.01193843682097
256,0.5392991990272246,50783.718585514915,-34.007394124738425
257,0.5413944118270408,50719.14192496906,2.0690945219254333
258,0.5434881995106379,50775.58296635067,497.8096520851598
259,0.5455829952492127,50804.639095843515,147.18587347763224
260,0.5476769745662954,50845.66792895388,552.7008733310357
261,0.5497697255495043,50919.73839901129,553.6872004285121
262,0.5518645446467839,51008.701764541736,57.74158496103881
263,0.5539598571350287,51021.556229192094,484.1416542343067
264,0.5560564538950566,51038.41643738561,278.5006141971697
265,0.5581500505101624,51049.308020219585,926.0048800571572
266,0.5602409063261653,51126.06263096662,135.37408694722694
267,0.5623379637803174,51299.060689720834,-58.42654316492264
268,0.5644363283026402,51228.72849981271,-53.23523046153724
269,0.5665273824761494,51106.39661880786,47.67885732345006
270,0.568621249018378,51304.46489869963,81.46626421040808
271,0.5707181447612965,51228.36983238875,313.59529098926276
272,0.5728127938597997,51430.2100352189,111.47468467775514
273,0.5749070881546879,51279.42707048962,409.7750462324254
274,0.5769991470923068,51408.44800938877,588.2650952120543
275,0.5790956911760897,51458.33127845275,555.5286485449252
276,0.5811893306261757,51645.72120081851,404.98462615539114
277,0.5832802267374103,51539.52405891342,308.8061225814909
278,0.5853761830306536,51703.6379748166,126.65079888632542
279,0.5874711784415975,51618.80264359129,181.0987506998948
280,0.5895653958899879,51785.72605344131,59.80861973668087
281,0.591659786459685,51812.34270661318,181.52447758703636
282,0.5937551851921442,51927.93992951323,86.29309659313016
283,0.5958498092767481,51866.35033432183,403.0598885892274
284,0.5979447066705442,51976.686936318,427.4133743785738
285,0.6000383505174957,52067.84873868113,396.582151966986
286,0.6021313016181767,52049.75263186958,144.87335435689226
287,0.6042246965556944,52026.12782757383,391.8737584617714
288,0.6063189733697846,52224.38907604738,63.77410245900412
289,0.6084147213727373,52383.16700542878,628.7875439777879
290,0.6105090855473989,52279.05251644418,162.09358426074036
291,0.6126037649785722,52286.22352517102,226.86037850246632
292,0.6147002391370655,52539.456726937395,535.8254378179388
293,0.616794938930829,52491.16146026205,478.6030368852391
294,0.6188886865784012,52555.873267732764,-236.2010121899736
295,0.6209825762252046,52593.41136618846,188.10864036549185
296,0.6230764414889526,52623.366014292435,666.892986184195
297,0.6251725389343245,52800.01639629926,559.3004082248539
298,0.627266923011265,52824.93958937327,103.2560577339281
299,0.6293596211388142,53162.40699792352,319.79269763768855
300,0.6314513250607457,53003.92261145082,452.26672574007813
301,0.6335475720513941,53094.01028027826,417.427168823548
302,0.6356444982495617,53168.020413621474,493.7750832227278
303,0.6377358562255245,53166.55110631047,290.5534756877383
304,0.6398302949107263,53023.363875443465,151.07204102745473
305,0.6419256185614247,53197.70146171997,74.89374143524066
306,0.6440214843206593,53322.73213359193,360.2022596902222
307,0.6461142033434962,53548.66735448517,471.1655464774054
308,0.6482061138478032,53599.318197543784,294.9492382095481
309,0.6503020867345045,53617.759087789425,513.468720971256
310,0.652398185537932,53624.30676455795,150.9606558970249
311,0.6544932048530038,53774.83063223763,401.1752070071566
312,0.6565867871776386,53781.29351231967,636.8282053535187
313,0.6586827890115348,54028.6321864104,410.6416306751756
314,0.6607793300725506,53874.18522451666,451.7006992917122
315,0.6628724964198541,54035.87857086877,273.2183753125184
316,0.6649654402217313,54076.00466130403,356.13444293314956
317,0.667059865407609,54121.45652558975,344.29476232422144
318,0.6691532523078332,54257.1072855911,453.94696017472495
319,0.6712457992597233,54199.16503563127,91.58113950422364
320,0.6733390782258323,54503.29845677109,483.6814198147135
321,0.6754367503383576,54531.355441063446,395.0046262237332
322,0.6775335143160066,54511.97630596318,704.3980582470796
323,0.679624621064033,54744.63664481458,293.519694953906
324,0.6817180292738917,54758.18819696325,154.91182531686152
325,0.6838149015047629,54785.340216726894,474.08065033757055
326,0.6859101434268815,54757.01423683855,404.92327796557447
327,0.6880046468184081,55003.875472645166,727.9603946389527
328,0.6900999637264865,55001.60999480441,261.51761380633747
329,0.6921965733216279,55223.32464923484,643.0820940827481
330,0.6942884945981568,55339.85708224234,345.7072745151137
331,0.6963781649531228,55282.76411448993,524.3933561370633
332,0.6984747371200234,55400.26643101287,212.8189553209435
333,0.7005690388882679,55440.15168030256,818.6018681451442
334,0.7026621579778546,55495.50519360585,98.08395123780014
335,0.704757268847954,55595.538765916055,389.09608875363153
336,0.7068509057629639,55692.683474977996,236.50023632845216
337,0.708945644402387,55715.7938699919,592.7977439196975
338,0.7110406815970572,55827.2295955325,791.7885776000109
339,0.7131372373036142,55968.22187969961,242.77234344119645
340,0.7152323589250973,56091.402634016,289.70161835005615
341,0.7173245162021571,56147.69219092967,397.9385039407947
342,0.7194199711852413,56176.77932385864,199.24070222121742
343,0.7215151322330351,56302.95272835717,283.5005248701108
344,0.7236102334592447,56359.2316290778,391.23394026924285
345,0.7257047129497166,56403.841967696535,687.1569461392733
346,0.7277958825256088,56684.73593885385,232.56822877671377
347,0.7298900912292255,56709.10636233926,746.3794522920153
348,0.7319867159780691,56812.21481788142,227.86530794369062
349,0.7340808521059053,56771.68232361309,409.1649753484554
350,0.7361738853270124,56971.481348075366,483.7808444418034
351,0.7382682123604443,57117.78381848555,580.2720967649645
352,0.7403641944498084,57066.41948754118,352.4625410643112
353,0.7424576311971561,57229.48356995049,540.0238201439155
354,0.7445523870480827,57349.89470674719,824.4898227393974
355,0.7466478284648128,57397.35987533327,457.20250728885327
356,0.7487413917548734,57516.14979862734,855.4700388849502
357,0.7508354594737505,57623.451784669545,524.2360487118115
358,0.7529278056847568,57793.1321143573,413.0394183800863
359,0.7550230257904859,57853.77845849151,798.9294116538149
360,0.7571167923480437,57899.11907139608,458.0323039618109
361,0.7592113317151179,57984.72489364818,266.2476167364683
362,0.7613074731933067,58111.41999627364,846.809654999063
363,0.7634009581307508,58205.11107066242,524.2954651344796
364,0.7654969266569684,58320.152048823744,708.5435606712983
365,0.7675905899780763,58525.34701006788,633.0867002635291
366,0.7696837880547684,58450.71608573599,727.0269850691557
367,0.7717795008463626,58552.33759730051,473.0561082265951
368,0.7738757788346248,58641.08349098631,584.7619683064873
369,0.7759706260990727,58848.66278958463,390.683919522514
370,0.7780620795267656,58952.79060116521,437.25351578825575
371,0.7801559906208961,59034.15280156451,287.3585869993733
372,0.7822523136569128,59194.10736255772,506.3236984590939
373,0.7843481481853999,59307.89310024789,426.07744014680577
374,0.7864425511046899,59556.90127366856,96.65767048519194
375,0.7885343495966205,59508.775889137345,324.0399196086819
376,0.7906286372458883,59641.08182728028,477.00007037208945
377,0.7927244345313397,59706.984508133755,702.919957658113
378,0.794818005513127,59795.227040343394,361.113015401768
379,0.7969121491149282,59890.686328024145,446.6987587243489
380,0.7990047112993173,60092.419130253504,428.8517857484236
381,0.8010984966914405,60235.69196963844,483.4496471290271
382,0.8031950165575023,60236.75670806109,698.1860165964644
383,0.8052905677217739,60365.5764774442,191.84884750139662
384,0.8073868841230295,60615.63927915448,198.71123393493644
385,0.8094800557409162,60776.888852297576,922.4782917210122
386,0.8115724907946299,60894.20804378985,-73.09852438233055
387,0.8136674854006812,60994.069195743934,530.8607352362625
388,0.8157633267681768,61020.782036765915,510.23449608448095
389,0.8178572815764139,61204.48063096676,781.819413943695
390,0.8199509017046862,61279.30264940966,346.8464148109193
391,0.8220464110750062,61405.24047453401,128.80680345643825
392,0.8241406544737637,61409.66568472118,350.0856530080737
393,0.8262328397247414,61572.60983921818,939.0193878915223
394,0.8283269471334518,61711.177846704704,632.895707880479
395,0.8304231064697798,61842.80478939224,40.97202583521598
396,0.8325161683796762,61865.28478280137,433.4883599739927
397,0.8346105557242035,62185.22016949187,370.9203076179925
398,0.8367059794413102,62164.074597563864,389.76602624592033
399,0.8388002445604258,62455.93713507345,677.4729367557724
400,0.8408960756111226,62508.488855479765,325.7407408247744
401,0.8429905652842218,62650.91623129754,503.89812618581186
402,0.84508401313589,62788.33170478313,457.3992462473264
403,0.8471791713809247,62928.162171477685,396.1525547398232
404,0.8492743362825239,63029.27827092806,732.829260435732
405,0.8513668888602299,63110.28586934123,708.3610380724612
406,0.8534589296280589,63227.6464744368,317.5480619109578
407,0.8555558405338324,63449.482233182345,653.8496758755169
408,0.8576516874123633,63575.746815698236,490.8693707531209
409,0.859744590599333,63551.635438789126,535.1445800028788
410,0.8618400547669827,63783.534378099146,482.9896102563687
411,0.8639350434441438,64034.54204065402,606.6610011978379
412,0.8660280248974203,64135.924271534896,704.5981100708483
413,0.8681201347325478,64281.265980854936,770.1118396802264
414,0.8702157283801463,64347.79736505769,558.9467889493601
415,0.872310621353091,64673.00640515064,449.1956027070619
416,0.8744020359703552,64628.0760518111,1276.074111690829
417,0.8764972088477568,64818.84157938773,513.5146100365524
418,0.878592835994214,64926.959323224284,560.1102865558054
419,0.8806870131084201,65028.66297954693,726.7068031698666
420,0.8827812802431019,65101.87942968382,503.5995969714727
421,0.884877279658285,65334.94449845984,515.2645406814645
422,0.8869730004154345,65460.31146194701,514.0065900081634
423,0.8890661750433553,65751.14997085607,823.8081203272476
424,0.891161435679344,65685.25246595833,732.911282900475
425,0.8932577960179496,66006.15062747111,362.2442362741243
426,0.8953527392107627,66075.07632092207,528.9269431215715
427,0.8974462460666859,66157.55733977836,932.7966291248218
428,0.899539340962409,66328.76921616052,334.0485211503778
429,0.9016318169027592,66436.48581233803,319.6643704290254
430,0.9037252249745606,66758.82416279071,820.9432661542138
431,0.9058199443223193,66901.43568517831,797.2301441890281
432,0.907915243986348,66941.53925223796,845.1155442549455
433,0.9100128049501981,67186.88186679652,741.2604580003116
434,0.9121059966002629,67236.46596742113,690.7303264864789
435,0.9141972861830797,67432.98317266216,343.0239735599485
436,0.9162932496702593,67626.90489427034,750.9757719503053
437,0.9183878012752863,67623.83317228411,635.7399349364076
438,0.9204823185419505,67902.46476985254,661.6329541615685
439,0.9225773629784582,68084.68350943929,621.1048597533404
440,0.9246718174739146,68279.60399746372,838.3637579817046
441,0.926766211900197,68390.80172453968,671.2844633199571
442,0.9288591582540804,68490.22651974852,816.6672360353429
443,0.9309526610700547,68641.59053837192,995.6220591665486
444,0.9330479303067369,68780.34199373393,1060.8860331042072
445,0.9351433527997749,68996.25311379936,861.2399371345235
446,0.9372383527365933,69216.38218775556,659.4810066836181
447,0.939329757499591,69322.7211748351,1087.5939801512038
448,0.9414230571985791,69405.7098386641,675.8696729496003
449,0.9435210054806012,69749.25332114307,889.6358781040915
450,0.9456162503172072,69840.90269373925,874.4256084763854
451,0.9477100092887099,70092.06630431871,844.5919673815044
452,0.9498046323041349,70200.22877554958,736.5715985801971
453,0.9518991548408083,70524.81835605741,851.8686824928144
454,0.9539929332702277,70408.21561074376,445.94959956422474
455,0.9560874898052096,70688.59016536073,297.51149651745123
456,0.9581824530689178,70880.77678450673,453.8245913983757
457,0.9602770371571748,71010.17030864317,818.0109190225254
458,0.9623710723241273,71035.32241822737,682.252298031525
459,0.9644648349083941,71365.30167013688,819.6596585158484
460,0.966557887379011,71483.75935682456,608.003179320295
461,0.9686513195291268,71763.92882107498,843.6191022508411
462,0.9707470393683869,72027.35678687322,1086.2853743088094
463,0.9728419987888902,72064.97029211455,988.5220979885144
464,0.9749363451418961,72209.10339878548,810.1298628306439
465,0.9770319720978949,72518.2325931567,728.5893196828143
466,0.9791260608689247,72602.23606339839,881.7131835418802
467,0.981219993418123,72752.30298229924,855.9980530827518
468,0.9833154848012966,73030.36950007155,1003.7251321445325
469,0.985409217900734,73134.23364553289,792.540926133843
470,0.9875034929558208,73422.00201261109,1282.5456930642613
471,0.989598845059814,73486.8367163981,1037.3041516918108
472,0.9916925524589582,73856.82880793857,882.8356508063932
473,0.9937866222530743,73900.86056490625,1069.4636607438051
474,0.9958822538585521,74163.64940877297,946.7303422945561
475,0.9979763461234663,74334.95444342581,1268.1224990259643
476,1.0000687382803208,74558.93047419016,1208.8044259349745
477,1.0021620574674717,74625.39251817786,366.36127047595227
478,1.0042566040705312,74897.29054762397,935.0402639023011
479,1.0063510481087232,75154.22132996605,811.4079299247227
480,1.0084458017147504,75280.27070668673,658.6707453641543
481,1.0105412449330358,75398.1093317522,858.1927876684375
482,1.0126363206852906,75730.72490424257,1142.460560140804
483,1.014731689048677,75904.77138235723,1794.166500078334
484,1.0168251811607234,76008.40184373668,1000.7972916869769
485,1.0189183181794257,76243.60577047303,1311.5494224053857
486,1.0210135131858313,76472.55127737185,1018.9394820363046
487,1.023107899818119,76637.47199751777,556.144833048237
488,1.0252035642142994,76816.67696045166,794.9023817471142
489,1.0272979326699727,77018.35945455845,991.8699949905177
490,1.0293915165160124,77248.7040008594,1199.1023945235072
491,1.0314862118776227,77403.45169432343,1271.1380758358005
492,1.0335813276438528,77758.11749727075,852.7271432399422
493,1.0356760372494827,77990.13029067808,1355.5537698276182
494,1.0377697665518313,78128.90075402588,1277.3990193048403
495,1.0398635542890804,78387.24322915074,873.3286729237238
496,1.0419580022733907,78509.3069301007,1000.0254433575662
497,1.0440530837182007,78727.18795790103,967.7767590920006
498,1.0461463909219801,78973.77910154188,1098.453407791638
499,1.048241289239942,79248.67775693462,1042.5937036399046
500,1.0503346504195201,79489.69068186857,1202.3653575936619
501,1.0524278880438542,79606.38265068328,1013.4506784754159
502,1.0545231057279465,79833.82000640074,1223.0063031357843
503,1.0566172205725972,80180.14748375728,977.4308036461472
504,1.0587125681053644,80340.22054472829,988.3831352142118
505,1.060806974942881,80629.9707990824,1700.9086460058552
506,1.062900937291859,80730.04717652658,1031.2821323881194
507,1.0649968400029963,80926.75067446943,967.7337517211589
508,1.0670917748856612,81115.43742519966,1415.4685395134284
509,1.0691837840599538,81418.12207941909,1165.6854928333742
510,1.0712784055790137,81615.20036999606,1235.9115804722076
511,1.0733741944109443,81987.53897452418,1659.8753984958998
512,1.0754689143080451,82256.6913448165,1495.6559405005682
513,1.0775625935653539,82281.69942294408,849.7699079165603
514,1.079656551776009,82637.43168539944,1068.9493017421914
515,1.081751759033872,82778.6399623448,826.9604385089405
516,1.0838450038800544,83099.2454798139,1168.496798959111
517,1.0859393346043436,83333.01137560372,1233.1695386093531
518,1.0880340737032612,83462.19107537933,1461.8175781099455
519,1.0901280973397867,83681.58997009876,1445.5458351221944
520,1.0922232205093443,84036.29145001278,1071.432290126135
521,1.0943183198095006,84196.45727179738,1330.7908317760305
522,1.0964124680620808,84485.88893382615,959.6270153354607
523,1.0985066965945804,84903.10782910835,1607.803939743664
524,1.1006022506925348,85018.87480404803,1493.6640870816325
525,1.1026960746069068,85265.97634530775,772.3804677003549
526,1.104789420523433,85613.34253995068,1192.5560571299116
527,1.1068841457204943,85707.7156127056,1501.711890743379
528,1.1089772649904681,86059.48824331818,1525.4968946660254
529,1.1110723868790173,86196.76372933718,1443.8241787782758
530,1.113168427194727,86428.65608067889,1750.930824514842
531,1.1152626776337078,86742.67191295279,2040.9365307509236
532,1.1173574051129724,87024.1432761423,1478.588133103546
533,1.119450573697561,87376.6886942624,1632.5258890794091
534,1.1215436337779248,87625.79987697107,1674.6826268284085
535,1.1236390334415942,87903.40437485275,1915.3298545194539
536,1.1257332200225998,88142.31911354886,1768.0747532974594
537,1.1278283378211404,88207.59126916996,1635.958994787903
538,1.1299238131648552,88566.3595053024,1511.1540936358442
539,1.132017447124327,88923.565293678,1500.9698313478618
540,1.134110650036949,89224.47754469907,1653.9567631957057
541,1.1362036259959787,89426.0504616275,1618.476402312513
542,1.1382991427598659,89698.04078651118,1496.048979014105
543,1.1403936066737896,89975.98990031266,1914.7196478159235
544,1.1424878264606209,90284.45348662036,1714.9409390588287
545,1.1445836717483504,90649.17228974258,1748.1513784212138
546,1.1466778755714095,90799.29411274538,1968.5758988248485
547,1.1487715351237628,91174.93873026203,1802.6841929686268
548,1.1508672245306748,91319.19887840992,1574.552830187663
549,1.152961670034179,91592.31234884576,1945.116567517323
550,1.1550551275418117,92013.9195518302,1817.671640652787
551,1.1571500620004906,92289.08567732818,1407.206904827658
552,1.1592451155989445,92531.9647295878,1514.3135442252114
553,1.1613401484055899,92800.51688115479,1788.1599960090996
554,1.1634328135986687,93059.51532187754,2142.790965808646
555,1.1655280225544649,93408.36869068418,1713.3529750358489
556,1.1676232414157608,93699.77725591033,2056.2448541924146
557,1.1697157183635434,94015.14178815664,1629.7668181562638
558,1.171809765164966,94317.44432235385,2201.1983033097094
559,1.1739036754657965,94529.54015289903,2035.002892628793
560,1.1759974618047027,95022.11502038901,1936.2369607019027
561,1.1780927342002254,95164.11230838616,2097.7279182729076
562,1.1801886215978319,95493.27406620422,1915.046984979737
563,1.1822824649467334,95759.11355852736,2010.655177718986
564,1.1843777187054296,96020.90032532575,1867.2911289930696
565,1.1864731317277017,96427.87055563954,2223.478603304449
566,1.1885662199882188,96585.59288147592,1994.9690988264633
567,1.1906603290984812,96957.79284891704,2048.894625762462
568,1.1927560449071208,97346.7942626456,2300.2601141465934
569,1.1948501301675682,97695.81594256432,1953.2035785477337
570,1.196942866326464,97994.15373201571,2168.363139317915
571,1.1990363434731066,98258.18710141905,2324.88793351372
572,1.2011315528209288,98597.55098233304,2176.7418391996
573,1.2032252726398727,99027.23424709556,2479.9681036650863
574,1.205319131714267,99164.79703106296,2328.8028601498
575,1.2074143429200774,99519.88986739707,2166.490008561192
576,1.2095073316728018,99827.85857460473,2263.0494258021713
577,1.211602159357548,100321.87254177101,2699.454759653547
578,1.2136984428310558,100614.80021800249,2512.7125371418115
579,1.2157943340364452,100855.08942666123,3014.119335900312
580,1.217888268816351,101277.3942452232,2691.9211904201334
581,1.2199821909033837,101636.63824958008,2609.6036587493427
582,1.2220779372220854,101914.98584281302,2008.8424755193746
583,1.2241720630448372,102163.90795433731,2070.908473238334
584,1.2262656486341297,102570.72797087448,2412.2251357278637
585,1.2283602712023978,102898.43877646331,2685.4890261640303
586,1.230453847781421,103307.07384741066,2492.4499631342323
587,1.2325484279288663,103636.09963346247,2927.671434521368
588,1.2346427330328844,104115.05345179077,2433.576719590363
589,1.2367368340043534,104279.71716114035,2993.568395394278
590,1.2388320989568682,104682.33745712995,2933.367232079918
591,1.2409254956441091,105133.05932463804,2474.6216767966976
592,1.2430201387037565,105449.99573931239,3186.9633718132854
593,1.2451147141570293,105836.72440386782,3382.7766552877342
594,1.2472087367784284,106250.363628019,2848.7082434501667
595,1.249302614173833,106597.19537865352,2428.24761946419
596,1.2513971052845823,106861.60283203752,2889.4456740715846
597,1.2534931066319515,107248.58615975133,3268.8859699485865
598,1.2555863817711985,107609.14940295409,3267.4488430575557
599,1.257678969059161,107870.4907433133,2808.143590853897
600,1.2597748382104277,108236.16556987843,2899.143405783146
601,1.2618698898493887,108686.10968095464,3129.2404664399955
602,1.2639640740660565,109027.3074020344,3383.4659886970785
603,1.266059176034634,109426.71798015671,3102.522412616101
604,1.26815329738596,109805.93401253047,3102.642754608877
605,1.2702469827768745,110306.97210657064,3536.376101358838
606,1.272341439773769,110605.70093410024,3291.6849686763935
607,1.2744361591580655,110928.23681772432,3338.8232711558176
608,1.2765301570381213,111499.06298224459,2931.361992569556
609,1.2786243195908502,111716.69353107423,3213.6844883179956
610,1.2807201779848052,112102.7627040696,3424.7236051110935
611,1.2828149770647865,112477.24263022993,3077.337805170569
612,1.28490831046805,113016.68186278945,3216.7203144663445
613,1.2870024746125797,113300.40697144714,3853.5026094693526
614,1.2890960788179595,113764.18978593426,3681.500878572237
615,1.2911903407610128,114257.29292184222,3872.273331804624
616,1.2932847299377603,114604.00745904508,3401.371141243164
617,1.295379834193548,114960.43260600172,4071.9370409410085
618,1.2974743412448833,115407.03914860186,3678.4664473055936
619,1.299568838606027,115835.96407469819,4070.2262335670416
620,1.3016640567270552,116200.26009148189,3297.9443818119953
621,1.3037578272673165,116762.8850877047,4196.926907500569
622,1.3058518980796576,117029.61252693589,3889.4864982350095
623,1.3079469520711469,117572.7016446879,4126.436584536437
624,1.3100414674631762,117870.42880123066,4486.637183198487
625,1.3121343419146885,118433.78115660441,3859.2246628006806
626,1.3142291157646366,118724.15030979126,3929.3655262462444
627,1.3163249547628966,119215.5852402191,3990.7135297792674
628,1.3184204308819243,119733.99485948008,4408.731223359327
629,1.320514045081714,120108.31173807221,4269.887019302731
630,1.322607731116918,120595.55477926903,4420.381497617421
631,1.3247030067977636,121043.62522839784,4493.993657204973
632,1.3267964975071294,121330.41721249958,4497.3876518691695
633,1.3288900457896358,121789.1028470036,3789.663793802225
634,1.3309846323229146,122271.26372946988,4001.1944421512703
635,1.3330795391690438,122783.120310394,4313.736027750151
636,1.335173949560825,123315.53149079708,4464.439126947432
637,1.3372672428845813,123676.64478468237,4716.081528271237
638,1.3393616502777206,124177.19526129744,3929.7722073562754
639,1.3414564546808454,124636.7285054139,4391.758787261441
640,1.3435497634465539,125117.4021990662,4613.660539740341
641,1.3456439095281743,125724.49906662614,4785.698712983444
642,1.3477398961804745,126049.45010973226,5201.946863771556
643,1.3498356331361778,126587.4037249292,4656.357120408141
644,1.3519291222201564,126995.19721313333,5073.201978684616
645,1.3540221824451044,127397.2563588999,4835.266430189632
646,1.3561174165883387,127866.26108197364,4929.949640462897
647,1.3582118000666776,128475.13416441661,5162.0978590416225
648,1.360305548489477,129194.98646149435,4943.654439311723
649,1.3624016471705516,129456.5138104838,4961.711068564184
650,1.364496581524498,130084.24919985243,5533.791549643002
651,1.366589927521404,130518.22302275775,5359.107440863736
652,1.3686839345616666,131080.56349945904,5781.9265232955095
653,1.3707785136744248,131472.7233918775,5465.0373117776335
654,1.3728736781569988,131947.35767603765,5330.790700782253
655,1.3749673745335222,132533.3253697747,5664.164080006261
656,1.3770602631292597,132974.9340914443,5521.31904154002
657,1.379155717578164,133563.75991370002,5706.751335592496
658,1.3812508039107998,134063.2784235353,5944.327729488209
659,1.3833453325862841,134684.12902200036,5687.584837019274
660,1.3854396647384786,135050.19160618348,5650.871659182594
661,1.387533616953471,135823.89795205722,5991.678639346894
662,1.389628935147901,135948.6169418185,5796.125932796389
663,1.3917230672721894,136645.80330461456,6036.986917049055
664,1.3938172778813163,137272.33830171247,5608.128152087252
665,1.3959128506087028,137614.34002852067,6257.735096433812
666,1.3980069894682674,138249.33125694457,6302.195316874362
667,1.400100032768225,138740.42042510383,6014.510260766373
668,1.4021942273095422,139305.50983177836,6328.339543506316
669,1.4042879724639459,139967.41375217205,6696.092249160535
670,1.4063822250727482,140375.3795394782,6683.436291168513
671,1.4084777998796327,141054.96384275597,6249.008513468232
672,1.4105725454065003,141623.57060860106,6596.206733393415
673,1.412666035757187,142305.93253253633,6819.37103717227
674,1.4147597581950535,142666.316531567,6393.226436503198
675,1.4168552493745823,143460.752772157,6917.98833104591
676,1.4189502707585735,144049.7781117876,7167.13228578639
677,1.4210439871962917,144522.74897702443,6990.288740518865
678,1.4231379588066748,145003.37714725896,6851.680847705814
679,1.4252323843784174,145702.45640061868,7176.680603732549
680,1.4273263645812686,146443.9398105515,6996.905585260812
681,1.4294209343777806,146873.50643060755,7149.657925520617
682,1.4315160587565352,147522.57464223777,7143.384383347166
683,1.4336101809254245,148134.92069226244,7778.810679260032
684,1.4357047233292217,148704.80971813758,7114.907255470805
685,1.4377991034950037,149284.27687100193,7632.50885773786
686,1.439893269172154,149967.83238556748,7286.380122856765
687,1.4419870983325702,150348.04899647695,6988.968821933601
688,1.4440820971476513,151219.01546523615,8251.36869319076
689,1.4461780146809415,151779.8773545823,7691.605805995992
690,1.4482723645441788,152411.04764351094,7668.463235909174
691,1.4503661519067539,153041.47488360648,7820.464386707965
692,1.4524608997459605,153734.81214167853,8502.705522330716
693,1.454556191478353,154295.1203560749,8072.015098165252
694,1.4566505605195028,154901.8246669934,7990.536040074761
695,1.4587435672120013,155546.275321583,8294.572190686049
696,1.460836376274075,156201.4061752972,8370.807941268109
697,1.4629315024559504,157027.58358546018,8599.860644517039
698,1.465026115161985,157503.33773195738,8445.43624146505
699,1.4671201905708728,158204.13770437415,8883.288805455251
700,1.4692142550197365,158840.9142749025,8755.451755106533
701,1.4713085109511452,159671.7980297808,8680.189097549499
702,1.4734040883627781,160297.15124501637,9118.729976314395
703,1.4754983077923518,160810.0120787304,9404.451339814425
704,1.4775927333883283,161338.8683251482,8724.901111255058
705,1.479686516386449,162345.00776354506,9547.962544752594
706,1.4817805445745025,162789.9408652969,9527.687310503969
707,1.483876051193717,163799.67282365807,9710.664793735923
708,1.4859713583510508,164303.0778721789,9422.162879792606
709,1.4880662760111125,165113.90573390725,9668.608723866408
710,1.4901603423423662,165748.41090895017,10158.444305261864
711,1.4922546168830801,166473.53212820872,9805.87633070934
712,1.4943493508016918,167034.20596588167,9424.144591248305
713,1.4964436549031517,167997.406487438,10160.611063665403
714,1.4985372426394363,168778.67607171513,10566.459599575066
715,1.5006303537214591,169335.56688324225,10402.836665028235
716,1.5027246941647125,170173.89880189937,10095.393018720322
717,1.5048198674391857,171034.4885339249,10945.445365534215
718,1.5069136003861163,171653.30182531604,10495.165001521527
719,1.5090076377683221,172380.1320913734,10412.799570814077
720,1.5111026723067662,173140.5908763308,11152.87787410357
721,1.5131971028762412,173936.94096573914,11390.40367170053
722,1.5152912609041667,174534.3233720661,11638.358331131745
723,1.5173854934463344,175377.53700019215,11361.120062184744
724,1.5194808793753787,176175.807670788,11359.279155864919
725,1.5215756259285513,177022.9806742785,11442.806389455756
726,1.5236695807770564,177781.28848107503,11875.7575217224
727,1.5257641081783464,178486.68644832892,10702.095597530528
728,1.5278584873608179,179279.02370667006,11436.756655608198
729,1.5299536435991428,180142.0951147389,11756.0098739854
730,1.5320476585044298,180873.9114752812,11447.217337630314
731,1.5341414384393777,181635.63514694228,12196.399795881793
732,1.536236950937659,182420.0912311114,12967.361613788036
733,1.5383317033374695,183395.50492364325,12118.584476861894
734,1.5404255753841434,184165.91986261174,12656.199693133756
735,1.5425198393431812,185029.42280850382,12417.97428967006
736,1.5446136227526486,185851.6420688471,13020.125669571607
737,1.5467072285753283,186580.1762001256,12843.374044839564
738,1.5488013111816905,187673.33926136146,12844.710072706363
739,1.550896674249749,188326.9115480472,13435.67764304494
740,1.552991701547339,189241.49519049656,13447.68666577105
741,1.5550856629518366,190249.76409399937,14089.94803441796
742,1.5571801051512508,190901.98022073283,13630.046437012781
743,1.559274417579796,191739.47052916535,14143.058842058552
744,1.5613691533539047,192686.4488195272,14000.049852762466
745,1.5634631934261796,193468.12829511202,14354.540896358896
746,1.5655577892497892,194471.80882549938,14534.846274640844
747,1.5676527275763066,195334.11359400378,14282.33794706287
748,1.5697461748764228,196238.8031948477,15038.554245152476
749,1.5718402189801153,197314.29123259487,14573.048018168161
750,1.5739346218160084,198064.46661167487,15120.394440138125
751,1.5760295037244485,198934.87770903666,14876.553297801749
752,1.5781239238326052,199915.95199718454,15234.209572702857
753,1.5802176736109215,200864.54455123522,15184.567882384506
754,1.5823123941098438,201801.8585616044,15977.934070284482
755,1.5844068047546922,202612.41099480825,15307.766236787233
756,1.5864996832696292,203565.10899002172,15509.988171068524
757,1.5885944598128996,204683.33129400722,15597.888449409891
758,1.5906903325437156,205510.35378949626,16553.66491006547
759,1.592784689092666,206654.53999076487,16541.824524269763
760,1.5948796873290236,207562.7082999712,16434.848521705902
761,1.5969745597395735,208524.55717373034,17280.35161332302
762,1.5990689218084002,209371.88386163083,17147.11388138366
763,1.6011633213632455,210366.92228802788,16879.192988200903
764,1.6032577776043084,211463.59649718317,17181.560023438153
765,1.6053514020964894,212529.80320222542,17648.01153593006
766,1.607445093072501,213396.66531940651,17539.081177545522
767,1.6095393086936036,214396.40025957377,15468.326160343659
768,1.6116336711357766,215274.9485361451,11267.110569955445
769,1.6137279918528686,216250.8996976716,6104.034126662455
770,1.6158221116449558,217428.47885092773,2669.174533554551
771,1.6179176229648538,218067.550936114,-2740.3856360967975
772,1.6200131612431772,219104.27743343438,-7049.648076622922
773,1.6221069236192778,219916.5434396229,-12094.88846825933
774,1.6242011307622557,221296.6685876561,-16241.82326086133
775,1.6262960841945175,222005.95148935507,-21396.695922216313
776,1.6283896203498047,223035.46835338627,-25149.562017597458
777,1.6304834947928883,224091.2324091887,-30235.81592755667
778,1.632578127710653,225104.9205687191,-34056.800730445415
779,1.6346731813158608,226020.6092678024,-38736.28065546234
780,1.636767172365261,226927.6347615071,-43880.265251040946
781,1.6388603779595408,227995.45863517266,-48448.526823773376
782,1.6409563605892468,229051.89913164708,-52296.914919411545
783,1.643050621284035,230486.71990455722,-56875.27418710277
784,1.645144102645386,231325.25492489611,-62790.558825142456
785,1.6472395726584623,232257.742604155,-66462.9591349173
786,1.6493331318477138,233241.43165462546,-71788.74839573783
787,1.6514277435583298,234538.24246007242,-75658.49428354358
788,1.6535225655624404,235520.09342954605,-80329.93873331153
789,1.655616100487628,236513.83130111478,-84621.06840872616
790,1.6577106071833263,237819.58205772468,-89949.88962279349
791,1.6598050724476994,239028.12081716984,-94407.50288930647
792,1.6619001395524664,239952.1922040561,-99210.80657339713
793,1.6639948642035431,240866.54982719864,-103648.67701887568
794,1.6660882997554614,242014.05877551704,-108006.28602861756
795,1.6681827329415837,243249.6284670544,-112708.57906486797
796,1.6702780557373313,244163.08963610677,-117470.96009919958
797,1.6723710846745943,245194.67527931306,-122018.78469059587
798,1.6744651718920411,246692.29739866545,-127594.67714214126
799,1.6765602044792516,247923.85313126227,-131462.63451979362
800,1.6786535596079524,249048.39024171492,-136795.03006050154
801,1.6807491745425278,250073.85980171073,-141335.06930080662
802,1.6828445761171116,251228.64595548972,-146517.9380418033
803,1.6849386388007168,252401.16228504758,-151222.9258722139
804,1.6870339476475265,253724.99589005273,-155068.99574853235
805,1.6891280758541645,254786.26067340682,-160739.9349324913
806,1.691221272327691,255956.8255271376,-164957.3707450852
807,1.6933141346742315,257161.68038193628,-169548.2047126582
808,1.6954090930463133,258285.06788017973,-173979.88357420845
809,1.6975047078021417,259379.76244436295,-179041.41685667617
810,1.6995991246970055,260752.27937575214,-184175.82785339217
811,1.7016934918813407,262107.9330228105,-189365.59908086943
812,1.703786903721137,263163.969081283,-193497.66487970622
813,1.7058818292953146,264417.08901282726,-198212.52855621648
814,1.7079768740006063,265408.86408383545,-203205.17086743817
815,1.710070845319196,266966.6367463929,-209145.95273643342
816,1.7121645316176712,268176.2772431195,-212962.77695755305
817,1.7142597272321454,269616.5656134699,-218550.98786742808
818,1.7163549406546734,271015.72322609567,-223152.49161879945
819,1.7184482195940645,272036.769888462,-227803.26620013878
820,1.7205423072627637,273629.0690522694,-233750.23066058813
821,1.7226374847113666,275005.648400255,-238069.26939848
822,1.7247323233526113,276041.6583127491,-243839.6572062401
823,1.7268266901810085,277560.08837393764,-248181.91859242404
824,1.72892134476467,278853.2272442404,-254169.03511055862
825,1.7310153629662073,280090.2100363834,-257953.1036322546
826,1.7331087353021186,281566.63055789785,-263040.51944733923
827,1.7352028820270462,282908.0084483631,-268875.45067164226
828,1.737297419510233,284536.5753515608,-274572.33840478386
829,1.7393924268721555,285345.6460060108,-278475.04871474195
830,1.7414865202316776,287108.22697707015,-283611.9893987667
831,1.7435798385311778,288557.2863893095,-287968.9091356748
832,1.7456747741592018,289824.1322861721,-294371.8801834569
833,1.7477707733578058,291043.2894501942,-298273.82884410664
834,1.7498644151299778,292795.0535132629,-304703.74590627017
835,1.7519579294274097,293981.86064449,-309556.26625538466
836,1.754052537005875,295397.11096898955,-314360.90945926245
837,1.756146014277543,296972.63448074856,-320018.83438579325
838,1.7582399685899122,298495.5415729005,-325563.5475825406
839,1.760335124398212,300158.7108112811,-330895.6480803196
840,1.7624306374180432,301458.1017953451,-336426.10825635755
841,1.764524733445493,302911.7309324509,-341799.90039472666
842,1.7666195957988082,304532.35660559515,-346760.3155253247
843,1.7687146552767006,306390.8775982083,-352625.98024899006
844,1.7708085687106505,307416.05647100706,-357101.4639412975
845,1.7729026984403262,309053.3488747534,-362778.37861747295
846,1.7749968373222131,310691.70285565616,-368260.2504622819
847,1.7770919795414395,312402.48919256177,-373692.3557830849
848,1.7791866891650514,313535.6378408426,-378631.3961590097
849,1.7812805740714612,315266.8527174081,-384389.3118426659
850,1.7833749145944944,317148.0067988134,-390238.26174012275
851,1.7854698174814119,318102.72594149376,-395369.5653111909
852,1.7875649050000997,320291.6196571004,-401049.6037142945
853,1.7896586091751823,322097.55071900215,-407541.2459319745
854,1.7917528105223397,323270.1446777769,-412616.6783659387
855,1.7938472619734778,325086.63799945347,-417691.77635518304
856,1.7959410333998334,326571.71814063954,-423778.2871088257
857,1.7980353139963554,328404.9473662289,-429193.74004389433
858,1.8001292949050451,329919.5775250943,-434930.88883977226
859,1.8022240144636215,331303.9798207228,-439777.63680061937
860,1.8043180357006787,333235.77726439526,-446401.41035322763
861,1.8064120149556366,334948.17812493135,-452112.5408929325
862,1.808507216693214,336710.17281650164,-458277.4231284966
863,1.8106012235056632,338629.6924654262,-463704.7730830983
864,1.8126961076333348,340080.51638352295,-469114.0472250358
865,1.8147906359659112,341978.4450900997,-476115.71990743245
866,1.816885013662702,343791.9816550502,-480465.8561835656
867,1.8189799788179999,345575.0371543854,-486905.0429237401
868,1.8210733357472892,347540.7242770723,-493406.6802294599
869,1.8231675363973032,349142.6854806423,-498810.1752462661
870,1.8252628639859947,350845.69152394147,-505009.36994032434
871,1.8273578690890415,352505.34146010916,-510322.7210704893
872,1.8294529153678178,354488.3208852365,-517640.71017030306
873,1.8315468366202061,356519.72725509875,-522823.1707439973
874,1.8336403420201965,358324.7731754696,-529177.2440395529
875,1.8357342642631629,359893.83090986847,-535096.8822423004
876,1.837828606636473,361998.02572913066,-541413.4462562625
877,1.8399232687279,363594.95065935317,-547970.9740990134
878,1.8420169361094605,365631.5654767115,-553592.165379774
879,1.8441103454239045,367480.6199243105,-559149.2831040018
880,1.8462047113551943,369431.1849439881,-566357.9025403879
881,1.848300337583767,371670.1245278487,-573039.6403030487
882,1.850395118058644,373587.0981114061,-578635.596715382
883,1.8524895015648957,375483.4632926054,-585679.4288564714
884,1.85458435317291,377405.2454138481,-592167.0092928966
885,1.8566786691854407,379818.59266688186,-598930.6345939847
886,1.8587722962005393,381500.96712800313,-604216.2961927231
887,1.8608667292143481,383628.07883857883,-611996.0242401221
888,1.8629623979972338,385554.62208143534,-617849.5053904224
889,1.8650575007618033,387337.01614774583,-623637.4699153574
890,1.8671515757398978,389928.8584486886,-631875.0777522217
891,1.86924567270883,391726.65033653105,-637430.7301108767
892,1.8713402290883943,393971.1806807506,-644389.648294622
893,1.8734333441485889,396064.7303719909,-651194.9017963724
894,1.8755274569663687,398129.55739568087,-657692.9452049923
895,1.8776226584010878,400089.2027757136,-664437.7386783034
896,1.8797156234954413,402066.75823762413,-670649.5884096252
897,1.8818097674713492,404268.02351608267,-676765.2296810637
898,1.8839051205157094,407012.42306821584,-685292.804416594
899,1.886000042933448,408790.00127081136,-691786.9113452896
900,1.8880949075451439,411292.23523109284,-698450.7609659916
901,1.8901881584759161,413548.4435416219,-705836.4528149185
902,1.892283217936019,415455.38996502955,-712787.3151478291
903,1.8943782680554568,417595.7263559735,-719407.5990605478
904,1.8964720473710392,420429.1859933037,-728046.2114582325
905,1.8985668668489433,422562.77630445187,-734516.3979405791
906,1.9006612809862096,424656.05109426705,-741140.5497578642
907,1.902755719587151,426862.6595716968,-747152.4397490574
908,1.904849757588545,429626.6073765952,-755392.4591398282
909,1.9069430754605277,431333.41920744994,-762466.2672481581
910,1.9090378340013505,433863.0264653369,-770803.059765101
911,1.9111324914183263,436347.4192461064,-776811.7654767816
912,1.913226965923519,438550.60522696003,-784528.4738631684
913,1.915321381331026,440892.250787313,-792022.3882558013
914,1.9174162748437817,444110.1983766038,-800552.4426403999
915,1.91951096404297,446372.77521094284,-807427.554685397
916,1.9216039358616672,449026.99889105937,-815991.7914643892
917,1.9236986253914137,451120.2817914794,-822681.0122899598
918,1.9257933066276691,453488.3399674728,-830680.6824487349
919,1.9278873651498682,456045.13521965744,-838013.4787506016
920,1.9299807661659822,458515.5204409282,-845415.405346152
921,1.9320760482648573,461626.6737172344,-856346.704242689
922,1.934171767524072,463621.4460739971,-861028.8395985471
923,1.9362651059315399,466830.3600145437,-871131.8952917923
924,1.938359138419254,468732.90349067666,-876364.8231215548
925,1.9404538735984294,471636.69889157964,-886698.0110709366
926,1.9425479146608418,474149.5065107571,-894172.9950348686
927,1.9446418189559174,477068.80895992107,-902635.8112080134
928,1.9467371502259871,479501.2061983123,-909968.5813554007
929,1.9488329760684335,482480.14321322175,-919997.8681371616
930,1.9509268120448882,485478.30169460666,-927817.6982865738
931,1.953019609354344,487375.8391067976,-934240.1826867303
932,1.9551147244404972,491157.122282356,-945515.3524466782
933,1.957209950604826,493471.1454928304,-952365.7681822616
934,1.9593041179655175,496545.14070618496,-961607.4001365278
935,1.9613980124620214,498874.7598555645,-968947.2843842315
936,1.9634920823781827,501310.0496132157,-976577.903450873
937,1.9655870316775599,504359.3406382743,-984425.6127271932
938,1.9676813106463258,507703.0348093033,-994757.3874332233
939,1.9697755380711686,510899.8313120853,-1004432.8185002481
940,1.9718704076888727,512760.05221756606,-1010694.0917341678
941,1.9739643213778544,516466.41318590846,-1021364.7913387356
942,1.9760582139073395,519207.8331956707,-1030724.7853396237
943,1.9781533744008393,522446.08570863504,-1040862.9207861908
944,1.980249297656676,525182.9456631413,-1049462.5814076997
945,1.9823436902775773,528528.0747988395,-1056843.9358516824
946,1.9844363854611324,531351.3268809054,-1067667.7674821324
947,1.986530057736426,534320.1183007093,-1076101.1535601122
948,1.988624138262085,537547.8973068784,-1085541.0550808602
949,1.9907191302641989,539931.6510131893,-1094236.683723794
950,1.9928140678397719,543817.9492837013,-1104419.5381838335
951,1.994908057158038,546710.1364938931,-1113174.4589555082
952,1.9970037235567513,550005.1609763317,-1122619.890634638
953,1.999098539119481,553278.1980542735,-1132255.0968752059
954,2.001191245179364,556039.2231791659,-1143602.7233616798
955,2.003285465781134,559829.3701220081,-1152868.8497097052
956,2.005380090953843,562830.6378184246,-1162231.4563227694
957,2.007473757612322,565998.3256269144,-1171028.4818180057
958,2.0095674385752345,570094.7295802627,-1182225.356436885
959,2.0116620669227445,573217.1643671843,-1194372.9354948218
960,2.0137574654124313,576584.2977954778,-1203558.8639791277
961,2.015851542299029,579675.2417289207,-1210781.2861099173
962,2.017945842236743,583300.7815668253,-1224693.908828173
963,2.0200414078173843,586465.4158715892,-1234087.2424703543
964,2.0221364472105585,590882.1972651877,-1244844.805263381
965,2.0242304661583193,592716.8615741476,-1253308.9645394383
966,2.0263241213554704,596978.4127787543,-1265229.8617594133
967,2.028418169537371,600979.6763067965,-1276624.6589229924
968,2.030512126699397,603705.5279723372,-1285440.0266901518
969,2.032607257696191,607458.4833964513,-1296996.2490033652
970,2.0347026748788237,612026.8784205999,-1308910.9512559632
971,2.036797432049628,614694.20511379,-1318752.7940913872
972,2.0388917803566513,618560.5925302837,-1329237.0704930641
973,2.0409854404727548,623202.527803646,-1343210.654853862
974,2.043079158497923,625898.7097496382,-1352895.0902518844
975,2.0451737042342053,629998.9409889524,-1365209.0906671458
976,2.047267957686092,634007.3485686935,-1376586.8222697172
977,2.0493625921646865,637314.5092529723,-1386704.5079697599
978,2.051458159400133,641598.3339632199,-1400248.5624932384
979,2.0535521918605197,645289.4600142621,-1409328.0665564765
980,2.055645062675616,648503.8979029085,-1419940.7580636917
981,2.0577393587752955,652768.6820002161,-1434007.8916393183
982,2.059834437786395,656071.9137813234,-1444887.5212685666
983,2.061928055170489,661025.1891841744,-1458439.31815196
984,2.0640226957402352,664580.0792215395,-1469960.0683837936
985,2.066118258189404,669508.9818590352,-1484636.8011434341
986,2.068213196804832,673686.6345019764,-1496100.4345714245
987,2.0703072818107917,678109.7492403699,-1509066.2898453902
988,2.072400931462771,681671.8458057172,-1522510.5426815203
989,2.074494103322103,685571.1278406937,-1532579.2936441838
990,2.076588647294614,689789.5383287959,-1543463.8189838482
991,2.0786837571325223,693911.0293808402,-1558742.852197122
992,2.0807786951127576,698366.1109747946,-1573118.1462802887
993,2.0828733611799306,701706.7726173265,-1583046.0720181374
994,2.0849676047315464,706524.1702686957,-1597062.956428828
995,2.08706191167589,710931.0137020821,-1610402.1871356904
996,2.0891552570733616,715250.9185310523,-1623056.8060683266
997,2.0912498961643236,720098.183657661,-1639864.2586683582
998,2.0933446561638878,724431.6935570664,-1653667.4224266198
999,2.0954387435644386,728997.3454473318,-1667822.146724596
1000,2.0975335870618825,732887.2561678067,-1680426.5065178617
1001,2.099629070349723,737698.5810196007,-1690013.847444486
1002,2.1017228492895934,742131.3844006001,-1705939.2617728629
1003,2.1038170482062775,746908.0311595092,-1722330.7403534297
1004,2.1059122372778973,751270.9523363293,-1736497.6338503961
1005,2.10800554057148,756339.4204556555,-1749507.562071545
1006,2.110098599114947,761703.910054952,-1766767.7453444465
1007,2.1121927216235163,765300.7342851689,-1780420.9840985208
1008,2.1142879182187984,770579.1385473735,-1793522.7732310127
1009,2.1163820759811065,774743.5447748363,-1807689.9834983065
1010,2.118476597123504,780173.7847290338,-1827173.079621367
1011,2.120572077635568,784827.9593000697,-1840630.9721763649
1012,2.122666143506846,788687.0929020764,-1853146.3389109068
1013,2.12475947440395,794612.9741576372,-1871037.3903996162
1014,2.1268549228070284,799868.4704729115,-1886046.0044743754
1015,2.1289503858580807,805519.3386766599,-1904021.1750834228
1016,2.131043274916299,809211.858310265,-1916734.779449119
1017,2.1331378502136085,814670.1869046965,-1934920.5334275493
1018,2.135233020544507,819293.2861601653,-1948650.0424567442
1019,2.137327211773404,825427.0619451419,-1970162.7117288033
1020,2.1394213678417553,830157.5614593887,-1981857.540595161
1021,2.1415151935265153,835249.231331584,-2001588.3383721726
1022,2.143609686067666,840081.7059387264,-2017933.5285632415
1023,2.1457039096890913,844980.8488075209,-2031846.247389065
1024,2.1477977892281794,851709.1654780073,-2051915.0632509512
1025,2.149892773795189,857704.8094780752,-2068785.3355504472
1026,2.151988207011953,863261.7283872702,-2089440.619039545
1027,2.154083430042502,867422.9502409566,-2101465.9392488063
1028,2.1561769020273363,873834.3703047562,-2122812.1122352225
1029,2.158269727638565,879558.7512658162,-2143868.047379604
1030,2.1603643338266334,884079.3353854491,-2158345.3878078065
1031,2.1624594611960894,888620.687208578,-2175035.8076710533
1032,2.1645538445620423,894042.3375272378,-2191203.452172801
1033,2.166649266160557,900825.6807336148,-2213556.1337156985
1034,2.1687438965600263,906669.0435903497,-2234048.669478935
1035,2.1708363804402464,913006.5811052077,-2253135.442100334
1036,2.17292939543057,919823.7818661792,-2277068.9187611477
1037,2.1750246621139153,924938.4157750524,-2291056.812897257
1038,2.1771189095943266,930035.8183079328,-2310164.738769729
1039,2.179212962470575,936641.3236014846,-2331965.466958308
1040,2.1813066434396426,941536.6357379641,-2347824.8423868446
1041,2.183402629792164,947515.5206969973,-2376613.6768174223
1042,2.185498119455816,955018.5479244632,-2392059.713683161
1043,2.1875916200185137,960358.085943994,-2413415.254852951
1044,2.189686441120868,966487.463639715,-2432528.113677292
1045,2.191781413276182,972542.9976769078,-2455660.5518655325
1046,2.193875147711239,980366.4966615323,-2482259.637569764
1047,2.1959686613130316,984223.9572921267,-2496382.7534725196
1048,2.198063923558019,991543.3926138899,-2525503.796353513
1049,2.2001595001532226,998599.8218731082,-2545480.064937079
1050,2.202253779153767,1006432.0810676239,-2568622.9790714537
1051,2.2043460760907565,1012078.7166940825,-2595389.7187670995
1052,2.206440891990371,1017584.3629016441,-2612140.936119369
1053,2.2085356491852317,1023010.3326473348,-2636979.3848343515
1054,2.2106277016542335,1031387.3148248396,-2660879.9520272464
1055,2.212721958545959,1037017.2959321897,-2686356.6765405172
1056,2.2148185083900422,1043879.6819120351,-2711253.5230970434
1057,2.216913061952383,1052297.5761370363,-2738510.3679378345
1058,2.219006160150891,1056674.9729870681,-2760917.691785901
1059,2.2211007684745443,1063668.8108117052,-2780982.595830418
1060,2.2231966067711273,1071278.863971811,-2814189.5603669146
1061,2.2252915180225106,1078340.868078281,-2835283.2794077084
1062,2.2273849286831946,1085208.1877483279,-2865724.3094052994
1063,2.2294794057777056,1092926.109743727,-2896859.5870779105
1064,2.231574082226972,1099600.669385386,-2913073.1913286173
1065,2.2336675726385264,1107449.265096836,-2952996.5269853147
1066,2.2357616690730993,1113806.8718688888,-2971495.1675656866
1067,2.237857388038379,1120857.5422144933,-3003805.4509665333
1068,2.2399520699736297,1126948.2790431594,-3024046.874329405
1069,2.2420449617357057,1134457.5489001127,-3052956.7478035074
1070,2.2441391380853632,1142618.8519845628,-3092754.49454138
1071,2.2462342793770116,1151194.8426306683,-3118084.4490977013
1072,2.248330004000319,1156157.034771538,-3147187.5951438504
1073,2.2504234986669656,1163019.0005959035,-3171789.0260147927
1074,2.2525166459790467,1172076.1637789742,-3213261.2329452885
1075,2.254612702557845,1179081.55194455,-3241126.4602848394
1076,2.2567074239010356,1187841.9498495986,-3270697.7164287274
1077,2.25879926569608,1196052.499696175,-3312592.7581014484
1078,2.2608934332232278,1200772.7560733962,-3334637.91008628
1079,2.2629890832862967,1210106.885667292,-3378076.1608969313
1080,2.2650815906481947,1216398.6569883183,-3403130.4512927188
1081,2.26717631551426,1227974.2352947933,-3453639.9404568113
1082,2.2692717091510235,1232770.0309949485,-3481851.4588726177
1083,2.2713660430599174,1240361.7832149444,-3519909.836530503
1084,2.273460830916725,1248001.2820729532,-3555383.0488860956
1085,2.2755552510450507,1255220.8101675862,-3590644.1472596223
1086,2.2776502981151867,1263689.6637015706,-3625624.2721544495
1087,2.2797428242388995,1275177.1952298451,-3669110.017077689
1088,2.281836092329788,1281042.2869813496,-3699056.9919715524
1089,2.283933556285596,1288362.9069927225,-3729783.6203218806
1090,2.286028868050817,1296145.2582035356,-3766201.237489101
1091,2.2881212248812486,1304893.3332936608,-3800264.3873829725
1092,2.290215014848569,1312946.2525581853,-3838970.9706488093
1093,2.292310229911211,1322601.943039499,-3879812.0228461926
1094,2.2944051456334345,1330312.6168109693,-3910971.2358625457
1095,2.2964983471898495,1341588.9390280049,-3954313.0015568254
1096,2.2985921024349003,1349614.950028468,-3988438.877667309
1097,2.3006888643809247,1357216.6978223687,-4022328.9006521623
1098,2.302783634096356,1367344.2940666538,-4060360.499339479
1099,2.3048756698218886,1376601.877020993,-4098171.6968361204
1100,2.3069695720010412,1382477.9481166322,-4130399.9097412913
1101,2.3090651112173397,1393101.3823174678,-4165721.375537212
1102,2.311158495429861,1404368.5326802353,-4207037.870578241
1103,2.3132509513768182,1413086.9150705556,-4246002.809073807
1104,2.31534766594442,1423088.4998848308,-4282857.308655035
1105,2.3174438092641236,1433447.9150356946,-4327395.79518544
1106,2.3195366518474128,1442799.8277789168,-4367814.700735045
1107,2.321631141204296,1452957.88120905,-4408584.634654556
1108,2.323727832694395,1463710.5638336742,-4446894.358459618
1109,2.3258211826493147,1470331.1650756304,-4471200.40704033
1110,2.3279133966950116,1483156.6471976426,-4523784.536340613
1111,2.330008120458155,1493866.5432833603,-4564333.94068494
1112,2.332103956675321,1503172.1652980086,-4606156.412872805
1113,2.334197579452735,1514332.5832019516,-4646130.918206036
1114,2.336290017181209,1523189.6618793276,-4680975.642871714
1115,2.338385505091734,1530705.819347644,-4712590.565087465
1116,2.340480189114194,1542097.8497763507,-4764434.996516203
1117,2.342573391055059,1553717.31290644,-4804893.086731332
1118,2.344667848677038,1562254.8878204664,-4839587.7601649435
1119,2.3467629878884537,1576408.2779942679,-4893476.341826305
1120,2.348858220839854,1587498.3753647837,-4934617.292178297
1121,2.35095250082758,1597873.3357698568,-4973651.873845517
1122,2.3530449396760944,1607096.5701161262,-5011231.09631847
1123,2.355141499104623,1618231.9848921192,-5055169.5328563955
1124,2.3572378412451434,1627542.487097733,-5090238.643918728
1125,2.3593294861259198,1643862.5878398812,-5152421.387296459
1126,2.3614224992004984,1652906.1811841677,-5191723.582670611
1127,2.363517948981548,1663603.1791729783,-5231026.592149492
1128,2.3656139136423477,1670722.0298260867,-5262313.082035195
1129,2.367706660383537,1685689.4934919162,-5314729.742197299
1130,2.3698014470222093,1696251.3925952187,-5358885.604002786
1131,2.3718977582075165,1713848.9656331814,-5420516.255202958
1132,2.3739899214574836,1722379.805191342,-5451589.6222450305
1133,2.3760825194215927,1734192.7748263814,-5504432.810807143
1134,2.378179070039863,1743281.485691793,-5536933.691147265
1135,2.380273759058959,1756913.1373392984,-5588609.115362456
1136,2.382365673610318,1772702.3251984902,-5644825.58743383
1137,2.3844604460166168,1781617.4451245596,-5682217.163923433
1138,2.3865571190304595,1795996.6299823315,-5739176.070324169
1139,2.3886520978255446,1807352.1183633283,-5780754.265017307
1140,2.3907442891236066,1823895.7489229771,-5842431.7112036785
1141,2.3928386457990913,1829896.0044128785,-5871062.859262033
1142,2.394934562690242,1846960.9202303402,-5932850.687285836
1143,2.397029599690107,1862657.1124471282,-5986562.105592715
1144,2.3991222591305954,1875480.9308738676,-6037396.094421614
1145,2.401217024080888,1884429.5346397879,-6071985.841647395
1146,2.403314513026698,1903098.7433129053,-6142990.147894644
1147,2.4054081911284184,1920243.0914346112,-6208091.602894693
1148,2.4075011183217048,1926321.8924110066,-6237533.982015079
1149,2.4095960074264258,1942521.6975115046,-6293319.703909001
1150,2.4116926326559978,1952155.2236650428,-6330637.838022146
1151,2.41378425055939,1970053.2539736277,-6389970.781446767
1152,2.415877382497087,1983288.7365110924,-6450357.012590669
1153,2.4179783678062123,1999786.8268633469,-6508348.360982469
1154,2.4200733739460714,2013557.612704867,-6563555.408900636
1155,2.422162501290004,2031858.9850898504,-6628869.16663265
1156,2.424257158180454,2048620.0323686595,-6688221.028297903
1157,2.426355368807169,2053761.445240857,-6709512.295611323
1158,2.4284477900186845,2070801.1288840054,-6772892.837588159
1159,2.43053883847394,2087673.563195627,-6830818.578681303
1160,2.4326356353293934,2104025.3333789557,-6899842.461221505
1161,2.434732612021302,2111526.2991264993,-6933525.97454288
1162,2.4368252927922227,2131632.4235316697,-7003104.786034037
1163,2.43891890863681,2143538.5571106416,-7050626.787734841
1164,2.441014895314609,2163399.354456563,-7124644.933615302
1165,2.4431105244568765,2179839.052925782,-7185996.920877803
1166,2.4452031167440684,2198096.1913955905,-7245390.917706191
1167,2.4472938786799143,2211279.2449314077,-7301279.156025325
1168,2.4493915902413868,2229343.494513727,-7366750.167397941
1169,2.4514877943094935,2241983.6954856263,-7412872.518343619
1170,2.4535774837073663,2268776.6860586307,-7512232.133610674
1171,2.4556717453467782,2276073.464602717,-7550588.457580299
1172,2.457770725968573,2295694.2483042222,-7608244.830230524
1173,2.459865450868259,2312377.2363042966,-7673646.174443489
1174,2.461954843714291,2324972.234095567,-7730765.657325641
1175,2.464051305962942,2342884.1396370665,-7792531.0055236835
1176,2.4661493201186655,2363973.873274451,-7868272.785776586
1177,2.468239991051035,2381504.9125580983,-7937582.974954309
1178,2.4703335941159144,2402342.2749828906,-8007061.189176267
1179,2.472432426226094,2412411.0324343634,-8053377.773628059
1180,2.47452690434623,2438664.0468963822,-8144380.530590942
1181,2.476615373809059,2450466.022540986,-8185476.246991308
1182,2.478710457672189,2471272.6715973383,-8265415.250688749
1183,2.48080966574444,2485653.011479394,-8321718.100047181
1184,2.48290090100287,2511666.4782022717,-8411285.295122609
1185,2.4849923340191187,2524980.63161282,-8468010.550511105
1186,2.4870897130294636,2561094.012359453,-8586148.890840698
1187,2.4891862386660164,2572511.211736619,-8640195.595056878
1188,2.491278235985619,2587184.9821341047,-8687564.663316503
1189,2.4933690456944357,2603910.2035721038,-8751456.155411972
1190,2.495466543397291,2619154.948100322,-8817067.264325963
1191,2.497563830960505,2648576.253673343,-8914139.275667954
1192,2.499654519205421,2663215.786155394,-8972767.131052768
1193,2.5017479497353943,2683443.4733156334,-9050815.729515688
1194,2.5038480054516667,2711872.3613629923,-9148137.757797876
1195,2.505943433921919,2727784.592466191,-9204961.111645626
1196,2.5080284861327207,2742160.4805332483,-9261657.107870888
1197,2.510123955773609,2769522.92458946,-9362618.747395394
1198,2.5122261646694253,2795799.570207378,-9451960.440006975
1199,2.5143177674343575,2814293.3805503957,-9522562.063559683
1200,2.516405803072155,2836326.8474173844,-9603383.371038133
1201,2.5185026929964116,2849186.2664364814,-9644804.283948874
1202,2.5206041831245063,2877923.5514534675,-9757176.78643003
1203,2.5226964757648327,2889651.9801156474,-9801819.749224706
1204,2.5247869961159406,2930098.5949129215,-9946174.700744018
1205,2.5268843920051487,2939209.8793701017,-9987389.517192643
1206,2.528980483597168,2950271.4413854373,-10028228.963083765
1207,2.5310684597394695,2990356.2455915976,-10167728.243056012
1208,2.533161718042206,3010931.401020242,-10244593.499750977
1209,2.53526488574662,3034460.3874422456,-10326653.922929319
1210,2.5373603920777454,3066751.109499621,-10445064.945248995
1211,2.539445749963502,3081084.808472816,-10502794.92009387
1212,2.5415417180131348,3094608.1160867102,-10550532.305043854
1213,2.5436457679371425,3135007.156884185,-10695417.928697508
1214,2.545736808475733,3155390.4393811263,-10767376.368799703
1215,2.5478233832874237,3192048.9267146373,-10890662.513812909
1216,2.54992085584226,3206725.2189102704,-10955114.460278718
1217,2.5520207655356866,3226857.4043072667,-11022617.44988474
1218,2.5541098448110064,3264211.870617852,-11160598.972033333
1219,2.5562002600365847,3278769.5659099496,-11219304.587020347
1220,2.558305455724291,3317050.0582035086,-11352187.342784273
1221,2.5604026511470312,3327883.949872649,-11394865.547026962
1222,2.5624826414852553,3373486.040354876,-11554224.412573848
1223,2.564574391949512,3376422.2271656245,-11574972.641805714
1224,2.5666808497683498,3408187.8550752667,-11684013.655294195
1225,2.5687773451615423,3459282.3440632527,-11868722.96619556
1226,2.5708608935170316,3467267.2442362793,-11893121.036151564
1227,2.5729575952355885,3487599.1808056035,-11981420.281850057
1228,2.575060651513359,3522589.009785115,-12103826.6830921
1229,2.577148431575012,3564511.347276389,-12246591.39429911
1230,2.5792346077561192,3578130.056348107,-12296335.816331597
1231,2.5813352493894732,3609137.9877376924,-12415146.73916085
1232,2.5834369526956515,3651036.929130677,-12568927.906614367
1233,2.5855218346006232,3664682.023605865,-12617660.901700417
1234,2.587610713900489,3693869.20783149,-12720230.748246318
1235,2.5897186990593415,3717079.556557824,-12811232.714760423
1236,2.5918181690667126,3749014.9944826746,-12925565.59358085
1237,2.5938985009385314,3781370.4464468528,-13035562.847808212
1238,2.5959901966325076,3839906.1669983356,-13248523.794269616
1239,2.5980970827886534,3832031.704092279,-13225317.655071175
1240,2.6001911974764487,3871625.1318775634,-13364339.930037877
1241,2.6022734575046016,3911964.3078121874,-13498961.95502316
1242,2.604374761438423,3934976.2269422016,-13584800.01089959
1243,2.606480077670044,3954845.0339047085,-13662611.439038718
1244,2.6085618800169397,4008764.269679115,-13850204.508091414
1245,2.610646200048581,4044045.1509701204,-13987138.306719419
1246,2.6127580952497533,4061652.5486074863,-14048465.135657413
1247,2.6148609257992828,4077572.936148942,-14106209.759767063
1248,2.616933454172155,4133608.9018006003,-14307867.353517823
1249,2.619020659870304,4167000.43117283,-14425768.003715714
1250,2.6211346279669097,4171089.476878515,-14441503.105003558
1251,2.623236503452788,4244180.604413265,-14699581.55576371
1252,2.6253090562225565,4266775.609631588,-14780891.688360505
1253,2.6274000701334055,4316332.895729592,-14961099.606858382
1254,2.629513118467727,4357963.384054544,-15107772.79511148
1255,2.631604301330356,4378239.7012581155,-15185244.597087394
1256,2.633685254021577,4411552.663753201,-15308234.534273526
1257,2.6357889797673804,4441315.016839719,-15406150.290378606
1258,2.637895874321367,4432444.862250919,-15380558.841568364
1259,2.6399747081141895,4511788.911722869,-15658104.760628123
1260,2.6420591747927733,4556798.836695839,-15829805.564898709
1261,2.6441764666284318,4613619.202297722,-16022141.313548444
1262,2.6462775406423154,4622842.427118249,-16059308.132581329
1263,2.6483402943393326,4683167.684488973,-16274510.968465144
1264,2.650428729148096,4701328.095786894,-16344068.379771806
1265,2.652562718674548,4815200.691950137,-16744823.28504148
1266,2.654664088292312,4777485.998294906,-16609724.626501594
1267,2.656712651557163,4821154.485124094,-16763442.528601434
1268,2.6588106765908748,4875662.70056408,-16961410.683396813
1269,2.6609452450324915,4914311.5293803625,-17093700.00642219
1270,2.663032290426174,4926005.793145637,-17142095.338485543
1271,2.6650914877184944,4935275.805169223,-17178665.05824244
1272,2.6671986225603375,5058701.6441470925,-17614805.416076247
1273,2.6693218160411916,5110768.660995462,-17802927.128034946
1274,2.6714003686163363,5110018.713956693,-17797000.306813158
1275,2.673473653710363,5154934.39827602,-17953100.425497383
1276,2.675588689124729,5202199.852486521,-18123060.98049703
1277,2.6776964003773744,5253790.2070157705,-18307443.48789384
1278,2.6797534796790945,5290059.985710375,-18441229.92206994
1279,2.681845016836506,5342322.866286437,-18626319.825931743
1280,2.6839785543392702,5389380.9963488355,-18790200.939485077
1281,2.6860638705482365,5424683.896249822,-18923874.26216026
1282,2.688115580192901,5420076.399182079,-18907899.496726234
1283,2.6902421071216107,5548836.973028473,-19360522.032529384
1284,2.6923784453538007,5585261.757514416,-19488757.565380163
1285,2.6944235266222867,5646466.429407833,-19689795.69203086
1286,2.6964818302236213,5641509.462556464,-19693919.633362822
1287,2.698646249049189,5716063.770307317,-19950269.50274489
1288,2.7007725953070936,5753095.931645557,-20081100.5312322
1289,2.7027692368507834,5767569.950183385,-20132601.103220753
1290,2.7048443440936585,5843433.723696706,-20402000.218181238
1291,2.7070515904059915,5951420.798572875,-20781026.866358045
1292,2.7091632832728005,5956482.438029551,-20804790.50747651
1293,2.7110832098570423,6062195.893544714,-21180060.830673747
1294,2.713194248534394,5992117.417285072,-20939643.266014207
1295,2.7154564422347596,6152371.891545614,-21498247.925111186
1296,2.7175455830902693,6109988.48755514,-21348916.24466857
1297,2.7194409477796717,6247123.266045597,-21827053.35989525
1298,2.72159410281056,6326001.14507908,-22115038.996629145
1299,2.723868494276683,6283299.687878978,-21968360.13672068
1300,2.725905473691433,6523088.06160957,-22809437.19898333
1301,2.7277938720843573,6492725.672518312,-22697363.418150213
1302,2.730005424734083,6385710.499839192,-22328543.043761622
1303,2.7322910595910366,6511494.464606184,-22770832.193815347
1304,2.7342323934891035,6582326.509443365,-23023686.265586153
1305,2.7361123669415965,6639415.063928664,-23210603.022885073
1306,2.73841292247591,6645032.564429874,-23231601.09573944
1307,2.7407262152838343,6504311.6017689025,-22744791.0979338
1308,2.7424923562337074,6646916.101116375,-23235997.682858344
1309,2.7444202272828333,6863856.040921107,-24001416.86519121
1310,2.7468188489948773,7055744.693662144,-24677791.085400272
1311,2.7491571251284848,6955629.629121414,-24339422.910969246
1312,2.7509012180135843,7092739.641587196,-24808151.710161112
1313,2.7528220566885997,7119700.365218454,-24908516.853924997
1314,2.7552245852341666,7350976.5418922445,-25723344.07291379
1315,2.7575799064734774,7269820.078012965,-25440341.17701395
1316,2.7593246433872425,7497957.890118465,-26235881.99069943
1317,2.761234187120032,7092508.578070094,-24825874.507732857
1318,2.7636390504715083,8017857.95747957,-28052844.89099587
1319,2.765948826576436,7433161.671027974,-26023079.747226365
1320,2.7676191435751902,8160334.476334215,-28555685.009613648
1321,2.769651838220211,7307708.706464876,-25572414.455638986
1322,2.772055945845228,7660294.220597299,-26806919.42528882
1323,2.7739175955497957,7678612.402017956,-26878800.637488343
1324,2.775657495525559,7435754.249127389,-26027338.46779326
1325,2.7780509401576134,8092299.2417563945,-28316239.964416645
1326,2.7804282678176238,7534182.910468855,-26364528.987382527
1327,2.7823699672164355,4576664.95444675,-16013316.55093694
1328,2.7838806433920418,10431420.215037405,-36523155.43598251
1329,2.7859958234637583,7079208.770161741,-24777230.695566095
