,k,Pk0,Pk2
0,0.0029665470748989845,27548.646937286965,-1931.529503024947
1,0.005026374055021859,54380.937059954485,9329.515547260955
2,0.007149300621522788,64993.93151372936,922.7624146905032
3,0.009278869254964255,76411.06069738936,-20345.50715280297
4,0.011450332619344701,78052.02880521312,-16607.212217781107
5,0.013492955871419151,85098.5703598358,-7056.169625590157
6,0.01558905561191893,84193.52049522048,-26868.064093470883
7,0.017694083672553172,88593.31316116145,32334.594826827084
8,0.019817874803135297,95916.6877898838,-24225.374223525112
9,0.02192074938196264,102244.93442467197,-12688.355141655886
10,0.02398877635566245,95789.10933171361,-5313.433292626559
11,0.026092869718961156,94865.25491380178,-10011.755417783848
12,0.028234663152781798,97646.2628841986,8624.732831001507
13,0.03032284873509123,93780.42489716569,-4126.569410887358
14,0.03240263258943404,93879.83288036588,-16140.1581780228
15,0.03449210129864554,93026.10378299202,3959.580568600864
16,0.03658588147515197,91876.53512636697,14439.752357509145
17,0.038684769492669774,88346.21083706869,-5158.868404190826
18,0.040788988884582836,88610.55654389346,-10922.141608393433
19,0.04289390876967646,86225.04171508145,-6325.5482686357855
20,0.04498336005546935,85441.27972086958,3429.699921005553
21,0.047064985294738244,83004.56520311107,-5640.211035657762
22,0.04917111919158227,79123.68295107734,6610.233710762382
23,0.051262169141742274,79379.07982552868,-7632.844140036203
24,0.05335525146837034,78629.70385261085,-4485.001617395591
25,0.05546637228956934,76923.63072351301,2124.562801793298
26,0.057573188192548086,75467.26807298805,-5858.949245452977
27,0.05965884044590281,74753.91354834956,1757.521478708611
28,0.061745123021595065,74958.42969285994,-198.62763060971903
29,0.0638268929113719,74520.02655360605,-4328.271343711345
30,0.06592966228838451,71127.38357805241,-5856.866041344663
31,0.06803125784825748,72907.20145256631,5954.9103914186235
32,0.07013131008699486,71501.00694435262,3210.625192407526
33,0.07223032366074338,70557.27155653926,5280.6819372886885
34,0.07432334270720506,70586.33874067287,607.4930185208781
35,0.07642066756954473,68725.29960037803,-775.2714173883317
36,0.07850471694556041,69230.69927675974,4933.031389153777
37,0.08059701946059529,67449.41755326453,2582.8213487452012
38,0.08269521798132064,67496.89824579933,-350.0060762945059
39,0.08478307522909848,65965.83814443207,3741.1624100877434
40,0.08687780839616016,65573.72022490785,2753.5298435629193
41,0.08897524569656534,64794.81391424826,-1531.4882028708782
42,0.09108077810470518,63221.172453657906,916.7896423051659
43,0.09318432266948053,62275.11426576227,-2949.40473544951
44,0.0952788764104831,63337.58085361025,988.70809819244
45,0.09736254237981037,61444.633341132685,2478.0121298035183
46,0.09944832814799408,60695.180140080214,2314.7752346427983
47,0.1015460879802399,58889.6089510562,-1387.5983386063058
48,0.10364263756677322,57599.453750187575,-176.27109428457376
49,0.10573893905394659,57232.535835338604,1907.059394218023
50,0.10783958559814742,56568.84496750955,669.9766312056403
51,0.10993894058501318,57039.92989097491,2630.3429490299013
52,0.11203921431523854,55802.09739575066,-2278.933731714888
53,0.11412334585697578,55321.62758492107,1902.6333770142614
54,0.1162159397555423,54375.34635412314,917.2821835408736
55,0.11831372048037725,54391.559446663814,1059.6504417264377
56,0.12039723118070132,53631.963628706646,-236.0780591656801
57,0.12249223631878574,53115.45240630255,399.5765255150506
58,0.12458825984258635,53740.10200131672,860.7659942083682
59,0.12668846771583772,52316.699924977125,-1062.0389576415685
60,0.1287846620419941,51975.34649907601,-284.391525841905
61,0.13087133937881498,52201.87894693624,2230.2593000916436
62,0.13297548334406448,51704.82744733701,633.1022591825439
63,0.13506910815256093,51672.68420677366,1522.7239727495246
64,0.13716388258568254,51228.39320992271,-1816.1906014398521
65,0.13926047573721634,51123.61446742436,675.1795845097847
66,0.14134668829083769,50969.875509559635,983.2049127346929
67,0.1434475230090064,50961.81017500862,1460.6730386991046
68,0.14554528534185418,49865.461357388405,-73.89312306408452
69,0.14763320610735878,50120.13305155991,-1151.0081988206452
70,0.14972114728432864,49938.06922339721,277.32757731863546
71,0.15181380487515775,49422.808641427764,268.0583491170196
72,0.15392114901003526,48897.00211703763,640.2437000693062
73,0.15602147473412367,49126.93516885153,-272.69356348218616
74,0.15811617475881218,48521.93802358896,-959.2873544170843
75,0.16021187122717997,48228.795156392574,221.22224198290473
76,0.1623006419462899,47938.260997414334,-491.01185798938445
77,0.1643899033199985,47352.339103223516,-542.7711765753187
78,0.16648355823815117,47188.16896792828,-116.74176490346869
79,0.16857196837784735,47204.90313589821,-904.9120674197803
80,0.17066413320893647,46748.74819651219,-695.237081860585
81,0.17277086992561352,46358.44304498895,707.3960858105581
82,0.17486965460096995,45796.9051806133,-325.0176215989166
83,0.17695857694944453,46001.06106337923,-81.7318337268984
84,0.17905245093155753,45801.476950383956,168.5632133093039
85,0.18115265212612636,45549.49985200653,791.5134930124071
86,0.1832476884130739,45076.319667235424,632.4000931875718
87,0.1853312475833926,45132.4761237512,1323.1259578933318
88,0.1874284892203219,44774.878699726076,1143.86434172794
89,0.1895337179075755,44626.233795922395,270.22948538718015
90,0.1916268196474026,44384.37034426808,-571.5484306241807
91,0.1937183403446853,44087.10690228034,1222.7448039060607
92,0.1958131498886989,44273.13009731726,-11.836927464973853
93,0.19790587400989662,43941.888046698936,505.390298580499
94,0.19999906515978938,43963.07033732786,906.796479129544
95,0.2020893038374759,43993.22657695261,37.176933582026116
96,0.2041823192148178,43352.077092919695,59.67002933476346
97,0.2062825911013838,43845.695243743605,961.5733040117218
98,0.20837701891459662,43400.93089782603,1125.811344861043
99,0.21046758167944032,43339.536408098116,-206.30530124611496
100,0.21256678542440183,43204.54784976424,350.64559411186195
101,0.2146619261104852,42885.734627800135,376.8756413313975
102,0.21675618057220372,43005.439815957834,1006.8070558364266
103,0.2188528705899679,42871.50747392816,189.49198948740374
104,0.22094564274530842,42841.25319435508,1018.9359647107212
105,0.2230395148320731,42383.09650980233,1566.2485354892128
106,0.22513567328585352,42486.88806196318,369.79969591227297
107,0.22722785048644015,42389.49674863035,591.0806338291131
108,0.22931975112872324,42489.26392847615,585.5420674753315
109,0.23141147723465103,42149.44460960291,968.1424840403799
110,0.23350584674782457,42112.67646150094,370.26975253984546
111,0.23560416522029054,41975.21619183852,-47.34157450389695
112,0.2377006336558307,41474.6960597804,-26.256939038310698
113,0.23979727503904752,41716.57178960324,44.46951320756881
114,0.2418944602532704,41405.86395526935,849.8521439477397
115,0.2439884227569783,41468.78270816093,546.5217001808114
116,0.24608359968283072,41475.745135881276,377.4787686434962
117,0.24817552807053123,41100.20987326808,-180.05548688065286
118,0.25026237006475704,41315.0105420741,743.1303830020532
119,0.25235861551053484,41234.44724207136,302.2894526208543
120,0.25445470778669854,41092.79504172675,197.86497135828048
121,0.2565487653287422,41188.6079263995,648.9189047933501
122,0.2586464955058471,40715.53099932417,126.90329957865502
123,0.2607443047329862,40770.043352265355,930.7285399172445
124,0.26284383121734134,40770.462187422854,1034.6070390117616
125,0.264929885565984,40443.755207398106,665.779700011989
126,0.2670163698864118,40779.89414044315,-623.0946124461263
127,0.269112135390912,40635.883613474034,618.4926832777327
128,0.27120764961246213,40579.457610116246,-3.565961654209037
129,0.27330509996536784,40522.452457045285,70.73778620748318
130,0.27539842121309294,40388.21084628566,589.199401348453
131,0.27749656900268016,40364.3795164883,757.850061535028
132,0.27959864364035925,40220.18674367413,1195.4208188830887
133,0.2816878213234348,40365.67997641403,230.4582150958755
134,0.28377609558542155,40065.16751368991,1236.4345424369167
135,0.2858732754634003,40241.3568229108,970.6504428930524
136,0.28796861590208045,40203.012585474855,870.849206739694
137,0.2900612915162532,40134.66810891236,44.26993539366038
138,0.2921547032025089,40013.40714091565,1403.4157303654142
139,0.2942501291133245,40035.46075379087,841.4655101530584
140,0.2963444256131289,39908.06567537713,87.72395629715204
141,0.2984361415704375,39901.79878745656,277.10127722471316
142,0.3005318840555698,39832.24252246861,610.11101867932
143,0.30262777760316095,39529.578176486386,672.3537563040695
144,0.3047248035439954,39637.880783971814,500.2564352736215
145,0.3068210272572538,39554.069366262236,1279.2285252301328
146,0.3089144805088237,39856.19671657389,683.5991209883289
147,0.31101080657849756,39426.360346415415,431.16433981626994
148,0.31310885951912926,39645.21018605063,423.90968312071146
149,0.3151991603466065,39707.616747921486,570.7451320735329
150,0.317288667284839,39398.99886293772,512.0629073673283
151,0.31938044185106124,39539.5199272809,189.94256906385414
152,0.3214783648369702,39357.450340337586,891.2988866208806
153,0.3235785211189416,39407.90195658455,478.8380155162213
154,0.32566935894833426,39299.034636329605,891.3477326749604
155,0.32776077751211374,39385.02764738214,516.3762687373691
156,0.3298523230655558,39288.21837987997,489.38823286180025
157,0.3319485433973702,39267.659994970214,596.9516536513994
158,0.33404540358127904,39112.44198997766,585.892076953347
159,0.33613494177837844,39355.032229096214,448.7971526731759
160,0.3382313832787478,39235.021417739445,817.5776858329644
161,0.3403308518124324,39115.32841242498,632.7318457326621
162,0.3424246601457981,39224.44017717563,750.0108809552116
163,0.3445197272986724,39158.28943420725,36.70901251999936
164,0.3466158524641983,39280.83443146597,-235.18242039867218
165,0.3487089916477683,39178.12542917133,728.7212478751097
166,0.35080114560367615,39034.91143150125,468.2708932471682
167,0.35289356821720286,38946.36438829575,465.1187967127158
168,0.3549881110219297,39286.1645319121,221.18359646905904
169,0.35708559248027844,39062.874431424,828.5949454376067
170,0.3591813496003593,39091.347659335166,455.88919950029947
171,0.3612749400626811,39000.10971151232,698.6925864045127
172,0.3633693413142722,39104.42869874261,865.0331360655498
173,0.3654632219855477,39030.377607399256,718.225915331054
174,0.3675603773529471,39011.05601922876,624.2383426438776
175,0.36965434919829326,38960.82924471642,98.54931903222173
176,0.3717418094879197,39010.01598310981,506.24072004336887
177,0.37383404253825586,39106.72533719367,647.7591478304427
178,0.3759308579415973,38829.78607952486,906.8795863302581
179,0.37802985088946095,39060.887688954725,557.8598033878914
180,0.3801213498834686,39093.85372088012,499.84010947951936
181,0.38221306010699313,38907.197405936124,912.8926942170526
182,0.3843141376638833,39044.63697018909,524.3055400761577
183,0.3864096355836929,38990.13583183201,488.7241322232594
184,0.388502907295756,38905.13235681511,459.77126692545875
185,0.39059769208540335,38897.71125945967,822.4574174269279
186,0.3926958121232196,38908.17535400369,656.1314550945443
187,0.39478921808384226,38995.542846630044,835.3114836644088
188,0.39687821409975554,39105.92476912037,599.6572558012533
189,0.39897073627813356,39016.70037063439,207.98820488376512
190,0.401067192451382,38906.733414250215,272.745657277844
191,0.40316228148056854,39161.19591012289,538.1736802695003
192,0.4052546340249366,38937.654549655905,378.208117015091
193,0.4073499183903822,39118.465226664004,643.6786815685629
194,0.4094468722071623,38947.963959718254,367.63758714487966
195,0.41154432885897757,39066.35344240843,581.8651549276084
196,0.41363408239228544,38968.438251329135,606.7147404090449
197,0.41572494638156243,38929.37842410866,-112.78309828886137
198,0.41782181997781404,39082.28985915428,556.0899486550409
199,0.4199166506307261,39292.83996435557,266.133235534216
200,0.4220107143757513,39054.35140464022,364.77941075884434
201,0.42410542949066876,39066.506693291325,603.6067771935691
202,0.4262013850195404,39282.76850446481,704.218209374956
203,0.4282955296445312,39087.35268207813,684.1316496315957
204,0.430391806688861,39135.45699422988,871.9499808573828
205,0.432488575457924,39131.30320402561,658.3435374705289
206,0.4345806090039814,39187.6028156117,485.57863246626334
207,0.43667244097425384,39241.87577765139,443.47539955828734
208,0.4387671492209622,39217.006131809576,-36.371858693516295
209,0.4408622534544343,39022.00740868748,776.098532896025
210,0.44295516415095815,39137.87108991724,442.0735466070629
211,0.4450482683181851,39212.04911865265,658.363424327731
212,0.44714683875742495,39141.04218225898,944.7590961980814
213,0.44924362280569813,39270.98386755615,350.8089814795638
214,0.4513338633316258,39343.43707208855,602.7025306453131
215,0.45342753643259276,39251.19317796248,598.881498667819
216,0.45552189548586586,39244.44942036017,850.0439805109124
217,0.45761716616081083,39360.45069893199,552.2019863281963
218,0.4597117909764672,39400.53926890254,642.0164563307416
219,0.4618031890496857,39364.3555980857,259.52274846446267
220,0.4638995470730997,39462.3178894717,156.80923350943897
221,0.4659948171464902,39447.31441522757,571.7336431323425
222,0.46808929446972725,39559.070088610504,459.9999664413928
223,0.47018492649495636,39473.425162091415,170.46925387268985
224,0.4722792778491551,39394.00347352452,597.8419931738734
225,0.47437272572904565,39529.7821589949,356.9913494237035
226,0.47646593372141327,39583.74993018363,316.72578945983315
227,0.47856230727426236,39553.93967331233,561.9828795337708
228,0.48065904058976644,39472.21418470698,182.05387083382175
229,0.4827512226177774,39597.873480517505,467.2030484338339
230,0.4848441163240575,39698.94657608706,676.6104937817367
231,0.4869397730506266,39673.74768477392,415.5515636150136
232,0.48903678813400875,39705.781436965444,373.46109711579675
233,0.49113096964965397,39701.89141352617,672.6141941194855
234,0.49322332174786626,39796.005519646475,500.959442990971
235,0.4953187148676145,39804.40396889559,297.22558319285787
236,0.49741120358770496,39765.37434766211,640.5220404343203
237,0.49950082345999325,39744.793492505196,-34.15826638678223
238,0.5015952506837275,39937.37846858943,712.3405362193402
239,0.5036919972981919,39780.73518819724,504.85627514106113
240,0.5057872116617207,39757.007746032585,328.59775690942274
241,0.5078828569897101,39980.670292540744,555.7077648966844
242,0.5099793452386306,39986.31380046672,807.6156626138778
243,0.5120767256379639,40034.90396297454,284.15277162545715
244,0.5141702395931294,40093.175920206435,379.40636290004136
245,0.51626132102766,40135.341106906526,813.8232686310308
246,0.5183576899265504,40096.35837093856,574.6576226876771
247,0.5204524416424112,40155.61842325886,480.405903853175
248,0.5225430403510469,40220.750867873016,395.5538231906751
249,0.5246378991347941,40075.69402007893,450.74064461921563
250,0.5267345150769579,40276.708061636105,387.013209537634
251,0.5288284644781793,40280.16001420747,680.9273896493647
252,0.5309200047543352,40231.98699982324,606.5079359387831
253,0.5330154787982235,40223.17209555928,313.6423118779006
254,0.5351140455458262,40494.60827649572,538.1106837940781
255,0.5372066203065362,40410.1821381368,359.15656482309686
256,0.5392991990272246,40575.93476828274,637.8155254268704
257,0.5413944118270408,40445.616098745966,607.6759702853652
258,0.5434881995106379,40524.853666206625,665.8108853481776
259,0.5455829952492127,40590.57179336175,736.3657931474165
260,0.5476769745662954,40650.78082761205,349.6564491037467
261,0.5497697255495043,40633.907025848894,678.3034534456484
262,0.5518645446467839,40834.387399499145,614.8963275766756
263,0.5539598571350287,40737.798379748914,655.0182633583487
264,0.5560564538950566,40794.78961457895,333.30105194922356
265,0.5581500505101624,40783.54841212587,334.5622377242064
266,0.5602409063261653,40856.180971075664,530.2119554089654
267,0.5623379637803174,41101.71002459364,470.3228198107017
268,0.5644363283026402,40949.825582541445,103.46423349826519
269,0.5665273824761494,41002.51299024877,729.5097583552504
270,0.568621249018378,41155.44363082385,493.97402230033583
271,0.5707181447612965,41046.32790901939,746.4402584915347
272,0.5728127938597997,41242.79637924882,573.1302707627867
273,0.5749070881546879,41119.7815342653,723.1065536320483
274,0.5769991470923068,41196.86681183889,464.13946954239367
275,0.5790956911760897,41294.56833734469,607.6012493623392
276,0.5811893306261757,41303.190369089534,582.1916417598494
277,0.5832802267374103,41319.960171201354,543.5178974760862
278,0.5853761830306536,41545.21035800498,675.608054758271
279,0.5874711784415975,41532.106753499946,138.87095814267542
280,0.5895653958899879,41543.42445713862,558.8056214231212
281,0.591659786459685,41591.69139246085,355.08110085550277
282,0.5937551851921442,41662.33224289779,470.4016675296385
283,0.5958498092767481,41536.853394883474,666.4871039486402
284,0.5979447066705442,41743.864304450704,640.5210452752935
285,0.6000383505174957,41877.31821289321,584.4774756461132
286,0.6021313016181767,41875.75340203677,585.6732659178948
287,0.6042246965556944,41882.56136764592,448.2216845697692
288,0.6063189733697846,42071.91074459161,504.5496819347974
289,0.6084147213727373,42042.95436367314,355.94073333360006
290,0.6105090855473989,42107.4475434449,147.270788591095
291,0.6126037649785722,42255.75741855156,579.8979363772436
292,0.6147002391370655,42134.30717906295,610.7732866339442
293,0.616794938930829,42178.16351496779,477.83552047977696
294,0.6188886865784012,42275.8263546079,341.57602577674794
295,0.6209825762252046,42240.3033483562,566.4279400637984
296,0.6230764414889526,42430.04912610243,824.0213672465285
297,0.6251725389343245,42402.08394735615,551.1700627695797
298,0.627266923011265,42573.73571812448,110.65555665372943
299,0.6293596211388142,42607.1336283347,535.3486661342645
300,0.6314513250607457,42641.178462317504,302.8188601064579
301,0.6335475720513941,42716.515730109764,206.3162641954809
302,0.6356444982495617,42786.919090122465,594.0770019412911
303,0.6377358562255245,42949.43655973556,544.4806756237707
304,0.6398302949107263,42960.327011705136,796.3022716340419
305,0.6419256185614247,42848.21605887213,359.9555099915882
306,0.6440214843206593,42985.58275889683,487.25335404895463
307,0.6461142033434962,43046.135595259366,525.7683164275652
308,0.6482061138478032,43093.21198631306,572.5107127495804
309,0.6503020867345045,43303.23658646508,627.6449048301158
310,0.652398185537932,43245.020896145026,389.8069150501067
311,0.6544932048530038,43243.368465701016,565.3983442355881
312,0.6565867871776386,43403.972321066816,634.1614727301625
313,0.6586827890115348,43407.389359457775,495.4869577864794
314,0.6607793300725506,43432.849583747535,968.1252672922291
315,0.6628724964198541,43678.741715917415,798.9963913832739
316,0.6649654402217313,43648.97452671107,682.9445451432363
317,0.667059865407609,43771.82551867822,423.7410113277035
318,0.6691532523078332,43720.43378708348,641.0340585827595
319,0.6712457992597233,43813.02068928896,541.0013502105063
320,0.6733390782258323,43993.68479324526,179.4012435493916
321,0.6754367503383576,43931.24296375485,915.5317384649936
322,0.6775335143160066,43961.74869643764,656.606088381263
323,0.679624621064033,44159.69463947462,503.21090037454957
324,0.6817180292738917,44276.99480109783,398.5804686025301
325,0.6838149015047629,44163.80458488782,341.3467607155285
326,0.6859101434268815,44261.199684245476,606.8916310302052
327,0.6880046468184081,44395.209573674874,313.4491823164016
328,0.6900999637264865,44522.46806028189,477.17727320347433
329,0.6921965733216279,44482.68576262243,460.7864893714014
330,0.6942884945981568,44585.48568334883,452.949763069938
331,0.6963781649531228,44647.08059602882,361.8908131793036
332,0.6984747371200234,44795.53404343364,589.1479846557095
333,0.7005690388882679,44764.60621158441,566.9198582314102
334,0.7026621579778546,44896.88557095711,882.8592569971428
335,0.704757268847954,44881.61427618251,315.3420538033734
336,0.7068509057629639,44980.93481815303,432.1135526592134
337,0.708945644402387,45105.47933831023,230.6642336551627
338,0.7110406815970572,45233.830538938084,744.0244333610683
339,0.7131372373036142,45326.38430584568,336.09675018370797
340,0.7152323589250973,45445.05383347564,390.2810404372565
341,0.7173245162021571,45360.715118049935,861.7940174684563
342,0.7194199711852413,45448.76131273115,521.6921671341973
343,0.7215151322330351,45481.45275989302,722.9110653442492
344,0.7236102334592447,45676.241721154394,495.75207335264736
345,0.7257047129497166,45708.33629028498,668.6987532253694
346,0.7277958825256088,45775.58693685859,415.16320566711727
347,0.7298900912292255,45896.220535657136,624.9960814705979
348,0.7319867159780691,45979.2888717271,503.09773255299524
349,0.7340808521059053,45968.072297739374,507.4097701047253
350,0.7361738853270124,46256.1642881485,706.4807342036323
351,0.7382682123604443,46182.66890840376,769.7480019556804
352,0.7403641944498084,46336.9050252266,707.0754168586564
353,0.7424576311971561,46362.07791927963,313.07976792680284
354,0.7445523870480827,46397.75062508028,630.1765043494354
355,0.7466478284648128,46618.288638470716,385.59382591093623
356,0.7487413917548734,46676.4714539467,356.34719011051425
357,0.7508354594737505,46717.866281518494,489.3207585824481
358,0.7529278056847568,46836.93608779926,536.2608289363735
359,0.7550230257904859,46927.26115757544,312.16766181942336
360,0.7571167923480437,47055.5799167838,511.9083938953351
361,0.7592113317151179,47069.973264224456,246.12975089193523
362,0.7613074731933067,47151.59039261085,194.94728616865808
363,0.7634009581307508,47218.24945654545,811.6978981363382
364,0.7654969266569684,47321.72455606423,670.3092833046117
365,0.7675905899780763,47443.59837950297,554.0955681407834
366,0.7696837880547684,47489.2323532521,737.8620872944647
367,0.7717795008463626,47491.57166086922,225.86162915580175
368,0.7738757788346248,47705.35692332981,451.3151365886693
369,0.7759706260990727,47777.969995946056,521.9505310555018
370,0.7780620795267656,47921.17075839611,409.84151121998286
371,0.7801559906208961,47948.5100792967,381.6922198282343
372,0.7822523136569128,48126.74884967079,699.3240475034827
373,0.7843481481853999,48160.80521402228,417.806168910211
374,0.7864425511046899,48276.27207530008,519.1025787143728
375,0.7885343495966205,48279.91761382261,708.1177244216223
376,0.7906286372458883,48402.7525726646,858.7191558347671
377,0.7927244345313397,48466.79302859461,667.966922450372
378,0.794818005513127,48654.832918777705,564.3449831453225
379,0.7969121491149282,48744.89883471462,480.3882507584533
380,0.7990047112993173,48886.88939662532,223.47958180843077
381,0.8010984966914405,48925.13541385551,650.5509178812988
382,0.8031950165575023,48916.43074961969,891.9297616799946
383,0.8052905677217739,49128.69849450142,255.50329293733952
384,0.8073868841230295,49137.03430675101,450.8194221734797
385,0.8094800557409162,49258.56528218285,666.5602838538911
386,0.8115724907946299,49410.92166709288,319.9171698916029
387,0.8136674854006812,49563.48261683639,658.9613162687341
388,0.8157633267681768,49628.0814574028,555.0564579918218
389,0.8178572815764139,49710.59324793835,653.147048121602
390,0.8199509017046862,49858.71471727596,260.7655325443754
391,0.8220464110750062,49895.694123385874,445.0356022135933
392,0.8241406544737637,49920.916332650944,480.95589101248896
393,0.8262328397247414,50133.30855137535,146.3962596687717
394,0.8283269471334518,50285.03767520165,505.27978997476674
395,0.8304231064697798,50376.56821689619,640.5481020535817
396,0.8325161683796762,50369.003335476234,610.2401797051712
397,0.8346105557242035,50568.53079989418,388.2938520394989
398,0.8367059794413102,50714.93908105231,778.0993271506808
399,0.8388002445604258,50865.37431429961,482.8673746813371
400,0.8408960756111226,50860.51096223974,539.0326733412224
401,0.8429905652842218,50965.161323180786,861.4028803409522
402,0.84508401313589,51080.06098164291,301.1131845857647
403,0.8471791713809247,51205.72420560315,632.1765055696881
404,0.8492743362825239,51289.228953205195,537.2157125472165
405,0.8513668888602299,51393.465700554545,781.5887131661005
406,0.8534589296280589,51428.59298699758,620.409126859532
407,0.8555558405338324,51605.8884266233,945.1565596295197
408,0.8576516874123633,51808.02529285883,205.5557404953826
409,0.859744590599333,51841.79829092143,645.9761791656462
410,0.8618400547669827,51959.49050521567,654.5729313766153
411,0.8639350434441438,52103.23816536569,600.5700732340722
412,0.8660280248974203,52241.95601910771,726.4997648355056
413,0.8681201347325478,52334.06998619188,794.6852912826179
414,0.8702157283801463,52534.09599958933,636.1212348548019
415,0.872310621353091,52600.744472506296,438.55772085690126
416,0.8744020359703552,52693.367098774404,665.4224358821499
417,0.8764972088477568,52726.88593976174,122.23100645401693
418,0.878592835994214,52989.07308062954,796.3241517580366
419,0.8806870131084201,53117.24573134744,634.9959542138679
420,0.8827812802431019,53026.23114209116,902.2182119720377
421,0.884877279658285,53268.39416711019,409.55988578078416
422,0.8869730004154345,53283.286619160215,722.6703710643346
423,0.8890661750433553,53494.18266842779,860.6343618006796
424,0.891161435679344,53568.807461213786,629.9563329635779
425,0.8932577960179496,53836.82376805178,503.86096931882065
426,0.8953527392107627,53839.13002280681,568.3099985728542
427,0.8974462460666859,54019.65641872941,793.262761116647
428,0.899539340962409,54160.25787227219,502.14000417285644
429,0.9016318169027592,54333.27244471974,544.3300982020035
430,0.9037252249745606,54323.97708367138,740.7436314934504
431,0.9058199443223193,54458.16930725832,683.2369409063735
432,0.907915243986348,54657.34457287384,551.8388406860365
433,0.9100128049501981,54752.70265715157,885.3621466995226
434,0.9121059966002629,54894.16443496295,574.3380382838982
435,0.9141972861830797,55021.061684600194,677.515659301599
436,0.9162932496702593,55147.509454226274,773.9623321785839
437,0.9183878012752863,55281.347813043954,510.26593517785375
438,0.9204823185419505,55393.61772472349,903.6563089899562
439,0.9225773629784582,55641.15759126261,763.7792895576468
440,0.9246718174739146,55772.589643206375,637.5322878845268
441,0.926766211900197,55757.40433324953,556.2038416241736
442,0.9288591582540804,55973.61001125667,936.994432207529
443,0.9309526610700547,56133.67270780344,473.89146249419196
444,0.9330479303067369,56346.368567722544,763.7799143649968
445,0.9351433527997749,56479.7078775799,857.0163113051368
446,0.9372383527365933,56548.0403607063,791.8422018383051
447,0.939329757499591,56699.80676161575,937.9071180586526
448,0.9414230571985791,56823.89869445113,705.8948343202218
449,0.9435210054806012,56939.59795702449,845.9023887035764
450,0.9456162503172072,56994.16324973298,929.7673790036782
451,0.9477100092887099,57206.34166844944,314.12074787537153
452,0.9498046323041349,57361.279326744145,920.5825529499324
453,0.9518991548408083,57427.010136716075,668.9118714937525
454,0.9539929332702277,57690.956871276554,750.8577780491005
455,0.9560874898052096,57785.59605468353,534.0077103788992
456,0.9581824530689178,57962.41283294669,844.9785952000985
457,0.9602770371571748,58128.0767051098,999.2433374775278
458,0.9623710723241273,58172.81021561871,730.2314578798524
459,0.9644648349083941,58393.71608354506,752.8472389483476
460,0.966557887379011,58585.98276857817,566.1775607273972
461,0.9686513195291268,58726.7793818232,977.5495359878134
462,0.9707470393683869,58821.56414836523,640.3042280448528
463,0.9728419987888902,58986.59948652217,872.4559867652561
464,0.9749363451418961,59268.020119528344,973.2622737310065
465,0.9770319720978949,59175.43788723277,740.921328818233
466,0.9791260608689247,59534.92792204655,681.0041922892681
467,0.981219993418123,59644.89823715521,841.27658455037
468,0.9833154848012966,59823.93869831484,934.0860643174649
469,0.985409217900734,59960.079591499074,694.9053674571828
470,0.9875034929558208,60016.18456637893,840.7221650023226
471,0.989598845059814,60225.03200469873,911.216469350371
472,0.9916925524589582,60471.09744115615,1039.3455074711026
473,0.9937866222530743,60584.916591052526,860.6204116850529
474,0.9958822538585521,60793.23770949029,632.0894710344218
475,0.9979763461234663,60870.7939978022,1009.1222009586422
476,1.0000687382803208,61009.63742197613,780.1475038979222
477,1.0021620574674717,61217.413973733324,602.8431092179737
478,1.0042566040705312,61441.351159821024,834.3954662572127
479,1.0063510481087232,61535.821555325965,960.8199624688061
480,1.0084458017147504,61712.900565326425,1015.0842862223255
481,1.0105412449330358,61873.55831965513,1072.842579433045
482,1.0126363206852906,62032.9655697543,772.6092330167288
483,1.014731689048677,62150.05322900917,1293.9001178526469
484,1.0168251811607234,62363.74097563007,881.6158197381483
485,1.0189183181794257,62584.31158519855,640.190278741987
486,1.0210135131858313,62695.52527456618,981.193423906075
487,1.023107899818119,62900.4839398179,1141.1456916343075
488,1.0252035642142994,63056.70983436438,923.1298137927276
489,1.0272979326699727,63198.343976896664,981.7661964022742
490,1.0293915165160124,63440.31997281581,829.3334833715296
491,1.0314862118776227,63593.16576137344,920.0665790278324
492,1.0335813276438528,63785.952631445434,901.0628912957739
493,1.0356760372494827,64039.03836597938,1069.4709257539091
494,1.0377697665518313,64148.23608356013,1029.4834078157844
495,1.0398635542890804,64389.33918864109,863.788056476721
496,1.0419580022733907,64476.728277487025,1150.8095450606022
497,1.0440530837182007,64693.262620088004,1031.2319186142245
498,1.0461463909219801,64861.76514907358,1142.4873343982836
499,1.048241289239942,65045.811550459286,702.7621473570898
500,1.0503346504195201,65263.68796975522,1335.0702815667375
501,1.0524278880438542,65314.62826695713,1296.2132369879023
502,1.0545231057279465,65570.70877656953,1248.1312841958238
503,1.0566172205725972,65846.09760030433,993.5714690754395
504,1.0587125681053644,65871.43919301961,1139.476352933711
505,1.060806974942881,66109.8857343594,1195.8399709694588
506,1.062900937291859,66332.71481027843,1006.3545049742451
507,1.0649968400029963,66509.90780428173,1114.7881428417204
508,1.0670917748856612,66660.52350061943,1234.3230940086546
509,1.0691837840599538,66922.4765399364,1237.4646204243143
510,1.0712784055790137,67094.43115720768,1317.14722342858
511,1.0733741944109443,67248.51491475331,1186.1119247867887
512,1.0754689143080451,67500.86700664434,1399.0454383989359
513,1.0775625935653539,67676.57123549617,1367.828042655804
514,1.079656551776009,67893.9574694421,1096.103692851366
515,1.081751759033872,68036.94872520701,1160.609353842273
516,1.0838450038800544,68337.65771134639,1238.4054562163494
517,1.0859393346043436,68540.51774295093,1422.3930287630149
518,1.0880340737032612,68651.38473658123,1039.1445282157563
519,1.0901280973397867,68871.82030714322,1402.791667880019
520,1.0922232205093443,69027.01636021689,1052.9473951756088
521,1.0943183198095006,69324.34316474808,1597.0554457144065
522,1.0964124680620808,69541.80633763922,933.7456894865691
523,1.0985066965945804,69769.54344961881,1074.9616212485519
524,1.1006022506925348,69916.46324587402,1457.029990435959
525,1.1026960746069068,70091.18662757752,1244.1573610033843
526,1.104789420523433,70310.44676808675,964.7693579361678
527,1.1068841457204943,70523.57575102663,1380.584363078301
528,1.1089772649904681,70780.23544297028,1502.962382050037
529,1.1110723868790173,70994.4101201197,1569.6986907017372
530,1.113168427194727,71205.85477757345,1424.106978389513
531,1.1152626776337078,71425.53701892681,1352.138642995045
532,1.1173574051129724,71650.60370160785,1358.9947293564642
533,1.119450573697561,71767.37555662756,1456.2424688532922
534,1.1215436337779248,72113.03607525807,1135.9718461557736
535,1.1236390334415942,72321.69192676345,1548.8912919896675
536,1.1257332200225998,72532.84655769191,1556.2809033603417
537,1.1278283378211404,72720.49108940178,1573.4910227306252
538,1.1299238131648552,72976.87914962939,1539.2977356526528
539,1.132017447124327,73132.31931220023,1213.746769566797
540,1.134110650036949,73451.88127006237,1480.4827545851265
541,1.1362036259959787,73642.33800053614,1296.3882181769934
542,1.1382991427598659,73962.20401565029,1472.4475792419926
543,1.1403936066737896,74058.31901565644,1465.4979284290202
544,1.1424878264606209,74332.71861250619,1584.3554708497518
545,1.1445836717483504,74506.87607916245,1484.60655111715
546,1.1466778755714095,74882.2895911818,1486.2747580091088
547,1.1487715351237628,75073.0414880243,1364.6060143859972
548,1.1508672245306748,75219.73584893545,1720.0554848990414
549,1.152961670034179,75558.81077527483,1586.302207498156
550,1.1550551275418117,75750.64166925923,1551.48815826965
551,1.1571500620004906,75986.21612582527,1606.90384914161
552,1.1592451155989445,76303.4212009209,1687.8912352216248
553,1.1613401484055899,76542.47518585694,1547.309796212844
554,1.1634328135986687,76706.32282726848,1765.867772236638
555,1.1655280225544649,77029.23473555305,1261.8401695701793
556,1.1676232414157608,77194.0328470127,2088.4011230705
557,1.1697157183635434,77457.87247651868,1798.819972090866
558,1.171809765164966,77675.33298584772,1702.077269325092
559,1.1739036754657965,78038.59463897637,2059.853820052234
560,1.1759974618047027,78143.48217552311,2038.2427487094787
561,1.1780927342002254,78561.94214456633,1713.472449111135
562,1.1801886215978319,78682.52229433689,1698.7377956152047
563,1.1822824649467334,79009.90619580977,2027.805177786785
564,1.1843777187054296,79236.14638723206,1636.0363695440615
565,1.1864731317277017,79561.36392477003,2134.6229485346635
566,1.1885662199882188,79794.85361024035,1840.1480758509992
567,1.1906603290984812,80086.20252619596,1951.2465584421882
568,1.1927560449071208,80365.78842344579,1811.2850112753656
569,1.1948501301675682,80672.58903411885,1922.868767235987
570,1.196942866326464,80887.5913526713,2129.9576340482768
571,1.1990363434731066,81193.81553397984,1733.3782080738981
572,1.2011315528209288,81423.5017892204,2244.482839258932
573,1.2032252726398727,81713.55726004163,1539.0770143357618
574,1.205319131714267,81985.58295585409,2075.923683439158
575,1.2074143429200774,82203.79235800587,2041.674076659897
576,1.2095073316728018,82410.186709549,2036.3562041064029
577,1.211602159357548,82824.3311770329,2066.4572052069907
578,1.2136984428310558,83055.8972818328,1903.7911587641495
579,1.2157943340364452,83337.43591069308,1910.2529975966859
580,1.217888268816351,83634.4432992459,2214.0497511349645
581,1.2199821909033837,83783.17532284623,2054.1836274680077
582,1.2220779372220854,84202.46014140618,2196.0206813297277
583,1.2241720630448372,84437.72540055278,2394.740536249135
584,1.2262656486341297,84746.76597410088,2095.05099822689
585,1.2283602712023978,84996.74904994637,2501.7104597761845
586,1.230453847781421,85346.16490789734,2198.1322281549096
587,1.2325484279288663,85694.89985692118,2433.27099960996
588,1.2346427330328844,86019.67440531925,2340.927111540075
589,1.2367368340043534,86243.10192807043,2068.9822466800497
590,1.2388320989568682,86552.48130524634,2179.504514179656
591,1.2409254956441091,86657.55388067215,2200.689672403408
592,1.2430201387037565,87098.79753728895,2318.235326599112
593,1.2451147141570293,87381.59824099127,2231.87909377723
594,1.2472087367784284,87685.35445978833,2230.471619743841
595,1.249302614173833,88009.00722641831,2194.5983553403203
596,1.2513971052845823,88338.20048071689,2678.3022851316123
597,1.2534931066319515,88495.87720666753,2250.8123313819606
598,1.2555863817711985,88897.63971508962,2346.1146812016414
599,1.257678969059161,89186.13161545664,2506.8785963784535
600,1.2597748382104277,89548.16078749183,2565.3447835076267
601,1.2618698898493887,89782.02223879138,2174.3559737841324
602,1.2639640740660565,90198.20427431886,2913.4699607810703
603,1.266059176034634,90483.40876949366,2610.222567695632
604,1.26815329738596,90760.5798767651,2697.61177155805
605,1.2702469827768745,91296.97715394791,2717.112381349013
606,1.272341439773769,91432.10591531773,2476.49986236996
607,1.2744361591580655,91684.8043815041,2932.200938017394
608,1.2765301570381213,92044.19866595612,3200.0968702970235
609,1.2786243195908502,92364.01440937466,3102.832410116925
610,1.2807201779848052,92779.95869373009,2831.7069547752044
611,1.2828149770647865,93138.59521123192,2620.578795631105
612,1.28490831046805,93501.00966279498,2625.365387544873
613,1.2870024746125797,93850.29218139408,3012.427344662338
614,1.2890960788179595,94141.33346171139,2961.779907048852
615,1.2911903407610128,94482.00574517876,2581.895422224336
616,1.2932847299377603,94752.63198017402,3188.4897272001053
617,1.295379834193548,95190.18858834036,2794.9325260336777
618,1.2974743412448833,95481.84059479611,3037.451186090224
619,1.299568838606027,95861.96082339424,2956.213969009174
620,1.3016640567270552,96235.81021064484,2776.2415892568542
621,1.3037578272673165,96537.63107479563,3221.6480807953253
622,1.3058518980796576,97008.18515540437,3267.8990093702605
623,1.3079469520711469,97379.51220338982,3306.864629984634
624,1.3100414674631762,97584.59955952439,3135.761542826845
625,1.3121343419146885,98069.64642820717,3172.8766852744707
626,1.3142291157646366,98356.09306751317,3326.1402444310547
627,1.3163249547628966,98859.36012645421,3205.7837551177013
628,1.3184204308819243,99079.53075279549,3770.707987005352
629,1.320514045081714,99404.97368721184,3083.6940621660556
630,1.322607731116918,99859.58091673005,3015.8542378010693
631,1.3247030067977636,100091.04884294185,3554.3846440263133
632,1.3267964975071294,100621.64642055333,3257.4460693427695
633,1.3288900457896358,100983.74020407045,3086.841239046975
634,1.3309846323229146,101306.36143915054,3312.2778181639505
635,1.3330795391690438,101742.4303886736,3641.8190903689515
636,1.335173949560825,102185.55999752325,3628.3777739642214
637,1.3372672428845813,102584.60530075378,3177.0013358787764
638,1.3393616502777206,102823.99741100852,3311.394940966401
639,1.3414564546808454,103293.15152991084,3937.5394535100804
640,1.3435497634465539,103738.85128701711,3377.5261452925324
641,1.3456439095281743,104074.53032474303,3489.798722071095
642,1.3477398961804745,104443.16809252785,3934.2243679000026
643,1.3498356331361778,104905.3900707396,3633.2791585278933
644,1.3519291222201564,105239.06142794313,4108.673341193527
645,1.3540221824451044,105605.74974921167,3600.8916730603582
646,1.3561174165883387,106027.53125755608,3764.028561607461
647,1.3582118000666776,106465.08324444301,3834.6752735657305
648,1.360305548489477,106850.39981041125,3664.7006502827944
649,1.3624016471705516,107384.99807388401,4324.693002406361
650,1.364496581524498,107876.04447049911,4167.290117810609
651,1.366589927521404,108121.02614160038,4284.5649654535
652,1.3686839345616666,108518.92323254081,4230.832218823148
653,1.3707785136744248,109130.17781000752,4304.114354904062
654,1.3728736781569988,109473.03008092122,4071.6816941604716
655,1.3749673745335222,109969.54249418515,4186.485102097608
656,1.3770602631292597,110296.90931237885,4153.637231051787
657,1.379155717578164,110643.9772794803,4614.388815744554
658,1.3812508039107998,111283.15256746025,4281.919839559937
659,1.3833453325862841,111622.28441069875,4707.9615902883415
660,1.3854396647384786,112045.6777378129,4335.272404693201
661,1.387533616953471,112482.36558904858,4097.95593640685
662,1.389628935147901,112949.66049055722,4574.251415408297
663,1.3917230672721894,113392.77742635676,4624.555679472818
664,1.3938172778813163,113885.48671213642,4645.609560898449
665,1.3959128506087028,114347.87764775514,4597.629244989519
666,1.3980069894682674,114710.5104766113,4917.6933638452065
667,1.400100032768225,115308.55077841187,4719.720074430209
668,1.4021942273095422,115621.02534817853,4738.003015808396
669,1.4042879724639459,116060.56371305838,5021.748751841159
670,1.4063822250727482,116690.7163221272,5124.435793731771
671,1.4084777998796327,117114.86771693555,4701.482089702246
672,1.4105725454065003,117444.43530036112,4826.981179961803
673,1.412666035757187,117928.04636953046,5537.794093458513
674,1.4147597581950535,118630.85851278766,5161.383240803785
675,1.4168552493745823,118966.27191659658,5093.290294662583
676,1.4189502707585735,119571.18229992091,5277.611746252013
677,1.4210439871962917,119993.83004003084,5521.287981653678
678,1.4231379588066748,120452.69220289668,5494.7313011911065
679,1.4252323843784174,120862.33070445684,5572.562320266053
680,1.4273263645812686,121512.68818014997,5089.3857505377255
681,1.4294209343777806,121968.34206769182,5740.11211536056
682,1.4315160587565352,122474.83376159436,5298.897461658511
683,1.4336101809254245,123021.70566285563,5937.5613968884
684,1.4357047233292217,123479.30736139318,5718.354963711186
685,1.4377991034950037,124109.66285980133,5930.375140180189
686,1.439893269172154,124493.7002830489,6261.343886050885
687,1.4419870983325702,125046.7524834748,6050.419249620799
688,1.4440820971476513,125637.99666880071,6473.357689702218
689,1.4461780146809415,126079.12297029526,5749.851369140952
690,1.4482723645441788,126569.9663319279,6036.238860036215
691,1.4503661519067539,127045.00350326575,6463.885385152178
692,1.4524608997459605,127653.21888631172,6729.083000967647
693,1.454556191478353,128147.91516864304,6369.99547696178
694,1.4566505605195028,128781.79877061244,6556.440735541306
695,1.4587435672120013,129338.45749624156,6299.684086273975
696,1.460836376274075,129700.2422554256,6669.769121696785
697,1.4629315024559504,130527.95209915571,6660.772481660051
698,1.465026115161985,130857.79627128728,6560.739991314891
699,1.4671201905708728,131352.4081714284,6613.172492813896
700,1.4692142550197365,132188.32957808545,6738.279667469439
701,1.4713085109511452,132521.61354743238,7057.213814177091
702,1.4734040883627781,133146.90655110843,7258.624841716731
703,1.4754983077923518,133686.94386803443,6848.170333767233
704,1.4775927333883283,134339.88791775823,6460.458578602369
705,1.479686516386449,134953.98811660823,7272.390764809882
706,1.4817805445745025,135371.43943796467,7261.737977091497
707,1.483876051193717,135951.16130254202,7760.174884076703
708,1.4859713583510508,136620.91666951982,7361.760679248587
709,1.4880662760111125,137245.33077166107,7266.492819623721
710,1.4901603423423662,137931.6429688322,7550.094853180564
711,1.4922546168830801,138295.89054105544,7529.627973029197
712,1.4943493508016918,139095.22979647166,7417.257343817652
713,1.4964436549031517,139716.40106462064,7741.3452183026275
714,1.4985372426394363,140300.62761100923,7829.630125671902
715,1.5006303537214591,140756.5278717114,8064.827518248797
716,1.5027246941647125,141401.06274333404,7748.76360711216
717,1.5048198674391857,142001.32465519063,8276.096459552424
718,1.5069136003861163,142714.33934551143,8286.27895108959
719,1.5090076377683221,143512.51055646487,8713.166739177314
720,1.5111026723067662,143955.34586810958,8605.80651521872
721,1.5131971028762412,144625.95900688943,7765.896801418098
722,1.5152912609041667,145224.78812928413,8900.841940922259
723,1.5173854934463344,145869.88606017848,8338.578421870941
724,1.5194808793753787,146561.22564227384,8894.475591620841
725,1.5215756259285513,147196.76801439613,8845.005270385127
726,1.5236695807770564,147966.8629451501,9042.44962547137
727,1.5257641081783464,148545.0655000723,8688.060156234433
728,1.5278584873608179,149123.2683796233,9112.066964492551
729,1.5299536435991428,149868.58068727513,9512.627153640184
730,1.5320476585044298,150564.00369850404,9195.495309593527
731,1.5341414384393777,151273.50884733026,9014.51308261252
732,1.536236950937659,151848.62461600974,10031.83236439176
733,1.5383317033374695,152556.17091304684,9826.299326123717
734,1.5404255753841434,153366.50434808346,9499.735700617797
735,1.5425198393431812,153845.6984390966,9593.50800147071
736,1.5446136227526486,154570.6653642322,9610.586481946239
737,1.5467072285753283,155286.48085574404,10073.650347533172
738,1.5488013111816905,156103.14990425808,10256.39109249264
739,1.550896674249749,156654.35607905895,10208.567666283012
740,1.552991701547339,157444.44111837193,10117.974472540434
741,1.5550856629518366,158238.87489659782,10792.648036510218
742,1.5571801051512508,158872.06697801652,10670.201690693655
743,1.559274417579796,159706.03760333708,10235.36478500726
744,1.5613691533539047,160423.11303241196,10748.471463659456
745,1.5634631934261796,161147.26602107502,10737.69120948045
746,1.5655577892497892,161677.02260570653,10412.360852881668
747,1.5676527275763066,162565.30891124616,10872.988073153148
748,1.5697461748764228,163359.80130211046,10965.802359993142
749,1.5718402189801153,164088.80917921942,11477.165592441313
750,1.5739346218160084,164921.10785212094,11098.355771622302
751,1.5760295037244485,165562.39941562692,12286.109750507654
752,1.5781239238326052,166331.70374799168,11430.869681768485
753,1.5802176736109215,167176.1005960495,11501.807793389034
754,1.5823123941098438,167915.3671600481,11892.967084369931
755,1.5844068047546922,168763.4227747097,11693.61609423405
756,1.5864996832696292,169445.76186918936,12322.682469477186
757,1.5885944598128996,170353.12698235258,12035.997910304388
758,1.5906903325437156,171160.73168577897,12211.695141995986
759,1.592784689092666,171905.70965830816,13038.959188055056
760,1.5948796873290236,172574.1677865249,12761.107525187552
761,1.5969745597395735,173563.64967728226,12633.55810369425
762,1.5990689218084002,174414.47259852942,12340.697512780172
763,1.6011633213632455,175153.80549954192,13233.101986692896
764,1.6032577776043084,176199.773498468,12958.362910883636
765,1.6053514020964894,177035.98874870723,13261.647360267467
766,1.607445093072501,177648.1787355618,14209.029483292283
767,1.6095393086936036,178550.0111169005,12103.0353365511
768,1.6116336711357766,179487.3900025051,7759.191954119013
769,1.6137279918528686,180129.1104208852,3727.944827211183
770,1.6158221116449558,181124.7437546093,1008.728919716743
771,1.6179176229648538,181797.71338482067,-3601.795836755448
772,1.6200131612431772,182635.47727152705,-7188.606254354999
773,1.6221069236192778,183472.88825339783,-10574.81710299483
774,1.6242011307622557,184384.77521566395,-14856.187038715607
775,1.6262960841945175,185141.9824555626,-18423.679929065936
776,1.6283896203498047,185884.97834759593,-22653.202911257737
777,1.6304834947928883,186842.87415986205,-26670.86023728578
778,1.632578127710653,187714.52956392948,-29937.7509218842
779,1.6346731813158608,188597.56835386963,-32997.02042868037
780,1.636767172365261,189392.8679856083,-37531.94263551147
781,1.6388603779595408,190322.20329264493,-41730.673043328294
782,1.6409563605892468,191224.382014213,-45070.11165518191
783,1.643050621284035,192145.5388092852,-48702.269067061054
784,1.645144102645386,192837.0104903804,-53445.18023006493
785,1.6472395726584623,193813.03672831308,-56429.8698120783
786,1.6493331318477138,194819.55816665915,-60939.00058222614
787,1.6514277435583298,195681.04782177735,-64143.30928314296
788,1.6535225655624404,196397.81612131427,-67875.77073445391
789,1.655616100487628,197194.1643827036,-71822.49550766
790,1.6577106071833263,198233.35342758973,-76319.30748410475
791,1.6598050724476994,199241.88046946863,-79828.75981549281
792,1.6619001395524664,200169.80933199867,-83363.13655536195
793,1.6639948642035431,201007.4266503814,-87811.33271287625
794,1.6660882997554614,202250.5400503184,-91826.11145149296
795,1.6681827329415837,202926.7436569713,-95143.60566554064
796,1.6702780557373313,203863.05415257963,-99262.19807646885
797,1.6723710846745943,205003.45616125513,-103256.5417637304
798,1.6744651718920411,205811.379836898,-107542.86856159107
799,1.6765602044792516,206713.74395166457,-110945.58673538275
800,1.6786535596079524,207801.2006649099,-114346.21900293384
801,1.6807491745425278,208710.9680514377,-119277.76032808659
802,1.6828445761171116,209539.92514311176,-122576.91254996175
803,1.6849386388007168,210736.88047102225,-127066.87392004569
804,1.6870339476475265,211854.46466372805,-130984.48145423835
805,1.6891280758541645,212572.30152320775,-135354.71002923345
806,1.691221272327691,213733.75432588125,-139088.69847840045
807,1.6933141346742315,214848.3013192234,-143193.20250286156
808,1.6954090930463133,215745.90281992394,-146600.15085866375
809,1.6975047078021417,216689.3211927997,-150846.08639758886
810,1.6995991246970055,217661.41968856522,-154676.62907625097
811,1.7016934918813407,219009.23548442416,-159020.95430271115
812,1.703786903721137,219776.84942941263,-163137.78976440613
813,1.7058818292953146,220977.97881447044,-167655.28949401126
814,1.7079768740006063,221873.90293723173,-170644.27467632038
815,1.710070845319196,223133.1129821807,-175729.80854057329
816,1.7121645316176712,224282.81699830946,-179763.60900664257
817,1.7142597272321454,225106.39774352626,-183464.16123764426
818,1.7163549406546734,226437.93531625895,-187191.86148212722
819,1.7184482195940645,227359.06318015244,-191463.18219764435
820,1.7205423072627637,228560.0779362939,-196159.15557796854
821,1.7226374847113666,229633.0135402205,-199850.19769119011
822,1.7247323233526113,230871.7114338033,-205064.9126666185
823,1.7268266901810085,231841.0706460038,-208407.09873658372
824,1.72892134476467,233108.69509945557,-213471.24856518177
825,1.7310153629662073,234328.54615006535,-217067.02893499561
826,1.7331087353021186,235228.6167409376,-220998.18594307642
827,1.7352028820270462,236728.86220803708,-225420.35273621077
828,1.737297419510233,237616.78921525425,-230266.02168330707
829,1.7393924268721555,238992.632345034,-233937.3152963149
830,1.7414865202316776,239977.17193685615,-238227.44307600928
831,1.7435798385311778,241353.71579870407,-242631.37252841773
832,1.7456747741592018,242559.84239791395,-247698.91834832635
833,1.7477707733578058,243764.9098993272,-251055.45965934946
834,1.7498644151299778,244916.19521647398,-255699.36549825573
835,1.7519579294274097,245978.47744531347,-260470.83656999993
836,1.754052537005875,247235.66978680834,-264440.24612420256
837,1.756146014277543,248690.94719502833,-268940.4268732983
838,1.7582399685899122,249671.98420185564,-272718.9890578066
839,1.760335124398212,251228.94686430867,-277819.5384127406
840,1.7624306374180432,252106.3334333319,-281551.9628800624
841,1.764524733445493,253660.34955408121,-287065.5280918121
842,1.7666195957988082,254710.18725004513,-290287.36689607217
843,1.7687146552767006,256207.5989706756,-295174.41610449366
844,1.7708085687106505,257394.88697424566,-300184.705663821
845,1.7729026984403262,258675.11158765483,-304467.8392916161
846,1.7749968373222131,259708.32792829702,-308350.64674810093
847,1.7770919795414395,261416.85527844954,-313577.947794742
848,1.7791866891650514,262827.5318714147,-318588.9719963771
849,1.7812805740714612,264092.0401558999,-323209.9800602018
850,1.7833749145944944,265338.33383333124,-327118.8820242501
851,1.7854698174814119,266723.59368931846,-332567.01506662165
852,1.7875649050000997,267831.8035837714,-336972.065655839
853,1.7896586091751823,269391.5029102768,-341291.35025480296
854,1.7917528105223397,270567.1016816545,-345114.38456710463
855,1.7938472619734778,272325.6265608173,-351050.7606570126
856,1.7959410333998334,273579.26179592806,-355420.9091263273
857,1.7980353139963554,274735.72105694556,-360110.70841425844
858,1.8001292949050451,276431.03229187126,-365716.64809219074
859,1.8022240144636215,277908.88178166153,-369728.3149870442
860,1.8043180357006787,279227.38587849017,-375195.3989469829
861,1.8064120149556366,280591.25194548786,-379763.35626111605
862,1.808507216693214,282216.1914483793,-384707.1669966125
863,1.8106012235056632,283417.0267911671,-388912.30925917753
864,1.8126961076333348,284747.01498940354,-393359.95822812617
865,1.8147906359659112,286482.6675348139,-398797.17502199265
866,1.816885013662702,287638.7092132595,-402847.33843914466
867,1.8189799788179999,289523.2627496617,-408892.2168937203
868,1.8210733357472892,290907.6269130749,-413406.65403511317
869,1.8231675363973032,292439.26132557535,-418916.4878682421
870,1.8252628639859947,293740.0999567933,-423818.14303739613
871,1.8273578690890415,295905.4410434409,-428958.6991929091
872,1.8294529153678178,297019.1073047632,-434745.3588036995
873,1.8315468366202061,298986.4825980306,-439471.43862052035
874,1.8336403420201965,300557.88777867355,-444795.79024345276
875,1.8357342642631629,301779.7406250446,-449591.9337611084
876,1.837828606636473,303637.0135455638,-455173.58824876836
877,1.8399232687279,305153.0573492099,-459895.62838869775
878,1.8420169361094605,306691.6813293861,-465066.75377243647
879,1.8441103454239045,308382.50887843856,-470615.73745157995
880,1.8462047113551943,309892.96262755775,-475610.3747112539
881,1.848300337583767,311721.4993166072,-481541.99574779224
882,1.850395118058644,313122.3418769352,-485906.29445090005
883,1.8524895015648957,314883.53148934984,-492030.72009356273
884,1.85458435317291,316540.27904244245,-496753.4717561444
885,1.8566786691854407,318386.5176544491,-502261.54882126185
886,1.8587722962005393,320152.7012339396,-507709.83529535704
887,1.8608667292143481,321674.59080498596,-513659.91574802937
888,1.8629623979972338,323209.71367690957,-518981.21508086636
889,1.8650575007618033,325015.76199693244,-523738.13474140933
890,1.8671515757398978,326724.3242220853,-529860.7676626081
891,1.86924567270883,328545.38997791155,-535170.9719469792
892,1.8713402290883943,330338.27585493686,-541120.5813555421
893,1.8734333441485889,332133.8124904133,-546631.1919340822
894,1.8755274569663687,333856.8226633663,-551374.6954578644
895,1.8776226584010878,335616.10311408323,-556863.3298868956
896,1.8797156234954413,337888.3601061876,-563929.0659646926
897,1.8818097674713492,339323.39534860215,-569350.5631881584
898,1.8839051205157094,341392.94006131747,-574643.9825262463
899,1.886000042933448,343119.64887934533,-580443.1291728766
900,1.8880949075451439,345149.456173078,-587150.1622578157
901,1.8901881584759161,346662.81300090614,-591801.8991614018
902,1.892283217936019,348602.52051808755,-599606.4329352247
903,1.8943782680554568,350304.35128440027,-604912.413427616
904,1.8964720473710392,352685.3491081367,-610418.8825538706
905,1.8985668668489433,354081.46833617095,-616068.3367308752
906,1.9006612809862096,356619.2344736105,-623373.3304286236
907,1.902755719587151,358265.9793380317,-628159.6869389319
908,1.904849757588545,360230.25365718425,-634724.2130056056
909,1.9069430754605277,362358.17494296655,-640876.1410530879
910,1.9090378340013505,364776.6832880109,-648817.9057440935
911,1.9111324914183263,366652.08640609024,-653400.7458750181
912,1.913226965923519,368749.9493345537,-659661.6554333906
913,1.915321381331026,370317.2325852854,-665914.2178253127
914,1.9174162748437817,372697.1912570629,-672402.3089168546
915,1.91951096404297,374579.34691438254,-678990.3519994741
916,1.9216039358616672,376644.2030061058,-684723.8579447631
917,1.9236986253914137,378861.7085838188,-691894.8937168422
918,1.9257933066276691,380918.9680413018,-697805.3745309128
919,1.9278873651498682,382686.67593360186,-703976.8556625863
920,1.9299807661659822,385465.9433232586,-712378.777400757
921,1.9320760482648573,387697.77619343833,-718750.8064204764
922,1.934171767524072,389203.9114526354,-724051.66848477
923,1.9362651059315399,391532.49099147844,-731386.4505600366
924,1.938359138419254,393555.53859240963,-736855.81006159
925,1.9404538735984294,396409.6963606521,-744721.4887500219
926,1.9425479146608418,398812.4816611285,-751852.2709236826
927,1.9446418189559174,400614.8300453631,-758790.260114193
928,1.9467371502259871,403445.9360905143,-765764.1471295214
929,1.9488329760684335,405789.18760383944,-773306.1144173442
930,1.9509268120448882,407303.8403905141,-779268.6476100303
931,1.953019609354344,410367.17989112507,-787287.5548467928
932,1.9551147244404972,412199.12436754716,-793472.5281387266
933,1.957209950604826,414561.7072491025,-800239.4311397037
934,1.9593041179655175,416711.09224929014,-807334.9671234672
935,1.9613980124620214,419102.6043205523,-814630.7673359247
936,1.9634920823781827,421841.3293099262,-821416.4540541846
937,1.9655870316775599,423823.22010214103,-828635.5817208298
938,1.9676813106463258,426400.46810981317,-837034.1502588434
939,1.9697755380711686,429371.9383277309,-845361.2109322752
940,1.9718704076888727,431203.91046712874,-850822.0775073086
941,1.9739643213778544,434095.3305852868,-859855.5350326254
942,1.9760582139073395,436383.77714668255,-867189.6620402992
943,1.9781533744008393,438959.96503495384,-874685.5417019712
944,1.980249297656676,441794.845847039,-882488.3163240635
945,1.9823436902775773,444305.7153788514,-891201.8430309701
946,1.9844363854611324,446507.54468997905,-897604.9953505689
947,1.986530057736426,449777.687100653,-907880.4682098674
948,1.988624138262085,451669.4846327454,-912089.1069879308
949,1.9907191302641989,454409.25451785146,-921883.3923466555
950,1.9928140678397719,457280.6209530774,-930255.1348007737
951,1.994908057158038,459729.0226858053,-937283.9898921812
952,1.9970037235567513,462864.5461330002,-945339.4861985203
953,1.999098539119481,464925.8584321216,-951723.4242362048
954,2.001191245179364,467574.75662690046,-962414.6911014136
955,2.003285465781134,471396.3742378501,-971112.2047006815
956,2.005380090953843,473019.4152929319,-977496.1849851627
957,2.007473757612322,476597.0064466539,-987205.5852320292
958,2.0095674385752345,479556.211506308,-997013.9698778262
959,2.0116620669227445,482008.29699509294,-1003842.2955862839
960,2.0137574654124313,484421.85974368744,-1011703.236687426
961,2.015851542299029,487620.0168440982,-1021167.163069535
962,2.017945842236743,490493.1835209691,-1029511.0149986321
963,2.0200414078173843,493721.52607270656,-1039485.6340546272
964,2.0221364472105585,495977.6666545684,-1045922.3860014331
965,2.0242304661583193,498865.89236724406,-1055887.1929751907
966,2.0263241213554704,502685.9936633734,-1067026.7266746857
967,2.028418169537371,505167.3956952936,-1071373.9848294233
968,2.030512126699397,507827.6238228225,-1082647.3782352707
969,2.032607257696191,511056.6299088601,-1092588.0550582584
970,2.0347026748788237,513793.84248669766,-1100279.9280835418
971,2.036797432049628,517526.5628335252,-1111777.0899520405
972,2.0388917803566513,520318.1780384583,-1119898.5208054995
973,2.0409854404727548,523578.7101963808,-1131322.914145251
974,2.043079158497923,526719.473153868,-1139560.9311306088
975,2.0451737042342053,529733.5198529701,-1147207.9436031152
976,2.047267957686092,532591.3128550497,-1157850.685277363
977,2.0493625921646865,536027.0509766754,-1168477.2678681363
978,2.051458159400133,539465.1946714246,-1178998.0673196563
979,2.0535521918605197,543292.6016673803,-1188964.4796183365
980,2.055645062675616,546055.5770594549,-1198881.8317859222
981,2.0577393587752955,549643.8096357419,-1209280.4952989183
982,2.059834437786395,552937.0260202092,-1217536.4596727183
983,2.061928055170489,555786.136336315,-1225354.0077740925
984,2.0640226957402352,559037.049579818,-1238054.9062910539
985,2.066118258189404,563477.7379418643,-1249211.7317823719
986,2.068213196804832,566344.8202079104,-1259616.2246105091
987,2.0703072818107917,570279.0610299673,-1270792.424691864
988,2.072400931462771,573340.4167163725,-1280318.1813661384
989,2.074494103322103,577078.835662514,-1290237.2987992042
990,2.076588647294614,580848.0963686,-1301744.2275688078
991,2.0786837571325223,583904.3466541191,-1313682.3795751058
992,2.0807786951127576,585982.6618114087,-1320737.4931456684
993,2.0828733611799306,591245.6846851187,-1334033.225634695
994,2.0849676047315464,595308.6598949367,-1347244.5821467983
995,2.08706191167589,598082.3759036821,-1356952.0778534068
996,2.0891552570733616,601944.7603453436,-1366199.5195977325
997,2.0912498961643236,605738.6456120007,-1378332.2646566415
998,2.0933446561638878,609564.6277434604,-1390248.4706535768
999,2.0954387435644386,613642.3892246922,-1402879.7198033554
1000,2.0975335870618825,616733.8407107292,-1416162.3711434556
1001,2.099629070349723,620875.5464466343,-1424451.9861434028
1002,2.1017228492895934,625028.6261258431,-1437300.4183024198
1003,2.1038170482062775,629437.5477909922,-1452148.179450299
1004,2.1059122372778973,632133.121945448,-1463148.4599506196
1005,2.10800554057148,637542.1811205718,-1476293.64517843
1006,2.110098599114947,640174.9038636059,-1483794.045624796
1007,2.1121927216235163,644797.6209695259,-1499998.5735852506
1008,2.1142879182187984,648433.6423485971,-1511300.2411362932
1009,2.1163820759811065,652617.1056226811,-1525137.1667804574
1010,2.118476597123504,656331.6377039514,-1537166.5639077506
1011,2.120572077635568,661519.1708921106,-1552890.6558401359
1012,2.122666143506846,665119.8929558411,-1564708.9681752804
1013,2.12475947440395,669598.3855676623,-1574937.792470406
1014,2.1268549228070284,672656.30660969,-1587714.848048024
1015,2.1289503858580807,676501.5560594178,-1601476.58347499
1016,2.131043274916299,682099.8917005885,-1617773.1913342674
1017,2.1331378502136085,685414.8825114176,-1625536.7932672394
1018,2.135233020544507,690764.0955703686,-1644262.7499651723
1019,2.137327211773404,695133.5945588702,-1659846.726948409
1020,2.1394213678417553,698617.227557896,-1669704.688753987
1021,2.1415151935265153,703829.2624208874,-1686103.2274427493
1022,2.143609686067666,708103.1098269407,-1702709.9270216124
1023,2.1457039096890913,713306.8834842757,-1715105.5067882652
1024,2.1477977892281794,716566.0035681135,-1726574.2449179161
1025,2.149892773795189,722166.4984212585,-1744519.0244329092
1026,2.151988207011953,726385.3373018185,-1760290.8349054428
1027,2.154083430042502,732169.2643478314,-1779065.2210562432
1028,2.1561769020273363,736070.2894130327,-1788664.9002743207
1029,2.158269727638565,740130.7914489032,-1804000.6491083244
1030,2.1603643338266334,745271.9770619775,-1818507.4276571264
1031,2.1624594611960894,749752.4990366781,-1834114.2674240516
1032,2.1645538445620423,754131.255207433,-1849426.9666237826
1033,2.166649266160557,759322.8641234748,-1868706.7905390847
1034,2.1687438965600263,764262.2219099738,-1883596.655720494
1035,2.1708363804402464,769738.3075505709,-1897760.6781281964
1036,2.17292939543057,774953.751402692,-1919709.5556058048
1037,2.1750246621139153,780145.7670792753,-1932209.2192206194
1038,2.1771189095943266,785079.1786636222,-1952086.1416550532
1039,2.179212962470575,789391.4205644078,-1964683.0258282903
1040,2.1813066434396426,795024.4904225613,-1984885.182478228
1041,2.183402629792164,798731.0687320522,-2001158.0290582448
1042,2.185498119455816,805357.6078907825,-2016595.7414742743
1043,2.1875916200185137,809338.9856311552,-2034252.0306834385
1044,2.189686441120868,814331.8696045976,-2052642.1227078803
1045,2.191781413276182,819626.61224228,-2069477.4543504666
1046,2.193875147711239,824399.955668579,-2086630.347645929
1047,2.1959686613130316,831374.5583638912,-2109058.1600680305
1048,2.198063923558019,837255.9196243673,-2129713.6437843284
1049,2.2001595001532226,842352.850103943,-2150617.00646058
1050,2.202253779153767,845708.5997482009,-2164439.9049101043
1051,2.2043460760907565,852405.5491867297,-2184479.100703556
1052,2.206440891990371,858359.9580474382,-2204732.5839495854
1053,2.2085356491852317,863891.5847593284,-2225045.6222643177
1054,2.2106277016542335,869838.1247459737,-2244786.8634305065
1055,2.212721958545959,874753.420523329,-2266547.587453799
1056,2.2148185083900422,880692.0785045807,-2287120.3192582903
1057,2.216913061952383,884257.4518341471,-2299200.7451863685
1058,2.219006160150891,890867.5333538139,-2328286.383700887
1059,2.2211007684745443,896352.9461786677,-2345420.0955987745
1060,2.2231966067711273,903666.5847961826,-2372975.530286493
1061,2.2252915180225106,910611.149218895,-2394233.4083106425
1062,2.2273849286831946,913907.6216443909,-2413067.075113704
1063,2.2294794057777056,921638.1536613477,-2438023.3451908245
1064,2.231574082226972,927632.8463786431,-2462463.412036426
1065,2.2336675726385264,932648.9447501213,-2486410.8642269685
1066,2.2357616690730993,938465.2080920507,-2503541.274351199
1067,2.237857388038379,945756.6202438038,-2533136.143724289
1068,2.2399520699736297,953610.2886004042,-2561292.303346991
1069,2.2420449617357057,956653.3625193657,-2576443.068020634
1070,2.2441391380853632,961294.8750368286,-2604120.4375413167
1071,2.2462342793770116,968792.624663911,-2627441.1674217414
1072,2.248330004000319,974173.3336462113,-2653146.210351502
1073,2.2504234986669656,982710.7310873483,-2681180.6853347565
1074,2.2525166459790467,989431.8883445266,-2713076.6213339157
1075,2.254612702557845,994572.6270209121,-2733392.261925487
1076,2.2567074239010356,1002683.1821021929,-2766583.425089477
1077,2.25879926569608,1007335.2286644024,-2788278.5136634903
1078,2.2608934332232278,1014495.2456862333,-2816151.526418445
1079,2.2629890832862967,1021655.0315437115,-2853091.725453624
1080,2.2650815906481947,1027322.8421589363,-2874767.4701474947
1081,2.26717631551426,1034359.3184904719,-2911024.2212964348
1082,2.2692717091510235,1042976.7540178363,-2944759.364239063
1083,2.2713660430599174,1045841.2347423716,-2963667.4738833457
1084,2.273460830916725,1052747.9549564114,-2993504.444519231
1085,2.2755552510450507,1060304.4079608603,-3032885.1440423336
1086,2.2776502981151867,1065537.1607244257,-3056539.519114938
1087,2.2797428242388995,1074658.8559803755,-3094957.5999959228
1088,2.281836092329788,1079646.0895298128,-3118791.5595738427
1089,2.283933556285596,1088818.7396144562,-3155577.2114507533
1090,2.286028868050817,1094813.885747074,-3183798.682995419
1091,2.2881212248812486,1102557.3351245415,-3215353.7204941334
1092,2.290215014848569,1110392.4744080964,-3247514.0505464342
1093,2.292310229911211,1115270.581972184,-3270742.9145794143
1094,2.2944051456334345,1124082.1291272768,-3303384.4552438334
1095,2.2964983471898495,1131110.2015635425,-3337664.9780567577
1096,2.2985921024349003,1138586.1981620293,-3364288.879916387
1097,2.3006888643809247,1146802.8555994632,-3397731.3073897907
1098,2.302783634096356,1152938.8946607693,-3425076.513456447
1099,2.3048756698218886,1163452.558252231,-3464871.897221854
1100,2.3069695720010412,1169003.8532924475,-3490241.124436168
1101,2.3090651112173397,1178935.9667845585,-3527834.971595608
1102,2.311158495429861,1186841.3689264723,-3559118.8143331883
1103,2.3132509513768182,1193199.808766436,-3586744.038424959
1104,2.31534766594442,1198808.559719874,-3612996.6093067974
1105,2.3174438092641236,1212547.187791131,-3659354.1673732297
1106,2.3195366518474128,1216225.3055041402,-3682212.8089145306
1107,2.321631141204296,1225898.1528808007,-3719405.2464955323
1108,2.323727832694395,1234786.0423369973,-3750672.351240875
1109,2.3258211826493147,1243713.6563594327,-3788019.7963633044
1110,2.3279133966950116,1251052.9692657732,-3817537.249508877
1111,2.330008120458155,1257489.2288271417,-3847198.9835945386
1112,2.332103956675321,1269533.7197314498,-3887173.517555874
1113,2.334197579452735,1276250.6852944163,-3918692.2116447776
1114,2.336290017181209,1287025.4084533302,-3957358.7237213436
1115,2.338385505091734,1293862.0401026953,-3986822.942159298
1116,2.340480189114194,1302382.1228973176,-4020984.6278524455
1117,2.342573391055059,1313633.13568732,-4059627.7775944504
1118,2.344667848677038,1320567.2141012817,-4090792.0709224367
1119,2.3467629878884537,1329841.7706307776,-4126467.0002702465
1120,2.348858220839854,1337024.531802552,-4155468.866195064
1121,2.35095250082758,1354230.923930214,-4212280.220664527
1122,2.3530449396760944,1358730.0459117324,-4236554.711236502
1123,2.355141499104623,1369625.5951418353,-4279643.0301399315
1124,2.3572378412451434,1374191.2959078448,-4301720.981171925
1125,2.3593294861259198,1385344.0741155574,-4344671.25048713
1126,2.3614224992004984,1393918.1348310865,-4376639.575062007
1127,2.363517948981548,1408480.5212794286,-4423775.287445935
1128,2.3656139136423477,1414666.3717610692,-4456384.239033062
1129,2.367706660383537,1425423.1237641643,-4494961.758448169
1130,2.3698014470222093,1434301.065419478,-4533834.385843403
1131,2.3718977582075165,1446291.9955785307,-4578009.144327052
1132,2.3739899214574836,1456988.7756109482,-4614328.199083144
1133,2.3760825194215927,1465658.637364265,-4644261.418415096
1134,2.378179070039863,1477390.2824098505,-4691819.703632467
1135,2.380273759058959,1486395.639699838,-4731150.30738304
1136,2.382365673610318,1493919.5595967553,-4758459.076235704
1137,2.3844604460166168,1505068.5488516348,-4799257.687086715
1138,2.3865571190304595,1518541.4786698273,-4853216.0771936
1139,2.3886520978255446,1526630.7987883342,-4887361.41996217
1140,2.3907442891236066,1540354.5447508574,-4936598.161354364
1141,2.3928386457990913,1551721.6758988367,-4976468.651856342
1142,2.394934562690242,1560506.7885562074,-5013576.580847805
1143,2.397029599690107,1577268.7479949002,-5069583.674852867
1144,2.3991222591305954,1586659.4484433765,-5106640.733246734
1145,2.401217024080888,1598398.7862729325,-5150435.427392472
1146,2.403314513026698,1611036.4895820008,-5202422.162101983
1147,2.4054081911284184,1619857.3745027834,-5234299.972473862
1148,2.4075011183217048,1625662.0164897854,-5259273.9220644785
1149,2.4095960074264258,1641678.070199613,-5318353.268313696
1150,2.4116926326559978,1650868.2906918514,-5349850.896564312
1151,2.41378425055939,1666862.2819287628,-5413587.400214401
1152,2.415877382497087,1675912.3968768455,-5449986.132868123
1153,2.4179783678062123,1688301.2172869896,-5497064.7344862865
1154,2.4200733739460714,1699716.2864267775,-5537975.98264426
1155,2.422162501290004,1716779.6190787153,-5597016.361647896
1156,2.424257158180454,1727096.7079347074,-5640313.802552211
1157,2.426355368807169,1739315.6401121079,-5682767.127497252
1158,2.4284477900186845,1751835.372573266,-5730526.920199761
1159,2.43053883847394,1764738.0647829557,-5780635.6515568085
1160,2.4326356353293934,1780627.647052203,-5836331.646463043
1161,2.434732612021302,1789809.8568846511,-5877094.33902816
1162,2.4368252927922227,1796295.1604077332,-5900719.10871231
1163,2.43891890863681,1817078.317480146,-5973156.822110353
1164,2.441014895314609,1826839.160398746,-6015077.742548488
1165,2.4431105244568765,1846963.5435726652,-6082900.101509896
1166,2.4452031167440684,1861217.8321415444,-6134100.914504796
1167,2.4472938786799143,1874125.8136702897,-6186643.50466205
1168,2.4493915902413868,1878963.0896062516,-6207291.5564603945
1169,2.4514877943094935,1906103.2776764052,-6300463.394617655
1170,2.4535774837073663,1909323.5151972717,-6320242.78279779
1171,2.4556717453467782,1923586.2178520642,-6376305.590648397
1172,2.457770725968573,1942576.6188491578,-6438672.456093223
1173,2.459865450868259,1955888.0394772391,-6491728.136039294
1174,2.461954843714291,1968767.5785766335,-6542778.808694495
1175,2.464051305962942,1980377.5480629404,-6587255.326738102
1176,2.4661493201186655,2004386.0698838772,-6667792.075389511
1177,2.468239991051035,2017009.7664791355,-6715148.707291651
1178,2.4703335941159144,2028686.4207146901,-6762276.888023032
1179,2.472432426226094,2041007.195577885,-6806018.2448705975
1180,2.47452690434623,2064977.2128987873,-6892408.936477964
1181,2.476615373809059,2081724.6841952277,-6958100.291391363
1182,2.478710457672189,2094056.9783832154,-6998517.689739123
1183,2.48080966574444,2096381.691677876,-7020876.2181628905
1184,2.48290090100287,2123398.804000372,-7113079.207984367
1185,2.4849923340191187,2137843.1259000683,-7164674.2118668035
1186,2.4870897130294636,2155860.138481691,-7229123.006507927
1187,2.4891862386660164,2172803.8400104046,-7289719.084823131
1188,2.491278235985619,2187687.4445196567,-7348589.4987430675
1189,2.4933690456944357,2208014.5380962626,-7423600.850083675
1190,2.495466543397291,2221529.0687420284,-7477105.618864461
1191,2.497563830960505,2239280.07271663,-7534810.260328248
1192,2.499654519205421,2251453.792686816,-7581552.83187304
1193,2.5017479497353943,2270161.9365934054,-7652960.395006126
1194,2.5038480054516667,2288761.0104856384,-7720121.449596266
1195,2.505943433921919,2306459.039793187,-7782583.94942642
1196,2.5080284861327207,2326347.523310605,-7855109.212391355
1197,2.510123955773609,2353077.252388477,-7956559.291507284
1198,2.5122261646694253,2357456.814951602,-7975309.971864546
1199,2.5143177674343575,2373260.432075512,-8029489.850607638
1200,2.516405803072155,2390218.3816678133,-8093025.469284096
1201,2.5185026929964116,2409173.204953202,-8165345.461814719
1202,2.5206041831245063,2436890.3711014427,-8258074.099532444
1203,2.5226964757648327,2445721.344222086,-8294452.772256418
1204,2.5247869961159406,2474483.705258574,-8398614.999694135
1205,2.5268843920051487,2486431.2386228833,-8444212.684414998
1206,2.528980483597168,2501288.1912398525,-8502862.660532424
1207,2.5310684597394695,2542644.1032518204,-8641334.62018136
1208,2.533161718042206,2546828.109258578,-8663462.098598646
1209,2.53526488574662,2568391.495506553,-8743168.275915876
1210,2.5373603920777454,2593678.937224867,-8831071.874299744
1211,2.539445749963502,2605010.023060306,-8879625.755837074
1212,2.5415417180131348,2631609.9954001876,-8968734.020703452
1213,2.5436457679371425,2643138.5262551624,-9019881.261354517
1214,2.545736808475733,2671251.815955064,-9118374.574543752
1215,2.5478233832874237,2680711.6774755847,-9153167.593774807
1216,2.54992085584226,2712570.7974877176,-9272114.971801491
1217,2.5520207655356866,2732848.925751119,-9339316.179239633
1218,2.5541098448110064,2752512.4570448757,-9417265.03642135
1219,2.5562002600365847,2768547.446047,-9471004.733020443
1220,2.558305455724291,2792170.845839149,-9560404.521498548
1221,2.5604026511470312,2819080.231300679,-9652287.726580085
1222,2.5624826414852553,2836763.891476771,-9720107.21555731
1223,2.564574391949512,2858634.0784417684,-9798041.740159752
1224,2.5666808497683498,2885772.6198280035,-9889227.548674822
1225,2.5687773451615423,2916108.248340527,-10005896.028329613
1226,2.5708608935170316,2942621.9290289506,-10094560.55811952
1227,2.5729575952355885,2953515.715939833,-10135880.611841151
1228,2.575060651513359,2973790.570139443,-10220770.37112026
1229,2.577148431575012,3006028.8522570087,-10331817.262357559
1230,2.5792346077561192,3024662.4327380173,-10403451.866465142
1231,2.5813352493894732,3038684.394740463,-10450971.683811981
1232,2.5834369526956515,3079168.6162528372,-10600200.823766783
1233,2.5855218346006232,3083700.0289556123,-10612545.377241857
1234,2.587610713900489,3115476.5516580767,-10728453.308231186
1235,2.5897186990593415,3147508.823939017,-10846404.331566716
1236,2.5918181690667126,3195465.8124490273,-11014395.34786829
1237,2.5938985009385314,3194373.3959948425,-11016434.290569033
1238,2.5959901966325076,3222494.700998282,-11116874.483688693
1239,2.5980970827886534,3258121.6191930356,-11245761.52548367
1240,2.6001911974764487,3286044.9781735437,-11338386.147027573
1241,2.6022734575046016,3301794.7910148217,-11395443.12728555
1242,2.604374761438423,3343248.068169253,-11542745.47850976
1243,2.606480077670044,3367438.308161519,-11639534.427224679
1244,2.6085618800169397,3388929.3365353234,-11711826.601045648
1245,2.610646200048581,3427132.803426978,-11842886.33637434
1246,2.6127580952497533,3435672.664068729,-11887217.209475683
1247,2.6148609257992828,3475812.902944462,-12022907.98596819
1248,2.616933454172155,3488441.9430099893,-12070254.806240227
1249,2.619020659870304,3507608.9876908087,-12141363.64595934
1250,2.6211346279669097,3563074.0968895773,-12341497.241924519
1251,2.623236503452788,3584999.4626100096,-12419694.36413328
1252,2.6253090562225565,3592770.62072462,-12448844.075699354
1253,2.6274000701334055,3662137.645033909,-12695183.194279108
1254,2.629513118467727,3667841.369686575,-12723547.17740272
1255,2.631604301330356,3698213.1395312687,-12824704.08518798
1256,2.633685254021577,3723930.6059264056,-12909662.679805757
1257,2.6357889797673804,3788715.524493168,-13145621.188228311
1258,2.637895874321367,3800877.6354290247,-13190701.197888657
1259,2.6399747081141895,3808547.1392856743,-13223059.222037997
1260,2.6420591747927733,3815387.529328972,-13247675.730176877
1261,2.6441764666284318,3911344.7500703093,-13584577.07708231
1262,2.6462775406423154,3893880.8416697467,-13527304.549876131
1263,2.6483402943393326,3978787.5842713225,-13821702.86801958
1264,2.650428729148096,3973833.2079837425,-13820777.64345137
1265,2.652562718674548,4034617.8586832234,-14030860.929757163
1266,2.654664088292312,4067617.934792991,-14140497.239871508
1267,2.656712651557163,4093455.3174925875,-14248005.548241682
1268,2.6588106765908748,4101768.0557275633,-14267745.060878722
1269,2.6609452450324915,4181815.0000283774,-14550472.718803465
1270,2.663032290426174,4198163.568652806,-14615281.8104067
1271,2.6650914877184944,4207536.898711629,-14650815.37203582
1272,2.6671986225603375,4196857.962057972,-14606509.996045383
1273,2.6693218160411916,4323637.149443463,-15053603.218145328
1274,2.6714003686163363,4366179.662273766,-15208174.954951257
1275,2.673473653710363,4392629.843798299,-15300684.25618156
1276,2.675588689124729,4423569.730204146,-15416046.108973378
1277,2.6776964003773744,4485974.352156397,-15633036.019513194
1278,2.6797534796790945,4518042.256978683,-15746307.551485615
1279,2.681845016836506,4463022.261629915,-15562482.482376885
1280,2.6839785543392702,4537174.765110329,-15816359.107470158
1281,2.6860638705482365,4541404.711375711,-15829265.121814728
1282,2.688115580192901,4611181.267899478,-16085649.06659576
1283,2.6902421071216107,4708586.353241166,-16427537.412213458
1284,2.6923784453538007,4712225.145061498,-16442080.96088908
1285,2.6944235266222867,4802837.916525322,-16753873.052196674
1286,2.6964818302236213,4831155.526979643,-16856456.67012111
1287,2.698646249049189,4792001.965534463,-16732780.446125325
1288,2.7007725953070936,4894365.317807393,-17089977.067379326
1289,2.7027692368507834,4914372.227860471,-17152771.653594658
1290,2.7048443440936585,5002255.281656617,-17462778.73263516
1291,2.7070515904059915,5002569.607295663,-17469461.492852498
1292,2.7091632832728005,5068224.602616423,-17698820.60859826
1293,2.7110832098570423,5108619.956268484,-17836198.58439578
1294,2.713194248534394,5129122.513755238,-17923571.798475817
1295,2.7154564422347596,5126399.817525865,-17918020.793836802
1296,2.7175455830902693,5195470.308476683,-18159767.317398965
1297,2.7194409477796717,5259189.838139244,-18375109.477628037
1298,2.72159410281056,5357719.458336615,-18731720.84046424
1299,2.723868494276683,5369345.71106834,-18769738.03379286
1300,2.725905473691433,5333902.268721238,-18648337.152833905
1301,2.7277938720843573,5434294.6557317125,-18994415.26330018
1302,2.730005424734083,5533551.447338529,-19351025.18535759
1303,2.7322910595910366,5570252.174067789,-19478521.498077746
1304,2.7342323934891035,5547667.166446101,-19398935.75048762
1305,2.7361123669415965,5748214.387708197,-20095621.770339143
1306,2.73841292247591,5770680.440812534,-20182126.24848716
1307,2.7407262152838343,5881528.961716495,-20574690.301258616
1308,2.7424923562337074,5921266.434784565,-20717290.26675441
1309,2.7444202272828333,5899004.833349957,-20624161.49368119
1310,2.7468188489948773,6049126.623358541,-21152497.132760536
1311,2.7491571251284848,5876609.683755292,-20563136.787133347
1312,2.7509012180135843,6078143.777099808,-21266044.328011956
1313,2.7528220566885997,6188937.963028315,-21659043.54510447
1314,2.7552245852341666,5889785.549158334,-20603444.214871224
1315,2.7575799064734774,6123513.582266722,-21432359.780135684
1316,2.7593246433872425,6170413.137179645,-21603025.45904649
1317,2.761234187120032,6085991.297584893,-21291960.44859028
1318,2.7636390504715083,6291665.334176793,-22021754.643542882
1319,2.765948826576436,6610811.158950026,-23130673.482161425
1320,2.7676191435751902,6737357.904081009,-23561845.25915139
1321,2.769651838220211,6648938.084371945,-23266731.934357245
1322,2.772055945845228,6513529.17214729,-22802755.507880747
1323,2.7739175955497957,6535914.970904582,-22862469.754369773
1324,2.775657495525559,5887553.992644247,-20616879.4481641
1325,2.7780509401576134,5676121.401198324,-19866506.097402062
1326,2.7804282678176238,6716496.008301968,-23500576.847930167
1327,2.7823699672164355,7797288.444416803,-27282880.708607562
1328,2.7838806433920418,6368555.891112558,-22285469.971576713
1329,2.7859958234637583,22978362.65187169,-80424269.2815509
