,k,Pk0,Pk2
0,0.0029665470748989845,40900.82329569954,-66566.62631923826
1,0.005026374055021859,67490.31709013482,29954.829020516703
2,0.007149300621522788,88478.1533432571,6283.336628740437
3,0.009278869254964255,74133.09692394611,-16567.306055354267
4,0.011450332619344701,76736.07702980675,35388.48440564067
5,0.013492955871419151,82361.03469341199,-1325.0007062459727
6,0.01558905561191893,77078.16745304511,1285.256543014359
7,0.017694083672553172,77125.34798064578,2777.4090849184213
8,0.019817874803135297,72233.11647009918,8241.033604460024
9,0.02192074938196264,61038.0573057152,7203.451134612724
10,0.02398877635566245,59155.3677811594,-4295.07117565892
11,0.026092869718961156,52254.56073200995,1504.3388739108211
12,0.028234663152781798,47402.4481664217,5285.196579556268
13,0.03032284873509123,40906.31073919259,-670.8712300775788
14,0.03240263258943404,38898.60065133795,-1637.1255365964425
15,0.03449210129864554,35995.46053984053,-786.2477786317139
16,0.03658588147515197,33026.35578664203,-1531.3356189795302
17,0.038684769492669774,28420.254033436584,3733.193923042446
18,0.040788988884582836,26780.77850780089,-292.28450626565734
19,0.04289390876967646,26468.001689673634,-958.4031834748023
20,0.04498336005546935,23851.248965577917,2504.9952456193028
21,0.047064985294738244,22920.010944038306,-208.49984987883388
22,0.04917111919158227,22590.88196048268,363.3081404596159
23,0.051262169141742274,21538.238054587917,-1701.657662143815
24,0.05335525146837034,20957.344278977107,1485.866883509635
25,0.05546637228956934,20927.901459016113,3227.906226582372
26,0.057573188192548086,20074.764652087997,456.10212974211066
27,0.05965884044590281,18942.204135557153,445.84041118187685
28,0.061745123021595065,19015.008355895574,201.0524524419177
29,0.0638268929113719,18588.176586902522,1224.5695719230869
30,0.06592966228838451,17633.099855603232,-835.7315918603952
31,0.06803125784825748,16769.73374004301,19.051506379939802
32,0.07013131008699486,16352.683634354918,1341.457702546226
33,0.07223032366074338,15393.138344655314,1179.5203543617054
34,0.07432334270720506,14416.30757443162,614.1291272317512
35,0.07642066756954473,13785.223487499383,608.115775942775
36,0.07850471694556041,12992.30775126273,777.5988555579759
37,0.08059701946059529,12209.992435065,301.19654810702133
38,0.08269521798132064,11590.649298782979,297.30638839174264
39,0.08478307522909848,10866.152372576174,404.8607609063757
40,0.08687780839616016,10543.57691045199,653.489892048595
41,0.08897524569656534,9739.10203450284,571.7825511121837
42,0.09108077810470518,9429.154120789413,490.98870045978464
43,0.09318432266948053,8977.010613089264,537.932976722319
44,0.0952788764104831,8782.191133315395,148.2841146752134
45,0.09736254237981037,8500.447724864995,645.4449422157353
46,0.09944832814799408,8265.799921904696,313.60818228245654
47,0.1015460879802399,8078.810077711867,233.598178874275
48,0.10364263756677322,7897.316239118599,403.2895896431193
49,0.10573893905394659,7753.583299362404,338.2083608678495
50,0.10783958559814742,7446.580288920668,129.77925177854897
51,0.10993894058501318,7316.797049731294,346.20350807855766
52,0.11203921431523854,7263.340717704932,103.89135467606751
53,0.11412334585697578,7112.994914587169,218.31387251651586
54,0.1162159397555423,6952.369392424494,239.15241943602564
55,0.11831372048037725,6797.34487577252,429.0977276957255
56,0.12039723118070132,6625.031472807846,684.1714044331187
57,0.12249223631878574,6455.301217754455,207.39473492685764
58,0.12458825984258635,6246.22431075325,333.8835947296511
59,0.12668846771583772,6052.247672548177,112.40399397689316
60,0.1287846620419941,5917.923222389868,258.7022781448468
61,0.13087133937881498,5700.73413464036,207.99475737987726
62,0.13297548334406448,5547.648947276497,164.1602015725708
63,0.13506910815256093,5424.017682939495,276.8496051634508
64,0.13716388258568254,5237.180704916036,262.09000434829255
65,0.13926047573721634,5149.364433849212,411.8416438501241
66,0.14134668829083769,4944.941699231095,95.79108786393726
67,0.1434475230090064,4777.2599807482875,287.9344472678272
68,0.14554528534185418,4652.21061403884,243.42359449207638
69,0.14763320610735878,4605.751285073066,244.1221303949054
70,0.14972114728432864,4439.446771710909,163.40105447503305
71,0.15181380487515775,4345.0074048122915,421.40319487589085
72,0.15392114901003526,4254.181624663361,398.1285309467473
73,0.15602147473412367,4162.118683542014,330.20805115945905
74,0.15811617475881218,4049.074994998255,213.9297164129873
75,0.16021187122717997,3961.7006230268657,210.86768105746742
76,0.1623006419462899,3908.687348842241,344.56446392987647
77,0.1643899033199985,3830.181126118159,267.4265212565908
78,0.16648355823815117,3776.738787124817,217.53861538904707
79,0.16857196837784735,3685.905583068865,225.14228609050517
80,0.17066413320893647,3607.0565585053414,192.93609240094554
81,0.17277086992561352,3551.817199655322,202.9446635860359
82,0.17486965460096995,3455.934791533742,218.7005435075717
83,0.17695857694944453,3402.3077865017476,347.6038813298366
84,0.17905245093155753,3365.11801140061,352.3354159894331
85,0.18115265212612636,3264.5153243557443,201.29345253270083
86,0.1832476884130739,3190.055978856822,277.49901989855795
87,0.1853312475833926,3144.694926514518,258.2500137668911
88,0.1874284892203219,3073.1376544843365,278.8376895209312
89,0.1895337179075755,3021.8157969805075,202.50468889752617
90,0.1916268196474026,2953.3116994060656,293.31531281968773
91,0.1937183403446853,2898.00419906379,240.81807414443415
92,0.1958131498886989,2849.0494332712497,317.33645295937714
93,0.19790587400989662,2814.0295682120113,174.53030780469877
94,0.19999906515978938,2760.7220763853184,257.03316465604723
95,0.2020893038374759,2691.9948660069176,245.95247868474164
96,0.2041823192148178,2640.372082089669,184.84853049027882
97,0.2062825911013838,2593.295700633704,196.66756222663068
98,0.20837701891459662,2546.9705319835834,282.03202369952146
99,0.21046758167944032,2500.5188255813637,302.9980581072299
100,0.21256678542440183,2457.0157137433375,178.6641779907284
101,0.2146619261104852,2423.455355446731,224.53547164097796
102,0.21675618057220372,2382.198515591987,332.1368302396786
103,0.2188528705899679,2361.0642016694824,215.38846659493652
104,0.22094564274530842,2300.2895818185434,265.21083006974123
105,0.2230395148320731,2260.8839668838173,253.28603551963914
106,0.22513567328585352,2230.0455550881015,222.58746707340435
107,0.22722785048644015,2198.987210097184,248.27494769571427
108,0.22931975112872324,2159.6664738277436,235.6447428565181
109,0.23141147723465103,2135.2492630273805,248.42856185155827
110,0.23350584674782457,2077.6194116693787,300.2612018361231
111,0.23560416522029054,2054.1546877725273,244.67724656098696
112,0.2377006336558307,2025.4171595349262,226.07179330452206
113,0.23979727503904752,1979.6891336778012,271.24405525968047
114,0.2418944602532704,1958.5889720906155,259.69736504652974
115,0.2439884227569783,1914.1981815100921,225.68161674796227
116,0.24608359968283072,1903.18049405552,242.62259695387894
117,0.24817552807053123,1873.364650164639,253.3381839356505
118,0.25026237006475704,1841.8476146045332,303.9109401113497
119,0.25235861551053484,1821.1114712608844,224.48249195542465
120,0.25445470778669854,1775.0931650744412,270.591404800864
121,0.2565487653287422,1753.8495760592648,251.21720973907458
122,0.2586464955058471,1731.5168126731314,290.8813165613189
123,0.2607443047329862,1700.6240146784103,290.9860731355532
124,0.26284383121734134,1684.4594190878574,231.026096435236
125,0.264929885565984,1649.2840154219748,288.39804986241563
126,0.2670163698864118,1630.8992931878229,268.9400707694789
127,0.269112135390912,1613.068234734563,267.5362986360715
128,0.27120764961246213,1584.588766952647,270.5052336239646
129,0.27330509996536784,1569.2743665831003,284.90192195636877
130,0.27539842121309294,1547.7502128832293,252.40776491969496
131,0.27749656900268016,1513.9716999229486,269.5173777635448
132,0.27959864364035925,1502.1876768314746,291.8075414362437
133,0.2816878213234348,1482.6381220062876,274.52181953845843
134,0.28377609558542155,1450.1825893453301,259.7986095827984
135,0.2858732754634003,1439.0455465264984,265.8393587271051
136,0.28796861590208045,1410.7796838725346,273.3087724309805
137,0.2900612915162532,1398.5605628756673,275.48808795860225
138,0.2921547032025089,1374.4858140105866,262.86989573601033
139,0.2942501291133245,1356.137732998973,271.4482797297373
140,0.2963444256131289,1344.3240003209266,278.103316275976
141,0.2984361415704375,1327.2492979125063,262.131427100015
142,0.3005318840555698,1309.8239605616195,264.8984652286292
143,0.30262777760316095,1287.9316974242208,280.17328448470835
144,0.3047248035439954,1278.2831939505509,271.32802823171835
145,0.3068210272572538,1268.5126706836825,274.93518537891913
146,0.3089144805088237,1238.8398141692664,264.4282536302098
147,0.31101080657849756,1223.3115853604115,288.4391003446819
148,0.31310885951912926,1216.0361028973864,286.54055547141394
149,0.3151991603466065,1197.4909318643176,281.0999301067047
150,0.317288667284839,1180.9854835531366,269.4485601841365
151,0.31938044185106124,1174.391974694874,284.8363000916169
152,0.3214783648369702,1152.3278973892138,278.191502425792
153,0.3235785211189416,1138.2174011547283,284.2813001328819
154,0.32566935894833426,1124.7339984697592,283.385505681797
155,0.32776077751211374,1108.6499159436974,276.56170735477315
156,0.3298523230655558,1095.2274417462875,280.9401856921813
157,0.3319485433973702,1084.0561333369365,278.19867172458436
158,0.33404540358127904,1069.6193049091237,280.8220410815063
159,0.33613494177837844,1054.5872011790402,276.75736806145335
160,0.3382313832787478,1045.7356231983854,291.15454781363593
161,0.3403308518124324,1031.7170634716017,282.4889234236852
162,0.3424246601457981,1016.9554442510902,284.0025289062286
163,0.3445197272986724,1009.6014485015772,289.9031936719373
164,0.3466158524641983,997.2621236756,279.8271416300051
165,0.3487089916477683,982.1426706622809,287.48793540900374
166,0.35080114560367615,974.893340435813,289.124237043354
167,0.35289356821720286,959.1465862073538,282.60642086816324
168,0.3549881110219297,946.2884338222742,285.001987049458
169,0.35708559248027844,942.2999557718387,303.72356112729796
170,0.3591813496003593,930.5666398434294,289.71027262922263
171,0.3612749400626811,921.0179973641235,285.94785966526155
172,0.3633693413142722,909.9950492881378,295.73313268872243
173,0.3654632219855477,900.5693333505419,285.39590376134504
174,0.3675603773529471,886.4265900201916,290.7356139297751
175,0.36965434919829326,878.3934259256109,288.7119344478023
176,0.3717418094879197,866.1274821449563,290.034940937167
177,0.37383404253825586,858.3172472333346,285.47090592270683
178,0.3759308579415973,851.1162945876519,294.4635147661067
179,0.37802985088946095,841.4821400703041,283.52965114439814
180,0.3801213498834686,829.2480298540557,282.7624177752834
181,0.38221306010699313,819.6044902837647,293.43011823939844
182,0.3843141376638833,811.1248130716858,288.4924665618389
183,0.3864096355836929,804.4901346617354,293.43522622305045
184,0.388502907295756,797.5827542499892,293.6877722938581
185,0.39059769208540335,788.2936157460529,292.62553396705255
186,0.3926958121232196,779.8479352182206,278.1891351511285
187,0.39478921808384226,771.0554713778366,297.2004465211755
188,0.39687821409975554,766.1281049440661,299.90399358643236
189,0.39897073627813356,756.7381850840034,292.1798328814386
190,0.401067192451382,749.0403707817374,288.44669069592567
191,0.40316228148056854,739.3129059259587,292.8079089902895
192,0.4052546340249366,732.9289792216507,292.59063919994355
193,0.4073499183903822,723.635611969414,287.9529839181941
194,0.4094468722071623,717.2944330437584,295.09724388933313
195,0.41154432885897757,712.7513717445254,290.3324648148711
196,0.41363408239228544,702.8940498617833,295.93640826383717
197,0.41572494638156243,696.8166772950365,287.47251937423925
198,0.41782181997781404,690.5810378895685,288.09406490803815
199,0.4199166506307261,681.3275348341135,288.6834931081438
200,0.4220107143757513,676.3702063545828,292.272260993221
201,0.42410542949066876,668.4614949369442,289.368869143545
202,0.4262013850195404,664.7268607139508,291.8176301961666
203,0.4282955296445312,654.0253542302194,285.15466727798605
204,0.430391806688861,649.8501415569667,286.8923728405968
205,0.432488575457924,644.4395502034209,296.7910130537281
206,0.4345806090039814,637.3003146414661,292.14923890019463
207,0.43667244097425384,631.9910091851655,294.2639773925621
208,0.4387671492209622,626.8090357337641,290.39200422793573
209,0.4408622534544343,619.912894918306,289.0102782119295
210,0.44295516415095815,611.6643099761945,290.73436758151706
211,0.4450482683181851,607.0267805213458,287.79853477295586
212,0.44714683875742495,602.713874401797,291.16992762359735
213,0.44924362280569813,597.6101919392996,294.0149523737597
214,0.4513338633316258,591.5385339808463,294.82207146234015
215,0.45342753643259276,588.3069350120707,292.41488763243274
216,0.45552189548586586,580.0833787250126,292.69250299633705
217,0.45761716616081083,574.8558116824216,290.37839821824
218,0.4597117909764672,569.2889638435291,296.50148634585145
219,0.4618031890496857,564.5111763516719,284.89676522163103
220,0.4638995470730997,558.9374469883406,292.44406035063236
221,0.4659948171464902,554.4351176108518,290.8895299015322
222,0.46808929446972725,550.6720119582222,288.8558426199675
223,0.47018492649495636,545.5094247405448,290.5540837465123
224,0.4722792778491551,539.2091771175122,290.9653797299852
225,0.47437272572904565,535.2772212392442,287.8474423070344
226,0.47646593372141327,529.2735451509602,282.07098486779915
227,0.47856230727426236,528.2462818068808,288.3350360043059
228,0.48065904058976644,522.4541398343698,291.32194388590995
229,0.4827512226177774,515.4142217153895,291.7972029315844
230,0.4848441163240575,513.265132496983,293.24687905471524
231,0.4869397730506266,507.8095822079404,286.09191357038065
232,0.48903678813400875,502.564884259277,289.3467261384905
233,0.49113096964965397,497.9855045696504,293.1341351863297
234,0.49322332174786626,493.6460718595774,290.5386791726481
235,0.4953187148676145,491.03120570326536,286.94931373297976
236,0.49741120358770496,488.0107061410838,292.3884230063556
237,0.49950082345999325,482.10791390261755,287.3497973095342
238,0.5015952506837275,477.90975150839455,286.501069023693
239,0.5036919972981919,474.9804688204038,286.1696994591017
240,0.5057872116617207,471.55315894731433,291.55709899462704
241,0.5078828569897101,467.00358213147643,289.556786866183
242,0.5099793452386306,463.8634386906984,285.6000564194199
243,0.5120767256379639,457.74628603547797,283.00417877353846
244,0.5141702395931294,456.12634377203807,285.7181734212774
245,0.51626132102766,451.3156856663205,286.03841929751826
246,0.5183576899265504,448.36754907987824,284.43310484736435
247,0.5204524416424112,444.1605405152388,283.3331608959558
248,0.5225430403510469,440.02634464303634,280.7394570797202
249,0.5246378991347941,436.55445382548226,282.41282949693976
250,0.5267345150769579,433.96951360785243,284.4929572680998
251,0.5288284644781793,430.33531586704976,285.9104905201385
252,0.5309200047543352,426.40410594527424,285.7466438836711
253,0.5330154787982235,423.11249112931307,282.19774805263614
254,0.5351140455458262,419.8677236910926,280.6876904860247
255,0.5372066203065362,418.1182447042344,281.9008672898021
256,0.5392991990272246,413.09319690574875,278.6596292060124
257,0.5413944118270408,410.3775270868099,281.38570192681846
258,0.5434881995106379,405.2019036075821,277.124956479097
259,0.5455829952492127,402.98742547417066,279.44922533974756
260,0.5476769745662954,400.53008065082815,279.24540616819274
261,0.5497697255495043,397.5917794354513,279.2064055669418
262,0.5518645446467839,394.85640698195454,279.03343515132923
263,0.5539598571350287,391.7107928068068,279.11144030175194
264,0.5560564538950566,387.14071935506695,273.66530766166625
265,0.5581500505101624,385.4127349080539,278.5153835411861
266,0.5602409063261653,382.8689888252054,275.94288769560325
267,0.5623379637803174,380.42693896215934,276.3811828798488
268,0.5644363283026402,376.2483051668062,274.18109821080986
269,0.5665273824761494,372.90635713189386,273.3387405860498
270,0.568621249018378,371.0754090507675,274.8198869221199
271,0.5707181447612965,368.62288957544365,273.5460574979194
272,0.5728127938597997,366.4623546008431,274.9432490580458
273,0.5749070881546879,362.21914827696406,272.13021515695095
274,0.5769991470923068,361.4607148975028,275.99640302317147
275,0.5790956911760897,358.78912179688547,276.3968269276921
276,0.5811893306261757,355.21171984962314,274.12626638719087
277,0.5832802267374103,352.21723319082423,272.81030450151684
278,0.5853761830306536,350.02292308553905,272.44821575906417
279,0.5874711784415975,348.18794576136963,271.7189045552648
280,0.5895653958899879,343.84667325464545,267.5416150377142
281,0.591659786459685,342.0037368008627,269.8483584888571
282,0.5937551851921442,339.87896978596257,270.4000112673798
283,0.5958498092767481,337.8413472454854,271.2200796949025
284,0.5979447066705442,335.35042272762644,268.6882260332635
285,0.6000383505174957,333.4465926522314,271.22386076034167
286,0.6021313016181767,330.1582906370587,266.7726421598752
287,0.6042246965556944,328.0813562091147,267.97010145188824
288,0.6063189733697846,325.83111985237764,266.1175308767934
289,0.6084147213727373,324.1398585191539,268.06527118583125
290,0.6105090855473989,321.14578929169153,263.1214681230047
291,0.6126037649785722,319.6433764878156,265.7579140290104
292,0.6147002391370655,317.9157630860657,265.1856761611765
293,0.616794938930829,314.2623861638595,262.25967212836355
294,0.6188886865784012,311.2474326287042,260.79618679760875
295,0.6209825762252046,310.81691420507804,264.1077355788014
296,0.6230764414889526,308.8800157041065,268.53928219988757
297,0.6251725389343245,306.53391504479964,263.53950848623043
298,0.627266923011265,304.2996233676903,261.3819540815555
299,0.6293596211388142,302.3650430870767,263.45993187869436
300,0.6314513250607457,299.51470953292164,260.64119504593947
301,0.6335475720513941,297.7061973532835,261.17220575465564
302,0.6356444982495617,297.05120313021445,262.9208487294705
303,0.6377358562255245,294.09434908610154,258.8741537154579
304,0.6398302949107263,292.17174797412594,258.3090898903113
305,0.6419256185614247,289.5789081693187,255.71120890548414
306,0.6440214843206593,288.52922966686305,258.105515800876
307,0.6461142033434962,286.4784549824322,257.13945766435444
308,0.6482061138478032,284.96707059039215,257.70191622762087
309,0.6503020867345045,282.3005560618855,256.19332771234156
310,0.652398185537932,280.71041428164915,255.7099792086602
311,0.6544932048530038,279.1192196948301,256.9038821907126
312,0.6565867871776386,276.3701651234745,253.40495339055508
313,0.6586827890115348,275.98064049236325,254.33630408546466
314,0.6607793300725506,273.4183367811021,254.03271649107373
315,0.6628724964198541,272.0944811047687,253.6372942582803
316,0.6649654402217313,270.51070550453096,253.954964798047
317,0.667059865407609,269.5279595331813,252.87627807053732
318,0.6691532523078332,266.9378905370158,251.35051764553853
319,0.6712457992597233,264.5712486035043,250.62316970000407
320,0.6733390782258323,264.26519214019305,252.1886070020149
321,0.6754367503383576,261.6147678879465,252.007305706474
322,0.6775335143160066,260.3925391342459,250.08733960441984
323,0.679624621064033,258.4487949826498,249.90284301038486
324,0.6817180292738917,257.29697294217334,249.986422203291
325,0.6838149015047629,256.15822483404446,250.88590691356393
326,0.6859101434268815,252.8622252942508,245.7417810462505
327,0.6880046468184081,252.08840752321274,246.96487268105085
328,0.6900999637264865,250.68670390526947,246.55824673794766
329,0.6921965733216279,249.48891427069438,247.13745442686877
330,0.6942884945981568,247.79017363867376,245.55335982872094
331,0.6963781649531228,246.40179862802395,244.7844628168996
332,0.6984747371200234,244.68982069243535,243.6653809996039
333,0.7005690388882679,243.01283905178244,245.40323757436394
334,0.7026621579778546,241.68068506855997,243.43157363958147
335,0.704757268847954,240.0046908079797,242.7758175860897
336,0.7068509057629639,239.11618952721548,243.37608237679936
337,0.708945644402387,236.4331170150289,241.11928330031017
338,0.7110406815970572,236.43670609378276,244.06842320019635
339,0.7131372373036142,234.33499343639892,240.6992561843049
340,0.7152323589250973,233.13783477786785,241.31347351651942
341,0.7173245162021571,231.53200405564917,239.9006466824497
342,0.7194199711852413,230.5536077758318,240.4111538299881
343,0.7215151322330351,228.73206753235635,239.3516142060609
344,0.7236102334592447,227.512536620707,238.80110335969056
345,0.7257047129497166,225.76475640577254,237.09059905276257
346,0.7277958825256088,225.11693347786652,237.72899413378488
347,0.7298900912292255,224.1195831259373,239.17563353172642
348,0.7319867159780691,222.13976378701958,235.0561072379362
349,0.7340808521059053,221.17422737667886,236.3679735890532
350,0.7361738853270124,219.6485987968546,235.67474501095487
351,0.7382682123604443,218.6289975343224,235.51618848757812
352,0.7403641944498084,217.37719960831498,234.88195731186923
353,0.7424576311971561,215.77567777616753,233.4274705086842
354,0.7445523870480827,214.723686580696,232.75609497832963
355,0.7466478284648128,213.79144870948306,234.43739288898539
356,0.7487413917548734,212.77495000451026,233.07807426492025
357,0.7508354594737505,211.55183085845223,232.4868173165155
358,0.7529278056847568,210.1226114154328,232.18309066701391
359,0.7550230257904859,208.54189596750624,231.3137941937206
360,0.7571167923480437,208.01185520895407,230.84495316813232
361,0.7592113317151179,206.86431853143333,230.6601986282384
362,0.7613074731933067,205.4790065171047,230.34461661833626
363,0.7634009581307508,204.53992901043893,229.5898125317676
364,0.7654969266569684,203.35353641555287,228.27684888671274
365,0.7675905899780763,202.4070723870092,228.64781473939112
366,0.7696837880547684,200.62024942626672,226.87775811466773
367,0.7717795008463626,199.6150431052658,225.75911609906322
368,0.7738757788346248,198.44915365950746,226.01893642719278
369,0.7759706260990727,197.53187248317695,225.8445481234572
370,0.7780620795267656,197.1413921322388,226.36630242667331
371,0.7801559906208961,195.28425361337275,224.35496075789416
372,0.7822523136569128,194.3547870483889,223.18435588955577
373,0.7843481481853999,193.36645927026353,223.61318144257768
374,0.7864425511046899,192.55058203142812,224.01830897720555
375,0.7885343495966205,191.04143841054946,222.12386133677253
376,0.7906286372458883,190.70237368233848,223.76657428482346
377,0.7927244345313397,189.0591800236881,221.28364425510966
378,0.794818005513127,188.06296788865615,220.88645826436343
379,0.7969121491149282,187.40912328883778,221.70767119769812
380,0.7990047112993173,186.57086542106268,221.1156911801201
381,0.8010984966914405,185.04415928506992,220.02842293556333
382,0.8031950165575023,184.04577585040622,218.4430239107228
383,0.8052905677217739,183.2264234197659,217.97440899736694
384,0.8073868841230295,182.53212113873022,218.24963942549988
385,0.8094800557409162,181.81851431185945,219.86629149542568
386,0.8115724907946299,180.4991365684834,216.25353955354188
387,0.8136674854006812,179.54672162250546,216.76559184405434
388,0.8157633267681768,178.51333550879173,216.51686458541056
389,0.8178572815764139,177.78663091323884,216.51654585082977
390,0.8199509017046862,177.2514460440295,215.63218643121803
391,0.8220464110750062,175.59506334378133,213.19155595145358
392,0.8241406544737637,174.95021327905113,214.3460526379583
393,0.8262328397247414,174.03282675401604,214.10370494914605
394,0.8283269471334518,172.82977034015752,212.53628685459563
395,0.8304231064697798,172.0657955697365,212.0129552085429
396,0.8325161683796762,171.3928029834897,212.44024724025184
397,0.8346105557242035,170.54048140538063,211.2766687594659
398,0.8367059794413102,170.2093458679605,212.67740547208828
399,0.8388002445604258,168.77548518768137,210.75828317037193
400,0.8408960756111226,167.9503285479556,209.72007208843226
401,0.8429905652842218,167.35360777787122,210.37691278750896
402,0.84508401313589,166.41065675190623,209.73842779570174
403,0.8471791713809247,165.49618918570687,209.01101648190868
404,0.8492743362825239,164.93526143847453,209.1129128691442
405,0.8513668888602299,164.0324684335241,208.47723243050174
406,0.8534589296280589,162.91502224956827,206.78368239478883
407,0.8555558405338324,162.04069906431604,206.70276339192955
408,0.8576516874123633,161.39653090878696,206.33326753647697
409,0.859744590599333,160.63459323597243,206.22986814843634
410,0.8618400547669827,159.66254425238847,205.13858454239138
411,0.8639350434441438,159.18194432041727,205.66460855914153
412,0.8660280248974203,158.81466417907245,206.53298582899234
413,0.8681201347325478,157.6352829445711,204.04040158148385
414,0.8702157283801463,156.51518633452545,203.52449114183878
415,0.872310621353091,156.38398751913348,203.92283055401157
416,0.8744020359703552,155.7874752642528,203.63778735208086
417,0.8764972088477568,154.75098981600408,202.33473764175096
418,0.878592835994214,153.94119216379474,201.9996356323229
419,0.8806870131084201,153.19065377074045,201.67009079174767
420,0.8827812802431019,152.78272871384448,201.3880550584051
421,0.884877279658285,151.67605878363574,200.15542160843546
422,0.8869730004154345,151.20657081971848,199.92449921289037
423,0.8890661750433553,150.53392866945322,200.86297137419268
424,0.891161435679344,149.9224115586276,200.30613448124612
425,0.8932577960179496,148.86081443447986,198.74916289029136
426,0.8953527392107627,147.94462769258422,197.51122096712206
427,0.8974462460666859,147.678529537701,198.51954607038462
428,0.899539340962409,146.9556215158571,197.1330905321361
429,0.9016318169027592,146.12650476444665,197.11733968780115
430,0.9037252249745606,145.6258435409076,196.52329105284838
431,0.9058199443223193,144.94556101099138,196.50057863179939
432,0.907915243986348,144.3220827799916,196.12504200379973
433,0.9100128049501981,143.36450220883248,194.78872631238752
434,0.9121059966002629,142.93627190184117,195.200598229019
435,0.9141972861830797,142.30993879877786,194.00314624785867
436,0.9162932496702593,141.83880192065294,194.38816150318826
437,0.9183878012752863,140.5819272459524,192.0581808559417
438,0.9204823185419505,140.45380687224863,193.5024871308322
439,0.9225773629784582,139.3554530764287,191.40120434310205
440,0.9246718174739146,139.0603939146342,192.00035275281232
441,0.926766211900197,138.34354625244967,191.83289423009344
442,0.9288591582540804,137.3902803804467,189.7231262969204
443,0.9309526610700547,137.38344815503095,191.3967695227563
444,0.9330479303067369,136.4932523647007,189.70982597335464
445,0.9351433527997749,136.1064691026797,190.5270329753559
446,0.9372383527365933,135.38484997655087,189.27985969782605
447,0.939329757499591,134.55959968336813,188.027944514086
448,0.9414230571985791,134.34214194005747,188.5528749230909
449,0.9435210054806012,133.6399421682843,188.31260693439205
450,0.9456162503172072,133.27381220960376,188.2104434774005
451,0.9477100092887099,132.2336376794889,186.44716827356189
452,0.9498046323041349,131.9249127186986,186.72339674182314
453,0.9518991548408083,131.62708821578397,187.3959865188584
454,0.9539929332702277,130.58571516277215,185.40544759326463
455,0.9560874898052096,129.96924119826386,184.81958004404177
456,0.9581824530689178,129.84306076857365,185.8341469869842
457,0.9602770371571748,128.80140690865068,184.179213501017
458,0.9623710723241273,128.21277608227865,183.1018930722451
459,0.9644648349083941,127.97657757519579,183.74339688178335
460,0.966557887379011,127.03899789532818,182.60405794830098
461,0.9686513195291268,126.5628900941896,182.15756307024395
462,0.9707470393683869,126.42041342112232,182.68888058078295
463,0.9728419987888902,125.90098789339459,182.22748369900654
464,0.9749363451418961,125.10578026062268,180.9741175682123
465,0.9770319720978949,124.84915557127135,181.3295407530532
466,0.9791260608689247,123.82564601173073,179.98703836202515
467,0.981219993418123,123.56394681839338,179.99094592467378
468,0.9833154848012966,123.03881503779792,179.63719772513812
469,0.985409217900734,122.50945391959783,178.97534364595356
470,0.9875034929558208,122.25782142154262,179.90435355032625
471,0.989598845059814,121.69317869069576,178.70817670476728
472,0.9916925524589582,121.36169954706698,179.53893703196735
473,0.9937866222530743,120.45766320826594,177.1235678130839
474,0.9958822538585521,119.92423300108807,177.19756044991965
475,0.9979763461234663,119.48823466904257,177.0800912875409
476,1.0000687382803208,118.89755984024535,176.2965822905948
477,1.0021620574674717,118.31144943459239,175.12766553493128
478,1.0042566040705312,118.17993124999361,175.87043256434995
479,1.0063510481087232,117.9362528577455,176.06576726627694
480,1.0084458017147504,117.03447068074773,174.57341834985067
481,1.0105412449330358,116.51324701614362,173.97901294456582
482,1.0126363206852906,116.36726805387212,174.320535706288
483,1.014731689048677,115.87845768090745,174.26545409401075
484,1.0168251811607234,115.13812169689588,173.18698191293487
485,1.0189183181794257,114.92323154854711,173.21988591173013
486,1.0210135131858313,114.25977301541816,172.05360019451518
487,1.023107899818119,113.93860413482719,172.27700861770757
488,1.0252035642142994,113.44548393556899,171.61540985932345
489,1.0272979326699727,112.95177447999113,171.3906627125098
490,1.0293915165160124,112.58089671227377,170.8625147523677
491,1.0314862118776227,112.24985694362272,170.9922626958288
492,1.0335813276438528,111.72793409054577,170.2539905681831
493,1.0356760372494827,111.23923492178096,169.7434865991618
494,1.0377697665518313,110.86541816817748,169.85894396401795
495,1.0398635542890804,110.28080689231649,168.68983441562767
496,1.0419580022733907,109.99762189925158,168.9499293439612
497,1.0440530837182007,109.42904975525899,168.2102452596739
498,1.0461463909219801,109.10847447979727,167.62870896561913
499,1.048241289239942,109.0664428723528,168.9791963087393
500,1.0503346504195201,108.23460239189211,167.25438064730938
501,1.0524278880438542,108.02863108313545,167.30728556542098
502,1.0545231057279465,107.54752439314622,166.53510201307432
503,1.0566172205725972,107.01339441207244,165.96744100719383
504,1.0587125681053644,106.81314950817615,166.32621305142246
505,1.060806974942881,106.5132910283214,165.96379341424122
506,1.062900937291859,105.94638774899003,165.34144769706668
507,1.0649968400029963,105.4463724370951,164.769901528929
508,1.0670917748856612,105.10752914236814,164.4966917991559
509,1.0691837840599538,104.6270159005219,163.9592018978894
510,1.0712784055790137,104.2234831254957,163.26102160315938
511,1.0733741944109443,104.26476353447069,164.40081335355143
512,1.0754689143080451,103.73461175807716,163.69347212281062
513,1.0775625935653539,103.0355307510011,162.00163785601785
514,1.079656551776009,102.77236604187279,162.22491483493087
515,1.081751759033872,102.38963461899186,161.82736141180047
516,1.0838450038800544,102.02474013345545,161.63001013288672
517,1.0859393346043436,101.65235261520259,161.06950013048814
518,1.0880340737032612,101.27823730885358,161.19185202227573
519,1.0901280973397867,100.80749364758904,160.16518703294383
520,1.0922232205093443,100.52337036173492,160.1701254804817
521,1.0943183198095006,100.25230547410887,159.86866246009214
522,1.0964124680620808,99.85130185465752,159.32789483933712
523,1.0985066965945804,99.56773475550263,159.53246863804688
524,1.1006022506925348,99.05996888983066,158.54245895172872
525,1.1026960746069068,98.76716670869348,158.442773527917
526,1.104789420523433,98.57442347469312,158.39900792270421
527,1.1068841457204943,98.06226423372695,157.6992316612801
528,1.1089772649904681,97.95575774445085,158.04944738387667
529,1.1110723868790173,97.46312380337227,157.43730894004645
530,1.113168427194727,97.05142807915236,156.7077295676663
531,1.1152626776337078,96.8523368374147,156.6303768208109
532,1.1173574051129724,96.44758093374158,156.4431073214998
533,1.119450573697561,96.09793240796849,156.11495425506072
534,1.1215436337779248,95.69924172620046,155.29585790969375
535,1.1236390334415942,95.70741472133119,156.23242927244561
536,1.1257332200225998,95.15829356777586,154.81234340337886
537,1.1278283378211404,94.80941444143542,154.69653785892228
538,1.1299238131648552,94.49240348720909,154.40619183016338
539,1.132017447124327,94.06221113290944,153.79903405430184
540,1.134110650036949,94.00969908780856,154.4166874703457
541,1.1362036259959787,93.46817956715519,153.35053046252142
542,1.1382991427598659,93.270015154342,153.32584377384006
543,1.1403936066737896,92.99533346088404,153.3025525308774
544,1.1424878264606209,92.59874247836174,152.40211719634416
545,1.1445836717483504,92.40477054200136,152.6173362005638
546,1.1466778755714095,91.9980393351374,151.63756135001208
547,1.1487715351237628,91.84803940469675,152.13603307729736
548,1.1508672245306748,91.4153946766545,151.44250155740858
549,1.152961670034179,91.26732410083667,151.5118900086684
550,1.1550551275418117,90.96495281089175,151.24730419346156
551,1.1571500620004906,90.44986651110874,150.36759800936645
552,1.1592451155989445,90.44905259051858,150.83843992992774
553,1.1613401484055899,89.88278877525178,149.75666934778164
554,1.1634328135986687,89.85571541781673,150.42983572158974
555,1.1655280225544649,89.39505879990635,149.31971249294742
556,1.1676232414157608,89.04803568842533,148.8809121581282
557,1.1697157183635434,88.86506876902305,149.02630930720983
558,1.171809765164966,88.49620616822273,148.44666151779163
559,1.1739036754657965,88.19769683241023,147.88090977293754
560,1.1759974618047027,88.011778861282,147.89914369615425
561,1.1780927342002254,87.70276239277369,147.45797116448506
562,1.1801886215978319,87.36227188518883,147.15172778780624
563,1.1822824649467334,87.15589991532863,147.28456867503434
564,1.1843777187054296,86.87338258042116,146.64642577268884
565,1.1864731317277017,86.64777573290812,146.55733061292457
566,1.1885662199882188,86.34476762979651,146.15968255488752
567,1.1906603290984812,86.23536871772191,146.45189054536104
568,1.1927560449071208,85.92115938758826,145.79033252368376
569,1.1948501301675682,85.76975006054934,145.78539867965367
570,1.196942866326464,85.25054092083217,144.86304768156975
571,1.1990363434731066,85.1125665252711,144.9393894942515
572,1.2011315528209288,84.96858080592858,145.05008252359812
573,1.2032252726398727,84.61797911589127,144.53329505463884
574,1.205319131714267,84.38180349706624,144.43955806313116
575,1.2074143429200774,84.04478435147603,143.860911022266
576,1.2095073316728018,83.8987406861457,143.76060276075688
577,1.211602159357548,83.50197733725068,142.99406621395147
578,1.2136984428310558,83.51148130412084,143.49205741782853
579,1.2157943340364452,83.3275899989692,143.30932436667865
580,1.217888268816351,82.98736673505138,142.96166453758886
581,1.2199821909033837,82.58936292942911,142.0958407721177
582,1.2220779372220854,82.33284333209984,142.00115981169517
583,1.2241720630448372,82.15650993294162,141.91293253460378
584,1.2262656486341297,82.10092234994319,142.13803367868388
585,1.2283602712023978,81.7942850540577,141.52518122611855
586,1.230453847781421,81.49244006457221,141.31958280593437
587,1.2325484279288663,81.27796467460215,140.94645889801643
588,1.2346427330328844,80.95954068335682,140.57503937320016
589,1.2367368340043534,80.78947690519205,140.46313720946804
590,1.2388320989568682,80.56883904808784,140.1181821412927
591,1.2409254956441091,80.38518995243082,140.0746495136534
592,1.2430201387037565,80.19879701011259,140.06860321070704
593,1.2451147141570293,79.97334965694291,139.77897388581016
594,1.2472087367784284,79.61882814363014,139.06560804142333
595,1.249302614173833,79.59729664760283,139.2081176694588
596,1.2513971052845823,79.19981339263877,138.70304857126064
597,1.2534931066319515,79.23021464309554,138.98592940487777
598,1.2555863817711985,78.88438596778819,138.43947877936606
599,1.257678969059161,78.61523780547336,138.07056268744512
600,1.2597748382104277,78.51880316553577,138.1348525551047
601,1.2618698898493887,78.33853149825357,137.9338103965579
602,1.2639640740660565,78.06368145592789,137.51566196837038
603,1.266059176034634,77.97475580176857,137.7266588590402
604,1.26815329738596,77.71234777154733,137.11539109234408
605,1.2702469827768745,77.61484155320235,137.31659605409087
606,1.272341439773769,77.33249469905823,136.86333173203423
607,1.2744361591580655,76.98520822058454,136.2107239184943
608,1.2765301570381213,76.92552070540779,136.35102715754755
609,1.2786243195908502,76.61524196586575,135.93215832665825
610,1.2807201779848052,76.54163330885585,135.96935057802418
611,1.2828149770647865,76.30555568114383,135.71228678812616
612,1.28490831046805,76.30178459866765,136.0794127134956
613,1.2870024746125797,76.19882444059361,136.01319352349046
614,1.2890960788179595,75.72933425840809,135.09228936649967
615,1.2911903407610128,75.7127610659976,135.18792822555963
616,1.2932847299377603,75.41429284181281,134.78296926952342
617,1.295379834193548,75.31552409570486,134.87087209904902
618,1.2974743412448833,75.16097229014548,134.8800597666835
619,1.299568838606027,74.88126015429934,134.23620192448445
620,1.3016640567270552,74.72815019833077,134.03411511833482
621,1.3037578272673165,74.66004287273235,134.19493562947838
622,1.3058518980796576,74.30992338310998,133.33473155540648
623,1.3079469520711469,74.29699894924123,133.6809918673547
624,1.3100414674631762,74.1415102488162,133.6928629335646
625,1.3121343419146885,73.95003248122975,133.51872497130287
626,1.3142291157646366,73.80594189420297,133.3157413441448
627,1.3163249547628966,73.64919751920696,133.03736068061787
628,1.3184204308819243,73.41872072531588,132.71724147872627
629,1.320514045081714,73.32486395220404,132.80921330759233
630,1.322607731116918,73.12244553962485,132.48954252046698
631,1.3247030067977636,72.93937443329295,132.29885025764122
632,1.3267964975071294,72.82394400583199,132.27636465952958
633,1.3288900457896358,72.59014128793916,131.68044412950562
634,1.3309846323229146,72.5364005007708,131.97273352548208
635,1.3330795391690438,72.45517475136086,132.1070255678149
636,1.335173949560825,72.18038706447784,131.49921647410724
637,1.3372672428845813,72.13017431043893,131.7676821877394
638,1.3393616502777206,71.84402608012502,131.0291295515485
639,1.3414564546808454,71.87855861184715,131.51309310914837
640,1.3435497634465539,71.74937856148645,131.3792641332303
641,1.3456439095281743,71.66266619728033,131.4039222291284
642,1.3477398961804745,71.48446825241477,131.05993115633532
643,1.3498356331361778,71.26850744687519,130.8271472263843
644,1.3519291222201564,71.23895304346044,130.88152436180349
645,1.3540221824451044,70.8429955315163,130.0537780543476
646,1.3561174165883387,70.9877456286145,130.70302406290207
647,1.3582118000666776,70.79308576023223,130.40489681321594
648,1.360305548489477,70.65476606806747,130.311005320325
649,1.3624016471705516,70.46276789381214,130.18219523688683
650,1.364496581524498,70.37083108001978,130.11293152728337
651,1.366589927521404,70.21217471376295,129.94299522416202
652,1.3686839345616666,70.25150909644763,130.10106403063293
653,1.3707785136744248,70.02398784751398,129.65058806467007
654,1.3728736781569988,70.0302883809554,129.99997213204546
655,1.3749673745335222,69.68269849841909,129.30376976076607
656,1.3770602631292597,69.60534623071226,129.2549807161832
657,1.379155717578164,69.41967427997835,128.87665372652822
658,1.3812508039107998,69.37052097878772,129.05726703673375
659,1.3833453325862841,69.27776996427343,129.2590136252334
660,1.3854396647384786,69.15128467405597,128.9383509951146
661,1.387533616953471,69.09929640889732,129.0452245581294
662,1.389628935147901,68.9492763569574,128.7313101713238
663,1.3917230672721894,68.968000060584,129.08153669970105
664,1.3938172778813163,68.83365127124549,128.78038644445616
665,1.3959128506087028,68.68237318532687,128.69893605233688
666,1.3980069894682674,68.65213695448315,128.79131797362473
667,1.400100032768225,68.51887945420742,128.57286450895717
668,1.4021942273095422,68.49033876353397,128.88489243151554
669,1.4042879724639459,68.30942882721243,128.41928140666636
670,1.4063822250727482,68.36086396319378,128.91924282825497
671,1.4084777998796327,68.09672657157455,128.15821183232194
672,1.4105725454065003,68.0729938159097,128.51869023812247
673,1.412666035757187,67.9172335891385,128.23621012410285
674,1.4147597581950535,67.75474037013272,127.87132157277074
675,1.4168552493745823,67.89179273478084,128.56891690339393
676,1.4189502707585735,67.71285779663397,128.2010966783759
677,1.4210439871962917,67.64861395432408,128.2662068132263
678,1.4231379588066748,67.5508272173351,128.12362686251313
679,1.4252323843784174,67.3454225975417,127.83428056672811
680,1.4273263645812686,67.29709293510247,127.78842032237797
681,1.4294209343777806,67.36248722531059,128.2631766899926
682,1.4315160587565352,67.27455109509151,128.14129796690213
683,1.4336101809254245,67.22801810603093,128.1853058768153
684,1.4357047233292217,66.91613216150341,127.42008202135888
685,1.4377991034950037,66.93970261247588,127.81634661293953
686,1.439893269172154,66.97881085742412,128.05934924334218
687,1.4419870983325702,66.94962719359584,128.10148785230115
688,1.4440820971476513,66.8073584377109,127.91701550343842
689,1.4461780146809415,66.53115512246026,127.25938916813661
690,1.4482723645441788,66.7186653685887,128.10360306927947
691,1.4503661519067539,66.69107689430332,128.0820076077958
692,1.4524608997459605,66.52723087884807,127.78906564868949
693,1.454556191478353,66.47634395163267,127.76039117686584
694,1.4566505605195028,66.45357471603381,128.09580950247266
695,1.4587435672120013,66.37955420138731,127.88257270784119
696,1.460836376274075,66.32478699562985,127.8955005812255
697,1.4629315024559504,66.24213813353981,127.69477344090289
698,1.465026115161985,66.20867457857274,127.93829263527678
699,1.4671201905708728,66.31713401771295,128.5283986284013
700,1.4692142550197365,66.15688229371938,128.0864332562323
701,1.4713085109511452,66.22393064468434,128.5176237546127
702,1.4734040883627781,66.18215018729273,128.5818798436205
703,1.4754983077923518,66.11548016079622,128.45160476290548
704,1.4775927333883283,65.93278229370827,128.19524495749863
705,1.479686516386449,66.00684405520454,128.43646250774626
706,1.4817805445745025,65.9937675001204,128.70178034564285
707,1.483876051193717,66.01825384987987,128.89080416155323
708,1.4859713583510508,65.90673493561424,128.70623257979432
709,1.4880662760111125,65.96545896892903,129.01128112684802
710,1.4901603423423662,65.90912022781221,129.03410034816315
711,1.4922546168830801,65.759305622449,128.69705879847086
712,1.4943493508016918,65.83075588708537,129.02718372970097
713,1.4964436549031517,65.70077896359707,128.7994679893411
714,1.4985372426394363,65.77508505449853,129.28578094172633
715,1.5006303537214591,65.72223879524103,129.0381630384373
716,1.5027246941647125,65.7615208618412,129.50656162754268
717,1.5048198674391857,65.61298687266633,129.1675548889409
718,1.5069136003861163,65.58621372870105,129.2290049922106
719,1.5090076377683221,65.68987559102966,129.74438711568422
720,1.5111026723067662,65.6684053413706,129.64983868609448
721,1.5131971028762412,65.7003559706487,129.985863226851
722,1.5152912609041667,65.58067789941235,129.631438629915
723,1.5173854934463344,65.58913434580614,129.8973931669733
724,1.5194808793753787,65.60211018306781,130.1019908451004
725,1.5215756259285513,65.58739594648453,130.16562721714257
726,1.5236695807770564,65.74965332101468,130.82022052875513
727,1.5257641081783464,65.56841672929781,130.38588980349306
728,1.5278584873608179,65.58838325599348,130.6063184769333
729,1.5299536435991428,65.62851169388742,130.83501987637771
730,1.5320476585044298,65.63617744170827,131.0101807446515
731,1.5341414384393777,65.69518481674534,131.15808947757898
732,1.536236950937659,65.62802629685,131.2428939459331
733,1.5383317033374695,65.66332172267416,131.45505784143094
734,1.5404255753841434,65.72659632004658,131.6696348892162
735,1.5425198393431812,65.67001842922924,131.59026186880865
736,1.5446136227526486,65.7579768564552,132.07627508415717
737,1.5467072285753283,65.80605804957146,132.2564473715363
738,1.5488013111816905,65.80464395167849,132.46008548999706
739,1.550896674249749,65.8951919795988,132.82027405459382
740,1.552991701547339,65.8727361555594,132.78993710742515
741,1.5550856629518366,65.90556368034773,133.02810277777115
742,1.5571801051512508,65.9906756353106,133.4009273561355
743,1.559274417579796,66.00569934482883,133.57300029356045
744,1.5613691533539047,65.99037409322439,133.4989885793949
745,1.5634631934261796,66.19598912181982,134.3758258727699
746,1.5655577892497892,66.17477573461288,134.3340442065144
747,1.5676527275763066,66.15411372273331,134.51502774122764
748,1.5697461748764228,66.1766280373489,134.62202463025258
749,1.5718402189801153,66.43170087946338,135.37034667504858
750,1.5739346218160084,66.2749277909388,135.12278207347646
751,1.5760295037244485,66.31398660305537,135.30359566310565
752,1.5781239238326052,66.41987525310974,135.6895493204013
753,1.5802176736109215,66.39599361154268,135.76305152391106
754,1.5823123941098438,66.45198664334039,135.99255202925048
755,1.5844068047546922,66.55240809456203,136.3818732711909
756,1.5864996832696292,66.5583030152961,136.53987046566772
757,1.5885944598128996,66.75007855704435,137.2850147465438
758,1.5906903325437156,66.71777728696354,137.02066952742538
759,1.592784689092666,66.9796491939042,137.97843158329493
760,1.5948796873290236,66.98455601675104,138.16443118222375
761,1.5969745597395735,67.06456686309053,138.42961317686007
762,1.5990689218084002,67.06744541939078,138.52588111840802
763,1.6011633213632455,67.08682372028011,138.64983645822502
764,1.6032577776043084,67.34801665918349,139.5900405886518
765,1.6053514020964894,67.32181887296676,139.63077911269025
766,1.607445093072501,67.52111496261934,140.25390564906513
767,1.6095393086936036,66.93554885788706,138.17552052198795
768,1.6116336711357766,65.93598111252268,134.2220977401594
769,1.6137279918528686,65.25676252385877,131.61295529727752
770,1.6158221116449558,64.52415868512944,128.6511033128448
771,1.6179176229648538,63.67061540956944,125.41745734399464
772,1.6200131612431772,63.070358521649375,123.14696343730371
773,1.6221069236192778,62.4369792792416,120.51571598170418
774,1.6242011307622557,61.95330506248684,118.68067196777459
775,1.6262960841945175,61.31581364071898,116.13991389383034
776,1.6283896203498047,60.65928609322381,113.86238276685725
777,1.6304834947928883,60.18153044178269,111.83499970262598
778,1.632578127710653,59.71917121167645,109.97670016491803
779,1.6346731813158608,59.35064343992324,108.52440022810899
780,1.636767172365261,58.63349725128597,105.96662538880445
781,1.6388603779595408,58.30534455373981,104.64347123145537
782,1.6409563605892468,57.949320812445194,103.16339637932244
783,1.643050621284035,57.553759543069944,101.690262144578
784,1.645144102645386,57.162910669677224,100.13296322290896
785,1.6472395726584623,56.602108458141416,98.12985410853334
786,1.6493331318477138,56.294580568642665,96.85877548016208
787,1.6514277435583298,56.00716783957039,95.64293250071968
788,1.6535225655624404,55.64656689128718,94.27323000339493
789,1.655616100487628,55.326186502624296,92.91491831951767
790,1.6577106071833263,54.99412091888341,91.74035854902557
791,1.6598050724476994,54.67321359227758,90.58425508058275
792,1.6619001395524664,54.32797452559874,89.32419762562307
793,1.6639948642035431,53.9947333322981,87.99741787314348
794,1.6660882997554614,53.64540211544727,86.61608962064498
795,1.6681827329415837,53.43808657887466,85.77238299786484
796,1.6702780557373313,53.12323915002259,84.65720796088192
797,1.6723710846745943,52.75069140718828,83.20572994944199
798,1.6744651718920411,52.57869344000627,82.46752105645766
799,1.6765602044792516,52.29789827391912,81.33738208218091
800,1.6786535596079524,52.08855988880237,80.55061608530823
801,1.6807491745425278,51.66187864582484,79.09828784230287
802,1.6828445761171116,51.43745557217466,78.2001056301768
803,1.6849386388007168,51.224496652129666,77.45967636998232
804,1.6870339476475265,51.000608821685105,76.45238938531884
805,1.6891280758541645,50.753565885201084,75.57309205796194
806,1.691221272327691,50.51725069295854,74.67025034733581
807,1.6933141346742315,50.28161313937047,73.70866441541044
808,1.6954090930463133,50.10995125711241,73.02285964606693
809,1.6975047078021417,49.8159664763994,71.94481521852438
810,1.6995991246970055,49.66162220050676,71.3854295404738
811,1.7016934918813407,49.444866177783524,70.42796718478273
812,1.703786903721137,49.13825199050059,69.38691323106076
813,1.7058818292953146,48.95480599399603,68.66295420079304
814,1.7079768740006063,48.761529875721344,67.90259610876086
815,1.710070845319196,48.59017780743279,67.26773488138859
816,1.7121645316176712,48.41206660697138,66.4212218265437
817,1.7142597272321454,48.2796420132351,65.97056881658982
818,1.7163549406546734,47.98225464686269,65.045439470433
819,1.7184482195940645,47.772735939268856,64.11198216053653
820,1.7205423072627637,47.613537557635624,63.51001786201195
821,1.7226374847113666,47.43861171390258,62.877018801962144
822,1.7247323233526113,47.21149921329111,62.11620478212321
823,1.7268266901810085,47.14736096922342,61.607187085965634
824,1.72892134476467,46.87535542602517,60.656444410354375
825,1.7310153629662073,46.8077116220552,60.43378793859041
826,1.7331087353021186,46.56340183661635,59.46800499158046
827,1.7352028820270462,46.422969579488985,58.93665576675212
828,1.737297419510233,46.27493142665605,58.28897024879834
829,1.7393924268721555,46.11490598151883,57.75283043945507
830,1.7414865202316776,45.97733213520271,57.37962910996509
831,1.7435798385311778,45.79020734616441,56.39136681609615
832,1.7456747741592018,45.59905528544954,55.70362561633038
833,1.7477707733578058,45.42817912338452,55.164599197471816
834,1.7498644151299778,45.30968109995922,54.55789254835951
835,1.7519579294274097,45.265851218637316,54.28169610927514
836,1.754052537005875,45.05036940383734,53.39682855807985
837,1.756146014277543,44.89893651293081,53.015731327700195
838,1.7582399685899122,44.770490842076676,52.425082327092106
839,1.760335124398212,44.69042620441752,52.096782285537465
840,1.7624306374180432,44.4817472835084,51.27559772332969
841,1.764524733445493,44.321204262408834,50.685731669160035
842,1.7666195957988082,44.25598098749333,50.29605053811235
843,1.7687146552767006,44.111536357993785,49.800726580224215
844,1.7708085687106505,43.957844890467904,49.22963644089955
845,1.7729026984403262,43.79571580050622,48.64475470661683
846,1.7749968373222131,43.7122323383802,48.3077165330532
847,1.7770919795414395,43.643914415462866,47.93846835102005
848,1.7791866891650514,43.43207195395697,47.24414595163551
849,1.7812805740714612,43.315918240393295,46.7013570235543
850,1.7833749145944944,43.236465119532326,46.349914006483814
851,1.7854698174814119,43.15162497495735,46.00074706940959
852,1.7875649050000997,43.05297967442522,45.563767515778956
853,1.7896586091751823,42.87527887403604,44.86230065407934
854,1.7917528105223397,42.818947702693755,44.68523746206168
855,1.7938472619734778,42.640246188496555,43.99578651592681
856,1.7959410333998334,42.57335240155247,43.85720743860031
857,1.7980353139963554,42.44259739417017,43.14234201574434
858,1.8001292949050451,42.34960679455847,42.72519921583953
859,1.8022240144636215,42.284443227724424,42.48617923703835
860,1.8043180357006787,42.06814065502253,41.69976358631486
861,1.8064120149556366,42.065997930457634,41.541834147550254
862,1.808507216693214,41.878609326660296,40.80622751418971
863,1.8106012235056632,41.81583032281145,40.53302392449338
864,1.8126961076333348,41.75781945440125,40.19151478611205
865,1.8147906359659112,41.66489518591835,39.88166793141978
866,1.816885013662702,41.60815174766414,39.578545570297614
867,1.8189799788179999,41.458534992482676,38.98233463634196
868,1.8210733357472892,41.433973562264015,38.82171062802442
869,1.8231675363973032,41.2846251001052,38.179695607954486
870,1.8252628639859947,41.19107052170247,37.86642892238483
871,1.8273578690890415,41.14870738576173,37.52425274261458
872,1.8294529153678178,40.951492179325605,36.845809831236735
873,1.8315468366202061,40.96384367012842,36.763143789281095
874,1.8336403420201965,40.87541979272322,36.26347221874665
875,1.8357342642631629,40.765184578365385,35.96204049961092
876,1.837828606636473,40.67539296629003,35.640198594073325
877,1.8399232687279,40.57973868340937,35.135857582975184
878,1.8420169361094605,40.49666824424161,34.74870025166505
879,1.8441103454239045,40.450133726473666,34.49445842520677
880,1.8462047113551943,40.37042341713766,34.067830722535824
881,1.848300337583767,40.35569788748641,33.9326681041632
882,1.850395118058644,40.23176458330388,33.374923068700134
883,1.8524895015648957,40.097284895798566,32.987327685558704
884,1.85458435317291,39.991638811683856,32.469961373124974
885,1.8566786691854407,40.00106938883763,32.45641622944481
886,1.8587722962005393,39.917429496552195,31.963860858122764
887,1.8608667292143481,39.85972254697441,31.88311086961344
888,1.8629623979972338,39.73564281061354,31.20803160820288
889,1.8650575007618033,39.6674272318534,30.941740672666768
890,1.8671515757398978,39.69062726437341,30.982807747304594
891,1.86924567270883,39.554732506060574,30.33290652081885
892,1.8713402290883943,39.568393214384564,30.232739978156527
893,1.8734333441485889,39.43827817186318,29.700566040219446
894,1.8755274569663687,39.41417767718277,29.491481794378892
895,1.8776226584010878,39.34130881738598,29.22125871466329
896,1.8797156234954413,39.21426510353625,28.800990808960204
897,1.8818097674713492,39.28344614373282,28.76601393040862
898,1.8839051205157094,39.129697566715905,28.04801406509194
899,1.886000042933448,39.033929416869,27.73280639659023
900,1.8880949075451439,39.03607251912187,27.614336381920204
901,1.8901881584759161,38.90505350946978,27.092136964498575
902,1.892283217936019,38.93693309461464,27.011896212717318
903,1.8943782680554568,38.877692552991206,26.608422114176285
904,1.8964720473710392,38.84223604123469,26.57541092351862
905,1.8985668668489433,38.71274521250588,25.9725299147582
906,1.9006612809862096,38.674999271291924,25.613541316230084
907,1.902755719587151,38.70672000257012,25.68599268933336
908,1.904849757588545,38.5997209332458,25.20664233484943
909,1.9069430754605277,38.60753758201825,25.03278655189162
910,1.9090378340013505,38.510863972940356,24.616403231754948
911,1.9111324914183263,38.45126705185934,24.360292118825367
912,1.913226965923519,38.43032551846452,24.204638949840948
913,1.915321381331026,38.27690719319704,23.44544190351197
914,1.9174162748437817,38.39463027107004,23.73656371518926
915,1.91951096404297,38.321618650584305,23.275151562393564
916,1.9216039358616672,38.14345273484404,22.75452060277766
917,1.9236986253914137,38.28217502227434,22.892788162035725
918,1.9257933066276691,38.046452829390304,22.08824460178358
919,1.9278873651498682,38.22516926452739,22.426050144866576
920,1.9299807661659822,38.03476910227717,21.7065922134199
921,1.9320760482648573,38.00881035411417,21.592255383233
922,1.934171767524072,38.00225207711305,21.273920045484807
923,1.9362651059315399,38.02658112429257,21.227355554908755
924,1.938359138419254,37.93132569352147,20.809650674517336
925,1.9404538735984294,37.86576990794601,20.36729122732052
926,1.9425479146608418,37.9002956051141,20.469951274031406
927,1.9446418189559174,37.79105097666536,19.934821753698664
928,1.9467371502259871,37.81005550077014,19.97602095128806
929,1.9488329760684335,37.73436944240292,19.489963402811263
930,1.9509268120448882,37.66563140973755,19.077276238052203
931,1.953019609354344,37.784780612943955,19.261249662761536
932,1.9551147244404972,37.718566601295464,18.833041669681354
933,1.957209950604826,37.724934691322154,18.607539599664022
934,1.9593041179655175,37.59564095277489,18.157174059725346
935,1.9613980124620214,37.53526976415001,17.767687442013713
936,1.9634920823781827,37.630927520301285,17.95322877489766
937,1.9655870316775599,37.52225690593762,17.22029137524641
938,1.9676813106463258,37.531295725756145,17.320356241618523
939,1.9697755380711686,37.5084762122,17.11084546907597
940,1.9718704076888727,37.40768833545409,16.62207019659523
941,1.9739643213778544,37.46034152878844,16.41043805128828
942,1.9760582139073395,37.31974662708949,15.967475530362227
943,1.9781533744008393,37.45567110676896,16.185735575182974
944,1.980249297656676,37.37058306797272,15.737176499485246
945,1.9823436902775773,37.34244949577504,15.415560793536272
946,1.9844363854611324,37.37261920867847,15.253260242879646
947,1.986530057736426,37.296064962368014,14.99051444211238
948,1.988624138262085,37.282894123584235,14.720332531528928
949,1.9907191302641989,37.21295005458375,14.227840988728625
950,1.9928140678397719,37.29612223076674,14.366111517997076
951,1.994908057158038,37.233452882653935,14.038472063233312
952,1.9970037235567513,37.208513696443426,13.784794270369222
953,1.999098539119481,37.16291756065514,13.28592713240642
954,2.001191245179364,37.07173578934153,12.924671516338782
955,2.003285465781134,37.18296026347732,12.95351518907782
956,2.005380090953843,37.1701112505106,12.710991392737387
957,2.007473757612322,37.19478141232119,12.798897137693151
958,2.0095674385752345,37.22794803960487,12.702952244935735
959,2.0116620669227445,37.06335828868981,11.713838173214654
960,2.0137574654124313,37.22344702233268,12.1399415990071
961,2.015851542299029,37.105534323429694,11.63618139675943
962,2.017945842236743,37.09019414109727,11.401111720187748
963,2.0200414078173843,37.05323408681084,10.879552817685903
964,2.0221364472105585,37.04668088184587,10.753697363108218
965,2.0242304661583193,37.07561807271972,10.752416430102537
966,2.0263241213554704,36.91971682976007,9.95802252563564
967,2.028418169537371,37.09115013936694,10.303258711764622
968,2.030512126699397,36.93334562566002,9.41615922479111
969,2.032607257696191,37.04546821433086,9.7043028141245
970,2.0347026748788237,36.96772809582393,9.196365690727497
971,2.036797432049628,36.990419026892006,8.92356576134997
972,2.0388917803566513,37.14997966486343,9.294307409172784
973,2.0409854404727548,36.949332322498584,8.494508550682454
974,2.043079158497923,37.00133303819452,8.264169109398987
975,2.0451737042342053,36.977609527036925,8.024134462522717
976,2.047267957686092,36.939013067998076,7.810671611826602
977,2.0493625921646865,37.01209016609921,7.844425204059227
978,2.051458159400133,36.936338197688386,7.13165213158137
979,2.0535521918605197,37.05620570667058,7.3130437655162055
980,2.055645062675616,37.018321076286206,6.903166638055875
981,2.0577393587752955,36.89052857871605,6.417654182812739
982,2.059834437786395,36.97788985486084,6.391751628488261
983,2.061928055170489,36.81930949366668,5.506872282478374
984,2.0640226957402352,36.99000982390402,6.016044181433741
985,2.066118258189404,37.01541526384901,5.710579812672376
986,2.068213196804832,36.994214747821,5.363982457032925
987,2.0703072818107917,36.989112937537605,5.064781156546561
988,2.072400931462771,36.849296840591144,4.436587253718841
989,2.074494103322103,37.03172030257658,4.645688723171248
990,2.076588647294614,36.89413493651227,3.9444666110075652
991,2.0786837571325223,37.04227087268221,4.204256339058753
992,2.0807786951127576,37.01491244788596,3.7129029281121033
993,2.0828733611799306,36.89504717789604,2.895042207123503
994,2.0849676047315464,36.99026784830455,3.3012797630526034
995,2.08706191167589,36.808953867468524,2.3676774519461388
996,2.0891552570733616,37.063377781623544,2.8352786504793106
997,2.0912498961643236,36.96657485266488,2.27366438979828
998,2.0933446561638878,36.98350742350108,2.0387281159895623
999,2.0954387435644386,36.95912602434027,1.6619587888861904
1000,2.0975335870618825,36.79406840308754,1.0023848533562216
1001,2.099629070349723,37.08738673091121,1.5878621139127074
1002,2.1017228492895934,36.88910922292371,0.5477383281248799
1003,2.1038170482062775,37.036856729585985,0.6988024025755352
1004,2.1059122372778973,36.966226155734276,0.16200746375199865
1005,2.10800554057148,36.868264118881015,-0.32672198200113467
1006,2.110098599114947,37.088529034802484,-0.035671553095910795
1007,2.1121927216235163,36.87990061859497,-1.1431874173616812
1008,2.1142879182187984,37.158363302281074,-0.32940991421291843
1009,2.1163820759811065,36.96075930485304,-1.3733561899094566
1010,2.118476597123504,36.90107152850008,-1.9247405930667247
1011,2.120572077635568,37.0280595340619,-1.9384479036507607
1012,2.122666143506846,36.80060352053919,-2.8136402717334055
1013,2.12475947440395,37.122384543742776,-2.2700905538536356
1014,2.1268549228070284,36.87249208558808,-3.1347975404651063
1015,2.1289503858580807,36.986984411597476,-3.1412731342732982
1016,2.131043274916299,36.98630546189343,-3.6572498805887
1017,2.1331378502136085,36.862881739249694,-4.4472649097960035
1018,2.135233020544507,37.10269893901068,-3.9673579329446405
1019,2.137327211773404,36.71927717792861,-5.53002227617048
1020,2.1394213678417553,36.96687817257595,-4.998907860463371
1021,2.1415151935265153,37.011171858945914,-5.275003275985215
1022,2.143609686067666,36.7815562109908,-6.431879960414147
1023,2.1457039096890913,36.98049128353815,-5.840751263233435
1024,2.1477977892281794,36.6137029853871,-7.475065191738182
1025,2.149892773795189,36.886311898742626,-6.907567450562688
1026,2.151988207011953,36.82895586369814,-7.59741081290546
1027,2.154083430042502,36.877764101890826,-7.683904567773174
1028,2.1561769020273363,36.79871627577761,-8.159689206042756
1029,2.158269727638565,36.58715273069989,-9.172724333411214
1030,2.1603643338266334,36.814836923976706,-9.04621180501653
1031,2.1624594611960894,36.70814843299195,-9.793892277649691
1032,2.1645538445620423,36.863632348388016,-9.686732424335478
1033,2.166649266160557,36.71810903726733,-10.34837469226059
1034,2.1687438965600263,36.61790766047973,-11.080223661299165
1035,2.1708363804402464,36.77375230555201,-11.058601392511875
1036,2.17292939543057,36.47382401627086,-12.4844153098803
1037,2.1750246621139153,36.84291762880227,-11.702975272184691
1038,2.1771189095943266,36.56863910740856,-12.903095097359945
1039,2.179212962470575,36.53525612090399,-13.328572272336382
1040,2.1813066434396426,36.58472052031425,-13.6275013762063
1041,2.183402629792164,36.16385185885128,-15.266392660086785
1042,2.185498119455816,36.58690184769942,-14.062452270062897
1043,2.1875916200185137,36.22595384804464,-15.92055182702742
1044,2.189686441120868,36.375647925732295,-15.924676038998864
1045,2.191781413276182,36.11793247789119,-17.106393628349913
1046,2.193875147711239,35.91877303949147,-17.817795959333782
1047,2.1959686613130316,36.20686837289334,-17.582430961308017
1048,2.198063923558019,35.852026296229674,-18.905141210936474
1049,2.2001595001532226,36.00093865770501,-18.858161474265685
1050,2.202253779153767,35.83078179826532,-19.697938798582452
1051,2.2043460760907565,35.707123829420226,-20.652035736159558
1052,2.206440891990371,35.82373094579127,-20.72103913135178
1053,2.2085356491852317,35.316134317313065,-22.582004976607347
1054,2.2106277016542335,35.677949122660664,-21.83178184684463
1055,2.212721958545959,35.31383321797129,-23.69806166548986
1056,2.2148185083900422,35.319817758782506,-23.95386635337279
1057,2.216913061952383,35.30527946290681,-24.557811266682098
1058,2.219006160150891,34.86351345701238,-26.56303462149905
1059,2.2211007684745443,35.21602853201,-25.437122416626643
1060,2.2231966067711273,34.419806178696454,-28.50132733807912
1061,2.2252915180225106,34.74726310812565,-27.650541733505687
1062,2.2273849286831946,34.353234463488086,-29.540804228091915
1063,2.2294794057777056,34.19849746299081,-30.42601662106468
1064,2.231574082226972,34.300022287148366,-30.516350255995743
1065,2.2336675726385264,33.64471788149126,-32.976502564059174
1066,2.2357616690730993,34.14554306208735,-31.60971507122389
1067,2.237857388038379,33.3691956705934,-34.631014826310526
1068,2.2399520699736297,33.49331159027399,-34.42681009696866
1069,2.2420449617357057,33.24889233893229,-35.92649699682712
1070,2.2441391380853632,32.719490860468945,-37.85556891951718
1071,2.2462342793770116,33.064426949492514,-37.003387164239726
1072,2.248330004000319,32.21344702487979,-40.444214586544454
1073,2.2504234986669656,32.39589308742411,-40.08154312954361
1074,2.2525166459790467,31.82464286644791,-42.283954114185974
1075,2.254612702557845,31.57387519986212,-43.25031581638072
1076,2.2567074239010356,31.308296714103893,-44.40515826793603
1077,2.25879926569608,30.70550536379609,-46.586815099701404
1078,2.2608934332232278,30.78621797043924,-46.84063861973209
1079,2.2629890832862967,30.064172940160134,-49.333305884653946
1080,2.2650815906481947,29.98955636469678,-50.373034892111264
1081,2.26717631551426,29.43763372808475,-52.11068687802007
1082,2.2692717091510235,29.002657912716938,-53.90136669863381
1083,2.2713660430599174,28.60348038710869,-55.1384607625064
1084,2.273460830916725,28.071969260630215,-57.2933025152144
1085,2.2755552510450507,27.69909819895693,-58.71500031970051
1086,2.2776502981151867,27.363980430864167,-60.06036583224269
1087,2.2797428242388995,27.19042582399469,-61.03218584579509
1088,2.281836092329788,26.953548579397385,-61.90693689459959
1089,2.283933556285596,26.818013430416638,-62.6599862126932
1090,2.286028868050817,26.643224423164337,-63.34408922469982
1091,2.2881212248812486,26.619069278692464,-64.07251563720078
1092,2.290215014848569,26.437803702504347,-64.52188134854079
1093,2.292310229911211,26.361660488255307,-65.11762122196626
1094,2.2944051456334345,26.29227050975702,-65.7000338630893
1095,2.2964983471898495,26.26809061631777,-66.26181991536163
1096,2.2985921024349003,26.147060192898966,-66.62539557048325
1097,2.3006888643809247,26.109405388016164,-67.14548944528971
1098,2.302783634096356,26.105391965923943,-67.71215469102462
1099,2.3048756698218886,26.070917071081684,-68.05097489386448
1100,2.3069695720010412,25.992241912404083,-68.32644719380099
1101,2.3090651112173397,25.942815912281358,-68.9682199441101
1102,2.311158495429861,26.04329854681912,-69.55090307962888
1103,2.3132509513768182,25.90504063794181,-69.61160368850017
1104,2.31534766594442,25.888909224585923,-70.09217832850224
1105,2.3174438092641236,25.874920712927032,-70.42430144236835
1106,2.3195366518474128,25.899941561202095,-70.95165914000152
1107,2.321631141204296,25.813007584593596,-71.2107811219252
1108,2.323727832694395,25.906243434020627,-71.56453883595822
1109,2.3258211826493147,25.909349246347464,-72.10201966833958
1110,2.3279133966950116,25.84199265165208,-72.40001321507435
1111,2.330008120458155,25.872675513465666,-72.69656766374216
1112,2.332103956675321,25.868813284071667,-73.1424089474634
1113,2.334197579452735,25.897951707901726,-73.42002623655237
1114,2.336290017181209,25.879131363543955,-73.72635507090982
1115,2.338385505091734,25.881392927195567,-74.17386290568948
1116,2.340480189114194,25.852106244636847,-74.29382718550838
1117,2.342573391055059,25.887614282822216,-74.69902404764144
1118,2.344667848677038,25.940175001155144,-75.14170635448436
1119,2.3467629878884537,25.971460958307592,-75.41913452797517
1120,2.348858220839854,25.946295649032596,-75.71111603788833
1121,2.35095250082758,26.037507252700873,-76.21232228859398
1122,2.3530449396760944,26.05202145895122,-76.49175776659415
1123,2.355141499104623,26.043356992436337,-76.84616525220306
1124,2.3572378412451434,26.099744316527733,-77.16564045473787
1125,2.3593294861259198,26.112731928874798,-77.47311564148697
1126,2.3614224992004984,26.16569291713988,-77.82074971485663
1127,2.363517948981548,26.126840070790333,-78.09893279851953
1128,2.3656139136423477,26.219825913976837,-78.5800192855394
1129,2.367706660383537,26.230231745728474,-78.81441716035954
1130,2.3698014470222093,26.216438964439778,-79.01253590175541
1131,2.3718977582075165,26.346534505016404,-79.6489360431615
1132,2.3739899214574836,26.341295023016684,-79.83943738038715
1133,2.3760825194215927,26.383990974902595,-80.14119082034728
1134,2.378179070039863,26.39898668860843,-80.36063823017496
1135,2.380273759058959,26.560368302639585,-81.11833206064938
1136,2.382365673610318,26.518668072297608,-81.17343909639222
1137,2.3844604460166168,26.584124550912676,-81.59038400926632
1138,2.3865571190304595,26.59873533998547,-81.89820195134931
1139,2.3886520978255446,26.636482321004664,-82.17592983400662
1140,2.3907442891236066,26.708154145216,-82.55350172222263
1141,2.3928386457990913,26.737741037903355,-82.79150954510996
1142,2.394934562690242,26.799870319360828,-83.21829806790487
1143,2.397029599690107,26.83987160963811,-83.50042301063246
1144,2.3991222591305954,26.946592070116772,-83.9543614180511
1145,2.401217024080888,26.921121171134082,-84.15240435804225
1146,2.403314513026698,27.059565331513536,-84.79225618121663
1147,2.4054081911284184,27.116510103580822,-85.09353784531952
1148,2.4075011183217048,27.122000410243054,-85.29148293904179
1149,2.4095960074264258,27.22693615241426,-85.71747642416067
1150,2.4116926326559978,27.218008609388118,-85.85599162343499
1151,2.41378425055939,27.36035046307998,-86.58025071418358
1152,2.415877382497087,27.375179329255516,-86.71507597855974
1153,2.4179783678062123,27.374773699842912,-86.84895979973832
1154,2.4200733739460714,27.536890763237768,-87.48161684156872
1155,2.422162501290004,27.636686350301797,-88.04253031926544
1156,2.424257158180454,27.652054469694495,-88.21970292131431
1157,2.426355368807169,27.680319133001614,-88.45191548299451
1158,2.4284477900186845,27.802401282991756,-88.9194822573227
1159,2.43053883847394,27.907048467842273,-89.45893607487828
1160,2.4326356353293934,28.015670153857567,-89.92115648620673
1161,2.434732612021302,28.085185917143466,-90.36657264789187
1162,2.4368252927922227,28.150536672976095,-90.6788990906239
1163,2.43891890863681,28.13442860217154,-90.78010082616026
1164,2.441014895314609,28.193285569260958,-91.10945591026774
1165,2.4431105244568765,28.228502519626378,-91.33676493296416
1166,2.4452031167440684,28.29796101922572,-91.67072382701555
1167,2.4472938786799143,28.457760194298928,-92.35248417255828
1168,2.4493915902413868,28.47160475945868,-92.5038920828375
1169,2.4514877943094935,28.688841464879097,-93.29777935929395
1170,2.4535774837073663,28.719006705870886,-93.58318466720144
1171,2.4556717453467782,28.818581738813094,-94.07906606247943
1172,2.457770725968573,28.831501388797744,-94.25000794690541
1173,2.459865450868259,28.989885001800232,-94.8354646369783
1174,2.461954843714291,29.034641294188614,-95.06348530942603
1175,2.464051305962942,29.119584627701187,-95.50662734850347
1176,2.4661493201186655,29.291163795362902,-96.23192443356558
1177,2.468239991051035,29.357057221140703,-96.50792309369692
1178,2.4703335941159144,29.504309447742063,-97.05970673963306
1179,2.472432426226094,29.564218582392506,-97.45615273731427
1180,2.47452690434623,29.644332252532784,-97.75049190960968
1181,2.476615373809059,29.86847365120937,-98.60579278441774
1182,2.478710457672189,29.928090460809315,-98.90566100349469
1183,2.48080966574444,29.88302857018999,-99.00363780640062
1184,2.48290090100287,29.966232039709006,-99.32672910111653
1185,2.4849923340191187,30.214514410846608,-100.22524190364011
1186,2.4870897130294636,30.35691451112124,-100.82213392973664
1187,2.4891862386660164,30.258024197303726,-100.601384199468
1188,2.491278235985619,30.568316737583082,-101.64148304038123
1189,2.4933690456944357,30.640635280160488,-102.04701369620348
1190,2.495466543397291,30.753841175294518,-102.53446892697441
1191,2.497563830960505,30.89163760162892,-103.05657491737635
1192,2.499654519205421,31.014524312426587,-103.55903045647503
1193,2.5017479497353943,31.06276415579695,-103.78178956387346
1194,2.5038480054516667,31.20681103406115,-104.36670375821319
1195,2.505943433921919,31.33935393438382,-104.92457208549227
1196,2.5080284861327207,31.48930252972142,-105.55988757140875
1197,2.510123955773609,31.472909191841058,-105.65557727532678
1198,2.5122261646694253,31.697435782567883,-106.4103882433936
1199,2.5143177674343575,31.848964370613157,-107.00147146354293
1200,2.516405803072155,32.02968923178839,-107.66384377372775
1201,2.5185026929964116,32.17126856570899,-108.35247851013756
1202,2.5206041831245063,32.17901574664917,-108.41882920560397
1203,2.5226964757648327,32.23911187879987,-108.72294233898612
1204,2.5247869961159406,32.491331593026864,-109.56636640287792
1205,2.5268843920051487,32.51424712948054,-109.8151642357281
1206,2.528980483597168,32.613755873237785,-110.16524984398156
1207,2.5310684597394695,33.01546213777313,-111.6426637088525
1208,2.533161718042206,32.98954249288142,-111.58401577068008
1209,2.53526488574662,33.11884277747563,-112.14095306003729
1210,2.5373603920777454,33.38012678073222,-113.09836590877606
1211,2.539445749963502,33.45107178380542,-113.43943085372325
1212,2.5415417180131348,33.63012803558968,-114.17397635808304
1213,2.5436457679371425,33.72270899621898,-114.55651747586761
1214,2.545736808475733,33.82423870428618,-114.94764538029713
1215,2.5478233832874237,34.22862298682863,-116.30367907352951
1216,2.54992085584226,34.0884837277824,-116.0160551921568
1217,2.5520207655356866,34.50292166259943,-117.46497763098373
1218,2.5541098448110064,34.35954929378786,-117.03414978543165
1219,2.5562002600365847,34.5942185349311,-117.97341638364385
1220,2.558305455724291,34.71114554758027,-118.41234723890383
1221,2.5604026511470312,34.983805947044765,-119.40326167362795
1222,2.5624826414852553,35.08442797008771,-119.7720895828761
1223,2.564574391949512,35.1797853471069,-120.28585663096358
1224,2.5666808497683498,35.53222861878816,-121.43805671954046
1225,2.5687773451615423,35.72312338907702,-122.18082075019386
1226,2.5708608935170316,35.81408681550639,-122.59637018901955
1227,2.5729575952355885,36.053862333678026,-123.4906836095997
1228,2.575060651513359,36.31352348651855,-124.41323396424826
1229,2.577148431575012,36.345475631589906,-124.63531019054075
1230,2.5792346077561192,36.261882692896954,-124.44088899900245
1231,2.5813352493894732,36.808280733514295,-126.3445396786514
1232,2.5834369526956515,37.03800128815192,-127.13167718302812
1233,2.5855218346006232,37.21038753262594,-127.82266479275407
1234,2.587610713900489,37.30263509265893,-128.22453320023374
1235,2.5897186990593415,37.671609808118916,-129.50030153373922
1236,2.5918181690667126,37.85378004565612,-130.2557917104934
1237,2.5938985009385314,37.94671613111837,-130.51444950468255
1238,2.5959901966325076,38.05907186548856,-131.07377461999369
1239,2.5980970827886534,38.38846492808887,-132.16342627169476
1240,2.6001911974764487,38.6337661714088,-133.15118913086042
1241,2.6022734575046016,38.78057437010055,-133.65466557695635
1242,2.604374761438423,39.21519462045454,-135.23510645093486
1243,2.606480077670044,39.333724771964526,-135.68416630300243
1244,2.6085618800169397,39.71704569294366,-137.00954196185592
1245,2.610646200048581,39.766928201164255,-137.33355252804267
1246,2.6127580952497533,39.9475597103179,-137.98116469163566
1247,2.6148609257992828,39.916563701034896,-137.90238455685926
1248,2.616933454172155,40.35830138846889,-139.50558852520516
1249,2.619020659870304,40.412013315803776,-139.7463262403151
1250,2.6211346279669097,40.65843324500988,-140.61875519984645
1251,2.623236503452788,41.02175795060908,-141.95647032601858
1252,2.6253090562225565,41.60864993682916,-144.00491755982642
1253,2.6274000701334055,41.78732432314984,-144.781824064926
1254,2.629513118467727,42.103802994363775,-145.81079336037743
1255,2.631604301330356,42.274444471266186,-146.41884463022126
1256,2.633685254021577,42.37615025091866,-146.8528175309877
1257,2.6357889797673804,42.3983065602984,-147.1013071328022
1258,2.637895874321367,42.83987655976189,-148.57017142618827
1259,2.6399747081141895,43.13560565850845,-149.54128957743387
1260,2.6420591747927733,43.56531981944511,-151.14187198889897
1261,2.6441764666284318,43.71952706808398,-151.74613794282777
1262,2.6462775406423154,44.1542208438108,-153.294837624704
1263,2.6483402943393326,44.28432986259867,-153.6624145851522
1264,2.650428729148096,44.16725076874706,-153.38436839811752
1265,2.652562718674548,44.6691986335997,-155.2627604606815
1266,2.654664088292312,45.347883847397405,-157.67828950653694
1267,2.656712651557163,45.252213128470366,-157.21998066845927
1268,2.6588106765908748,45.945181649607186,-159.76879145139443
1269,2.6609452450324915,46.62387716311948,-162.1679724132969
1270,2.663032290426174,46.22293884833931,-160.73495569434837
1271,2.6650914877184944,46.43135898666058,-161.66957120429373
1272,2.6671986225603375,47.118727981191796,-163.96959875473777
1273,2.6693218160411916,47.07809543883415,-163.84651539582552
1274,2.6714003686163363,47.953791040817386,-166.95494562777733
1275,2.673473653710363,47.81230262491814,-166.49622465453663
1276,2.675588689124729,48.52470436776299,-169.00520545806464
1277,2.6776964003773744,48.20707048379307,-167.89495606683042
1278,2.6797534796790945,48.650094922171974,-169.41437382322326
1279,2.681845016836506,48.64338550461742,-169.5026713090366
1280,2.6839785543392702,49.777582669769735,-173.46663270701555
1281,2.6860638705482365,49.986846717345024,-174.250627488194
1282,2.688115580192901,50.13540358022369,-174.77578592890978
1283,2.6902421071216107,50.494782755138154,-176.13462792854762
1284,2.6923784453538007,51.03686973724833,-178.0368187636029
1285,2.6944235266222867,50.96404899290116,-177.82025296725092
1286,2.6964818302236213,51.75520385925216,-180.56970376829176
1287,2.698646249049189,52.5791662237452,-183.50817097283675
1288,2.7007725953070936,52.706213756519645,-183.94441649506308
1289,2.7027692368507834,53.27421513450944,-185.9061972728046
1290,2.7048443440936585,54.030151790364094,-188.65337646571302
1291,2.7070515904059915,53.50132969071638,-186.90231727860711
1292,2.7091632832728005,54.08279338497992,-188.95643726684784
1293,2.7110832098570423,54.78621079846473,-191.31008415543747
1294,2.713194248534394,54.74760845500665,-191.2623546573231
1295,2.7154564422347596,55.83501372906666,-195.14409020851863
1296,2.7175455830902693,55.619307315219146,-194.30685417492444
1297,2.7194409477796717,57.11427908945908,-199.56675469454336
1298,2.72159410281056,57.07286426341616,-199.47043306273997
1299,2.723868494276683,55.63885010165053,-194.5015260357019
1300,2.725905473691433,57.84325145322152,-202.21425439263655
1301,2.7277938720843573,57.17036439391757,-199.800685244638
1302,2.730005424734083,58.244101549484306,-203.6979716509837
1303,2.7322910595910366,58.83213782897704,-205.64005146649555
1304,2.7342323934891035,60.021413838733295,-209.96120469749872
1305,2.7361123669415965,61.15777440941885,-213.8067334936079
1306,2.73841292247591,60.25266937762979,-210.69448939054445
1307,2.7407262152838343,61.51667564207155,-215.1953795310185
1308,2.7424923562337074,61.48070819253782,-215.16152463310038
1309,2.7444202272828333,63.48489636388032,-222.05014865524015
1310,2.7468188489948773,61.24491238103404,-214.22959701681
1311,2.7491571251284848,63.919717028136034,-223.65929359877248
1312,2.7509012180135843,61.98978476498306,-216.85295882924052
1313,2.7528220566885997,64.63416413647813,-226.15287949239908
1314,2.7552245852341666,63.8841793776769,-223.58874926178055
1315,2.7575799064734774,65.46981362616636,-229.1030130726781
1316,2.7593246433872425,65.41713361957152,-228.93283144499455
1317,2.761234187120032,63.2052326449734,-221.18773966692535
1318,2.7636390504715083,66.48756329685033,-232.6887747824429
1319,2.765948826576436,66.53693626188057,-232.7934990169266
1320,2.7676191435751902,66.48974961444864,-232.56301640019035
1321,2.769651838220211,69.77659436782207,-244.26198799906962
1322,2.772055945845228,68.04115792986255,-238.0959805883655
1323,2.7739175955497957,67.33667492992697,-235.65729092512535
1324,2.775657495525559,66.42851177269313,-232.4424609235026
1325,2.7780509401576134,77.02074626836088,-269.64232400793946
1326,2.7804282678176238,61.84385250645745,-216.39804591141396
1327,2.7823699672164355,51.75109008240852,-181.1025191110368
1328,2.7838806433920418,46.43143985336107,-162.58857272946997
1329,2.7859958234637583,237.58967180293195,-831.5638513102617
