,k,Pk0,Pk2
0,0.0029665470748989845,31131.483343164025,-53349.1132799665
1,0.005026374055021859,52812.18572980252,31019.18331722806
2,0.007149300621522788,68476.13773860678,-2471.9547586786057
3,0.009278869254964255,55962.886146326855,-14136.926195331991
4,0.011450332619344701,59284.75656082963,26800.996222819416
5,0.013492955871419151,62626.62441478293,-6750.805505449324
6,0.01558905561191893,59420.801467091136,-2450.2610912418877
7,0.017694083672553172,60204.04891496664,422.69266628745834
8,0.019817874803135297,55488.176270119926,3730.174905589636
9,0.02192074938196264,47311.9702985085,4970.901879557525
10,0.02398877635566245,46053.19253074863,-5160.7531803601405
11,0.026092869718961156,40489.99410660364,20.257980279225468
12,0.028234663152781798,37109.03511739089,3318.820120410793
13,0.03032284873509123,31953.84854107455,-426.92864552803576
14,0.03240263258943404,30200.52406587225,-1671.0516462938663
15,0.03449210129864554,28148.803699591746,-890.2844580217962
16,0.03658588147515197,25801.129813110445,-726.163997304636
17,0.038684769492669774,22138.02177640325,1479.2552709657493
18,0.040788988884582836,20794.441677778614,-842.9940427497314
19,0.04289390876967646,20622.21394369871,-1210.0254768472066
20,0.04498336005546935,18587.598171781567,1277.6604609392018
21,0.047064985294738244,17973.38428278599,-610.6535385268215
22,0.04917111919158227,17593.658394807157,-112.11143928955751
23,0.051262169141742274,16811.768308247538,-1738.763944132415
24,0.05335525146837034,16415.436220970598,627.9496051771151
25,0.05546637228956934,16402.583418292037,1724.4468577792552
26,0.057573188192548086,15818.19279136985,-217.57660779188777
27,0.05965884044590281,14979.927953148317,-104.54051620993928
28,0.061745123021595065,15105.92969444314,-109.93568725841759
29,0.0638268929113719,14729.892466396464,424.02153367143984
30,0.06592966228838451,14030.106256836005,-849.230588495921
31,0.06803125784825748,13336.956337934673,-142.28482888608278
32,0.07013131008699486,13073.784884944575,644.9903127138979
33,0.07223032366074338,12300.112853152046,574.9103903211532
34,0.07432334270720506,11517.952166895597,70.66635683342268
35,0.07642066756954473,10996.940853758815,122.32480378622137
36,0.07850471694556041,10374.67640580181,267.75444101845767
37,0.08059701946059529,9797.946488614094,68.02584216784312
38,0.08269521798132064,9215.740194180446,-58.94346414787683
39,0.08478307522909848,8649.825858182761,-21.86213200233158
40,0.08687780839616016,8371.118252878518,184.60959947409984
41,0.08897524569656534,7809.979909057384,169.15555149275758
42,0.09108077810470518,7542.216098888437,193.91625754262364
43,0.09318432266948053,7153.299556015945,197.25687906723243
44,0.0952788764104831,7028.555804642979,-86.94129275776272
45,0.09736254237981037,6805.447542343036,267.0782298744163
46,0.09944832814799408,6631.109295731224,24.077165296472586
47,0.1015460879802399,6520.749915965527,3.354023710591409
48,0.10364263756677322,6381.434482221502,139.6128198412194
49,0.10573893905394659,6285.896038073142,102.39387427552387
50,0.10783958559814742,6047.5021051704725,-23.86386479485546
51,0.10993894058501318,5982.8350889363755,62.39466115824076
52,0.11203921431523854,5981.453950261946,-111.32149150860577
53,0.11412334585697578,5849.564766012743,-35.24574801790642
54,0.1162159397555423,5768.625411616353,67.51014275664191
55,0.11831372048037725,5614.464532147489,167.2970600764544
56,0.12039723118070132,5502.944704082436,334.58388870138793
57,0.12249223631878574,5365.991043657275,-10.25258137461008
58,0.12458825984258635,5244.812366487052,97.17153397295714
59,0.12668846771583772,5059.132722042411,-79.54473884145868
60,0.1287846620419941,4969.885940736132,28.847790023980025
61,0.13087133937881498,4804.780943787753,-31.13656009379331
62,0.13297548334406448,4661.165410611082,-14.516560221371288
63,0.13506910815256093,4559.0721895856395,64.28042550509458
64,0.13716388258568254,4402.768459921969,17.05629080508663
65,0.13926047573721634,4349.640630218556,210.39637181479688
66,0.14134668829083769,4183.442534175101,-72.41463082513563
67,0.1434475230090064,4033.5500368628846,111.36110973183918
68,0.14554528534185418,3944.426242141055,39.077127429996615
69,0.14763320610735878,3903.890213367509,46.55729921842068
70,0.14972114728432864,3783.5182287409116,-23.15734903083224
71,0.15181380487515775,3705.2013569886453,167.3202796680163
72,0.15392114901003526,3638.4866236295347,160.0438563835358
73,0.15602147473412367,3567.3099756599886,132.64019815315734
74,0.15811617475881218,3490.859187893624,35.109857369043596
75,0.16021187122717997,3442.2389228488896,73.84155971356086
76,0.1623006419462899,3392.919670919461,84.9614515404452
77,0.1643899033199985,3339.6566027979993,49.30582070154076
78,0.16648355823815117,3307.5867777308463,33.81933514348286
79,0.16857196837784735,3255.905931836053,24.640802707952297
80,0.17066413320893647,3183.6977270423477,50.15478012214225
81,0.17277086992561352,3148.1354002068374,-26.42974111387439
82,0.17486965460096995,3076.4830147175808,77.676643560311
83,0.17695857694944453,3033.8103836793985,135.73178994585118
84,0.17905245093155753,3013.64540840982,123.12176621158999
85,0.18115265212612636,2934.00840759194,31.291035268990427
86,0.1832476884130739,2880.2286750191515,118.51534386583324
87,0.1853312475833926,2852.7620396446528,31.820201089020436
88,0.1874284892203219,2797.0841766395974,69.07146250731662
89,0.1895337179075755,2764.765433602938,15.553146314218179
90,0.1916268196474026,2696.0900475607864,42.38371322689034
91,0.1937183403446853,2664.576309355171,63.27624383147697
92,0.1958131498886989,2626.43301530853,124.01371914971642
93,0.19790587400989662,2603.7754067774545,-0.42018679719648894
94,0.19999906515978938,2564.972899732745,38.20454087166451
95,0.2020893038374759,2506.3320778803254,67.85413414249616
96,0.2041823192148178,2474.4380246392084,6.3495722750258
97,0.2062825911013838,2432.123516174135,13.863284712180679
98,0.20837701891459662,2391.294658424997,89.93179942689856
99,0.21046758167944032,2362.5701293241805,73.98854463772929
100,0.21256678542440183,2330.633089968238,24.45517798804535
101,0.2146619261104852,2300.8638841305706,33.19839220177078
102,0.21675618057220372,2274.3206378645473,112.38553088330441
103,0.2188528705899679,2272.9715548112445,4.10811226228951
104,0.22094564274530842,2224.9179865745787,64.57786728507864
105,0.2230395148320731,2190.901098238479,43.29887167301431
106,0.22513567328585352,2181.447194033487,13.389497097160351
107,0.22722785048644015,2153.218809184819,46.97736549448107
108,0.22931975112872324,2118.922914822974,43.37983428466434
109,0.23141147723465103,2102.412195490796,60.82280011447297
110,0.23350584674782457,2067.0704724091465,89.04222394995632
111,0.23560416522029054,2041.8209405254229,52.13406354242345
112,0.2377006336558307,2022.501961751761,35.185055053405236
113,0.23979727503904752,1985.1217009842785,60.891924346325446
114,0.2418944602532704,1977.4778763577917,66.48738568333442
115,0.2439884227569783,1941.0452437314648,27.44389598109619
116,0.24608359968283072,1934.1825017518397,31.280448489744607
117,0.24817552807053123,1909.8716802125198,30.73271633285392
118,0.25026237006475704,1887.9535489855227,74.88813015249814
119,0.25235861551053484,1876.660290720908,26.414469672151963
120,0.25445470778669854,1839.6285838366798,54.59010753684773
121,0.2565487653287422,1815.8458772185159,56.56327650457864
122,0.2586464955058471,1806.2247522559894,69.19744173678741
123,0.2607443047329862,1790.4415417992086,73.78249036101641
124,0.26284383121734134,1779.7150779921108,31.737479192596037
125,0.264929885565984,1743.5424002779948,76.50413958208219
126,0.2670163698864118,1739.144358599889,45.134472935092816
127,0.269112135390912,1723.191979213066,40.00468343023538
128,0.27120764961246213,1698.1034513847442,43.50700195389805
129,0.27330509996536784,1689.5681567848567,89.49148218418517
130,0.27539842121309294,1675.9280032408312,29.3441563988847
131,0.27749656900268016,1646.2804048894852,61.47779121080582
132,0.27959864364035925,1640.9351263872306,55.40728396569773
133,0.2816878213234348,1626.5945743285322,50.825550437301146
134,0.28377609558542155,1599.5987400601941,41.29599925425905
135,0.2858732754634003,1594.6948396925611,22.505073690334264
136,0.28796861590208045,1564.682319189732,54.51477195420229
137,0.2900612915162532,1562.9801972137313,58.06666409899949
138,0.2921547032025089,1545.858639791148,43.49159263213726
139,0.2942501291133245,1536.9266593928935,42.21350734387574
140,0.2963444256131289,1525.1131401281202,58.36101438637141
141,0.2984361415704375,1509.264940241722,34.378053411997854
142,0.3005318840555698,1502.182368848446,33.19623228416852
143,0.30262777760316095,1484.3671718230946,49.51951933727673
144,0.3047248035439954,1476.0189195641651,34.70061205160871
145,0.3068210272572538,1468.5679101961243,29.81233820606677
146,0.3089144805088237,1445.0550837042833,36.24526533001316
147,0.31101080657849756,1432.9147780221933,55.878982078565734
148,0.31310885951912926,1428.992033384948,63.32804093466475
149,0.3151991603466065,1416.263249471343,46.243363004153885
150,0.317288667284839,1403.9687964986533,36.08247314701146
151,0.31938044185106124,1395.0327239099176,46.51850321796495
152,0.3214783648369702,1381.6923713137178,36.982904465233396
153,0.3235785211189416,1366.6697111306376,32.58465414624151
154,0.32566935894833426,1357.312869171777,58.44894067730797
155,0.32776077751211374,1351.8751504002817,34.08446509147803
156,0.3298523230655558,1338.5908020588465,45.26647076162847
157,0.3319485433973702,1329.845908102924,51.0677085912715
158,0.33404540358127904,1321.3513584916375,50.10007138811989
159,0.33613494177837844,1307.5647251009566,28.530982496685972
160,0.3382313832787478,1302.512003258523,48.024593951463835
161,0.3403308518124324,1286.5270044241195,30.18675803885455
162,0.3424246601457981,1277.2822153635504,50.07099095499013
163,0.3445197272986724,1276.919416973299,37.71270088473549
164,0.3466158524641983,1262.199758404705,35.86564668301175
165,0.3487089916477683,1251.9285368512888,39.988467409618714
166,0.35080114560367615,1242.841049098995,49.42555124916488
167,0.35289356821720286,1235.95177882171,37.455818857451504
168,0.3549881110219297,1220.0812784151503,52.98318344871064
169,0.35708559248027844,1225.9302429490174,56.01187281500771
170,0.3591813496003593,1213.1904557725422,40.61498397492253
171,0.3612749400626811,1205.4185333786077,37.93160733755542
172,0.3633693413142722,1197.6999588779945,46.47897708933755
173,0.3654632219855477,1191.1313607464076,38.101128316220596
174,0.3675603773529471,1179.238915080681,44.57101295286925
175,0.36965434919829326,1172.122435638362,52.32970570193144
176,0.3717418094879197,1161.0318942605313,38.003665198368736
177,0.37383404253825586,1156.7743686348776,52.77278132196338
178,0.3759308579415973,1153.6300705124431,39.00655196572962
179,0.37802985088946095,1143.6528299515223,47.43040399396974
180,0.3801213498834686,1134.8242424012292,24.243186098485754
181,0.38221306010699313,1127.4224985505232,42.925472695217195
182,0.3843141376638833,1117.1341359777848,37.59986801393233
183,0.3864096355836929,1118.4767089959319,51.822206014437995
184,0.388502907295756,1111.6559059005867,47.532980277109736
185,0.39059769208540335,1105.7486418289038,44.89867412382166
186,0.3926958121232196,1097.4784146507957,36.45074328098519
187,0.39478921808384226,1091.202880672194,29.247671738167682
188,0.39687821409975554,1083.6863611236333,38.09260261838322
189,0.39897073627813356,1081.014131381214,40.55731556668452
190,0.401067192451382,1072.8089651006562,41.088415202053596
191,0.40316228148056854,1064.0830470927704,42.42374027607714
192,0.4052546340249366,1056.695915046969,36.40014214567638
193,0.4073499183903822,1050.9421072196983,39.50109319005912
194,0.4094468722071623,1048.1972059045786,50.43934208271574
195,0.41154432885897757,1044.9904297409337,37.35350049869426
196,0.41363408239228544,1036.0305228929399,41.518536620214476
197,0.41572494638156243,1033.098226386962,33.852028361854195
198,0.41782181997781404,1025.4648384600519,35.75550206245808
199,0.4199166506307261,1017.0425784085023,31.949963944928403
200,0.4220107143757513,1014.9894118167431,44.38199990951936
201,0.42410542949066876,1005.1534908391741,31.078392510267694
202,0.4262013850195404,1006.9494502338772,34.5165587131703
203,0.4282955296445312,997.0510388798072,41.97479734580607
204,0.430391806688861,991.2824070078047,28.40956265627662
205,0.432488575457924,990.6296209853322,40.095501705585434
206,0.4345806090039814,984.2445403536049,38.888226277112906
207,0.43667244097425384,977.6067608641525,40.267019446393135
208,0.4387671492209622,977.1641854230584,43.57323350707382
209,0.4408622534544343,970.2843080931276,37.028720338916514
210,0.44295516415095815,964.0266328233217,30.652691239152748
211,0.4450482683181851,956.0323862350855,39.79132586586722
212,0.44714683875742495,952.0159863993822,43.96785950826801
213,0.44924362280569813,950.0431445335594,42.17638140145411
214,0.4513338633316258,947.2017484325704,39.96524223077158
215,0.45342753643259276,940.2845736079795,40.669902996405995
216,0.45552189548586586,936.0955361167169,31.63514690410757
217,0.45761716616081083,932.8436978193248,35.800051269207636
218,0.4597117909764672,925.7986275312755,51.68532118131363
219,0.4618031890496857,921.3158600054228,41.257999178667966
220,0.4638995470730997,917.2028102922231,32.25042824202815
221,0.4659948171464902,914.2158227364515,39.2946596587454
222,0.46808929446972725,912.2366938069629,44.71628638989367
223,0.47018492649495636,907.0168284193066,36.83092932335898
224,0.4722792778491551,902.6209351669355,42.923523255425316
225,0.47437272572904565,898.9472721274099,34.890273177962406
226,0.47646593372141327,895.859813878397,34.86081215602334
227,0.47856230727426236,893.561769928162,36.87910444814288
228,0.48065904058976644,887.0565210312586,37.16998386429705
229,0.4827512226177774,879.5721285931199,44.287804433556005
230,0.4848441163240575,879.9981684561208,41.72058387401605
231,0.4869397730506266,874.3623130200299,37.79153907834428
232,0.48903678813400875,870.5367650460778,42.21797518639398
233,0.49113096964965397,866.8391038947468,40.58985434425207
234,0.49322332174786626,862.4060932104688,53.216097720108785
235,0.4953187148676145,860.9492196010975,41.79192358914477
236,0.49741120358770496,858.9906422089773,42.835859779382474
237,0.49950082345999325,854.0668233367038,44.09733419870699
238,0.5015952506837275,848.5054371822981,38.22502050965879
239,0.5036919972981919,844.5007143579011,35.8767473672527
240,0.5057872116617207,845.4737034040674,43.280816279123265
241,0.5078828569897101,840.6802146624333,44.45226794896376
242,0.5099793452386306,837.3614477043645,44.22552840985216
243,0.5120767256379639,832.5279495127289,34.154241548893154
244,0.5141702395931294,832.0386965008662,38.23193056104654
245,0.51626132102766,827.8484609209195,36.565277584515464
246,0.5183576899265504,824.8870687902763,38.85317312718797
247,0.5204524416424112,821.1123242875045,40.768289354246804
248,0.5225430403510469,815.9743742711199,38.08988788988981
249,0.5246378991347941,811.7533615446237,43.48004040465589
250,0.5267345150769579,811.3615035484447,40.22491724835211
251,0.5288284644781793,809.1227966456596,45.597009453119135
252,0.5309200047543352,804.6049601821678,47.083091914836544
253,0.5330154787982235,803.3088223978481,37.66395223773813
254,0.5351140455458262,798.3016101289337,48.80119708080481
255,0.5372066203065362,797.2358511921256,41.43080063045066
256,0.5392991990272246,794.999827775795,39.61588438503752
257,0.5413944118270408,790.2431549006276,42.784801480381894
258,0.5434881995106379,786.3922855466293,38.70189053125056
259,0.5455829952492127,784.4439779953049,40.787001326582356
260,0.5476769745662954,783.429701173822,44.025324898215956
261,0.5497697255495043,779.4740924968461,47.820306258721295
262,0.5518645446467839,778.5871310651327,41.3207777151275
263,0.5539598571350287,774.8185804494075,42.98802475152746
264,0.5560564538950566,771.2497579308944,43.44043566611502
265,0.5581500505101624,769.3015506442223,51.23049947722716
266,0.5602409063261653,768.486922812343,44.143435622867784
267,0.5623379637803174,766.1297695691873,48.19976196039547
268,0.5644363283026402,762.1673079755343,47.09287147558618
269,0.5665273824761494,758.4499970029237,44.61104025337213
270,0.568621249018378,757.1696611967178,46.93199699144189
271,0.5707181447612965,755.5225915634683,44.3402745264284
272,0.5728127938597997,753.1199829385367,47.935978955292995
273,0.5749070881546879,749.0955849129901,49.77316749837371
274,0.5769991470923068,747.9103930915225,53.979229198561875
275,0.5790956911760897,747.0295519017934,54.09976741178377
276,0.5811893306261757,742.8864561750402,52.5713775205424
277,0.5832802267374103,741.9011461250184,47.11916079690184
278,0.5853761830306536,739.5149055117835,47.7953653070831
279,0.5874711784415975,737.3813476589174,54.47331499980731
280,0.5895653958899879,732.6048103944071,55.933887216787376
281,0.591659786459685,733.343632202435,49.06870272399921
282,0.5937551851921442,731.9050629304735,50.792554648937255
283,0.5958498092767481,729.7286601718927,53.219535632675566
284,0.5979447066705442,726.930956982893,53.01592732083199
285,0.6000383505174957,726.0145329829227,58.852818926303655
286,0.6021313016181767,721.8699484819135,54.04597007079003
287,0.6042246965556944,719.2088597101337,60.07905182900987
288,0.6063189733697846,720.0379791959363,54.95330874891831
289,0.6084147213727373,716.7028469866908,61.55952698273146
290,0.6105090855473989,714.8920244005437,57.79072334893464
291,0.6126037649785722,713.1666580179292,56.40747416266174
292,0.6147002391370655,713.0686000419099,59.6659040148986
293,0.616794938930829,709.4232783297684,64.87472294724581
294,0.6188886865784012,706.1274197944045,54.210308434887956
295,0.6209825762252046,706.6231279099868,61.67483726589167
296,0.6230764414889526,704.7207240302499,68.40293250894501
297,0.6251725389343245,704.5154578952807,69.5821311414835
298,0.627266923011265,701.7909311981749,61.73253088626259
299,0.6293596211388142,701.5631260803697,66.35210106831464
300,0.6314513250607457,699.3217747645042,68.49791130559525
301,0.6335475720513941,696.7115700071002,69.43152562486732
302,0.6356444982495617,697.3876042307372,74.73769180300266
303,0.6377358562255245,694.600784274311,69.2417340058897
304,0.6398302949107263,691.5062816676494,71.71889165863155
305,0.6419256185614247,689.1082217632564,70.8330222634382
306,0.6440214843206593,690.1670540892751,74.31421514132047
307,0.6461142033434962,688.0702769523616,76.62334810275544
308,0.6482061138478032,686.5677721322708,75.33491781141655
309,0.6503020867345045,685.3711170761076,78.29862127098357
310,0.652398185537932,683.9782051287062,73.51695671015784
311,0.6544932048530038,684.3723196766421,84.27068178890326
312,0.6565867871776386,681.5876683957454,79.25214160918634
313,0.6586827890115348,683.1037706790912,81.7302599505264
314,0.6607793300725506,677.90971318892,82.78367952998511
315,0.6628724964198541,680.2822391348875,82.42977895570307
316,0.6649654402217313,676.6981108347625,84.92481440874319
317,0.667059865407609,678.463479923911,93.2087659751629
318,0.6691532523078332,676.7090832115563,90.19436003028326
319,0.6712457992597233,672.2562714309777,88.10895587317141
320,0.6733390782258323,675.0974389317342,93.20743769297009
321,0.6754367503383576,673.1154297591683,96.13870001789601
322,0.6775335143160066,672.2769043806666,97.21382822666395
323,0.679624621064033,672.2845477266488,98.1217905371874
324,0.6817180292738917,670.4606222489388,93.95303674212154
325,0.6838149015047629,668.829525248502,101.53052944573857
326,0.6859101434268815,667.6608782498037,101.45542471537458
327,0.6880046468184081,667.8162134130423,104.6358573503445
328,0.6900999637264865,667.380373175304,104.03078584761168
329,0.6921965733216279,667.1766231298924,108.43498791363159
330,0.6942884945981568,666.1019027145137,109.64721031514169
331,0.6963781649531228,665.9683972434184,111.7759615481333
332,0.6984747371200234,664.9789863522686,110.38961510139642
333,0.7005690388882679,663.8232375138439,122.57432011048732
334,0.7026621579778546,663.9113252683002,117.58815997664138
335,0.704757268847954,663.0214508215423,118.15759474543808
336,0.7068509057629639,663.1852933111776,125.85001922860431
337,0.708945644402387,661.4494498455647,123.77514949397697
338,0.7110406815970572,661.7459340511145,134.75963077672324
339,0.7131372373036142,662.0408516537841,125.40724038683351
340,0.7152323589250973,661.800679579099,131.07702401226578
341,0.7173245162021571,661.2692685574269,139.1132281159967
342,0.7194199711852413,659.9425936826602,136.43372304159695
343,0.7215151322330351,661.4127432710659,141.79958022923668
344,0.7236102334592447,660.5984593374393,139.54232055208766
345,0.7257047129497166,660.1064798514236,148.34691697407095
346,0.7277958825256088,661.6583891111413,147.58654037325917
347,0.7298900912292255,659.9978920327945,153.5084376696699
348,0.7319867159780691,661.3147846788669,153.3763039371596
349,0.7340808521059053,659.679590615149,156.2827000941037
350,0.7361738853270124,661.9662108658459,161.47663704560543
351,0.7382682123604443,661.1498924864222,165.72879707548975
352,0.7403641944498084,660.4524324542464,169.5616952163943
353,0.7424576311971561,661.0139976269138,170.54226700599813
354,0.7445523870480827,661.254461172543,178.5865889081624
355,0.7466478284648128,662.3470372440552,177.82012955210016
356,0.7487413917548734,664.3427091191734,182.8924472094717
357,0.7508354594737505,664.0625541049243,188.73990077743264
358,0.7529278056847568,663.8335918323074,190.34530285704835
359,0.7550230257904859,663.4255743402935,198.01331651600884
360,0.7571167923480437,665.5843533979626,198.84578265794343
361,0.7592113317151179,665.4945376039698,198.35288178560683
362,0.7613074731933067,666.6718066222492,206.20265073406563
363,0.7634009581307508,667.0730666430908,214.63146964167396
364,0.7654969266569684,668.4871325186689,218.41781593074987
365,0.7675905899780763,669.148319441316,221.19819518388726
366,0.7696837880547684,670.8778846566598,229.75992864672818
367,0.7717795008463626,670.5803894139029,231.18704796895835
368,0.7738757788346248,671.1290842037545,235.86195651095434
369,0.7759706260990727,673.1720022924147,241.7947950142719
370,0.7780620795267656,674.3087897940936,242.389992689659
371,0.7801559906208961,675.0635254333199,245.58502357311994
372,0.7822523136569128,677.8034035478537,253.5039693134481
373,0.7843481481853999,678.9122477675768,261.8574200721359
374,0.7864425511046899,681.3072579505377,264.54650689577295
375,0.7885343495966205,680.3707468572534,269.8268848303081
376,0.7906286372458883,683.8564032692766,276.60190183967956
377,0.7927244345313397,684.13465678022,279.5955176251771
378,0.794818005513127,686.3541080622783,289.88952395094145
379,0.7969121491149282,688.1433808064977,296.0131750958719
380,0.7990047112993173,691.6215322225871,305.2787312444303
381,0.8010984966914405,692.632753836703,306.9810682858064
382,0.8031950165575023,692.7502804076174,315.2035361892675
383,0.80529055904954,694.1178424291738,299.38340890611687
384,0.8073868607794276,695.2422504432393,264.1607155067411
385,0.8094799923089985,694.1816271047355,235.97557729421254
386,0.8115723232550889,691.9870793981514,191.19712162151777
387,0.8136672975922271,690.78238769388,167.03747969657658
388,0.8157631100610689,690.4173142360186,133.75277294996556
389,0.8178569790142735,689.9549989310214,104.89247863376131
390,0.8199506303068442,688.8416831442719,69.58971542395568
391,0.8220462665916841,686.484241750977,36.38998725530191
392,0.8241405937791958,685.5366501707078,9.731387220080695
393,0.8262325853224312,686.4860564663817,-14.64068485400945
394,0.8283265675885274,682.7606873710423,-45.93464531065686
395,0.8304231027322762,683.3393554513325,-78.39745857460558
396,0.832516312308734,681.8978745965669,-102.35333130614352
397,0.8346104967180491,682.4270154481237,-129.96519304613975
398,0.8367055646585567,681.6546913320745,-158.77573557124876
399,0.8387997810841866,682.5298245902862,-182.55542381262367
400,0.8408959249120883,680.1152044982291,-209.6908302121115
401,0.8429902851163829,681.5214159091239,-235.7193898316763
402,0.8450834013034724,678.8913780506795,-261.8691462355668
403,0.8471787052036875,678.7255419994127,-285.75924956521374
404,0.8492741754489669,678.008580113104,-305.7121272129848
405,0.8513666186650054,677.1742910254025,-335.2010463971895
406,0.8534586558453424,676.8828452045292,-355.90001726706464
407,0.8555555147205227,675.8957365753566,-379.84951866063346
408,0.8576510528712873,674.7784835846466,-402.9373295379662
409,0.8597438531231701,674.5031167425727,-422.44723828606027
410,0.8618396600787528,674.0535186784333,-444.4099030599363
411,0.8639352641137702,673.8706891228899,-463.8731434251568
412,0.8660278348127696,674.1837489361101,-481.1481294816648
413,0.8681190723532742,672.8543518537057,-507.3337070197074
414,0.8702145301226206,673.3503235324855,-525.4249955120181
415,0.8723097299260473,672.5977457602372,-547.0635382587917
416,0.8744009465527449,673.0029869154097,-563.3091106391182
417,0.8764962014565297,671.28481630561,-587.5625815551737
418,0.8785921785819074,672.2504494774604,-603.0077336827965
419,0.8806862529738079,671.7587939617794,-622.7448116440535
420,0.8827803474942315,670.9498021104256,-639.6709130288501
421,0.884876552415157,669.8955495270563,-659.3845455190541
422,0.8869727619955021,670.7108929723636,-678.4718837083157
423,0.8890661549276524,670.133259313627,-693.4306818195844
424,0.8911606435626759,670.1352737983832,-711.0386271735035
425,0.8932564177642083,669.1638276477108,-730.06397442847
426,0.8953515942364704,669.9828263541873,-745.9941804733957
427,0.8974449590572777,669.094284819213,-757.0995703425272
428,0.8995380126042275,670.9716705894633,-776.538071776138
429,0.9016308480731973,669.9134460691541,-796.0798621980128
430,0.9037248205752632,670.8283416047797,-808.8060638834138
431,0.9058194398636225,670.565015705108,-825.7899470844292
432,0.9079139093175219,670.1411124230924,-841.0198582988666
433,0.910011764746055,668.9773171425543,-856.617110764344
434,0.9121056647167038,668.57240069078,-868.454238504359
435,0.9141967683902507,670.5732172396446,-884.8139281817253
436,0.9162922424058753,669.7543055790023,-900.1473449988739
437,0.9183868595164038,670.0551273554063,-912.8567592541876
438,0.9204815946523948,671.1596552111491,-926.0432588569922
439,0.9225765682279964,668.8334862021816,-941.2420365343173
440,0.9246708776548578,670.65640252009,-953.9248345449421
441,0.9267650233208798,670.3481385700283,-967.3659566740176
442,0.9288581102404102,669.8768050691536,-982.7220300504268
443,0.9309518934142385,669.7707089413084,-994.2752213498386
444,0.9330469160925099,670.4532112829693,-1006.4675486954883
445,0.9351415764644654,672.2368785645928,-1024.2740066621247
446,0.9372369506587555,672.3167918320687,-1033.018854532692
447,0.9393287530448476,673.0297201286136,-1049.751031474856
448,0.9414229216419412,672.0944849248781,-1055.8144160354832
449,0.9435209341962445,674.549628791394,-1073.2823495688742
450,0.9456148252799238,673.7567747673864,-1081.7674592695269
451,0.9477091255207061,673.8723897354515,-1095.7398733620353
452,0.9498037238864095,674.795997426163,-1105.417873117629
453,0.9518981043411001,676.3403436551811,-1120.8465410239257
454,0.9539914706287521,675.8550862999097,-1134.1526209506833
455,0.9560859977890608,678.4694628126939,-1144.6757163646062
456,0.9581821096695351,678.4516588579784,-1156.2360443969437
457,0.9602755737793266,678.1480408444354,-1165.510846304367
458,0.9623691838562978,677.9222653414843,-1173.3775009734475
459,0.9644636726355348,679.7051239944302,-1191.9742634201123
460,0.9665572681340019,680.6831574551111,-1200.2742186332987
461,0.9686506726657692,682.2901269621505,-1214.9568289951555
462,0.9707453651438224,683.0608779788223,-1226.9941088880064
463,0.9728397447984573,683.163948972744,-1231.488631340589
464,0.9749341599912872,684.2610076044476,-1245.8182373558088
465,0.9770309382258842,685.2980214574187,-1259.6662938519028
466,0.9791243621626365,685.6709086377027,-1269.6088800986738
467,0.9812186011668534,687.8438707740241,-1280.0025701989243
468,0.9833152549762485,687.2221437322904,-1289.341458437629
469,0.9854083366977224,689.1985620565582,-1300.0329954463177
470,0.9875013366256304,690.0837307434941,-1313.2558715831967
471,0.9895964031766183,692.5469311182227,-1329.313728665234
472,0.9916911272506032,692.1384948505965,-1329.7045604264963
473,0.9937856031740195,695.9917614763073,-1349.1869433361462
474,0.9958807301039379,696.3000366846269,-1361.3534221000884
475,0.9979746323874407,696.8449862848138,-1367.6322641134586
476,1.0000664008054638,699.975849837547,-1379.2117454325457
477,1.0021595314674534,701.3115721015793,-1393.1147428364834
478,1.0042547648495364,700.5971616278549,-1398.2400891645534
479,1.006349085630113,704.0776905663583,-1410.098011266811
480,1.0084443367657523,706.662454147409,-1420.7424591381382
481,1.0105398481990022,707.7582832790567,-1439.5529753339567
482,1.0126348213072522,708.7842500978538,-1442.15485374931
483,1.0147293432188107,711.0962054385524,-1455.1884048379166
484,1.0168223222913106,712.5794800233317,-1467.057049290378
485,1.0189181991118834,713.8447843183478,-1478.6167046099904
486,1.0210135889667047,716.3086147975778,-1489.84768381187
487,1.023105517395174,716.8688232771234,-1494.243472174635
488,1.0251997072975425,719.8149458754132,-1512.2821921391003
489,1.0272950549324347,720.729472302308,-1518.7415462313909
490,1.0293904044607038,723.3425988471586,-1530.7510509589156
491,1.0314847550764672,726.0187398123492,-1548.1417518408332
492,1.0335791521913305,726.7853796837853,-1552.9431373956375
493,1.035674282724225,729.0286951899951,-1565.8579000715467
494,1.0377683744197583,733.7844011354973,-1581.3331700730437
495,1.0398611358062981,735.1911491822862,-1594.3425573939137
496,1.0419559810580585,735.3245653019651,-1601.3758534678716
497,1.0440519355231435,738.7215598889246,-1611.869731824987
498,1.0461442665368221,741.7621120032896,-1627.2897868327195
499,1.048238151325366,745.6778328470178,-1641.8675225593922
500,1.0503312794335307,746.6357121637313,-1653.8424363384022
501,1.0524262698953144,751.2191891306932,-1663.4882680356477
502,1.0545208315883745,751.8895921233666,-1680.852253151883
503,1.0566150350094698,755.796726438299,-1696.6086477808117
504,1.058711440318921,758.3472259322383,-1706.2041256804798
505,1.060803734980524,760.6460583201746,-1719.2823369048867
506,1.0628970711462522,763.8481407933646,-1722.8389100013899
507,1.0649945592352892,765.4602532370662,-1746.528853232455
508,1.0670895920886003,768.585444517482,-1750.8406024371907
509,1.0691815189460832,772.7142207392269,-1772.8736839916037
510,1.0712752972137536,773.4834919271591,-1782.7677920277606
511,1.073371173619778,776.6548019102679,-1790.1874316643684
512,1.0754657024825272,778.3485691614355,-1810.6531223992915
513,1.077559391113827,787.0772478436452,-1829.812353559262
514,1.079654167044188,787.1836483043913,-1843.886969181449
515,1.081749685406742,791.2293567113094,-1862.046910618355
516,1.0838429051818583,794.7796617207662,-1873.2218714051658
517,1.0859346611894292,794.9086474496584,-1890.1784173635647
518,1.0880274765489322,798.2857894812296,-1894.9602045470308
519,1.0901226378244568,801.7874287108972,-1911.6341915225948
520,1.092218906510469,805.4402238487613,-1931.415879642279
521,1.0943142405516277,810.1531232441437,-1947.0054452700304
522,1.0964083656069452,811.720644977363,-1970.2233364731067
523,1.098504575117021,817.7339339999799,-1978.6400494890727
524,1.100598880587325,817.0103954364272,-1993.764072729196
525,1.1026907648634887,822.8154774335152,-2024.8645355576734
526,1.1047864761829782,824.1029716137252,-2038.2598640785836
527,1.1068805633882368,824.0923159619298,-2049.0484676292167
528,1.1089715885079452,826.0962645111418,-2055.7227763210817
529,1.1110674731376504,831.2307876918037,-2086.8077265736797
530,1.1131638031712348,832.9274834524989,-2095.5137225017
531,1.1152567400703868,832.4096244855892,-2115.1187941925587
532,1.1173518797395834,836.0868037860474,-2140.3516975995067
533,1.1194466841667583,836.910674627025,-2151.0727468685564
534,1.1215386388653605,838.9896151670504,-2177.28497585503
535,1.1236321502294464,843.2907712514955,-2198.88892695147
536,1.1257265608788465,841.57462821426,-2217.013971226914
537,1.127823511019811,841.7061943221051,-2230.473845758574
538,1.1299186917312898,840.5308988820697,-2252.0362194624877
539,1.1320102853860914,841.9255585368765,-2268.51712852886
540,1.1341022265777971,842.7711938289654,-2298.518284241687
541,1.136196488705377,839.6390176153951,-2310.928546920795
542,1.1382919496812383,835.4163314353065,-2323.6342562734712
543,1.1403848113573067,837.3389938094605,-2347.1315429776932
544,1.1424801205078854,837.6099450904107,-2362.62615557684
545,1.144579099546908,835.5299545701649,-2378.3632337886374
546,1.1466743733674984,838.9512528245175,-2406.2755841315443
547,1.1487627957344069,839.6594908712277,-2418.4199310568624
548,1.1508586543248278,841.2916416169555,-2445.5056889345797
549,1.1529561980713183,840.2799625376805,-2457.2660665473904
550,1.1550454984226184,842.4078550377205,-2474.9461888239425
551,1.1571409429142046,845.0109030814093,-2493.76588507581
552,1.159240859340017,842.2004329192317,-2503.719489052755
553,1.1613355832020602,844.4092779564979,-2519.6066652784752
554,1.163423871831942,851.9933739281843,-2551.0670840386997
555,1.1655188736812345,848.4050012455534,-2561.0398703440906
556,1.1676174368768866,853.0610170540923,-2576.0102409776327
557,1.1697080797153998,849.6456522381387,-2585.5584134916166
558,1.171800206369591,857.0741303276701,-2612.678096018
559,1.17389591489135,858.1868528048099,-2627.926400503626
560,1.1759888523797297,859.5348026396451,-2648.3471067577807
561,1.1780809947202961,866.3399660630719,-2673.690487184138
562,1.1801761196344618,865.5788052943174,-2685.0845268147896
563,1.1822736635654147,870.7686692735971,-2708.778031607166
564,1.1843710306693693,867.5079352644372,-2704.3408592992346
565,1.1864625384002512,876.0210973846889,-2738.8386954066746
566,1.1885545198904406,877.8560438380781,-2757.5429356430845
567,1.1906522613678343,882.4368089714708,-2783.758728101661
568,1.192750069492095,883.9314876709833,-2795.1627315213836
569,1.1948381381583106,886.7909081139646,-2811.06992351759
570,1.1969297222624806,886.9685550820168,-2825.3815925328067
571,1.1990290164311135,890.6193936853067,-2844.9239546515387
572,1.2011243924560484,895.7740307319607,-2867.434602583593
573,1.2032149592826593,901.9573936286647,-2895.5589414309948
574,1.2053132365828256,900.8793865566361,-2901.464890767015
575,1.20741576508926,905.1231194680967,-2923.7877266872424
576,1.2095030565711475,913.5545060575386,-2953.518706130147
577,1.2115949657999687,917.5824148321476,-2976.073642570924
578,1.2136960046145377,918.2905034852708,-2991.645750797732
579,1.2157928316049589,931.7150472649413,-3045.0727476171614
580,1.21787984102748,931.9967443769599,-3044.3264073081664
581,1.2199725120701903,933.4224761954017,-3058.8125958054416
582,1.2220773486348555,943.9991830321993,-3098.035214159495
583,1.2241717280648772,945.5712673271902,-3113.295054220316
584,1.2262574809145717,948.2792239142807,-3121.0638438559226
585,1.22835205989159,952.4640337605888,-3150.033469206596
586,1.2304511070315651,957.9647617609257,-3173.9320521070804
587,1.2325439941641703,968.1044434473456,-3209.6972635922475
588,1.2346327282165248,966.1431546599374,-3211.480504099437
589,1.2367296121231413,979.259280138285,-3258.7755690875188
590,1.238832433751825,979.3542142057634,-3260.9109396278277
591,1.2409238541102623,992.9433369870358,-3312.3593232782914
592,1.243012379245932,996.9463331154847,-3334.2639495958374
593,1.2451094606314712,1003.3018143939812,-3361.8998962732207
594,1.2472066170026377,1020.1096985734789,-3418.070014358911
595,1.2492929515805862,1014.5574877207437,-3408.430915340065
596,1.2513843202334647,1021.2327203889702,-3439.0412978207078
597,1.2534920777891505,1024.789984140115,-3453.503275064713
598,1.2555889180496558,1036.1923396095058,-3499.9181232363476
599,1.257667580798784,1053.8664119698824,-3561.550204362904
600,1.2597632986068967,1056.8667226264092,-3579.8580636871293
601,1.2618709074503869,1054.6255568719614,-3574.2765976798587
602,1.2639618917954016,1063.2870789391368,-3605.7869956153163
603,1.2660463256389345,1074.5632267252395,-3651.9059716526585
604,1.268151380164154,1096.2525207838669,-3730.9344000296614
605,1.2702573897615381,1091.9267657686175,-3716.057666773422
606,1.2723329096911193,1099.913550775637,-3745.864560490522
607,1.2744197010315288,1108.6014361335322,-3780.101886014096
608,1.2765327006010119,1117.1388625497552,-3820.6114000734315
609,1.2786342467193723,1134.708818165088,-3878.1393040719045
610,1.280707182799757,1139.8397210956655,-3898.6158232187972
611,1.2827931530633179,1151.0471609740728,-3947.162990520596
612,1.2849085387747612,1163.8409599624704,-3990.9299173495674
613,1.287000364654089,1166.3172947128014,-4003.107163208041
614,1.2890781709908103,1196.0431568712238,-4105.074622751915
615,1.2911842108955598,1196.7464908963848,-4115.078712699793
616,1.2932965864662813,1205.2047667644665,-4145.079915462838
617,1.2953774115066516,1218.962698595094,-4197.596925265752
618,1.2974494068131983,1232.1403759249429,-4250.392947367983
619,1.2995653278098822,1242.7988630679772,-4285.540654824937
620,1.3016791376111048,1275.051403326983,-4402.04626309591
621,1.3037423234004764,1255.3069080796472,-4332.182968199269
622,1.3058199114096363,1282.8027406517572,-4435.078549802901
623,1.3079467955462118,1319.8690075256477,-4567.408511270859
624,1.3100601882305882,1297.9979432736052,-4490.650707767989
625,1.312113308135768,1318.284740014711,-4561.467065485451
626,1.3141962752176515,1328.4436751184005,-4607.072733797793
627,1.3163277077674513,1377.0529714393517,-4773.145944956003
628,1.3184175493918626,1390.446423714757,-4824.090404298586
629,1.3204856618221223,1388.7805081553531,-4821.832529526449
630,1.3225968812824558,1405.4541110607865,-4884.933320113281
631,1.324712528812616,1409.0187394458392,-4896.438611462935
632,1.3267701241226586,1463.5982337302248,-5089.812248384232
633,1.3288455369869492,1447.8201461694175,-5037.209490634145
634,1.331007859279665,1486.4582453586356,-5177.16418197255
635,1.3331193077637633,1507.632422700962,-5252.748430145584
636,1.335111114646517,1502.6221714008207,-5229.985575360328
637,1.3372000138113185,1535.3792798700767,-5352.662006167246
638,1.3394207042773567,1586.2717517034864,-5529.785787804057
639,1.3415191831855293,1564.423388584456,-5455.668632007064
640,1.343419658472025,1609.701825170034,-5613.281776895586
641,1.3455475267642247,1603.0658363658242,-5592.895539771174
642,1.3478257671998863,1607.1056111614564,-5608.496296102432
643,1.349910545699746,1648.6906871277674,-5749.631548713596
644,1.3517701887420612,1680.4569892560692,-5867.794117693192
645,1.3539417100377606,1734.8671642957165,-6060.3002748519475
646,1.3562514521124112,1827.3683525597262,-6384.666357501043
647,1.3583044750242828,1739.8750510593406,-6081.696568455628
648,1.3600937081391848,1778.600673740069,-6212.0958727795605
649,1.362315666351114,1797.1530903744006,-6282.683145201648
650,1.3646739887244697,1862.4391250899391,-6509.273090541046
651,1.3666040349314283,1818.2189109604856,-6361.227721783842
652,1.3683585203137423,1920.8912675320098,-6721.571495729944
653,1.3706879171444677,1962.7097088179291,-6871.506227373456
654,1.3730812726720756,1985.7587700506385,-6948.563307234425
655,1.3749143385354152,1961.464356265855,-6862.526300386936
656,1.376679031839902,2030.2627470753168,-7100.631949156439
657,1.3790764132796052,2213.4906170375375,-7746.632065215929
658,1.3814727924700456,2094.2635683655494,-7329.675642038563
659,1.3833424067073374,2034.7389746062704,-7117.12968868793
660,1.3850593718572481,2153.9914158880188,-7533.357097224306
661,1.387433769507078,2113.491502301572,-7399.958167838718
662,1.3897620281243455,1532.365391743532,-5363.883383536459
663,1.3917897627196847,2234.4731869129464,-7821.034613910429
664,1.3929979117318791,5444.256457344357,-19054.897600705248
