,k,Pk0,Pk2
0,0.0029665470748989845,2297.5971877329025,-3210.2892716865617
1,0.005026374055021859,3008.843716440354,810.4367590885897
2,0.007149300621522788,3179.3185950378856,385.6101775517516
3,0.009278869254964255,4137.908279451808,-1904.2773758409012
4,0.011450332619344701,4744.921437462321,740.3252914728499
5,0.013492955871419151,5381.190243173769,1324.3641325209471
6,0.01558905561191893,5854.909210831719,-375.65845188073035
7,0.017694083672553172,6162.891271476304,590.1581189666528
8,0.019817874803135297,5921.995260583806,-1557.552255272059
9,0.02192074938196264,6298.603313620209,513.7580382071548
10,0.02398877635566245,6349.744339999497,-978.5088443368311
11,0.026092869718961156,6196.313370663124,-669.3188662967505
12,0.028234663152781798,6285.786537863261,849.6411186516408
13,0.03032284873509123,6162.2542061863405,-307.7954287587253
14,0.03240263258943404,6481.986008274323,-88.3843933972548
15,0.03449210129864554,6203.960986291487,-317.9888414812076
16,0.03658588147515197,6250.891906898962,-547.6305450173838
17,0.038684769492669774,5729.738252558309,-316.87100004472336
18,0.040788988884582836,5672.041910560332,477.10799595281566
19,0.04289390876967646,5464.367253095002,-257.11728817263213
20,0.04498336005546935,5448.473329773279,-270.1533171921547
21,0.047064985294738244,5476.392611901868,-604.8325349172496
22,0.04917111919158227,5281.905933399046,-208.67105485358982
23,0.051262169141742274,5052.950959698745,-355.05219669159334
24,0.05335525146837034,5128.949035420752,341.90973945043345
25,0.05546637228956934,5025.391452521746,387.2029290677741
26,0.057573188192548086,4904.600382579262,-45.1076895712838
27,0.05965884044590281,4794.096894479149,231.38786028378595
28,0.061745123021595065,4755.951155625295,-101.73248027943819
29,0.0638268929113719,4710.724164592621,175.48745431280548
30,0.06592966228838451,4562.822873003735,-260.59544582382927
31,0.06803125784825748,4449.10540781863,159.47942063068942
32,0.07013131008699486,4459.6277718766705,-10.208889557721601
33,0.07223032366074338,4315.652953641753,40.720533048751385
34,0.07432334270720506,4292.967068860688,-142.67377883500785
35,0.07642066756954473,4216.0682149040495,122.4564677455282
36,0.07850471694556041,4077.2703449374862,-6.783227310522992
37,0.08059701946059529,3948.749070320799,2.0453250012122757
38,0.08269521798132064,3874.0456223471792,-100.49470749908221
39,0.08478307522909848,3787.5510074427325,172.55300635422154
40,0.08687780839616016,3754.803933018501,-173.91237022415365
41,0.08897524569656534,3585.0064582099385,-32.016641572707236
42,0.09108077810470518,3462.3166563366212,154.980686836336
43,0.09318432266948053,3405.3635721016226,-35.54015358559605
44,0.0952788764104831,3338.3075662666633,-112.1602231668227
45,0.09736254237981037,3220.792459306018,125.3225415099878
46,0.09944832814799408,3151.1228246053274,-60.60044977259649
47,0.1015460879802399,3126.204043050195,39.10072807661697
48,0.10364263756677322,3066.3238648113706,-61.01474989485285
49,0.10573893905394659,2980.643544024325,10.531306437075063
50,0.10783958559814742,2887.20131137554,93.75386459622075
51,0.10993894058501318,2854.063678483362,116.00556849825217
52,0.11203921431523854,2767.0598891342993,-61.77377814187189
53,0.11412334585697578,2797.486209061793,64.069417864734
54,0.1162159397555423,2714.4843969646627,98.56471388539451
55,0.11831372048037725,2649.385162895154,1.5728265904456726
56,0.12039723118070132,2618.5885620990607,92.69133076368252
57,0.12249223631878574,2600.089302653584,-96.5960333047314
58,0.12458825984258635,2555.0304043849605,32.94732637511421
59,0.12668846771583772,2509.261012024735,-9.630625292821952
60,0.1287846620419941,2470.329548818329,53.79780729504957
61,0.13087133937881498,2456.248197233631,30.7412448296422
62,0.13297548334406448,2374.4492024091514,70.66449045759333
63,0.13506910815256093,2368.2126269940522,26.357317653558262
64,0.13716388258568254,2314.461412541824,45.2961828608824
65,0.13926047573721634,2282.86073384676,-7.0669455600992
66,0.14134668829083769,2249.059783083683,39.14230207007132
67,0.1434475230090064,2201.8336245817745,-4.142634387447468
68,0.14554528534185418,2159.119319509932,90.36965729525248
69,0.14763320610735878,2108.6979180745834,50.02350132851477
70,0.14972114728432864,2056.026527703121,9.722388603966255
71,0.15181380487515775,2034.0235596007235,57.138940948932124
72,0.15392114901003526,1993.9007214944281,58.38253328767112
73,0.15602147473412367,1967.491608052401,66.51839741848934
74,0.15811617475881218,1930.7926251745341,11.416612759084739
75,0.16021187122717997,1900.1036589968653,42.583148373757545
76,0.1623006419462899,1845.9572335246935,107.55193106521943
77,0.1643899033199985,1823.417203124433,-42.207229116372766
78,0.16648355823815117,1793.1539737672285,59.8025458622815
79,0.16857196837784735,1774.6069123951304,80.68763697293065
80,0.17066413320893647,1750.0629907533296,69.58905398907602
81,0.17277086992561352,1708.1979988145863,-26.862374204555827
82,0.17486965460096995,1687.3774900374005,54.42319633241395
83,0.17695857694944453,1665.5239742956196,62.371301884285046
84,0.17905245093155753,1648.244442458058,42.31667970657073
85,0.18115265212612636,1627.853592315146,25.685453067069048
86,0.1832476884130739,1614.6205731294801,9.418570999278801
87,0.1853312475833926,1572.7704177380972,73.37975713278838
88,0.1874284892203219,1560.324910809981,0.13471337826249868
89,0.1895337179075755,1546.4124041536388,13.941797561628672
90,0.1916268196474026,1529.4536490757132,57.02345316383639
91,0.1937183403446853,1507.5769242644383,68.37520606387854
92,0.1958131498886989,1491.9002409636084,67.90131348179264
93,0.19790587400989662,1476.3858761588708,7.282943683955883
94,0.19999906515978938,1453.1046643430304,54.542978776309674
95,0.2020893038374759,1440.3215635653728,50.0627854879661
96,0.2041823192148178,1414.9210370165601,21.297148238056426
97,0.2062825911013838,1398.8452258829136,41.67187186345261
98,0.20837701891459662,1378.073509475676,50.58601721912318
99,0.21046758167944032,1357.7193718749345,33.131659553774796
100,0.21256678542440183,1348.9577840314103,40.18170801768092
101,0.2146619261104852,1328.595042803378,56.26411368199367
102,0.21675618057220372,1319.4022557260566,50.514949853053025
103,0.2188528705899679,1298.089070575567,8.00740150742434
104,0.22094564274530842,1269.8948195301448,50.07958662329214
105,0.2230395148320731,1254.7215719195785,51.79865647953739
106,0.22513567328585352,1248.1826906609688,50.85499050935056
107,0.22722785048644015,1225.4690738918869,37.2188444229816
108,0.22931975112872324,1217.7641895151005,53.45393490076289
109,0.23141147723465103,1201.33426990534,49.07368436186641
110,0.23350584674782457,1185.7113421714025,54.948315669742755
111,0.23560416522029054,1169.9161191765793,52.19717146477217
112,0.2377006336558307,1158.7812982510536,47.12008917372027
113,0.23979727503904752,1141.4892814577456,39.17171317587314
114,0.2418944602532704,1130.0747402222685,66.87268167650493
115,0.2439884227569783,1121.2638445040357,36.86769277677294
116,0.24608359968283072,1106.781868161161,48.13771564464321
117,0.24817552807053123,1094.1539487844095,67.07094779466429
118,0.25026237006475704,1089.452387020072,62.76703571362208
119,0.25235861551053484,1078.5146503213261,40.46901599494003
120,0.25445470778669854,1067.0622382478316,61.43757302522251
121,0.2565487653287422,1059.527130606396,68.45312533064997
122,0.2586464955058471,1052.5588025829668,35.45726995759493
123,0.2607443047329862,1039.329901331568,37.91637227209885
124,0.26284383121734134,1025.4618472994828,29.1012640130396
125,0.264929885565984,1011.870775756713,54.50075233247723
126,0.2670163698864118,1007.8924587195072,18.346966857973428
127,0.269112135390912,994.7010957438264,36.318837271940055
128,0.27120764961246213,986.8074347745448,48.350991881232666
129,0.27330509996536784,982.1150435845354,72.54815279709557
130,0.27539842121309294,967.0491483639419,45.840501218214314
131,0.27749656900268016,962.9167633088474,49.29189384246499
132,0.27959864364035925,946.9362226047376,56.2158825424303
133,0.2816878213234348,945.0748629845282,41.305125885311256
134,0.28377609558542155,935.5092867733773,46.36040418051884
135,0.2858732754634003,928.2190366700572,62.27352594629911
136,0.28796861590208045,918.3894720097838,66.62981065873363
137,0.2900612915162532,905.4273634263698,55.223804515295186
138,0.2921547032025089,899.036110896873,58.04697758658927
139,0.2942501291133245,892.6349960053466,49.160600794730115
140,0.2963444256131289,890.7259320771053,56.85028429416271
141,0.2984361415704375,875.5365390482257,43.42117571357346
142,0.3005318840555698,870.1174378880695,54.56374612862673
143,0.30262777760316095,857.4702516774538,57.44930925532167
144,0.3047248035439954,855.321067090687,44.1848936222361
145,0.3068210272572538,845.3221625168848,44.4740283588314
146,0.3089144805088237,841.2186189473763,54.340700649553604
147,0.31101080657849756,829.6937821891865,59.74638972782751
148,0.31310885951912926,824.6190763162739,54.32552769831194
149,0.3151991603466065,824.2067636446872,53.653512326954825
150,0.317288667284839,813.7380701345314,49.9013223695295
151,0.31938044185106124,807.6242076955958,61.4454205602176
152,0.3214783648369702,803.4869709601735,57.37662997092949
153,0.3235785211189416,793.0686731917633,49.558617498235925
154,0.32566935894833426,789.464175673739,51.255902024363465
155,0.32776077751211374,779.1633092722361,44.67190862821986
156,0.3298523230655558,774.5250607360555,56.01010742972696
157,0.3319485433973702,768.5396523690127,37.59724039471055
158,0.33404540358127904,768.7594903085292,54.57520781779133
159,0.33613494177837844,757.5543362949118,47.69470151359
160,0.3382313832787478,752.5585796307387,47.96714796308491
161,0.3403308518124324,750.0715902244121,42.10826874556706
162,0.3424246601457981,744.767404940863,53.455490044539914
163,0.3445197272986724,736.6822076433626,35.48466024278948
164,0.3466158524641983,730.22603818277,41.35810227169777
165,0.3487089916477683,725.1014238763689,49.758234869254395
166,0.35080114560367615,721.1855691660547,47.87846826213955
167,0.35289356821720286,720.3060425490179,45.35323513145228
168,0.3549881110219297,713.1860459819312,52.07931491570541
169,0.35708559248027844,706.600051903327,50.846597050662936
170,0.3591813496003593,703.7306624629491,50.791577900482054
171,0.3612749400626811,696.4850548312982,46.44320915630009
172,0.3633693413142722,690.8898811768743,49.381371613223585
173,0.3654632219855477,690.3214512510832,63.77651461083875
174,0.3675603773529471,683.4552968341753,44.66340974409236
175,0.36965434919829326,676.9944763150205,48.9899082973833
176,0.3717418094879197,673.3728700009441,45.46998320125205
177,0.37383404253825586,670.285839335163,50.5060853977175
178,0.3759308579415973,665.5912638955788,43.21548610183079
179,0.37802985088946095,661.1625271352908,48.509344469743354
180,0.3801213498834686,657.4248527950309,43.74637913571787
181,0.38221306010699313,651.6747590515979,47.20945255324345
182,0.3843141376638833,645.8418247097554,49.755169643762194
183,0.3864096355836929,644.0382249414264,48.0075626778496
184,0.388502907295756,637.8303166027633,44.44161433357892
185,0.39059769208540335,636.8552831429748,53.24115103826776
186,0.3926958121232196,634.4071473823578,47.23091210453906
187,0.39478921808384226,628.6218238558642,43.89239563718108
188,0.39687821409975554,626.2944199536925,48.257558713465286
189,0.39897073627813356,622.7031639904098,42.66944035493323
190,0.401067192451382,616.9454816984056,42.86705400968928
191,0.40316228148056854,615.3527437172537,47.51706271487982
192,0.4052546340249366,611.9440071756184,43.58667151959508
193,0.4073499183903822,607.4221429009156,47.65627883428516
194,0.4094468722071623,603.6222183669196,45.49727834415412
195,0.41154432885897757,600.9436510342668,47.69743491469268
196,0.41363408239228544,594.7811630545101,52.81104177657594
197,0.41572494638156243,592.222604011617,40.470278794545784
198,0.41782181997781404,588.9130298275933,46.03726523181224
199,0.4199166506307261,586.9075982360291,46.92820606236481
200,0.4220107143757513,583.214825018267,42.72716777009622
201,0.42410542949066876,579.0790888531084,47.35050083073339
202,0.4262013850195404,577.1891343636823,46.92963837274923
203,0.4282955296445312,572.8827105215828,55.006931970273456
204,0.430391806688861,570.5365351432878,39.44023797918163
205,0.432488575457924,566.6458590883876,42.23317615448017
206,0.4345806090039814,563.8116942361902,40.51855251634007
207,0.43667244097425384,561.6854955054622,47.588820636688
208,0.4387671492209622,558.4505818494918,40.24558019669049
209,0.4408622534544343,556.8397096344522,38.31553165187169
210,0.44295516415095815,553.0403957780582,42.63594466038188
211,0.4450482683181851,548.8924393913636,39.83024883144479
212,0.44714683875742495,547.7087578946254,48.981784345590064
213,0.44924362280569813,543.9676760615517,44.700594320385484
214,0.4513338633316258,543.1677459825945,43.990199592046714
215,0.45342753643259276,538.0713157534382,44.282848028991246
216,0.45552189548586586,534.7527201247862,46.30252081989088
217,0.45761716616081083,533.1288825453432,43.41841368844017
218,0.4597117909764672,531.3992728418898,46.63195713058198
219,0.4618031890496857,527.7431976966461,42.59980357010744
220,0.4638995470730997,526.4744584419658,44.72028095544802
221,0.4659948171464902,523.0431404429526,43.42087958939703
222,0.46808929446972725,519.8786058103298,43.16811119883424
223,0.47018492649495636,518.8503466005841,43.58390258776285
224,0.4722792778491551,515.2077479869947,48.10976669549551
225,0.47437272572904565,511.56931327375804,42.164641402408506
226,0.47646593372141327,509.82847843412895,36.857017692323296
227,0.47856230727426236,507.8917182007332,44.8089299862928
228,0.48065904058976644,507.10612044081415,35.9682097754911
229,0.4827512226177774,501.75024152631283,44.192842465831
230,0.4848441163240575,501.5775150172931,37.610144475543564
231,0.4869397730506266,498.17532322175435,35.72061480407465
232,0.48903678813400875,495.7944884297838,39.86371414356315
233,0.49113096964965397,493.4159670003261,40.38011336435411
234,0.49322332174786626,492.5727929677795,42.96932408062181
235,0.4953187148676145,489.3468677459191,41.10494780853004
236,0.49741120358770496,488.6530980178438,39.11406191602005
237,0.49950082345999325,484.0870308336539,38.63266994754663
238,0.5015952506837275,482.9544576681082,40.87406385897033
239,0.5036919972981919,481.1383598139803,37.70992332817975
240,0.5057872116617207,477.1891644257713,40.4639693739306
241,0.5078828569897101,477.18977169202117,33.58605464533667
242,0.5099793452386306,475.414594274169,34.96202742839831
243,0.5120767256379639,472.1018653727785,39.57736813628647
244,0.5141702395931294,470.51168493674805,40.756394224033556
245,0.51626132102766,469.19245977658295,39.39997880310202
246,0.5183576899265504,466.1260680661755,39.08599719800538
247,0.5204524416424112,464.47406950746233,40.149902701603416
248,0.5225430403510469,461.9828481756418,38.0594129343145
249,0.5246378991347941,460.1678148889609,45.106878996104065
250,0.5267345150769579,458.7690645807038,38.3372596752498
251,0.5288284644781793,457.6594115143094,38.91587172436871
252,0.5309200047543352,454.7641454197177,38.24202251562398
253,0.5330154787982235,454.04377562555857,37.72502316212765
254,0.5351140455458262,451.0872968260889,40.90127077289493
255,0.5372066203065362,449.99488558543874,39.56685373691862
256,0.5392991990272246,448.0211293771699,40.22398226155349
257,0.5413944118270408,446.21231503120856,36.12319522497338
258,0.5434881995106379,445.24503774941604,38.74830459280004
259,0.5455829952492127,441.7698590799818,38.302871654974886
260,0.5476769745662954,440.2744897074355,36.28288509330123
261,0.5497697255495043,438.42161957077184,39.25170364671779
262,0.5518645446467839,436.78960219750127,32.72244527939801
263,0.5539598571350287,435.5280044193986,40.424514086138565
264,0.5560564538950566,434.7278748737614,33.36603083848828
265,0.5581500505101624,433.0017054489579,37.31711847862927
266,0.5602409063261653,430.2597364321795,37.909481682912485
267,0.5623379637803174,429.2991582004218,35.73658807577864
268,0.5644363283026402,427.8311564520784,36.07149325580793
269,0.5665273824761494,424.22848524850275,38.52119489826203
270,0.568621249018378,424.8562862337458,35.72291921249789
271,0.5707181447612965,422.56210834535096,36.509802875683725
272,0.5728127938597997,420.40314970542204,36.07339569243518
273,0.5749070881546879,419.28498474244134,38.026286668994985
274,0.5769991470923068,416.9064353963807,37.010074939270034
275,0.5790956911760897,414.8783211326165,33.985927936415784
276,0.5811893306261757,414.35178018789196,37.886274911457
277,0.5832802267374103,414.06333913976664,37.887482424804396
278,0.5853761830306536,411.24090653396934,37.4273830234114
279,0.5874711784415975,410.63678472755674,34.680044609426965
280,0.5895653958899879,408.7378878189091,34.15248056809895
281,0.591659786459685,406.9588243832726,32.459621142208405
282,0.5937551851921442,405.9676485114337,35.53457803863656
283,0.5958498092767481,404.87821307012246,36.67724890447838
284,0.5979447066705442,403.3253579590494,30.90210311091837
285,0.6000383505174957,400.9595406271483,34.54145661633071
286,0.6021313016181767,399.7773499636954,32.90089559418844
287,0.6042246965556944,398.7042808362289,33.29301505669112
288,0.6063189733697846,397.0857965024856,34.511064497105565
289,0.6084147213727373,395.7816516984492,35.201615883516546
290,0.6105090855473989,394.18732478552954,35.5297301547561
291,0.6126037649785722,393.5630741241186,34.749234875856224
292,0.6147002391370655,391.62430628191044,34.53082814997037
293,0.616794938930829,390.7669207525025,32.94306802776371
294,0.6188886865784012,388.9643132068235,30.549264440287015
295,0.6209825762252046,388.0456721289453,35.11550271127082
296,0.6230764414889526,386.2377535876803,33.5287208962641
297,0.6251725389343245,384.6867966864725,31.96509355496894
298,0.627266923011265,383.76089475005335,29.15673723459757
299,0.6293596211388142,383.00214719480755,34.28090939559553
300,0.6314513250607457,381.61440755082043,31.99782172409831
301,0.6335475720513941,380.621274779425,32.992691222158676
302,0.6356444982495617,380.4125622484509,32.70741978327593
303,0.6377358562255245,378.12555421865386,32.17331573693628
304,0.6398302949107263,376.9291282319678,32.74658700164337
305,0.6419256185614247,375.31778455092143,31.209960562072887
306,0.6440214843206593,374.5791003034141,29.201479495323007
307,0.6461142033434962,373.29740386708175,33.46991028933562
308,0.6482061138478032,372.4012106671273,30.774380747511746
309,0.6503020867345045,371.08744669200604,31.231831058593375
310,0.652398185537932,368.7807035016006,33.00821147289506
311,0.6544932048530038,368.83290447741115,28.78253120817884
312,0.6565867871776386,367.6688068232059,33.64405691756884
313,0.6586827890115348,367.03346255292223,33.2529105309212
314,0.6607793300725506,364.8915948340702,31.12715966503091
315,0.6628724964198541,363.2698945616985,31.078500252291878
316,0.6649654402217313,363.09295554123406,30.3755359424169
317,0.667059865407609,361.31018068489425,28.30822220530404
318,0.6691532523078332,361.0608121094419,27.494450096685462
319,0.6712457992597233,359.19428177449834,29.76349514261403
320,0.6733390782258323,358.57593517858953,31.06321658765514
321,0.6754367503383576,357.5045033574167,30.810423495161796
322,0.6775335143160066,356.30066227636405,29.360726668573793
323,0.679624621064033,354.2635493286073,28.412782048195762
324,0.6817180292738917,354.2976266937505,30.950961780371767
325,0.6838149015047629,353.077121227965,30.935262038812567
326,0.6859101434268815,352.51168411252104,29.15909124229837
327,0.6880046468184081,351.1062295686948,29.172579345705746
328,0.6900999637264865,349.9570978592191,29.706988049077435
329,0.6921965733216279,349.7118001632692,33.2506040729781
330,0.6942884945981568,347.9010724632154,27.943153515353895
331,0.6963781649531228,346.64635327710124,30.82716737667579
332,0.6984747371200234,346.19262683530127,30.86415827591963
333,0.7005690388882679,344.01539329979727,30.436470440039717
334,0.7026621579778546,343.58700341738967,30.82581893715319
335,0.704757268847954,343.1387848554709,29.198091835183067
336,0.7068509057629639,341.5112332790473,26.731486009782163
337,0.708945644402387,340.730629262222,27.835601183420057
338,0.7110406815970572,340.3619955114655,29.712315881478187
339,0.7131372373036142,338.95648534193884,27.125508105418856
340,0.7152323589250973,337.33693800806356,25.39110705205246
341,0.7173245162021571,338.0157139846768,29.336724421503625
342,0.7194199711852413,336.03993343652525,26.733975286120256
343,0.7215151322330351,335.33406400049967,26.196708215038402
344,0.7236102334592447,334.6621055764839,27.677494410617026
345,0.7257047129497166,333.5528709855245,28.21591912271825
346,0.7277958825256088,332.9317871057774,28.73020998578392
347,0.7298900912292255,331.6269051181091,27.618205131614495
348,0.7319867159780691,330.07090932309035,26.708316873391194
349,0.7340808521059053,329.476249728846,26.60711975128316
350,0.7361738853270124,329.3557317693882,28.501556437458962
351,0.7382682123604443,327.7360531474039,28.31144168525994
352,0.7403641944498084,327.26496174777975,27.886635203581125
353,0.7424576311971561,326.3448371732802,25.337338501086787
354,0.7445523870480827,325.7147852876573,27.035745692981862
355,0.7466478284648128,324.27519140603135,26.267936764449278
356,0.7487413917548734,323.9318509611204,26.65554112095573
357,0.7508354594737505,322.8853844183753,27.127004037082003
358,0.7529278056847568,322.65442066574303,25.401633914098326
359,0.7550230257904859,321.6928369945826,27.91261414222477
360,0.7571167923480437,320.81113546054667,28.688493249123145
361,0.7592113317151179,319.4736721499211,25.894926477127893
362,0.7613074731933067,318.73785673358054,26.793479880897866
363,0.7634009581307508,318.47862216000726,27.480402362156305
364,0.7654969266569684,317.15452247812283,26.57623468730194
365,0.7675905899780763,316.4937837506967,26.97853450680287
366,0.7696837880547684,315.5014901198764,25.020871653192504
367,0.7717795008463626,314.5964892345797,26.774336459762292
368,0.7738757788346248,313.71063027982547,25.924662329804207
369,0.7759706260990727,313.4211894104414,27.556093900693874
370,0.7780620795267656,312.86733773757754,25.78048226717822
371,0.7801559906208961,311.5178468337505,24.59622772166895
372,0.7822523136569128,310.3884189548448,27.60456830389163
373,0.7843481481853999,309.9519419420441,25.304073332932603
374,0.7864425511046899,309.3343879571217,26.32725491246859
375,0.7885343495966205,308.4345768061802,26.936826926642286
376,0.7906286372458883,307.50661490542745,25.14361918249558
377,0.7927244345313397,307.0939770279598,25.57373518894629
378,0.794818005513127,306.0702504990838,25.846477242713867
379,0.7969121491149282,305.2774344811013,24.25073260076236
380,0.7990047112993173,304.8446573220826,22.836974739553064
381,0.8010984966914405,303.85003777507245,22.92646098320885
382,0.8031950165575023,302.809707176226,27.28656673883104
383,0.8052905677217739,302.3990537581004,25.7537481490499
384,0.8073868841230295,301.56668949023316,25.948127253737304
385,0.8094800557409162,300.92387516210505,26.115005752851577
386,0.8115724907946299,300.41394917049064,23.24055060885458
387,0.8136674854006812,299.4132877310638,25.27965814035383
388,0.8157633267681768,299.0308231711272,24.326174449601254
389,0.8178572815764139,298.46757717062434,24.434614146510025
390,0.8199509017046862,297.5877126189274,22.237537305131468
391,0.8220464110750062,296.47895310741137,23.19004737949901
392,0.8241406544737637,295.48851110558905,24.267480166049094
393,0.8262328397247414,295.2173891737698,24.855384063751686
394,0.8283269471334518,294.5190630324069,24.347610881278456
395,0.8304231064697798,294.4174522475829,23.469101459575366
396,0.8325161683796762,293.30312714863743,24.558636403212134
397,0.8346105557242035,292.2338389019398,23.901705370885008
398,0.8367059794413102,291.64175366213846,23.39045122885732
399,0.8388002445604258,291.289655447966,23.86881046402391
400,0.8408960756111226,290.59026232463424,23.355840609085035
401,0.8429905652842218,289.5101019979962,23.542642220855342
402,0.84508401313589,289.4719788729181,24.07709405175972
403,0.8471791713809247,288.803614720845,23.476890524254877
404,0.8492743362825239,288.00385775504776,23.187268649364302
405,0.8513668888602299,287.564423884237,23.825648471765618
406,0.8534589296280589,286.4943231525317,23.680411845170116
407,0.8555558405338324,286.0048204059985,23.45872745470793
408,0.8576516874123633,286.20355877059967,24.352531934841444
409,0.859744590599333,284.81184030741036,21.685662690868902
410,0.8618400547669827,284.23149913777036,21.822096890832444
411,0.8639350434441438,283.7232550895337,23.787803856129102
412,0.8660280248974203,282.85901684764576,24.065412320244523
413,0.8681201347325478,282.3455848151377,21.931538106357877
414,0.8702157283801463,281.33973975213206,21.41006018667206
415,0.872310621353091,281.1563165882799,23.921883562084307
416,0.8744020359703552,280.037607069682,22.956723982882494
417,0.8764972088477568,279.99710577825647,21.484659400487455
418,0.878592835994214,279.6040999577199,23.18449314735896
419,0.8806870131084201,279.24323488904116,22.51053308970737
420,0.8827812802431019,278.2109157529183,23.556614143713325
421,0.884877279658285,277.1804659519325,22.93652948153074
422,0.8869730004154345,276.96620521561,22.884738005652643
423,0.8890661750433553,276.19911656501716,22.97580755058526
424,0.891161435679344,275.90260157193046,22.96156779136613
425,0.8932577960179496,274.9077723633243,22.139173879529388
426,0.8953527392107627,274.51290082202803,22.260971514604158
427,0.8974462460666859,274.37332880490357,23.176292326913785
428,0.899539340962409,273.6045453515374,21.8894269208049
429,0.9016318169027592,272.99241198784915,21.447420749973794
430,0.9037252249745606,272.1961025382343,22.707417672907738
431,0.9058199443223193,272.0749312675471,22.306486726472816
432,0.907915243986348,271.27959947801514,20.619119203053838
433,0.9100128049501981,270.4998536949021,21.58134526091913
434,0.9121059966002629,270.1180749426618,22.075059720734412
435,0.9141972861830797,269.657656955945,22.81380212876597
436,0.9162932496702593,268.9211290242148,20.68547458257677
437,0.9183878012752863,268.55149801932316,21.68663797107496
438,0.9204823185419505,268.29650356912816,22.159563496294815
439,0.9225773629784582,266.9816058852348,21.1367937563976
440,0.9246718174739146,266.8119577648956,20.709498071437313
441,0.926766211900197,265.86643037705863,21.626371403858844
442,0.9288591582540804,265.5766017216521,21.885517416956464
443,0.9309526610700547,265.168598653626,21.495776184651653
444,0.9330479303067369,264.9812707715596,21.938382051644062
445,0.9351433527997749,263.8882057304284,20.852005282659555
446,0.9372383527365933,263.4625125503462,21.74949504502106
447,0.939329757499591,262.96491193974515,21.19003411609308
448,0.9414230571985791,262.05195311738123,20.042394217179616
449,0.9435210054806012,262.2656257273941,21.49787558120959
450,0.9456162503172072,261.2337536801396,22.678767224946764
451,0.9477100092887099,260.99089463103326,19.658853279365392
452,0.9498046323041349,260.3069586832488,21.976057766497252
453,0.9518991548408083,259.9453864001229,21.11287620640014
454,0.9539929332702277,259.3787536601603,21.213893992011783
455,0.9560874898052096,258.8780110371881,20.598738119655643
456,0.9581824530689178,258.2788677718343,21.643120169550034
457,0.9602770371571748,257.7285789294918,20.13742628248105
458,0.9623710723241273,257.41918690319403,21.853297868533897
459,0.9644648349083941,257.051816122863,20.77021703766027
460,0.966557887379011,256.71962293455636,20.179941253037303
461,0.9686513195291268,255.59837426618995,21.49111838947367
462,0.9707470393683869,255.58976936726302,21.177128241830665
463,0.9728419987888902,255.32337349225713,21.061490357083443
464,0.9749363451418961,254.5973896875198,20.960943083621814
465,0.9770319720978949,254.02538118432165,21.912173529703047
466,0.9791260608689247,253.5855332136459,21.294636021883914
467,0.981219993418123,253.1218390127911,19.865655027014984
468,0.9833154848012966,252.51666391756243,21.080626326416322
469,0.985409217900734,252.25345681452373,21.299744028007968
470,0.9875034929558208,251.87897616038723,20.626311390737058
471,0.989598845059814,251.24495764376707,21.100797541912048
472,0.9916925524589582,251.18343080769563,20.194832842535604
473,0.9937866222530743,250.12529702445454,21.09073592894807
474,0.9958822538585521,250.1801945476006,20.45410383204482
475,0.9979763461234663,249.50743570346907,20.41163349936796
476,1.0000687382803208,249.3459730699006,20.528534861980894
477,1.0021620574674717,248.68616752575014,19.079626476621804
478,1.0042566040705312,247.73762352055567,20.7716615072749
479,1.0063510481087232,247.88805746069957,20.720106070251212
480,1.0084458017147504,247.23298805515643,19.815912710491073
481,1.0105412449330358,246.8887384847017,20.496202183746213
482,1.0126363206852906,246.20524942046887,20.30369534002166
483,1.014731689048677,246.02470859253197,22.194529605006004
484,1.0168251811607234,245.59144503690456,19.67671518208288
485,1.0189183181794257,244.78205498210724,20.883981735873625
486,1.0210135131858313,244.68149442815556,20.7457085132938
487,1.023107899818119,244.3830161678144,19.842909493350525
488,1.0252035642142994,243.8634344009832,20.475945394474177
489,1.0272979326699727,243.13691752897634,22.391024108791676
490,1.0293915165160124,242.84957796894426,21.06929953474165
491,1.0314862118776227,242.46704926826146,19.995440225449972
492,1.0335813276438528,242.1586898782301,20.365314860625404
493,1.0356760372494827,241.52878921189367,19.61582190922407
494,1.0377697665518313,241.38062455837334,20.669789410908653
495,1.0398635542890804,240.73446754877077,20.915852275618914
496,1.0419580022733907,240.61217897056778,20.023426860555467
497,1.0440530837182007,239.9081396822596,20.86156193023112
498,1.0461463909219801,239.72343711088317,20.710312491716355
499,1.048241289239942,239.17741300648305,21.426985428932674
500,1.0503346504195201,238.4022981019639,21.09393296830323
501,1.0524278880438542,238.5295977517014,20.59923128194982
502,1.0545231057279465,237.63375006947922,20.732439083460775
503,1.0566172205725972,237.72282562035804,20.03255316120476
504,1.0587125681053644,237.47678629336565,19.34259783044115
505,1.060806974942881,237.29102729638927,21.66624985082202
506,1.062900937291859,236.27971816199536,19.83695858066256
507,1.0649968400029963,236.32419164274617,20.624793242129005
508,1.0670917748856612,235.50521897419478,21.13558957357744
509,1.0691837840599538,235.03171017585237,19.994180150334287
510,1.0712784055790137,234.96623903408823,20.906786592879072
511,1.0733741944109443,234.63621105627828,20.26160910427158
512,1.0754689143080451,233.94819930945502,21.575120847920527
513,1.0775625935653539,233.7789514044081,20.786880930788392
514,1.079656551776009,233.32357367769762,22.1032574787498
515,1.081751759033872,233.05001896013695,21.37180552368607
516,1.0838450038800544,232.89849799509162,20.085694250057756
517,1.0859393346043436,232.47455231094318,20.896968100746577
518,1.0880340737032612,231.92266612536352,19.99256565895098
519,1.0901280973397867,231.80646462049265,21.86387148010972
520,1.0922232205093443,231.49843273475665,21.186725164418945
521,1.0943183198095006,230.61486617954895,21.135315563168525
522,1.0964124680620808,230.69063813482705,21.09207413073179
523,1.0985066965945804,230.18843447942058,20.21701126135091
524,1.1006022506925348,229.85311968155364,20.746956218445654
525,1.1026960746069068,229.3333236111506,22.18859287398626
526,1.104789420523433,229.6143081164384,19.365897931267273
527,1.1068841457204943,228.78611227700543,20.38703880069329
528,1.1089772649904681,228.40792677178354,20.725616075796232
529,1.1110723868790173,228.27283546810187,21.40196438665073
530,1.113168427194727,227.7178780464364,20.55899191648979
531,1.1152626776337078,227.51696801451368,22.146801646171713
532,1.1173574051129724,226.83658827923287,21.200237048073248
533,1.119450573697561,226.45105838144954,20.48521029821075
534,1.1215436337779248,226.15174605225127,20.40085719390026
535,1.1236390334415942,225.97715274051436,21.620473965812543
536,1.1257332200225998,225.53132877416724,21.915080025818163
537,1.1278283378211404,225.72159947766426,21.72555274572266
538,1.1299238131648552,225.01734592120278,21.138363273806213
539,1.132017447124327,224.60364629647813,20.723668390367163
540,1.134110650036949,224.34132361632112,22.23932587502382
541,1.1362036259959787,224.05803881054882,20.77814492735431
542,1.1382991427598659,223.72007515852155,20.932527840402784
543,1.1403936066737896,223.41796676929314,22.058035837591873
544,1.1424878264606209,223.01301717262626,20.687032326544152
545,1.1445836717483504,222.7469465386889,21.833197378850475
546,1.1466778755714095,222.72836784716864,22.32154138188506
547,1.1487715351237628,221.84396195389232,20.97898185004593
548,1.1508672245306748,221.86470257342003,22.226337528574618
549,1.152961670034179,221.3370327855713,21.967890242218
550,1.1550551275418117,221.14891546927282,20.697347406415993
551,1.1571500620004906,220.93488864081135,22.573065783779256
552,1.1592451155989445,220.72963650347847,21.725410088559826
553,1.1613401484055899,220.41905143126596,21.874420975415944
554,1.1634328135986687,219.79191842953918,22.255681168759196
555,1.1655280225544649,219.58584154133422,21.37402970272809
556,1.1676232414157608,219.3546894873343,22.403221418414766
557,1.1697157183635434,219.07045920705553,21.909905329270543
558,1.171809765164966,218.71650843298076,22.910591051034878
559,1.1739036754657965,218.72351924655226,23.074330501038233
560,1.1759974618047027,218.28611929100387,22.83578501249424
561,1.1780927342002254,217.844317740779,22.898001713932246
562,1.1801886215978319,217.522951420848,22.421124121244322
563,1.1822824649467334,217.1903350540442,23.150131735224523
564,1.1843777187054296,216.89667024220546,23.063304672620728
565,1.1864731317277017,216.77302480358534,23.156547956705943
566,1.1885662199882188,216.36153258546275,23.33364680918069
567,1.1906603290984812,216.00441676694362,23.184108806921955
568,1.1927560449071208,215.92946489022447,23.794868643975985
569,1.1948501301675682,215.82760940177678,23.459935688569043
570,1.196942866326464,215.49543957397935,23.286469138172897
571,1.1990363434731066,215.17463270046193,23.86765468227034
572,1.2011315528209288,214.67274704233452,23.493770198365322
573,1.2032252726398727,214.6491461275013,23.470625728615435
574,1.205319131714267,214.371446353588,23.405574793820005
575,1.2074143429200774,213.96743333712618,24.601332199240883
576,1.2095073316728018,213.96297330648264,24.165046137624497
577,1.211602159357548,213.46805906355928,23.74737758652136
578,1.2136984428310558,213.13358242605005,23.75346738018826
579,1.2157943340364452,213.0888899643137,24.45896050541215
580,1.217888268816351,212.75727626858026,24.596989610992058
581,1.2199821909033837,212.5712895790436,24.218793745102083
582,1.2220779372220854,212.2903805407008,24.975209441700315
583,1.2241720630448372,212.06207685742885,24.57547858656567
584,1.2262656486341297,211.62779222296834,24.75097598146212
585,1.2283602712023978,211.5992277286514,24.349046176800723
586,1.230453847781421,211.22854620867844,24.18993653440616
587,1.2325484279288663,210.97319055406888,24.976107950526522
588,1.2346427330328844,210.72061488028996,25.462014195553408
589,1.2367368340043534,210.2814878802576,24.498804665940284
590,1.2388320989568682,210.24807466488102,25.557273465040655
591,1.2409254956441091,210.14445856620662,24.821867100574476
592,1.2430201387037565,209.68050506122358,26.238057701867604
593,1.2451147141570293,209.4287351880796,25.216468210356567
594,1.2472087367784284,209.47016032456844,25.824352187797892
595,1.249302614173833,209.104498854788,25.749445947321036
596,1.2513971052845823,208.92443085611316,25.874751128762966
597,1.2534931066319515,208.87881565495533,26.161228376554682
598,1.2555863817711985,208.46575131086544,26.26381610273708
599,1.257678969059161,208.25440135826005,26.439057273530334
600,1.2597748382104277,207.95388484747522,26.14151301523007
601,1.2618698898493887,207.70568057173287,27.764264931468126
602,1.2639640740660565,207.2461755584908,27.10796947450567
603,1.266059176034634,207.3228382280966,27.063096833475257
604,1.26815329738596,207.16931817409298,26.606486908969792
605,1.2702469827768745,207.11878068928752,27.22222255418351
606,1.272341439773769,206.81367134712124,28.079492505459392
607,1.2744361591580655,206.3311968687909,27.21356385189363
608,1.2765301570381213,206.15949292904926,27.787296158602803
609,1.2786243195908502,206.51299586372923,28.600504019334878
610,1.2807201779848052,205.68538718906044,27.74516302070698
611,1.2828149770647865,205.76120526061462,27.701472097751935
612,1.28490831046805,205.46085257217248,27.79833554358158
613,1.2870024746125797,205.1943292956586,28.972566859610136
614,1.2890960788179595,205.0682422699175,28.710300871704504
615,1.2911903407610128,204.94405711114638,29.249089536700964
616,1.2932847299377603,204.68005301295074,29.646017520377896
617,1.295379834193548,204.34040384441985,28.739907500608926
618,1.2974743412448833,204.14311025665344,30.108247092056875
619,1.299568838606027,204.3171321609809,29.644333052841684
620,1.3016640567270552,204.06782298464373,28.49201885928826
621,1.3037578272673165,203.90227372090817,30.848508387374473
622,1.3058518980796576,203.49448167630325,29.732688188729714
623,1.3079469520711469,203.4141296357759,29.9925245319149
624,1.3100414674631762,203.37391326552583,30.334931338241905
625,1.3121343419146885,203.20267865595335,31.33852686342371
626,1.3142291157646366,202.90202561083257,30.089331367187693
627,1.3163249547628966,202.7008920502782,30.14753389397764
628,1.3184204308819243,202.635066933123,31.58426943544363
629,1.320514045081714,202.6039341628527,31.84472560419505
630,1.322607731116918,202.34353024611673,31.435200538391495
631,1.3247030067977636,202.40733126327729,32.20014348254948
632,1.3267964975071294,202.16603453398903,31.861794458457744
633,1.3288900457896358,201.56671228292112,32.07529141046583
634,1.3309846323229146,201.8819363619235,31.996806625537307
635,1.3330795391690438,201.59735314831062,32.887610996753516
636,1.335173949560825,201.46214082966327,33.19098025172403
637,1.3372672428845813,201.2129730294188,32.668179455876896
638,1.3393616502777206,201.15409203346567,33.05314580934207
639,1.3414564546808454,201.25167099613907,34.28548196996702
640,1.3435497634465539,200.85069602198215,34.64061426800209
641,1.3456439095281743,200.87387677442362,34.00815461424252
642,1.3477398961804745,200.51658471009102,34.34478258401882
643,1.3498356331361778,200.4816067732674,34.7223807414084
644,1.3519291222201564,200.27906915953594,34.321487729607725
645,1.3540221824451044,200.13848661732186,35.37357219425985
646,1.3561174165883387,200.00432738189284,35.75416647695899
647,1.3582118000666776,200.03788222945084,36.17544797672176
648,1.360305548489477,199.59875273607193,36.05473902523202
649,1.3624016471705516,199.49596685686,36.23805509258825
650,1.364496581524498,199.52683488700401,36.349198724798775
651,1.366589927521404,199.35788636037813,36.424754953406
652,1.3686839345616666,199.52938599941447,37.588173506892424
653,1.3707785136744248,199.301564070929,37.0289574956144
654,1.3728736781569988,199.31031520361924,37.01590451985393
655,1.3749673745335222,199.21809583445994,38.18676933620034
656,1.3770602631292597,198.92661589949648,37.70429141041605
657,1.379155717578164,198.94906467965626,39.05912585700317
658,1.3812508039107998,198.83965263123457,38.24349000101445
659,1.3833453325862841,198.81982007948247,38.72332975037072
660,1.3854396647384786,198.79037211234663,38.521430139313175
661,1.387533616953471,198.45007265399187,38.29180641940089
662,1.389628935147901,198.164256265013,39.07204323071027
663,1.3917230672721894,198.17167609172446,39.7526111288253
664,1.3938172778813163,198.32791165853635,40.032279013452666
665,1.3959128506087028,197.97771938397463,40.906066118767654
666,1.3980069894682674,198.06508286541657,41.3122522395445
667,1.400100032768225,198.0660870052012,41.300443299068895
668,1.4021942273095422,197.69391812686098,41.482407606018675
669,1.4042879724639459,197.82287774272353,41.93713599987197
670,1.4063822250727482,197.82337936179036,42.914887547086444
671,1.4084777998796327,197.7250513255929,42.36657897223282
672,1.4105725454065003,197.49919530614272,43.18230634440733
673,1.412666035757187,197.67075240266013,43.4946363334412
674,1.4147597581950535,197.71191864856505,44.19562196415033
675,1.4168552493745823,197.49246776851504,44.21847488353617
676,1.4189502707585735,197.52479490553097,44.98503934694957
677,1.4210439871962917,197.46595536685652,44.50452426702859
678,1.4231379588066748,197.29551848971894,45.82163360651209
679,1.4252323843784174,197.15316259344766,46.16169690172328
680,1.4273263645812686,197.39542339378272,45.77803142599857
681,1.4294209343777806,197.13386146845485,46.588010658886745
682,1.4315160587565352,197.2463971603177,45.976488366108626
683,1.4336101809254245,197.21876220442007,47.63122681514549
684,1.4357047233292217,196.9583882047397,46.7832867179845
685,1.4377991034950037,196.8569828132083,47.781595994392404
686,1.439893269172154,197.21693653576872,49.10018703594313
687,1.4419870983325702,197.19888334316207,49.02424120393932
688,1.4440820971476513,197.06213825842065,49.43138538234472
689,1.4461780146809415,196.9924870193914,48.49026786670034
690,1.4482723645441788,196.8265143675952,50.110585865913905
691,1.4503661519067539,196.95973988416483,51.00560781692769
692,1.4524608997459605,196.90741526507907,50.416833306088066
693,1.454556191478353,197.08113413206496,51.11958516155786
694,1.4566505605195028,196.92244484716005,51.47866033136768
695,1.4587435672120013,197.06856953516856,52.18549463238042
696,1.460836376274075,197.0511702060579,52.5991358660555
697,1.4629315024559504,196.86574854153363,52.756221547439296
698,1.465026115161985,196.9535919758142,53.87073919526962
699,1.4671201905708728,197.06962666151676,54.31174265373962
700,1.4692142550197365,196.98400479738342,54.257773119687144
701,1.4713085109511452,197.24585892644245,54.93548991441491
702,1.4734040883627781,197.20074207677533,55.74537065296362
703,1.4754983077923518,197.18340817013484,55.900266357214655
704,1.4775927333883283,197.24601292499727,56.78034191292645
705,1.479686516386449,196.96829414270383,57.16141571295523
706,1.4817805445745025,197.2078603015554,57.3192703556159
707,1.483876051193717,197.26071859522793,58.61129026604282
708,1.4859713583510508,197.48195459321255,58.09916975211935
709,1.4880662760111125,197.43999833463,58.75916036165367
710,1.4901603423423662,197.55710258537596,59.92994793410839
711,1.4922546168830801,197.35615936280436,60.688896835956115
712,1.4943493508016918,197.33609623369304,60.62048593820278
713,1.4964436549031517,197.65131435500678,61.53402913854059
714,1.4985372426394363,197.81020193446875,62.6445468389739
715,1.5006303537214591,197.72304357690632,62.53064391006311
716,1.5027246941647125,197.71544513113366,63.006905683437175
717,1.5048198674391857,197.85800877349624,63.84690007877545
718,1.5069136003861163,197.75396848550957,63.190480053500345
719,1.5090076377683221,198.01245277586102,65.48328435192423
720,1.5111026723067662,198.19926181625692,65.60324213083774
721,1.5131971028762412,198.10023391564076,66.01836331873321
722,1.5152912609041667,198.30947548264686,67.44665595906751
723,1.5173854934463344,198.19746037901197,67.33323806350644
724,1.5194808793753787,198.65576971223106,67.67139879462634
725,1.5215756259285513,198.6006796539831,68.6826374045938
726,1.5236695807770564,198.78312053494085,69.52080660014502
727,1.5257641081783464,198.8729771038374,69.67731676464092
728,1.5278584873608179,199.24687368654034,71.29521358522274
729,1.5299536435991428,198.899995357716,71.79463737408736
730,1.5320476585044298,199.43167304834202,71.78492385094309
731,1.5341414384393777,199.48359373678068,72.65862255822225
732,1.536236950937659,199.3482476676663,73.87215153454265
733,1.5383317033374695,199.77740801174374,74.38430656241893
734,1.5404255753841434,199.88133270366026,74.22243626847192
735,1.5425198393431812,199.7585936181455,75.35932639676723
736,1.5446136227526486,200.14270127978193,76.53741263638123
737,1.5467072285753283,200.40655955550608,77.7483347843342
738,1.5488013111816905,200.41821485682263,77.7984139369968
739,1.550896674249749,200.51039700190938,78.11547502699541
740,1.552991701547339,200.82817870824687,78.88317774482873
741,1.5550856629518366,200.76717156645026,80.34966960282829
742,1.5571801051512508,201.17069507843752,81.11299489329105
743,1.559274417579796,201.45203189637127,82.097316566487
744,1.5613691533539047,201.42472272479208,82.38068962837622
745,1.5634631934261796,201.65677126392626,83.5716491972909
746,1.5655577892497892,201.85603087494522,84.34967866983408
747,1.5676527275763066,202.1027020156572,84.1554044538822
748,1.5697461748764228,202.3123596589472,86.07917116356832
749,1.5718402189801153,202.34886757288984,86.46594278262936
750,1.5739346218160084,202.54638296739617,87.23530268761075
751,1.5760295037244485,203.02255857005449,88.93493354532279
752,1.5781239238326052,202.91654086039048,88.83094965164646
753,1.5802176736109215,203.1754936354324,90.18201718312872
754,1.5823123941098438,203.59014954887644,90.51742684552093
755,1.5844068047546922,204.0009914101352,91.78016758301455
756,1.5864996832696292,204.20487599445244,92.867588109171
757,1.5885944598128996,204.26287030149095,93.49886320485491
758,1.5906903325437156,204.63231504145773,94.73681527459622
759,1.592784689092666,204.96383451237702,96.29888753126937
760,1.5948796873290236,204.97342474210114,96.4595445280486
761,1.5969745597395735,205.383570650903,97.2717884730007
762,1.5990689218084002,205.72620232068718,98.3498382035054
763,1.6011633213632455,206.02773599069963,99.57741868348258
764,1.6032577776043084,205.9841858488874,100.0568403752415
765,1.6053514020964894,206.52643694927184,100.99184840805592
766,1.607445093072501,206.87193654707053,102.33714834242552
767,1.6095393086936036,206.88073126736947,99.98250697644036
768,1.6116336711357766,206.61527284958075,95.18923423326197
769,1.6137279918528686,206.48388167544425,89.88536949331981
770,1.6158221116449558,206.17139549774924,84.79790590131473
771,1.6179176229648538,206.03844507338354,79.22417575148097
772,1.6200131612431772,205.65630379975366,74.20721106433938
773,1.6221069236192778,205.4196127943194,68.21299899576972
774,1.6242011307622557,205.45594280558467,63.20334355007738
775,1.6262960841945175,205.4733698458741,58.711081542170476
776,1.6283896203498047,204.97882507292078,53.33272662911054
777,1.6304834947928883,204.8761360892959,47.96235819851801
778,1.632578127710653,204.68444499191648,43.368279263598076
779,1.6346731813158608,204.31341834390105,38.52876191933881
780,1.636767172365261,204.50459497345315,33.870868448304435
781,1.6388603779595408,203.92417615465936,28.07440432199556
782,1.6409563605892468,203.86427788503732,23.89395716462481
783,1.643050621284035,203.78815079939835,19.737175419479698
784,1.645144102645386,203.4105771577959,14.316192487712986
785,1.6472395726584623,203.30902404806412,9.935557682203845
786,1.6493331318477138,203.18120924618785,5.710590741538434
787,1.6514277435583298,202.93333131258126,0.7899777199629645
788,1.6535225655624404,202.7366542550153,-3.3232609923586347
789,1.655616100487628,202.61522112857392,-7.532748671878259
790,1.6577106071833263,202.60082075191036,-12.116918006816523
791,1.6598050724476994,202.37859489301863,-16.28420684980066
792,1.6619001395524664,202.19551756786854,-19.99792906816072
793,1.6639948642035431,201.9606171694112,-24.48307646533068
794,1.6660882997554614,201.84006868393837,-28.94248218543353
795,1.6681827329415837,201.43660645768088,-32.955718140049434
796,1.6702780557373313,201.43624669642332,-37.10912330465523
797,1.6723710846745943,201.44067912618445,-40.870770726353214
798,1.6744651718920411,201.18224091081646,-45.501027436064405
799,1.6765602044792516,200.9803765133513,-49.508133730448534
800,1.6786535596079524,200.78075799716524,-52.541861817164396
801,1.6807491745425278,200.8058265443877,-56.8061702517398
802,1.6828445761171116,200.50963596229138,-60.725693014229186
803,1.6849386388007168,200.6298004514959,-64.24989319290962
804,1.6870339476475265,200.25194286612057,-67.97428735145805
805,1.6891280758541645,200.26873748467318,-72.25838133411149
806,1.691221272327691,200.12423835251627,-75.65890136752265
807,1.6933141346742315,200.04159444379582,-79.51230124007972
808,1.6954090930463133,199.8904119198406,-82.47914317958423
809,1.6975047078021417,199.70567633417093,-86.58352214719041
810,1.6995991246970055,199.4749646823122,-89.73970088362712
811,1.7016934918813407,199.4611372818573,-93.42130777067744
812,1.703786903721137,199.45015626174717,-96.99410813687989
813,1.7058818292953146,199.10327446770876,-100.64133372244814
814,1.7079768740006063,199.17719565955994,-103.73640356191542
815,1.710070845319196,198.9723735416841,-107.04589494455861
816,1.7121645316176712,198.97517884922564,-110.70793991292892
817,1.7142597272321454,198.7663012633502,-113.45373732595075
818,1.7163549406546734,198.7370593453146,-117.61255274363731
819,1.7184482195940645,198.35897476438217,-120.10321945733628
820,1.7205423072627637,198.39110350481414,-124.29824042867844
821,1.7226374847113666,198.18025790505192,-126.00491277068306
822,1.7247323233526113,198.34258912971086,-130.2577943661136
823,1.7268266901810085,198.10107265036484,-133.24449583132935
824,1.72892134476467,198.043144738773,-136.03497495850948
825,1.7310153629662073,197.9410266144862,-138.68485936135764
826,1.7331087353021186,197.70937422161026,-142.1272656180967
827,1.7352028820270462,197.72469888553687,-145.3192167210622
828,1.737297419510233,197.41515008774022,-148.22593466578067
829,1.7393924268721555,197.6107831437766,-150.71137518307626
830,1.7414865202316776,197.42270768570563,-154.13062081143306
831,1.7435798385311778,197.17696872765939,-156.70903840713547
832,1.7456747741592018,197.2952950967596,-160.59401493494394
833,1.7477707733578058,197.2157644245467,-162.6952077920237
834,1.7498644151299778,196.96513750878643,-165.91537075232225
835,1.7519579294274097,196.98218146675998,-168.08127195253007
836,1.754052537005875,197.07165443871668,-171.4072633678085
837,1.756146014277543,196.80500041004598,-173.69097132320837
838,1.7582399685899122,196.77684219291166,-176.86359327537835
839,1.760335124398212,196.60954041291606,-179.56218494729788
840,1.7624306374180432,196.61313216385446,-182.23488674332864
841,1.764524733445493,196.60452443219006,-184.96394030422607
842,1.7666195957988082,196.65497269744355,-187.64352950499128
843,1.7687146552767006,196.62039799180087,-190.77805402736323
844,1.7708085687106505,196.29084343834316,-192.67014878767245
845,1.7729026984403262,196.25733754173217,-195.14893879722598
846,1.7749968373222131,196.3850246559543,-197.6337192271533
847,1.7770919795414395,196.20360283497172,-200.27985369813834
848,1.7791866891650514,196.3654095695511,-203.50687351097102
849,1.7812805740714612,196.12915528556923,-205.70480833874876
850,1.7833749145944944,196.1844888334807,-207.8785438108073
851,1.7854698174814119,195.9741374071486,-210.3356759508792
852,1.7875649050000997,196.09553116375494,-212.82868350346968
853,1.7896586091751823,195.78240465444532,-215.5583875105624
854,1.7917528105223397,195.75342037094302,-217.65196985457186
855,1.7938472619734778,195.65970960825408,-219.72718133621504
856,1.7959410333998334,195.73121971729637,-222.5377629437372
857,1.7980353139963554,195.78839664901935,-224.5906095626294
858,1.8001292949050451,195.53133355909466,-227.46248139317206
859,1.8022240144636215,195.62852893373093,-229.08429244825405
860,1.8043180357006787,195.58657617719388,-231.38152018829874
861,1.8064120149556366,195.43456301795698,-234.24379487896957
862,1.808507216693214,195.4788716572987,-236.58191005257086
863,1.8106012235056632,195.6846893566103,-238.64843956774516
864,1.8126961076333348,195.5055988122638,-240.42491083743607
865,1.8147906359659112,195.43234807587407,-243.0446663240627
866,1.816885013662702,195.51692729998808,-244.99410128045704
867,1.8189799788179999,195.45339667067074,-247.55448237412548
868,1.8210733357472892,195.24979303702784,-249.1267335943049
869,1.8231675363973032,195.36746567573522,-251.64804943086088
870,1.8252628639859947,195.48765261319397,-254.2601054283721
871,1.8273578690890415,195.34516354167633,-255.57384805709557
872,1.8294529153678178,195.39757618217274,-258.13284501426796
873,1.8315468366202061,195.22385300493346,-260.0041566775682
874,1.8336403420201965,195.3855692357832,-262.2781988529629
875,1.8357342642631629,195.26615385701857,-263.9813811160313
876,1.837828606636473,195.30758014136555,-265.9665852381289
877,1.8399232687279,195.17116723501465,-268.3202555822687
878,1.8420169361094605,195.30455726701598,-270.5412722555862
879,1.8441103454239045,195.44691798154042,-272.6036948150525
880,1.8462047113551943,195.23831241409258,-273.9753649857854
881,1.848300337583767,195.2880666099796,-275.7206456526653
882,1.850395118058644,195.3169371484108,-278.04074394506523
883,1.8524895015648957,195.1026816076405,-279.6543183619874
884,1.85458435317291,195.39322711443052,-281.7979368112341
885,1.8566786691854407,195.29201052741922,-283.97894839350784
886,1.8587722962005393,195.29738987006493,-285.4260821367269
887,1.8608667292143481,195.43304237163156,-287.98999831966086
888,1.8629623979972338,195.49099367391088,-289.70371714198643
889,1.8650575007618033,195.36378139955744,-291.3917008645893
890,1.8671515757398978,195.5012696574211,-293.52618009714524
891,1.86924567270883,195.30945788255585,-294.9735327946373
892,1.8713402290883943,195.3975564364007,-297.0071753474223
893,1.8734333441485889,195.50654810328535,-298.44116365800323
894,1.8755274569663687,195.47006469479524,-300.65420243764305
895,1.8776226584010878,195.45793206216734,-302.4693093592379
896,1.8797156234954413,195.5659923383382,-304.0337062017483
897,1.8818097674713492,195.72662950570344,-306.5758618109581
898,1.8839051205157094,195.69826458915608,-308.07248308718835
899,1.886000042933448,195.72739857445035,-310.07041090445836
900,1.8880949075451439,195.8909541666631,-311.027606791382
901,1.8901881584759161,195.99382881259066,-313.7042453446709
902,1.892283217936019,195.88964118506357,-315.15728174301864
903,1.8943782680554568,196.0203112414379,-316.1332617232796
904,1.8964720473710392,196.02497210930534,-318.62751871487956
905,1.8985668668489433,195.95632378604498,-320.08762424281053
906,1.9006612809862096,196.10903232238704,-321.65429059424446
907,1.902755719587151,196.1473208559218,-323.6669736892219
908,1.904849757588545,196.1791790057376,-325.7315458692081
909,1.9069430754605277,196.1396510846368,-326.57770611656036
910,1.9090378340013505,196.34864962941703,-328.9652635292147
911,1.9111324914183263,196.33422529936243,-330.75156402235297
912,1.913226965923519,196.55081113244424,-331.64005776979394
913,1.915321381331026,196.5422671038739,-334.02681512331225
914,1.9174162748437817,196.58242496101914,-335.38183298537774
915,1.91951096404297,196.635008216475,-337.06417479394247
916,1.9216039358616672,196.7324795843412,-337.6942727084572
917,1.9236986253914137,196.70969276631084,-339.60167022151774
918,1.9257933066276691,197.05089433427028,-342.2890471552485
919,1.9278873651498682,196.93018467566776,-343.42154166704324
920,1.9299807661659822,197.12729625044196,-344.5135474348859
921,1.9320760482648573,197.1653244342034,-346.46112372498783
922,1.934171767524072,197.52702764474185,-348.7159341030098
923,1.9362651059315399,197.3971760714771,-349.9816992693312
924,1.938359138419254,197.54064118606567,-351.0472617180251
925,1.9404538735984294,197.7514322507945,-353.047074552431
926,1.9425479146608418,197.9907718545438,-355.38944861190134
927,1.9446418189559174,197.88568957820704,-356.308332158222
928,1.9467371502259871,198.03917875226813,-357.94650160092806
929,1.9488329760684335,198.17345893974357,-359.0530045361904
930,1.9509268120448882,198.21603506419547,-361.2748061085697
931,1.953019609354344,198.32675727647904,-362.4407135724355
932,1.9551147244404972,198.62336402365844,-364.04856970342877
933,1.957209950604826,198.58454367348554,-365.4966095798467
934,1.9593041179655175,198.47245822076945,-367.0609107786034
935,1.9613980124620214,198.860452413496,-368.2389906368552
936,1.9634920823781827,198.92984018051183,-370.3270990244809
937,1.9655870316775599,199.14277935483898,-371.9136809912836
938,1.9676813106463258,199.48880647428473,-373.7574199516433
939,1.9697755380711686,199.6426339543011,-375.610656312598
940,1.9718704076888727,199.61332987557256,-377.01732887599707
941,1.9739643213778544,199.706337735436,-378.1982437026922
942,1.9760582139073395,199.75473707243296,-379.32314273653986
943,1.9781533744008393,199.88958931459382,-380.7828092913643
944,1.980249297656676,200.33659108192006,-382.8204566564894
945,1.9823436902775773,200.19317123587322,-383.9089733007381
946,1.9844363854611324,200.63432743767544,-385.95758057628194
947,1.986530057736426,200.4876147756675,-387.0935716478012
948,1.988624138262085,200.8453905658671,-388.56540959296245
949,1.9907191302641989,200.91891419311622,-389.7145983257817
950,1.9928140678397719,201.36806987946716,-392.2454504932747
951,1.994908057158038,201.31714034780353,-393.46958718092606
952,1.9970037235567513,201.6529418450654,-394.9213986733383
953,1.999098539119481,201.7227054976142,-395.8886505049749
954,2.001191245179364,202.217844904702,-398.2838888789307
955,2.003285465781134,202.36071918639234,-399.558528942474
956,2.005380090953843,202.06576073942463,-400.5913051592442
957,2.007473757612322,202.67256351554516,-402.34191087244295
958,2.0095674385752345,202.50522689711508,-403.56170750543555
959,2.0116620669227445,202.9962712016263,-405.3116495792009
960,2.0137574654124313,203.202608417501,-406.88780822571437
961,2.015851542299029,203.33195176947908,-408.75115923093097
962,2.017945842236743,203.16671661235864,-409.8156796490398
963,2.0200414078173843,203.87533481187666,-411.57630225720516
964,2.0221364472105585,203.93941180419122,-413.13967046765225
965,2.0242304661583193,204.22023191933124,-415.11902388555995
966,2.0263241213554704,204.3034104506896,-416.32767922088135
967,2.028418169537371,204.30538535745237,-417.01745195209105
968,2.030512126699397,204.71795221426999,-419.0229602964081
969,2.032607257696191,204.88318878980243,-420.3406198140209
970,2.0347026748788237,205.46581160645698,-422.2910391059805
971,2.036797432049628,205.70792500637492,-424.72815898853065
972,2.0388917803566513,205.60098799387848,-424.93319482859374
973,2.0409854404727548,205.86225963859565,-426.8390634277189
974,2.043079158497923,206.5063778314154,-429.04787643818736
975,2.0451737042342053,206.65700392037402,-429.91727901929744
976,2.047267957686092,206.91404895227308,-432.04784913045444
977,2.0493625921646865,207.02967634908154,-432.58893450188276
978,2.051458159400133,207.41251453762007,-435.3276228467258
979,2.0535521918605197,207.70751182594208,-436.44764957394705
980,2.055645062675616,207.70215582129399,-437.37991769962565
981,2.0577393587752955,208.1426052736108,-439.66006414816405
982,2.059834437786395,208.7801479389841,-442.2422725242234
983,2.061928055170489,208.7261695401953,-442.6358736956696
984,2.0640226957402352,209.01067198870436,-444.09130149834857
985,2.066118258189404,209.08079235852827,-445.5374015221977
986,2.068213196804832,209.47674310298288,-447.3417733914833
987,2.0703072818107917,209.98559660953117,-449.51490702392624
988,2.072400931462771,209.9393716477722,-450.5051128967857
989,2.074494103322103,210.62406282059675,-453.0542535277175
990,2.076588647294614,210.80363252278585,-454.5115261859341
991,2.0786837571325223,211.15594040028967,-456.10492373566814
992,2.0807786951127576,211.3110359622745,-457.0582867057527
993,2.0828733611799306,211.930977396405,-459.5888643160693
994,2.0849676047315464,212.05792527918814,-460.9873043061026
995,2.08706191167589,212.4177393506881,-462.78528755721504
996,2.0891552570733616,212.78415212704547,-464.5358135867148
997,2.0912498961643236,213.0048741126408,-466.4270355172948
998,2.0933446561638878,213.3306550405831,-467.5306257050305
999,2.0954387435644386,213.64958075744167,-469.1225832740181
1000,2.0975335870618825,213.87472863671542,-470.4462714265677
1001,2.099629070349723,214.48184575851957,-473.4416953608665
1002,2.1017228492895934,214.62212482757863,-474.01703558778365
1003,2.1038170482062775,215.00461521494452,-475.9237822122666
1004,2.1059122372778973,215.35633893281474,-478.00561312363095
1005,2.10800554057148,215.6335716397413,-480.1255386674654
1006,2.110098599114947,216.15867469824693,-481.1737447974706
1007,2.1121927216235163,216.03077430002102,-482.4807898249861
1008,2.1142879182187984,216.65415434280777,-484.8236726543399
1009,2.1163820759811065,217.05341181989857,-487.0038323967893
1010,2.118476597123504,217.64730788299764,-488.4285016527365
1011,2.120572077635568,217.65769674968277,-489.6608209134939
1012,2.122666143506846,218.18456737972843,-492.1264879357834
1013,2.12475947440395,218.68487000372053,-493.5974456482609
1014,2.1268549228070284,219.28198874426513,-495.82709844488
1015,2.1289503858580807,219.45733677005455,-497.3744790170869
1016,2.131043274916299,219.78006035707665,-499.2643289493355
1017,2.1331378502136085,220.06312483120382,-501.3109948145442
1018,2.135233020544507,220.65926074876876,-502.79585177936536
1019,2.137327211773404,220.85481902820817,-505.0198892341274
1020,2.1394213678417553,221.346501594653,-506.4675415099223
1021,2.1415151935265153,221.7262571466295,-508.8898376205669
1022,2.143609686067666,222.1590284754578,-510.58839301678637
1023,2.1457039096890913,222.6618605119458,-512.5667269254078
1024,2.1477977892281794,222.80785955892932,-513.9790413631649
1025,2.149892773795189,223.38977943632997,-516.2459253640933
1026,2.151988207011953,223.6442377551505,-517.8503148797073
1027,2.154083430042502,224.05172340260884,-519.9161963194636
1028,2.1561769020273363,224.6383798052791,-522.0249013542641
1029,2.158269727638565,224.7704514672604,-524.0740324720421
1030,2.1603643338266334,225.20550662286817,-526.5888728526352
1031,2.1624594611960894,225.69814669936386,-529.0759840284917
1032,2.1645538445620423,226.33121321293962,-530.334323259437
1033,2.166649266160557,227.00386903451812,-532.9914607631268
1034,2.1687438965600263,226.6332758649288,-534.1583472743023
1035,2.1708363804402464,227.11972637062138,-536.3364684424573
1036,2.17292939543057,227.49057271673058,-538.3389907892818
1037,2.1750246621139153,228.61091188128466,-541.6318936258643
1038,2.1771189095943266,228.51251669362046,-543.6651202063582
1039,2.179212962470575,229.22446706874686,-545.9201922800524
1040,2.1813066434396426,229.38853555910535,-547.6542863608458
1041,2.183402629792164,229.62426215668208,-550.131074096436
1042,2.185498119455816,230.58887367276174,-552.5267766265466
1043,2.1875916200185137,230.48617648140274,-554.0389353235829
1044,2.189686441120868,231.356700513156,-556.9421128595692
1045,2.191781413276182,231.42562006980515,-558.2126627941876
1046,2.193875147711239,231.72412860061885,-560.6420991114518
1047,2.1959686613130316,232.37072893204598,-562.7094620929048
1048,2.198063923558019,232.23729305370912,-564.1175160128828
1049,2.2001595001532226,233.17972708425182,-567.0450607204076
1050,2.202253779153767,233.31583259614501,-569.8806934287452
1051,2.2043460760907565,233.5926176307271,-572.2289812678646
1052,2.206440891990371,234.05348907398206,-573.600993448382
1053,2.2085356491852317,234.09037837537204,-576.4788576446533
1054,2.2106277016542335,235.03462024927646,-578.6806023190869
1055,2.212721958545959,235.07714373207915,-580.7923068939931
1056,2.2148185083900422,235.56432730348453,-583.5361584388531
1057,2.216913061952383,235.97075096599656,-586.216948908772
1058,2.219006160150891,236.28720689100453,-588.998940695661
1059,2.2211007684745443,236.7467720940389,-590.1399197645616
1060,2.2231966067711273,236.3905240032635,-593.3729226327229
1061,2.2252915180225106,237.1601823197969,-595.1038133698801
1062,2.2273849286831946,237.03031551233636,-597.2492053177934
1063,2.2294794057777056,237.34045110468753,-600.7745152820124
1064,2.231574082226972,238.18649587205556,-603.3959761900919
1065,2.2336675726385264,237.96071691154842,-607.1744536898399
1066,2.2357616690730993,238.59330600555995,-608.3798992544391
1067,2.237857388038379,237.7270683980444,-608.4089266351712
1068,2.2399520699736297,238.7151560498848,-612.3359471516231
1069,2.2420449617357057,239.3279441540305,-616.1159322536855
1070,2.2441391380853632,238.82645793527232,-618.0943010767099
1071,2.2462342793770116,239.5395050417101,-621.8562928952185
1072,2.248330004000319,239.26156520646524,-624.5270188765259
1073,2.2504234986669656,239.06163286633233,-624.4578740648564
1074,2.2525166459790467,239.47086302295273,-631.2068912158353
1075,2.254612702557845,239.15633060364553,-631.7853239760253
1076,2.2567074239010356,239.78958228770333,-635.0061884112536
1077,2.25879926569608,239.17319821577624,-637.2811267556528
1078,2.2608934332232278,239.2075267102484,-639.8701118930672
1079,2.2629890832862967,239.22147914359363,-643.0246858235861
1080,2.2650815906481947,239.50674103123075,-646.0256658941787
1081,2.26717631551426,238.69342306310872,-647.4969763425465
1082,2.2692717091510235,238.80522704645992,-650.9475413070594
1083,2.2713660430599174,238.75628150867428,-653.9215026308758
1084,2.273460830916725,237.9399012415911,-656.113091251574
1085,2.2755552510450507,237.37055848244646,-657.8628145861538
1086,2.2776502981151867,237.6394460410626,-661.9520153429854
1087,2.2797428242388995,237.19357695445592,-662.9995489253031
1088,2.281836092329788,237.62564120573109,-666.6926647009888
1089,2.283933556285596,237.12378457636646,-667.7323038350547
1090,2.286028868050817,237.25095414907832,-671.1294972588863
1091,2.2881212248812486,237.5746854341849,-674.0737441489467
1092,2.290215014848569,237.01408063216064,-674.5161380723499
1093,2.292310229911211,237.34082269009934,-679.0307542751307
1094,2.2944051456334345,237.3947263702693,-680.8876658624316
1095,2.2964983471898495,238.14645915651096,-685.2416912435609
1096,2.2985921024349003,237.3883720985968,-685.9874795234697
1097,2.3006888643809247,237.38827791890384,-687.3747561511922
1098,2.302783634096356,237.72767918997522,-690.9058403076992
1099,2.3048756698218886,237.97275033688325,-693.661481799843
1100,2.3069695720010412,238.11641194979825,-695.5356397390196
1101,2.3090651112173397,238.14761905269305,-698.0579086338305
1102,2.311158495429861,238.2781873752357,-699.9032224275261
1103,2.3132509513768182,238.81298059264273,-703.8858781796381
1104,2.31534766594442,238.72723234178534,-705.4752074785214
1105,2.3174438092641236,239.28520053689104,-708.8317069893719
1106,2.3195366518474128,239.689470984933,-711.4096409863182
1107,2.321631141204296,239.35309717086514,-713.3836215354635
1108,2.323727832694395,239.5177181767006,-714.8659211690306
1109,2.3258211826493147,239.12317180323868,-714.6411332863197
1110,2.3279133966950116,239.73760679085458,-718.9344685283178
1111,2.330008120458155,239.69143233938868,-721.4357529424419
1112,2.332103956675321,240.0886919826904,-723.4660614489194
1113,2.334197579452735,240.43708889035457,-726.0796207791161
1114,2.336290017181209,240.94888730234857,-729.8749383575415
1115,2.338385505091734,241.12785443338007,-731.7661060785788
1116,2.340480189114194,240.90586383398406,-732.6082831547011
1117,2.342573391055059,241.66502828759508,-735.9747020510478
1118,2.344667848677038,241.85218356557468,-738.1873096183051
1119,2.3467629878884537,242.74523564568594,-742.4174061661766
1120,2.348858220839854,242.1318499918104,-741.6701237788734
1121,2.35095250082758,243.33840296759735,-747.2740883230811
1122,2.3530449396760944,243.00933713123192,-748.0037889860829
1123,2.355141499104623,242.78741907473062,-748.9931195777273
1124,2.3572378412451434,243.55099773372902,-752.7555975742135
1125,2.3593294861259198,243.85823915697256,-754.9128605675069
1126,2.3614224992004984,244.4312923230026,-759.0297165129243
1127,2.363517948981548,244.89927765733643,-761.2308906466001
1128,2.3656139136423477,244.70481772243707,-761.6667776836828
1129,2.367706660383537,245.56706846234604,-765.6934215615346
1130,2.3698014470222093,246.22610258235522,-768.75695609118
1131,2.3718977582075165,245.8157799762634,-768.8418212110546
1132,2.3739899214574836,246.06735355186382,-770.973468771415
1133,2.3760825194215927,247.22468500340648,-776.8986029711976
1134,2.378179070039863,247.50532168402486,-778.5514111843175
1135,2.380273759058959,247.67206436127188,-779.9468995346163
1136,2.382365673610318,247.83361882829925,-782.0248293115608
1137,2.3844604460166168,248.90028267172065,-786.6066897512592
1138,2.3865571190304595,248.8903148749285,-787.1806873862106
1139,2.3886520978255446,249.30966744134543,-790.6904045577111
1140,2.3907442891236066,249.99583913853277,-793.661384780189
1141,2.3928386457990913,249.5844797682604,-794.3016993477274
1142,2.394934562690242,250.83531614121287,-799.3036875961031
1143,2.397029599690107,251.98423440733717,-803.3791708876156
1144,2.3991222591305954,251.8305673770637,-804.7280202203682
1145,2.401217024080888,251.76953590251537,-805.0489174099692
1146,2.403314513026698,252.98712300183584,-810.2127012963919
1147,2.4054081911284184,253.04178870164557,-812.0180132919613
1148,2.4075011183217048,253.83511691251886,-814.8024896287866
1149,2.4095960074264258,254.23242107214568,-817.1964329078894
1150,2.4116926326559978,254.48928056116142,-820.0053791086596
1151,2.41378425055939,255.01533481523182,-821.8020250428925
1152,2.415877382497087,256.0725434451088,-826.7544383814137
1153,2.4179783678062123,256.6715958235028,-829.9604569923525
1154,2.4200733739460714,257.20228517776366,-832.1786249078392
1155,2.422162501290004,257.8027543860004,-835.5149293953691
1156,2.424257158180454,258.1019929645803,-836.9302436671724
1157,2.426355368807169,258.78260848937856,-840.6986683367676
1158,2.4284477900186845,259.6250503765623,-844.4335406809332
1159,2.43053883847394,259.2008230316654,-844.0901002001432
1160,2.4326356353293934,260.09332378409886,-847.7283875730838
1161,2.434732612021302,261.1409555766343,-852.7168725724523
1162,2.4368252927922227,262.3175166098892,-856.5962026757678
1163,2.43891890863681,262.2807579759927,-858.0731686791233
1164,2.441014895314609,263.3020286830282,-862.9017069476721
1165,2.4431105244568765,263.28559846931125,-863.1562697137533
1166,2.4452031167440684,264.7076540660383,-868.6820389159464
1167,2.4472938786799143,264.36050102255007,-869.298000471006
1168,2.4493915902413868,265.2421885679345,-872.4378800344703
1169,2.4514877943094935,266.6464805111709,-877.9492743708148
1170,2.4535774837073663,266.18229436426645,-877.3582051007152
1171,2.4556717453467782,267.3579519445855,-882.220767130854
1172,2.457770725968573,269.444890279084,-889.767042239191
1173,2.459865450868259,269.0913297051013,-888.7548573532999
1174,2.461954843714291,269.6508406419731,-893.0177466211865
1175,2.464051305962942,271.1003216203106,-897.8551340474578
1176,2.4661493201186655,271.1964223464629,-899.6646531289816
1177,2.468239991051035,272.2392435100641,-903.8229473428805
1178,2.4703335941159144,273.2930760472842,-908.1543621342553
1179,2.472432426226094,273.54624747203604,-909.9241310960005
1180,2.47452690434623,275.05513560982706,-914.9957537594127
1181,2.476615373809059,275.31237047713955,-916.8817473344025
1182,2.478710457672189,276.1927489785231,-920.4280014791423
1183,2.48080966574444,276.12854397506453,-921.3660572843464
1184,2.48290090100287,278.7195415823103,-931.1258923617146
1185,2.4849923340191187,279.41506393739047,-933.6251944205649
1186,2.4870897130294636,279.47930376715243,-934.7277103891681
1187,2.4891862386660164,280.4880049164358,-938.9804922987039
1188,2.491278235985619,282.22637993432676,-945.1090528730451
1189,2.4933690456944357,283.0950475444356,-949.3913680958204
1190,2.495466543397291,283.11164971841674,-950.3091303394611
1191,2.497563830960505,283.31642359033,-950.8530318613126
1192,2.499654519205421,285.0988466841086,-957.5270441887599
1193,2.5017479497353943,286.2124278373299,-962.5424394840462
1194,2.5038480054516667,285.5509262207836,-961.4550853701016
1195,2.505943433921919,288.22455034344216,-970.5885353497023
1196,2.5080284861327207,289.11691422008784,-974.0323644334327
1197,2.510123955773609,289.5096438359194,-976.6690554236166
1198,2.5122261646694253,290.5533047649349,-980.5392519463942
1199,2.5143177674343575,292.4157037547503,-987.456377101205
1200,2.516405803072155,294.13587173402766,-993.4748253824891
1201,2.5185026929964116,293.98969824711514,-994.8413548431909
1202,2.5206041831245063,294.49239554473905,-996.5341388293137
1203,2.5226964757648327,296.9942798919927,-1005.5918922324615
1204,2.5247869961159406,296.4912730219315,-1004.8260057255933
1205,2.5268843920051487,298.3010019232303,-1011.1117159163344
1206,2.528980483597168,299.36317948057564,-1015.4787627807011
1207,2.5310684597394695,300.2867824643851,-1019.4292192657014
1208,2.533161718042206,302.0495706987817,-1026.5719561674978
1209,2.53526488574662,302.1145937071154,-1027.2372171520492
1210,2.5373603920777454,302.8858531411133,-1030.5909932479449
1211,2.539445749963502,305.59456925841215,-1040.0448733027908
1212,2.5415417180131348,307.3100099224321,-1046.5121465135699
1213,2.5436457679371425,307.80167086924837,-1048.693316664238
1214,2.545736808475733,308.71728503982007,-1052.2689848364585
1215,2.5478233832874237,309.23802430835013,-1054.796457135523
1216,2.54992085584226,311.42056792109923,-1063.284937285886
1217,2.5520207655356866,312.6482114711387,-1067.685421557917
1218,2.5541098448110064,315.38426790126505,-1077.1281564626586
1219,2.5562002600365847,316.32842855233963,-1081.609364199735
1220,2.558305455724291,315.56559955545566,-1079.761067035482
1221,2.5604026511470312,316.06158145181746,-1081.2315625313986
1222,2.5624826414852553,320.70478988192434,-1097.9582025452778
1223,2.564574391949512,320.4791686656317,-1097.4978837351177
1224,2.5666808497683498,323.00682219719954,-1107.3983916095303
1225,2.5687773451615423,324.14924895688614,-1110.570780788049
1226,2.5708608935170316,323.34921913874416,-1109.1576312185312
1227,2.5729575952355885,327.06760919843117,-1122.349776785678
1228,2.575060651513359,327.2407312537517,-1123.431447359744
1229,2.577148431575012,330.1106814491551,-1133.6895246945821
1230,2.5792346077561192,330.53096625825754,-1135.6354559081512
1231,2.5813352493894732,332.40604606874956,-1143.20008893784
1232,2.5834369526956515,335.2136714923498,-1153.0776479741903
1233,2.5855218346006232,337.0617286522082,-1159.0326215705188
1234,2.587610713900489,339.1017892898791,-1167.4882486852712
1235,2.5897186990593415,339.3189229933581,-1168.2854781319488
1236,2.5918181690667126,342.36966565164425,-1179.371231680679
1237,2.5938985009385314,341.73160324975464,-1177.0186627388332
1238,2.5959901966325076,346.27683528369704,-1193.9279959727878
1239,2.5980970827886534,346.19268974200656,-1194.1901656160096
1240,2.6001911974764487,346.72730527168153,-1196.7815132842647
1241,2.6022734575046016,349.38671479954803,-1205.5449008746539
1242,2.604374761438423,350.3981954092214,-1209.5406430645044
1243,2.606480077670044,353.1363972730643,-1219.9660352174465
1244,2.6085618800169397,355.4937895182826,-1228.0743729663168
1245,2.610646200048581,356.9284952695061,-1233.770164759096
1246,2.6127580952497533,359.01107157982676,-1241.2505093968205
1247,2.6148609257992828,358.4356520976979,-1239.6269497890755
1248,2.616933454172155,361.11429947749644,-1249.6315399788978
1249,2.619020659870304,364.33076554842,-1261.4925721549876
1250,2.6211346279669097,366.9771372719082,-1270.0172583382093
1251,2.623236503452788,369.5016645574498,-1279.3253956694696
1252,2.6253090562225565,371.1414338885237,-1285.9421240664178
1253,2.6274000701334055,375.44281620088304,-1300.5711490908227
1254,2.629513118467727,376.4136774385549,-1305.261514053286
1255,2.631604301330356,377.6903751143837,-1309.5185513394078
1256,2.633685254021577,381.7842470990932,-1323.5565954357749
1257,2.6357889797673804,382.02086016638987,-1325.5130178606014
1258,2.637895874321367,382.4491702218093,-1327.7337031597683
1259,2.6399747081141895,386.89269169004956,-1342.6942435374992
1260,2.6420591747927733,386.9954105283243,-1344.0804941950257
1261,2.6441764666284318,389.48858813606734,-1353.6847163653117
1262,2.6462775406423154,390.3344688168846,-1355.6013009124151
1263,2.6483402943393326,396.33494548733273,-1376.877073999798
1264,2.650428729148096,394.5640472568773,-1371.4640576720624
1265,2.652562718674548,402.75072399906355,-1400.1484729913561
1266,2.654664088292312,402.49872214209734,-1399.441532589012
1267,2.656712651557163,406.9219749169331,-1414.7694699593849
1268,2.6588106765908748,407.79506209753805,-1418.7421399198981
1269,2.6609452450324915,407.28177060505385,-1417.1774399876988
1270,2.663032290426174,412.0351216087658,-1433.4677053104244
1271,2.6650914877184944,416.4672916703742,-1449.5049177423234
1272,2.6671986225603375,420.11036122801494,-1463.0361195318792
1273,2.6693218160411916,421.2483225641462,-1466.861676229973
1274,2.6714003686163363,422.2002391839087,-1469.7750875391232
1275,2.673473653710363,425.5194649534861,-1482.9194609587778
1276,2.675588689124729,422.7661012864329,-1472.9239269742395
1277,2.6776964003773744,429.9749639558871,-1498.3881184048794
1278,2.6797534796790945,434.11735199385015,-1513.0919383799694
1279,2.681845016836506,437.61613316468157,-1525.1882451906508
1280,2.6839785543392702,438.06916055505377,-1527.5434064717467
1281,2.6860638705482365,442.9240388540575,-1544.509502096678
1282,2.688115580192901,441.5461423208013,-1540.0220949195177
1283,2.6902421071216107,449.60773048646126,-1569.079141431917
1284,2.6923784453538007,455.19291000598173,-1587.847168492437
1285,2.6944235266222867,452.81266126112416,-1579.6187250529294
1286,2.6964818302236213,455.11688561273735,-1588.5406156751462
1287,2.698646249049189,467.4679294242796,-1631.645064278429
1288,2.7007725953070936,463.54109214312143,-1617.85737312071
1289,2.7027692368507834,472.01674731203957,-1647.8205173921858
1290,2.7048443440936585,474.21109762547064,-1656.2106525268252
1291,2.7070515904059915,475.1041892733334,-1659.2492671854343
1292,2.7091632832728005,478.4084727708501,-1670.595687668287
1293,2.7110832098570423,480.03901916240534,-1675.8698442944585
1294,2.713194248534394,481.3883584491638,-1682.4906870239479
1295,2.7154564422347596,493.37520710867307,-1724.0582302406024
1296,2.7175455830902693,486.2791197730802,-1699.702320975238
1297,2.7194409477796717,504.12505113109756,-1760.2158739214021
1298,2.72159410281056,484.44718054873533,-1693.0711181275963
1299,2.723868494276683,504.2995457499422,-1763.6350797021978
1300,2.725905473691433,504.88227552351367,-1764.652793159299
1301,2.7277938720843573,499.7557263358835,-1746.532057180348
1302,2.730005424734083,519.7694928882207,-1817.1171145640792
1303,2.7322910595910366,521.803192541472,-1824.8304750300915
1304,2.7342323934891035,521.2715959383121,-1823.1318486586667
1305,2.7361123669415965,521.5173152524633,-1824.4285170110043
1306,2.73841292247591,529.9152610289958,-1853.7468663107911
1307,2.7407262152838343,528.0722867970716,-1846.6682322391543
1308,2.7424923562337074,550.178666158098,-1924.5620127802742
1309,2.7444202272828333,544.8324318529873,-1905.4676116301268
1310,2.7468188489948773,552.5304908459528,-1933.5097379146669
1311,2.7491571251284848,557.8200100614264,-1951.468657306245
1312,2.7509012180135843,559.9886256643924,-1958.8515110433261
1313,2.7528220566885997,582.4810516751319,-2037.879649795712
1314,2.7552245852341666,575.764348150846,-2014.8217981519863
1315,2.7575799064734774,590.1862079384779,-2064.857038034668
1316,2.7593246433872425,576.1640596132604,-2014.9215586697094
1317,2.761234187120032,570.1837270501265,-1995.0021299914317
1318,2.7636390504715083,570.4062975322687,-1996.4386104756013
1319,2.765948826576436,566.0981714042563,-1980.804510867477
1320,2.7676191435751902,589.6585375732102,-2062.7367120504387
1321,2.769651838220211,600.8956394364948,-2102.10459676048
1322,2.772055945845228,604.8465748838963,-2116.686679348063
1323,2.7739175955497957,711.7856942971407,-2490.067000947291
1324,2.775657495525559,667.278638616443,-2335.532395792897
1325,2.7780509401576134,654.5211848382274,-2291.213778605051
1326,2.7804282678176238,692.1150223111996,-2422.2927537945634
1327,2.7823699672164355,704.9318594858828,-2466.092209055378
1328,2.7838806433920418,365.2332819876539,-1278.1115991983775
1329,2.7859958234637583,2.0153127609545276,-7.053594663340846
