,k,Pk0,Pk2
0,0.0029665470748989845,64118.97548703857,-13715.847964593364
1,0.005026374055021859,77324.23419143278,8066.550902597809
2,0.007149300621522788,95507.50636846837,-23239.75543057125
3,0.009278869254964255,126519.95963792744,51395.07260468039
4,0.011450332619344701,129914.53104984411,-61695.62816539646
5,0.013492955871419151,132919.65576183304,36122.02831290009
6,0.01558905561191893,112085.70112899604,-6931.660309365118
7,0.017694083672553172,112694.03401725148,-13372.636944420241
8,0.019817874803135297,102052.78215998571,-3273.13910741528
9,0.02192074938196264,95652.47209685184,1459.6419972840445
10,0.02398877635566245,86415.37317757195,6096.634549800012
11,0.026092869718961156,75334.98971119842,-11788.550503927707
12,0.028234663152781798,74242.15580655381,13394.625161913189
13,0.03032284873509123,57775.71843770557,6286.652705913944
14,0.03240263258943404,54218.11850512931,-4265.904790255152
15,0.03449210129864554,50851.40097117615,1932.9774801824392
16,0.03658588147515197,45130.059840765985,-1625.3973508985387
17,0.038684769492669774,41992.722558208574,1067.079146281614
18,0.040788988884582836,37035.7581152538,879.8340010208349
19,0.04289390876967646,34893.85997885356,-2534.2045692301335
20,0.04498336005546935,33061.111101536306,3070.0491559437924
21,0.047064985294738244,30591.215366905104,329.46031457294504
22,0.04917111919158227,29858.67994951802,-230.9278991021077
23,0.051262169141742274,28355.431099342386,-485.7514007079443
24,0.05335525146837034,27952.664568751203,1018.6294022372919
25,0.05546637228956934,26256.80651990096,2766.208085273308
26,0.057573188192548086,26505.643388873897,157.18718263959622
27,0.05965884044590281,25166.50086624088,3692.754951619882
28,0.061745123021595065,24806.742317166554,653.8983789095337
29,0.0638268929113719,24529.785303331755,408.6412026520303
30,0.06592966228838451,23611.945858605217,-1374.0114690326643
31,0.06803125784825748,22532.641457282087,-1294.3127582306386
32,0.07013131008699486,21862.421165493426,-491.4119439495588
33,0.07223032366074338,20961.896746475,-175.1209681686698
34,0.07432334270720506,20102.244326027903,200.8928773831849
35,0.07642066756954473,18673.65520355521,-1135.5731277916393
36,0.07850471694556041,18244.793073967965,1850.7409953038477
37,0.08059701946059529,16991.199501172847,566.7048283647497
38,0.08269521798132064,16076.417631709232,-88.17314454785688
39,0.08478307522909848,15310.983841262827,1288.112358784617
40,0.08687780839616016,14264.990331549354,236.30627211720798
41,0.08897524569656534,13351.341100615404,317.7917758442848
42,0.09108077810470518,12763.729945422836,943.7789216271954
43,0.09318432266948053,12089.77026486516,1143.4302395973007
44,0.0952788764104831,11552.46710139106,633.1976732892996
45,0.09736254237981037,11234.157029904909,565.5595204230176
46,0.09944832814799408,10749.267086122929,894.0848482815268
47,0.1015460879802399,10350.767137305887,521.5123050326638
48,0.10364263756677322,10171.317321189472,410.57584950747594
49,0.10573893905394659,9738.177693958978,644.3463374037682
50,0.10783958559814742,9604.362369022618,707.9077175121839
51,0.10993894058501318,9455.46655809883,636.3169533358345
52,0.11203921431523854,9193.56451713448,175.02228529428893
53,0.11412334585697578,9030.410523304297,617.8142900375304
54,0.1162159397555423,8829.46847005932,681.5402211525154
55,0.11831372048037725,8621.645787594052,661.309440921724
56,0.12039723118070132,8474.347661576337,998.2967240158489
57,0.12249223631878574,8206.797068408569,88.24675222928221
58,0.12458825984258635,8013.698752575642,488.08769981015416
59,0.12668846771583772,7937.84738488978,481.17303100193044
60,0.1287846620419941,7619.055767125165,452.2057560188945
61,0.13087133937881498,7411.789282429492,685.6111978660767
62,0.13297548334406448,7248.779628868759,443.832223373871
63,0.13506910815256093,7026.316020812051,369.0409577942364
64,0.13716388258568254,6796.309325473504,312.9233723345775
65,0.13926047573721634,6664.162330774817,606.2202901860782
66,0.14134668829083769,6457.432573353857,377.89876803340997
67,0.1434475230090064,6265.231957547587,531.0756434414457
68,0.14554528534185418,6023.387981035873,491.8163140136169
69,0.14763320610735878,5882.860809450665,422.5557640448979
70,0.14972114728432864,5724.3405967715835,378.2056560008949
71,0.15181380487515775,5639.560609588438,523.9893150954139
72,0.15392114901003526,5399.021645858155,384.87859729607106
73,0.15602147473412367,5300.433763435428,402.72490904967435
74,0.15811617475881218,5174.51186955937,483.2271384197739
75,0.16021187122717997,5110.674667552125,596.0361824176866
76,0.1623006419462899,4931.76627701335,564.2516401965391
77,0.1643899033199985,4820.481056737646,561.5794300478613
78,0.16648355823815117,4736.853638623785,478.1767783688923
79,0.16857196837784735,4680.249848630663,520.9780706492146
80,0.17066413320893647,4627.1771228310345,671.4057617750796
81,0.17277086992561352,4500.939163226908,487.27673109638334
82,0.17486965460096995,4348.905355672822,468.14099532870415
83,0.17695857694944453,4289.474639793181,376.4185107174566
84,0.17905245093155753,4175.520081580967,495.3531786628059
85,0.18115265212612636,4127.3511086560175,428.0054823745957
86,0.1832476884130739,4038.634959706415,449.6626933669988
87,0.1853312475833926,3959.841804774575,514.5705305348154
88,0.1874284892203219,3875.6291528726674,404.56485323625014
89,0.1895337179075755,3780.0555963147663,509.7081764027523
90,0.1916268196474026,3704.670424249074,441.53239690604846
91,0.1937183403446853,3647.589383456891,530.7286599860191
92,0.1958131498886989,3591.8022111789683,437.7357140140443
93,0.19790587400989662,3498.0916694998737,459.546453218302
94,0.19999906515978938,3419.3094403101018,474.12513030801523
95,0.2020893038374759,3332.3465030357056,446.3877632156703
96,0.2041823192148178,3281.8401930398477,372.29384763590537
97,0.2062825911013838,3251.3588909317577,446.4306760728608
98,0.20837701891459662,3183.2580576066634,445.80735443851745
99,0.21046758167944032,3103.724022597892,440.1230736063705
100,0.21256678542440183,3057.324896309058,391.47760996735695
101,0.2146619261104852,3010.835518255292,456.5070989288466
102,0.21675618057220372,2941.4020358280154,569.3759919350385
103,0.2188528705899679,2873.5745225277956,440.0132817157823
104,0.22094564274530842,2848.966592815455,427.2606528461306
105,0.2230395148320731,2773.4880921803533,439.20781137939366
106,0.22513567328585352,2735.470065430859,502.58339612203076
107,0.22722785048644015,2697.1144131413735,476.7882138256444
108,0.22931975112872324,2658.559524045516,467.5751848130977
109,0.23141147723465103,2589.25013692727,515.8124313966626
110,0.23350584674782457,2557.9999332812945,497.574635499385
111,0.23560416522029054,2514.0501290805882,468.4843395295764
112,0.2377006336558307,2463.138886893707,519.9899307176898
113,0.23979727503904752,2423.31231482574,498.240315836208
114,0.2418944602532704,2404.889792460929,516.7487890408227
115,0.2439884227569783,2344.771974191615,483.82214514714866
116,0.24608359968283072,2305.867901151738,514.0445918661452
117,0.24817552807053123,2276.52110556759,517.4771553826344
118,0.25026237006475704,2239.3695349049594,504.4369226865615
119,0.25235861551053484,2204.2023197627636,514.7576525343935
120,0.25445470778669854,2164.875206588824,507.2344827122416
121,0.2565487653287422,2136.177153635781,503.3269733535263
122,0.2586464955058471,2110.085162182905,516.5476100535258
123,0.2607443047329862,2060.9461017537524,529.3000997898836
124,0.26284383121734134,2022.1566056167499,513.6488492559268
125,0.264929885565984,1994.925014575727,539.4102543418161
126,0.2670163698864118,1968.2577477756927,519.7803111937959
127,0.269112135390912,1943.416546875643,515.5129442748981
128,0.27120764961246213,1907.8201702403962,500.58147520613085
129,0.27330509996536784,1876.0594858994475,540.4399765268638
130,0.27539842121309294,1865.107315491304,508.07377269622884
131,0.27749656900268016,1840.1712217379495,503.57523205354823
132,0.27959864364035925,1795.829446215634,532.072868382309
133,0.2816878213234348,1777.4004316930054,508.90269202271963
134,0.28377609558542155,1750.8730177044106,542.7406453231912
135,0.2858732754634003,1723.3916263381352,530.8729492536557
136,0.28796861590208045,1706.6306697048185,543.3265804907774
137,0.2900612915162532,1663.1094539467038,537.0307294566143
138,0.2921547032025089,1653.3659977342018,540.2500105446603
139,0.2942501291133245,1623.6876384565421,507.9871633649148
140,0.2963444256131289,1604.022560733993,533.6538730968618
141,0.2984361415704375,1582.3583355613289,529.9796504843481
142,0.3005318840555698,1565.4667695179476,550.1577970866239
143,0.30262777760316095,1534.0172633598283,557.0954769830987
144,0.3047248035439954,1516.6765752607714,544.2872929851329
145,0.3068210272572538,1499.270160028562,544.268281740665
146,0.3089144805088237,1471.9484284295722,517.3655745619291
147,0.31101080657849756,1456.4416795410525,532.9847437394154
148,0.31310885951912926,1436.3238994892195,538.6762485463432
149,0.3151991603466065,1416.6952085431155,540.5373094149377
150,0.317288667284839,1398.2844777428163,523.1840833998874
151,0.31938044185106124,1374.5259392369387,528.7152116925163
152,0.3214783648369702,1360.5543661467168,531.2532074259576
153,0.3235785211189416,1347.9647442246517,539.1183543898054
154,0.32566935894833426,1324.2637839113158,552.4583072710878
155,0.32776077751211374,1305.6567251400768,527.1227881841924
156,0.3298523230655558,1301.887474031833,552.2498954385773
157,0.3319485433973702,1276.2762598734491,538.72857979196
158,0.33404540358127904,1259.7621424541655,534.1930796624105
159,0.33613494177837844,1249.1908431610564,543.7524276654149
160,0.3382313832787478,1225.615408772321,542.4455096530504
161,0.3403308518124324,1214.182340417206,539.4840282219167
162,0.3424246601457981,1202.0517892259013,540.9315779567552
163,0.3445197272986724,1187.462969698836,546.7131098603635
164,0.3466158524641983,1166.4855764711856,536.8395908054626
165,0.3487089916477683,1154.1497113727064,534.6966712231625
166,0.35080114560367615,1144.2516713858545,549.290366033618
167,0.35289356821720286,1129.966704471547,521.484283104588
168,0.3549881110219297,1116.455210184291,550.5454737159604
169,0.35708559248027844,1100.624677241021,530.2728852936008
170,0.3591813496003593,1090.806843379472,536.403581504485
171,0.3612749400626811,1081.5763385670286,536.7905538477318
172,0.3633693413142722,1068.5709803805996,551.5680432601629
173,0.3654632219855477,1049.7848863690747,537.7337397926399
174,0.3675603773529471,1038.98921726925,535.5116216937954
175,0.36965434919829326,1029.409272387792,538.3830761322878
176,0.3717418094879197,1016.0036156306677,534.7922897954296
177,0.37383404253825586,1005.3420455709219,539.8753335413307
178,0.3759308579415973,994.5641523704965,539.864312558878
179,0.37802985088946095,984.1351274947829,542.5678358862043
180,0.3801213498834686,973.5892653930104,539.1140840627065
181,0.38221306010699313,961.6113800750113,536.8138077787265
182,0.3843141376638833,952.1162564782016,546.1570630198967
183,0.3864096355836929,940.717700745027,537.857484919047
184,0.388502907295756,931.6782649969267,538.0619026992264
185,0.39059769208540335,917.323460703739,530.139556041378
186,0.3926958121232196,910.0188212679672,524.8518699876064
187,0.39478921808384226,898.8061132622354,537.7160407655803
188,0.39687821409975554,886.9658774278023,527.5492769724459
189,0.39897073627813356,879.4909105233681,529.1927087980563
190,0.401067192451382,870.9041565496366,533.8471792230039
191,0.40316228148056854,863.1829460283527,541.7959065365861
192,0.4052546340249366,850.0132236925554,527.0985872306835
193,0.4073499183903822,843.390592472085,528.0852303194099
194,0.4094468722071623,834.0562574876973,530.2072232607311
195,0.41154432885897757,828.6402534598363,532.372513383588
196,0.41363408239228544,818.2852779588474,538.0381771386419
197,0.41572494638156243,808.8995732875748,524.7554535263671
198,0.41782181997781404,802.3807939602817,534.9480719987012
199,0.4199166506307261,793.6002541510125,532.8788650605555
200,0.4220107143757513,785.6502568831368,531.388874155897
201,0.42410542949066876,777.8996809995167,530.6095229828416
202,0.4262013850195404,771.3166780368261,526.0885529842532
203,0.4282955296445312,763.8254460770684,516.8872390634723
204,0.430391806688861,752.8246587530466,515.0468463157907
205,0.432488575457924,748.8843958843391,525.0667504668118
206,0.4345806090039814,737.2115000759843,517.1185758338528
207,0.43667244097425384,732.9776413745526,526.9381692678066
208,0.4387671492209622,725.0612549445393,514.4606089360261
209,0.4408622534544343,718.7283522807096,518.9023066998894
210,0.44295516415095815,710.0200812729879,521.4245839421711
211,0.4450482683181851,703.28465663248,514.1513177073759
212,0.44714683875742495,699.4779163695157,512.0666920220203
213,0.44924362280569813,691.7083910032475,514.0801268104435
214,0.4513338633316258,684.9001223069156,516.2558837280806
215,0.45342753643259276,680.4244494171305,519.363931296535
216,0.45552189548586586,673.3006777247382,513.2519433010135
217,0.45761716616081083,666.417746854916,514.8836439051078
218,0.4597117909764672,661.0565396599707,516.5907961078744
219,0.4618031890496857,654.4717080634214,506.39247895777777
220,0.4638995470730997,646.607117532502,507.3192526866028
221,0.4659948171464902,642.0664278236194,514.7223901931263
222,0.46808929446972725,634.9814444390145,505.7594330856808
223,0.47018492649495636,629.3548337992827,501.9913191842484
224,0.4722792778491551,624.7227503246698,502.1845076768212
225,0.47437272572904565,620.0175862894437,506.641937833924
226,0.47646593372141327,611.6840288256323,500.5380295555586
227,0.47856230727426236,606.4104955709525,497.2871204155852
228,0.48065904058976644,602.0824327362334,494.84601472566135
229,0.4827512226177774,598.6426725046658,508.02573817364447
230,0.4848441163240575,592.8915887103865,498.36065439491307
231,0.4869397730506266,587.2213243958282,498.2952028285873
232,0.48903678813400875,583.1276326993157,492.4228488931877
233,0.49113096964965397,576.987223556561,500.3550142734231
234,0.49322332174786626,571.9953334792218,497.3239961184231
235,0.4953187148676145,568.3164358476605,493.48856187995426
236,0.49741120358770496,564.650078803197,499.5214988573634
237,0.49950082345999325,558.7709205828867,490.3412606669009
238,0.5015952506837275,553.7760638053685,492.12524247181807
239,0.5036919972981919,550.0365377300926,489.6971692900305
240,0.5057872116617207,546.4597573747129,499.0965845713128
241,0.5078828569897101,539.6633643805503,491.0487981929324
242,0.5099793452386306,534.327455022383,485.4763770875814
243,0.5120767256379639,530.5879065944401,484.25262407830877
244,0.5141702395931294,526.7382424594375,487.9712298941413
245,0.51626132102766,522.4800204224421,486.0921100272327
246,0.5183576899265504,518.7441948361889,486.7609990527708
247,0.5204524416424112,512.9303064918631,484.3883635028106
248,0.5225430403510469,510.7670251890037,482.32698817377644
249,0.5246378991347941,505.6729291503018,479.85533568560936
250,0.5267345150769579,501.0926804749168,477.8821679808954
251,0.5288284644781793,497.9918882478503,482.07858962949024
252,0.5309200047543352,494.04241238077077,479.3361148284547
253,0.5330154787982235,489.5533266567617,474.65282034817926
254,0.5351140455458262,486.3601628708882,473.96790515783135
255,0.5372066203065362,483.3847676464461,480.0062956760505
256,0.5392991990272246,479.36650489283164,474.99613008097333
257,0.5413944118270408,473.88551794788725,467.03532292767375
258,0.5434881995106379,472.148830100118,474.8049189337966
259,0.5455829952492127,468.976402924222,473.3336233868301
260,0.5476769745662954,465.84339267347235,474.88430061764456
261,0.5497697255495043,460.63829280421544,467.6133365596445
262,0.5518645446467839,458.0452897225357,468.98229474942553
263,0.5539598571350287,455.2357295677099,468.7211044467677
264,0.5560564538950566,450.63316654858215,466.25944505032993
265,0.5581500505101624,447.79992455183816,468.4879918078845
266,0.5602409063261653,445.6854863124873,467.8364920112047
267,0.5623379637803174,441.0133635119281,463.77135326014474
268,0.5644363283026402,438.56416444134294,464.46856400418244
269,0.5665273824761494,434.5241296313471,461.79923786779017
270,0.568621249018378,432.37749864898336,459.9798727396162
271,0.5707181447612965,429.77436837603864,462.60299445210615
272,0.5728127938597997,426.0842142431747,459.84118461681123
273,0.5749070881546879,422.985494824244,460.3177511354438
274,0.5769991470923068,419.69639479843704,458.06921282902675
275,0.5790956911760897,417.6326675669711,459.42435102705093
276,0.5811893306261757,414.1427951240595,457.5858125114072
277,0.5832802267374103,411.92382912438904,456.55879971415766
278,0.5853761830306536,410.02374357369115,459.6380750139648
279,0.5874711784415975,406.5529325248382,455.810391362509
280,0.5895653958899879,402.8126404259496,451.20036703962546
281,0.591659786459685,401.0494984817579,455.5035534835323
282,0.5937551851921442,398.4564902322368,450.67784477163093
283,0.5958498092767481,396.5433245153062,454.84080516837037
284,0.5979447066705442,392.67194915144273,449.837948549826
285,0.6000383505174957,390.8396786354214,451.41273541340763
286,0.6021313016181767,388.45034914828625,448.59259999039375
287,0.6042246965556944,385.9209373348459,448.76682500875984
288,0.6063189733697846,384.23403020051404,450.86646471830426
289,0.6084147213727373,381.48189787707673,450.5271108517633
290,0.6105090855473989,378.4102012107174,444.7866808388265
291,0.6126037649785722,377.2844868606048,450.84950874429643
292,0.6147002391370655,374.19651620302164,444.92459961551623
293,0.616794938930829,372.3466430103299,445.1466314167978
294,0.6188886865784012,369.0491363464986,443.8934274651494
295,0.6209825762252046,368.12577808999447,446.57047526376857
296,0.6230764414889526,365.7560247990836,446.7640282240497
297,0.6251725389343245,364.8747867222528,447.0068966959977
298,0.627266923011265,361.96672252765416,444.09954425844325
299,0.6293596211388142,360.3487074237572,446.05995906954684
300,0.6314513250607457,357.1061599042025,442.24364824396514
301,0.6335475720513941,354.12678268971933,439.4534190470736
302,0.6356444982495617,353.129547483191,439.98943923682316
303,0.6377358562255245,351.2360769725442,442.4056408528515
304,0.6398302949107263,349.96853753752146,442.4849971936584
305,0.6419256185614247,347.80128199362724,440.4645213165863
306,0.6440214843206593,345.9276218354149,440.5788995489049
307,0.6461142033434962,343.9402317092019,440.41264287181673
308,0.6482061138478032,342.599822763836,441.8383660083742
309,0.6503020867345045,340.28170331101364,438.4723123492814
310,0.652398185537932,338.1077634617128,436.78102076746916
311,0.6544932048530038,337.08393839384286,437.72469959594383
312,0.6565867871776386,334.00828603756014,437.16299469961257
313,0.6586827890115348,334.1121882727963,439.6726081553271
314,0.6607793300725506,332.04743688675677,438.45539136655776
315,0.6628724964198541,330.69169114529615,438.73975984152474
316,0.6649654402217313,328.80618297505987,437.47176749577943
317,0.667059865407609,328.1906785594641,440.2207615075745
318,0.6691532523078332,326.1086971321197,438.3064215374385
319,0.6712457992597233,324.9194243521939,439.823138185189
320,0.6733390782258323,323.5983866433087,440.2697214032329
321,0.6754367503383576,321.88021019093935,440.54399856473515
322,0.6775335143160066,320.2578396267514,435.204766783043
323,0.679624621064033,319.3907063033581,439.93824306393185
324,0.6817180292738917,317.3998376559446,436.18648067566534
325,0.6838149015047629,315.6536906251876,437.05609522310334
326,0.6859101434268815,315.9798237934871,440.6156629054386
327,0.6880046468184081,313.9301757850371,439.88820440912974
328,0.6900999637264865,311.23126817328165,436.7407264226096
329,0.6921965733216279,311.6624728759966,441.65317475708554
330,0.6942884945981568,310.124693547249,440.06123787767126
331,0.6963781649531228,309.0849638469529,440.31060375615544
332,0.6984747371200234,308.05708206171767,441.89060269806635
333,0.7005690388882679,307.3425997487455,441.97807478305714
334,0.7026621579778546,305.43709007412815,442.339816924479
335,0.704757268847954,305.1143292759708,443.8111985981988
336,0.7068509057629639,304.1602717424753,443.31253561126147
337,0.708945644402387,302.46026514392565,440.8710321293347
338,0.7110406815970572,301.71575466052616,444.0733625027145
339,0.7131372373036142,301.8165837711183,448.0015879580115
340,0.7152323589250973,299.839683663922,444.9375669844816
341,0.7173245162021571,298.7364129907855,445.13586676431174
342,0.7194199711852413,298.70618932042197,445.63387010824414
343,0.7215151322330351,297.2714578872861,447.11625819456003
344,0.7236102334592447,296.8661224974534,448.35110382826184
345,0.7257047129497166,296.30315222045795,448.882721171814
346,0.7277958825256088,294.95543803001414,448.95135370841007
347,0.7298900912292255,294.40795263310974,450.7148405407402
348,0.7319867159780691,294.28302026918584,452.0069657854235
349,0.7340808521059053,292.8662240961793,451.17577133485474
350,0.7361738853270124,292.7002260374871,454.2862755284261
351,0.7382682123604443,291.50971912182393,454.09580816893526
352,0.7403641944498084,290.9788983623511,453.6211731698589
353,0.7424576311971561,290.2937779944245,455.1323521888714
354,0.7445523870480827,290.2853205332612,457.2429418282416
355,0.7466478284648128,290.1010504728216,459.5458317314119
356,0.7487413917548734,288.65426907686907,459.45651487287324
357,0.7508354594737505,288.779713043508,461.487554476755
358,0.7529278056847568,288.46395591100094,463.8655280890856
359,0.7550230257904859,288.2700429727728,463.5459058189449
360,0.7571167923480437,287.7306854632577,465.66123881273114
361,0.7592113317151179,287.4242042396149,466.54123979606754
362,0.7613074731933067,287.49193952282496,469.81913289283807
363,0.7634009581307508,287.40390916111943,471.57772010345684
364,0.7654969266569684,287.1483121814395,473.1891122551382
365,0.7675905899780763,287.0345318089199,474.8340043621896
366,0.7696837880547684,286.3564494963109,475.2435739115605
367,0.7717795008463626,286.68893300496944,478.45871904903896
368,0.7738757788346248,286.0972024656512,480.1564488632463
369,0.7759706260990727,286.43469612826345,482.79847433450175
370,0.7780620795267656,287.59800056113755,488.2616446450072
371,0.7801559906208961,287.019434729963,487.82048871694815
372,0.7822523136569128,287.6317136408044,492.87456531151884
373,0.7843481481853999,286.4872666332611,490.44829653870477
374,0.7864425511046899,287.01290514333164,494.6727410743506
375,0.7885343495966205,287.78215668481,499.79661821965993
376,0.7906286372458883,287.9904569841366,501.84680636508165
377,0.7927244345313397,288.85018553545257,506.2623645701892
378,0.794818005513127,289.18564008376234,508.9143873874785
379,0.7969121491149282,288.6361513987326,509.08998858174226
380,0.7990047112993173,288.7078258785201,510.72316206797404
381,0.8010984966914405,289.0640965937536,515.1190066213062
382,0.8031950165575023,290.2637891388189,519.6997654856107
383,0.80529055904954,287.08581417626857,507.5278415502758
384,0.8073868607794276,281.9782456730415,487.7575276963126
385,0.8094799923089985,277.9077330933776,470.8862072483219
386,0.8115723232550889,272.72927611938206,451.0763169434506
387,0.8136672975922271,269.09868609545845,437.774549681074
388,0.8157631100610689,264.7791926565831,421.69575914132304
389,0.8178569790142735,261.8248733888009,409.50374903957675
390,0.8199506303068442,257.887546146166,394.76301888036164
391,0.8220462665916841,254.64617198006866,383.3911192730814
392,0.8241405937791958,251.73327747982216,373.9394452272897
393,0.8262325853224312,247.90054131225574,361.022263359833
394,0.8283265675885274,246.01783965283084,352.64872395990574
395,0.8304231027322762,243.08255254454136,342.67359072327014
396,0.832516312308734,240.1730093712432,333.65749668312145
397,0.8346104967180491,238.06242593376777,326.49059505494154
398,0.8367055646585567,235.16692504195046,316.67099605442377
399,0.8387997810841866,232.7232330278526,307.52346923770045
400,0.8408959249120883,230.97781274638808,303.41631554532546
401,0.8429902851163829,228.61712282374663,295.139668175129
402,0.8450834013034724,225.8075132720181,287.01097683313947
403,0.8471787052036875,224.7997475588094,282.01314154351377
404,0.8492741754489669,222.09537159522856,273.74367909051944
405,0.8513666186650054,220.37174052128256,269.05822255202264
406,0.8534586558453424,218.42256875503605,262.6173997549
407,0.8555555147205227,217.05357837407993,259.4447600826732
408,0.8576510528712873,214.78573659764277,251.68817463501472
409,0.8597438531231701,213.3714519798597,247.69322251758467
410,0.8618396600787528,211.42880399340052,242.47950255744786
411,0.8639352641137702,209.55936282337262,235.82860344082502
412,0.8660278348127696,208.27220138003707,233.46166645118407
413,0.8681190723532742,205.98108678535706,225.92090050668497
414,0.8702145301226206,205.5085908028169,225.43564508839583
415,0.8723097299260473,203.9531155535533,220.58420657289489
416,0.8744009465527449,201.94396022453847,215.28647401061693
417,0.8764962014565297,200.13221932671203,209.72503797434396
418,0.8785921785819074,199.57694922088842,207.59429862225954
419,0.8806862529738079,197.54289579636006,203.94585883079588
420,0.8827803474942315,196.23791912330506,200.34348786812384
421,0.884876552415157,194.69124334153037,195.30991253373267
422,0.8869727619955021,193.24169598336653,192.1295333172001
423,0.8890661549276524,192.6554018141156,190.21319222714257
424,0.8911606435626759,190.876004736115,184.44576571700955
425,0.8932564177642083,190.2546822796279,184.21380957216792
426,0.8953515942364704,188.85272774367186,180.5353770431157
427,0.8974449590572777,187.29985114959473,177.64462468223172
428,0.8995380126042275,185.7400633537302,172.92957033638965
429,0.9016308480731973,185.82647183459633,173.86100618905775
430,0.9037248205752632,184.01599417063844,168.18845298464078
431,0.9058194398636225,183.40790609262464,167.50998741268214
432,0.9079139093175219,182.18218820302448,165.1713687788431
433,0.910011764746055,180.51190690831993,159.6181577113639
434,0.9121056647167038,179.6754711945791,159.57623521467164
435,0.9141967683902507,178.70201867793224,155.6858402128737
436,0.9162922424058753,177.6745948971352,154.41789207773027
437,0.9183868595164038,176.59120546434184,150.5087568688803
438,0.9204815946523948,176.1849510271778,150.04413193393546
439,0.9225765682279964,174.67506767841184,147.13920528140412
440,0.9246708776548578,174.4717256316659,145.30254609062376
441,0.9267650233208798,172.76032995916484,142.69117495813506
442,0.9288581102404102,172.19255483601512,140.40821257359838
443,0.9309518934142385,171.56736574743994,139.566380385328
444,0.9330469160925099,170.9011440057308,138.03352270940115
445,0.9351415764644654,169.86184743354303,136.484663550127
446,0.9372369506587555,169.40167335485586,135.63592738628333
447,0.9393287530448476,167.74251450927116,130.23232085970895
448,0.9414229216419412,168.34645305660638,132.7644770739868
449,0.9435209341962445,166.3317277746368,127.35539231007685
450,0.9456148252799238,166.91496924719675,129.53757587758435
451,0.9477091255207061,165.49571085315986,126.83208441308395
452,0.9498037238864095,164.18701705832044,123.25628036367372
453,0.9518981043411001,164.06020722037394,123.19716339374892
454,0.9539914706287521,162.79330593270183,119.12294470921691
455,0.9560859977890608,163.1424941163925,120.9827889001735
456,0.9581821096695351,162.1931506017472,118.63648200194
457,0.9602755737793266,161.72151353074992,117.56119087276022
458,0.9623691838562978,161.02110177316325,116.21981424038466
459,0.9644636726355348,159.71119385324502,112.21908810163185
460,0.9665572681340019,159.9525449135803,114.70334055456688
461,0.9686506726657692,159.02761770552056,111.78510247621772
462,0.9707453651438224,158.53240457076953,110.18972347668058
463,0.9728397447984573,158.26418865610222,110.32116155405826
464,0.9749341599912872,156.6397305190775,106.28786957769351
465,0.9770309382258842,157.0612980771688,108.66602942748403
466,0.9791243621626365,155.86989747407898,103.46667397746471
467,0.9812186011668534,156.050926186484,105.49301950446433
468,0.9833152549762485,155.07996391271675,102.3018577111311
469,0.9854083366977224,154.37983564176173,101.02170435482519
470,0.9875013366256304,154.857008637894,102.99430277078451
471,0.9895964031766183,153.3168294996478,97.30139752033395
472,0.9916911272506032,153.4314533308128,98.94316107484671
473,0.9937856031740195,152.53603764422652,96.47664265786138
474,0.9958807301039379,152.01535050168016,94.5008680043594
475,0.9979746323874407,152.1893398793723,96.63833776583029
476,1.0000664008054638,150.33496641569124,90.7882398831123
477,1.0021595314674534,151.60512058232152,95.67178475998412
478,1.0042547648495364,150.54654409613372,91.91652644804503
479,1.006349085630113,149.94662838079626,89.90067487218165
480,1.0084443367657523,150.48380413298878,92.01315490638795
481,1.0105398481990022,148.9778317066582,86.77350553604573
482,1.0126348213072522,149.3652850030622,88.67669542342233
483,1.0147293432188107,148.23202074600889,83.90378783144041
484,1.0168223222913106,148.3355945883927,85.29905240290472
485,1.0189181991118834,148.82471794701777,86.3865669637323
486,1.0210135889667047,147.17583813584872,81.61242421004876
487,1.023105517395174,148.05791558152202,84.05925227302092
488,1.0251997072975425,146.34517965958057,78.68084424579826
489,1.0272950549324347,147.82314086797604,84.72346759509036
490,1.0293904044607038,146.18439536760388,79.61896287783995
491,1.0314847550764672,146.5535447228036,77.89158563304852
492,1.0335791521913305,145.82465717251546,76.63001870551624
493,1.035674282724225,144.72362514497775,71.78566389875131
494,1.0377683744197583,146.71425206382773,78.40723074490798
495,1.0398611358062981,144.43697424822284,70.82157480148403
496,1.0419559810580585,143.92489704331967,70.24836374577775
497,1.0440519355231435,142.86573376435155,66.73637574904988
498,1.0461442665368221,143.65387704898998,67.19295995547199
499,1.048238151325366,144.53813921630064,71.13934151381923
500,1.0503312794335307,143.02517720475169,65.06015884864763
501,1.0524262698953144,143.50725058077998,65.71427322195684
502,1.0545208315883745,143.0010916997793,63.4703492749002
503,1.0566150350094698,142.9247818053396,63.17927524999309
504,1.058711440318921,142.9568064089812,63.09318075732886
505,1.060803734980524,140.63257338781213,54.104706371376764
506,1.0628970711462522,141.9163487139717,59.63238820584864
507,1.0649945592352892,141.2347850380657,54.76717533198063
508,1.0670895920886003,140.94657418593835,54.225100039541154
509,1.0691815189460832,140.82721448140768,52.411027953747194
510,1.0712752972137536,139.277713570621,47.46485950418557
511,1.073371173619778,140.41522652379604,50.142893296103715
512,1.0754657024825272,138.65793278861136,42.50054145114792
513,1.077559391113827,139.71355203231255,47.282621041078876
514,1.079654167044188,137.39215478555954,38.024875384479344
515,1.081749685406742,137.31640933725225,36.02135502476441
516,1.0838429051818583,136.9679001162765,34.12552374175555
517,1.0859346611894292,135.3844179401743,27.945677912692663
518,1.0880274765489322,136.85528996768878,32.701207320646446
519,1.0901226378244568,135.35219915291407,26.29194220139462
520,1.092218906510469,134.6682648884026,22.825607527062672
521,1.0943142405516277,134.33385552556163,20.500223527399985
522,1.0964083656069452,131.3159793328449,8.864959242385279
523,1.098504575117021,133.14711436640607,15.118162572916447
524,1.100598880587325,128.9006577861118,-0.09604888080644786
525,1.1026907648634887,130.57001238866445,4.729314776712405
526,1.1047864761829782,127.86704989929075,-4.74448318268404
527,1.1068805633882368,126.88648595048865,-10.000142864245351
528,1.1089715885079452,127.66918568829827,-7.370755493719013
529,1.1110674731376504,122.07867751989943,-27.4288640243692
530,1.1131638031712348,124.7976744644377,-18.988629980508673
531,1.1152567400703868,120.62847328057791,-35.02520278040802
532,1.1173518797395834,120.85917031984359,-34.303592820963274
533,1.1194466841667583,117.27913425920087,-45.75027239976167
534,1.1215386388653605,114.28428764374189,-57.436115778862245
535,1.1236321502294464,114.600379232636,-57.32065954954558
536,1.1257265608788465,110.0460444593829,-72.53551277802676
537,1.127823511019811,108.90941892327935,-79.56906107567765
538,1.1299186917312898,103.74831678022515,-96.11685784483022
539,1.1320102853860914,101.64862484642319,-103.26017809767693
540,1.1341022265777971,97.85068194846377,-116.54574256070944
541,1.136196488705377,93.24410744801882,-131.2493669854668
542,1.1382919496812383,90.19594235431079,-141.6117505431233
543,1.1403848113573067,87.62228739027094,-149.97203552601738
544,1.1424801205078854,85.5662529203034,-156.10552448300055
545,1.144579099546908,83.70406646646651,-161.18992643106048
546,1.1466743733674984,82.31277987254906,-166.95429578588082
547,1.1487627957344069,80.6552432234689,-170.09409727640974
548,1.1508586543248278,80.08005079816051,-172.71609680724893
549,1.1529561980713183,78.94365506760855,-177.2256159670018
550,1.1550454984226184,78.18458639341914,-178.9325090903116
551,1.1571409429142046,77.42435853162398,-181.67465382435407
552,1.159240859340017,76.81295696593048,-184.96735399697326
553,1.1613355832020602,76.12975257011168,-185.71503392842766
554,1.163423871831942,75.3565966509937,-188.1695810105868
555,1.1655188736812345,75.08607795240532,-189.95619236258608
556,1.1676174368768866,74.6735929454102,-191.20160977921856
557,1.1697080797153998,74.35449683148342,-193.14699218444483
558,1.171800206369591,73.96492417386847,-194.76441175899998
559,1.17389591489135,73.06831712054269,-195.59915838600187
560,1.1759888523797297,72.82127057911913,-196.98034409694895
561,1.1780809947202961,72.7594599739706,-198.34772031896787
562,1.1801761196344618,72.41914281623018,-199.95656140802086
563,1.1822736635654147,72.22087463051146,-201.650012832468
564,1.1843710306693693,71.95116408772401,-202.9518044974777
565,1.1864625384002512,71.77190996627704,-203.89041859782384
566,1.1885545198904406,71.36800347601806,-204.57069023515865
567,1.1906522613678343,71.56803309081717,-206.57946012898952
568,1.192750069492095,70.9492361036459,-206.56658624967554
569,1.1948381381583106,71.04414943053911,-208.46803516011227
570,1.1969297222624806,70.92243391792418,-209.10832370326426
571,1.1990290164311135,70.89657752421915,-210.9491406630778
572,1.2011243924560484,70.7072203317857,-211.9420608539158
573,1.2032149592826593,70.42541253474515,-212.4207478418968
574,1.2053132365828256,70.25337782207178,-213.21217197355566
575,1.20741576508926,70.75239488609093,-215.48552431677655
576,1.2095030565711475,70.46341751557061,-215.2621542801488
577,1.2115949657999687,70.13424529368726,-216.28918498003796
578,1.2136960046145377,70.48729850154035,-217.93469299632292
579,1.2157928316049589,70.54835398173793,-219.21931200138295
580,1.21787984102748,70.58450843907275,-220.96440162018268
581,1.2199725120701903,70.03616373324694,-219.82125915763518
582,1.2220773486348555,70.64950810440381,-222.87409049265077
583,1.2241717280648772,70.49221314423568,-223.26352606082233
584,1.2262574809145717,70.88672926625286,-224.63326965209495
585,1.22835205989159,70.8978567066035,-226.27472490235166
586,1.2304511070315651,70.92978165096945,-227.06595893023592
587,1.2325439941641703,71.22363739322454,-228.65266419394604
588,1.2346327282165248,71.26959996280536,-229.68951897743733
589,1.2367296121231413,71.24599143636969,-230.93854922662797
590,1.238832433751825,71.91203990117046,-233.29355556271895
591,1.2409238541102623,71.33044732806366,-232.04020481105212
592,1.243012379245932,71.43381101963932,-233.49700975747757
593,1.2451094606314712,71.87657204413647,-235.82564021588115
594,1.2472066170026377,72.47167521043454,-237.8007772512874
595,1.2492929515805862,73.1345766382773,-240.3383075731596
596,1.2513843202334647,72.70615600110104,-240.03895905086824
597,1.2534920777891505,72.93890223392043,-241.78158520886706
598,1.2555889180496558,73.16172223653749,-242.70516598028635
599,1.257667580798784,73.91156092780119,-245.40718523939648
600,1.2597632986068967,74.30066021771731,-247.5792030774684
601,1.2618709074503869,74.00117136497038,-247.1374767931843
602,1.2639618917954016,75.14871128868708,-251.33485903626817
603,1.2660463256389345,75.20941495848963,-252.27361261253958
604,1.268151380164154,75.79870920173425,-255.04285264957966
605,1.2702573897615381,76.82562535676429,-258.42309729663566
606,1.2723329096911193,76.63111043258768,-258.19017454587566
607,1.2744197010315288,76.40557895619084,-257.9473002232282
608,1.2765327006010119,77.17072124009452,-261.2624199416094
609,1.2786342467193723,76.9959755875059,-260.8626350708209
610,1.280707182799757,78.21929646552596,-265.44986286884387
611,1.2827931530633179,78.50360280228196,-267.25181650184294
612,1.2849085387747612,78.81359342755775,-268.5715750027029
613,1.287000364654089,80.27043667582163,-273.46072299181566
614,1.2890781709908103,80.35011950315669,-274.35879289243906
615,1.2911842108955598,80.27459236714691,-274.78066151704996
616,1.2932965864662813,80.81935021886402,-276.6722068324313
617,1.2953774115066516,81.15522945455429,-278.0539120189473
618,1.2974494068131983,82.72586095690241,-283.7476529176065
619,1.2995653278098822,83.03110972340454,-285.0878558883554
620,1.3016791376111048,84.5319889119901,-290.6130117214861
621,1.3037423234004764,84.73690224891082,-291.18561533597097
622,1.3058199114096363,85.74566135510835,-295.1057647843855
623,1.3079467955462118,86.3509115506616,-297.8613251056433
624,1.3100601882305882,86.38502430929282,-297.97314909602073
625,1.312113308135768,87.15428669076061,-301.1989623538536
626,1.3141962752176515,91.04546758760533,-314.4635803121303
627,1.3163277077674513,89.01533455667217,-307.78849922746605
628,1.3184175493918626,90.90495601146068,-314.77209663507836
629,1.3204856618221223,93.02958395078701,-322.4565912999724
630,1.3225968812824558,93.7317634200156,-325.1389438011828
631,1.324712528812616,92.47529235269455,-321.0373580279875
632,1.3267701241226586,94.06907781824776,-326.2068145731847
633,1.3288455369869492,93.73511536736717,-326.07006637738493
634,1.331007859279665,97.04218416626824,-337.45283797389743
635,1.3331193077637633,98.10346219684908,-341.13737241262953
636,1.335111114646517,99.49393890290396,-345.8320616903859
637,1.3372000138113185,99.20399081503668,-345.54922773148525
638,1.3394207042773567,101.67185189667374,-354.4851058854513
639,1.3415191831855293,104.43972757069696,-364.1909649606629
640,1.343419658472025,105.63867842993699,-367.9693570982805
641,1.3455475267642247,106.58936879123368,-371.7689687083688
642,1.3478257671998863,104.88205248476834,-366.0333877665166
643,1.349910545699746,105.08054988455392,-366.75445792961375
644,1.3517701887420612,105.87946880817299,-369.5074111900239
645,1.3539417100377606,112.3195752722323,-392.36355333022055
646,1.3562514521124112,115.1925843414045,-402.6858110221824
647,1.3583044750242828,110.64860695860582,-386.4154599960239
648,1.3600937081391848,117.10018028474369,-409.15148591923156
649,1.362315666351114,120.83693746236402,-422.47531662232126
650,1.3646739887244697,120.49199508772956,-421.1674578043059
651,1.3666040349314283,121.93759476570727,-426.05112736314874
652,1.3683585203137423,127.02585630863331,-444.0347988805933
653,1.3706879171444677,127.61788136869293,-446.4738721189163
654,1.3730812726720756,124.93214804678337,-436.8269373396749
655,1.3749143385354152,138.70005784875988,-484.5720172367812
656,1.376679031839902,134.1948668702547,-469.83688852550404
657,1.3790764132796052,128.33621330517354,-448.5847607663494
658,1.3814727924700456,135.57531656165276,-474.47452825324507
659,1.3833424067073374,139.82177783775995,-488.94869117435104
660,1.3850593718572481,152.49628469523108,-533.5789622083245
661,1.387433769507078,129.2799689002769,-452.61717873202286
662,1.3897620281243455,117.63721552067985,-411.5586209933302
663,1.3917897627196847,211.96984377471404,-742.2364998642948
664,1.3929979117318791,66.98109379903865,-234.43382829663523
