,n,wst_coefficients
0,0,0.28209519386291504
1,1,73.35649108886719
2,2,14.14146900177002
3,3,10.629331588745117
4,4,8.316375732421875
5,5,6.686811923980713
6,6,73.62774658203125
7,7,9.311382293701172
8,8,7.697396278381348
9,9,6.522709846496582
10,10,5.649397850036621
11,11,73.70198059082031
12,12,4.865350723266602
13,13,4.249737739562988
14,14,3.7730135917663574
15,15,3.406700611114502
16,16,73.714599609375
17,17,2.1681363582611084
18,18,1.9791053533554077
19,19,1.8171474933624268
20,20,1.6832317113876343
21,21,73.71607208251953
22,22,0.8380587100982666
23,23,0.7902444005012512
24,24,0.7451456189155579
25,25,0.7073869705200195
26,26,73.64859771728516
27,27,2.238382339477539
28,28,1.1372421979904175
29,29,0.5744444727897644
30,30,0.29242435097694397
31,31,73.70317077636719
32,32,1.3219165802001953
33,33,0.7953022718429565
34,34,0.5046326518058777
35,35,0.3285306692123413
36,36,73.71465301513672
37,37,0.6182577610015869
38,38,0.39849305152893066
39,39,0.2755497097969055
40,40,0.19850271940231323
41,41,73.71607208251953
42,42,0.2527156472206116
43,43,0.16829746961593628
44,44,0.12033583968877792
45,45,0.08981460332870483
46,46,73.70594787597656
47,47,1.0679351091384888
48,48,0.5687582492828369
49,49,0.3165379464626312
50,50,0.18310143053531647
51,51,73.71475982666016
52,52,0.565808117389679
53,53,0.3476364314556122
54,54,0.23289237916469574
55,55,0.16336563229560852
56,56,73.71607971191406
57,57,0.25018638372421265
58,58,0.16261084377765656
59,59,0.1152845174074173
60,60,0.0865383967757225
61,61,73.71511840820312
62,62,0.4901234209537506
63,63,0.2638334035873413
64,64,0.14979229867458344
65,65,0.08995093405246735
66,66,73.7160873413086
67,67,0.2513202726840973
68,68,0.15355350077152252
69,69,0.10394822061061859
70,70,0.07380720973014832
71,71,73.71612548828125
72,72,0.20480772852897644
73,73,0.11809813976287842
74,74,0.06932948529720306
75,75,0.04253857210278511
