,n,wst_coefficients
0,0,0.2820724844932556
1,1,73.35613250732422
2,2,14.14842700958252
3,3,10.634632110595703
4,4,8.320745468139648
5,5,6.690543174743652
6,6,73.62767791748047
7,7,9.315262794494629
8,8,7.700520992279053
9,9,6.525408744812012
10,10,5.6517767906188965
11,11,73.70195770263672
12,12,4.867064476013184
13,13,4.251270294189453
14,14,3.774397373199463
15,15,3.4079365730285645
16,16,73.71460723876953
17,17,2.1686949729919434
18,18,1.979635238647461
19,19,1.8176530599594116
20,20,1.683719515800476
21,21,73.71607208251953
22,22,0.8382187485694885
23,23,0.7903823256492615
24,24,0.7452802062034607
25,25,0.707538366317749
26,26,73.64854431152344
27,27,2.2385611534118652
28,28,1.137531042098999
29,29,0.5746688842773438
30,30,0.292571485042572
31,31,73.70317077636719
32,32,1.321786642074585
33,33,0.7954114675521851
34,34,0.5047818422317505
35,35,0.32867059111595154
36,36,73.71464538574219
37,37,0.6180163621902466
38,38,0.3984561562538147
39,39,0.27557042241096497
40,40,0.19854651391506195
41,41,73.71607971191406
42,42,0.2525522708892822
43,43,0.16825181245803833
44,44,0.12029187381267548
45,45,0.08979804068803787
46,46,73.70594024658203
47,47,1.0677855014801025
48,48,0.5687105059623718
49,49,0.31654950976371765
50,50,0.18312926590442657
51,51,73.71476745605469
52,52,0.5656092762947083
53,53,0.3475298583507538
54,54,0.23285512626171112
55,55,0.16336002945899963
56,56,73.71607971191406
57,57,0.25011593103408813
58,58,0.16257978975772858
59,59,0.11524403095245361
60,60,0.08650843799114227
61,61,73.71510314941406
62,62,0.4901333451271057
63,63,0.2638786733150482
64,64,0.1498136818408966
65,65,0.08995689451694489
66,66,73.71610260009766
67,67,0.25139403343200684
68,68,0.15358629822731018
69,69,0.10395857691764832
70,70,0.0737987756729126
71,71,73.71612548828125
72,72,0.20488332211971283
73,73,0.1181056946516037
74,74,0.06933274120092392
75,75,0.04254872351884842
