,n,wst_coefficients
0,0,0.27929824590682983
1,1,72.52186584472656
2,2,19.32832908630371
3,3,13.95919132232666
4,4,10.816102981567383
5,5,8.69622802734375
6,6,73.25875854492188
7,7,15.408587455749512
8,8,11.978039741516113
9,9,9.787620544433594
10,10,8.281063079833984
11,11,73.58634948730469
12,12,10.185236930847168
13,13,8.14961051940918
14,14,6.874699115753174
15,15,6.021360397338867
16,16,73.69080352783203
17,17,6.02059268951416
18,18,5.109760761260986
19,19,4.40338134765625
20,20,3.8598012924194336
21,21,73.71330261230469
22,22,2.7679152488708496
23,23,2.5393056869506836
24,24,2.3304014205932617
25,25,2.1460371017456055
26,26,73.33613586425781
27,27,4.73253870010376
28,28,2.3359851837158203
29,29,1.1747756004333496
30,30,0.5870143175125122
31,31,73.59407043457031
32,32,3.50453782081604
33,33,1.97434401512146
34,34,1.2197930812835693
35,35,0.7881280183792114
36,36,73.69135284423828
37,37,2.115445137023926
38,38,1.2990155220031738
39,39,0.8634198904037476
40,40,0.6013606786727905
41,41,73.71331787109375
42,42,0.9752729535102844
43,43,0.6532696485519409
44,44,0.4676317274570465
45,45,0.34732359647750854
46,46,73.61298370361328
47,47,2.6606483459472656
48,48,1.4016811847686768
49,49,0.7669745087623596
50,50,0.4279131293296814
51,51,73.69285583496094
52,52,1.7037558555603027
53,53,1.0692766904830933
54,54,0.7110550403594971
55,55,0.49069640040397644
56,56,73.71337127685547
57,57,0.8018368482589722
58,58,0.556108832359314
59,59,0.4118562638759613
60,60,0.3149649500846863
61,61,73.69764709472656
62,62,1.2974250316619873
63,63,0.6678518056869507
64,64,0.373769611120224
65,65,0.21861523389816284
66,66,73.71359252929688
67,67,0.6929926872253418
68,68,0.4151054620742798
69,69,0.27878233790397644
70,70,0.20083701610565186
71,71,73.7142333984375
72,72,0.616560697555542
73,73,0.3308013677597046
74,74,0.18238089978694916
75,75,0.10655864328145981
