,n,wst_coefficients
0,0,0.2754531502723694
1,1,72.45214080810547
2,2,18.397504806518555
3,3,13.00675106048584
4,4,9.963648796081543
5,5,7.954809188842773
6,6,73.14128112792969
7,7,15.31474494934082
8,8,11.682186126708984
9,9,9.430133819580078
10,10,7.889867305755615
11,11,73.49022674560547
12,12,11.145849227905273
13,13,8.254526138305664
14,14,6.7755351066589355
15,15,5.9427337646484375
16,16,73.65354919433594
17,17,8.039183616638184
18,18,6.442512035369873
19,19,5.279557228088379
20,20,4.419255256652832
21,21,73.70689392089844
22,22,4.260024547576904
23,23,3.7772791385650635
24,24,3.3647398948669434
25,25,3.028762102127075
26,26,73.21878814697266
27,27,4.630650520324707
28,28,2.21932315826416
29,29,1.1084331274032593
30,30,0.5532065629959106
31,31,73.50009155273438
32,32,3.759347915649414
33,33,1.9464592933654785
34,34,1.1617991924285889
35,35,0.7466943860054016
36,36,73.65465545654297
37,37,2.743176221847534
38,38,1.5765717029571533
39,39,0.9953181743621826
40,40,0.6641108989715576
41,41,73.70694732666016
42,42,1.472525715827942
43,43,0.9334296584129333
44,44,0.6430196166038513
45,45,0.4651908278465271
46,46,73.5252456665039
47,47,2.932004451751709
48,48,1.4583628177642822
49,49,0.7708967328071594
50,50,0.4212104082107544
51,51,73.6578140258789
52,52,2.213796377182007
53,53,1.3298662900924683
54,54,0.8562232255935669
55,55,0.568509578704834
56,56,73.70711517333984
57,57,1.2198445796966553
58,58,0.8166453242301941
59,59,0.5857781171798706
60,60,0.43515610694885254
61,61,73.66817474365234
62,62,1.740033745765686
63,63,0.8257418274879456
64,64,0.4373803734779358
65,65,0.2494899332523346
66,66,73.70774841308594
67,67,1.0477614402770996
68,68,0.5885592699050903
69,69,0.3733707666397095
70,70,0.26302140951156616
71,71,73.70968627929688
72,72,0.9239851832389832
73,73,0.47721076011657715
74,74,0.25700807571411133
75,75,0.14605848491191864
