,n,wst_coefficients
0,0,0.28038543462753296
1,1,73.16059112548828
2,2,16.102916717529297
3,3,11.954410552978516
4,4,9.318536758422852
5,5,7.487967491149902
6,6,73.55992126464844
7,7,11.237333297729492
8,8,9.122173309326172
9,9,7.634512424468994
10,10,6.547764778137207
11,11,73.68626403808594
12,12,6.318671703338623
13,13,5.365175247192383
14,14,4.673481464385986
15,15,4.168132781982422
16,16,73.71239471435547
17,17,3.0435094833374023
18,18,2.7427146434783936
19,19,2.47814679145813
20,20,2.2597503662109375
21,21,73.71588897705078
22,22,1.1833019256591797
23,23,1.116370677947998
24,24,1.0564210414886475
25,25,1.0033833980560303
26,26,73.59368133544922
27,27,2.9131693840026855
28,28,1.4762451648712158
29,29,0.7448706030845642
30,30,0.3752031922340393
31,31,73.68856811523438
32,32,1.8419172763824463
33,33,1.0930235385894775
34,34,0.6875417232513428
35,35,0.44556525349617004
36,36,73.71249389648438
37,37,0.9152994155883789
38,38,0.5925192832946777
39,39,0.4077816307544708
40,40,0.29177603125572205
41,41,73.71589660644531
42,42,0.37228310108184814
43,43,0.25168293714523315
44,44,0.18239691853523254
45,45,0.13749375939369202
46,46,73.69401550292969
47,47,1.4112576246261597
48,48,0.7594842910766602
49,49,0.4225515127182007
50,50,0.24104179441928864
51,51,73.7127685546875
52,52,0.7637709379196167
53,53,0.4872976839542389
54,54,0.3319237232208252
55,55,0.23294533789157867
56,56,73.71590423583984
57,57,0.33862048387527466
58,58,0.22250477969646454
59,59,0.16248658299446106
60,60,0.1252448856830597
61,61,73.71360778808594
62,62,0.6540828347206116
63,63,0.3443492352962494
64,64,0.19353947043418884
65,65,0.1155610904097557
66,66,73.71592712402344
67,67,0.3327961266040802
68,68,0.20119281113147736
69,69,0.1327895224094391
70,70,0.09253852069377899
71,71,73.71601104736328
72,72,0.28673800826072693
73,73,0.16093915700912476
74,74,0.0941377654671669
75,75,0.057277336716651917
