,n,wst_coefficients
0,0,0.2792837917804718
1,1,72.522216796875
2,2,19.32880973815918
3,3,13.960310935974121
4,4,10.818110466003418
5,5,8.698895454406738
6,6,73.259033203125
7,7,15.407028198242188
8,8,11.976606369018555
9,9,9.78670597076416
10,10,8.28067684173584
11,11,73.58650207519531
12,12,10.1826171875
13,13,8.149112701416016
14,14,6.87468147277832
15,15,6.0207085609436035
16,16,73.69084930419922
17,17,6.01698112487793
18,18,5.1059489250183105
19,19,4.400299072265625
20,20,3.8576791286468506
21,21,73.71329498291016
22,22,2.766580104827881
23,23,2.5378596782684326
24,24,2.328892230987549
25,25,2.144458532333374
26,26,73.33637237548828
27,27,4.731672763824463
28,28,2.336491823196411
29,29,1.175580382347107
30,30,0.5876255631446838
31,31,73.59423065185547
32,32,3.5035512447357178
33,33,1.9748475551605225
34,34,1.2206991910934448
35,35,0.7889875173568726
36,36,73.69139099121094
37,37,2.114363670349121
38,38,1.2986984252929688
39,39,0.863591194152832
40,40,0.6017664670944214
41,41,73.71331787109375
42,42,0.9747377634048462
43,43,0.653207004070282
44,44,0.46773561835289
45,45,0.34748274087905884
46,46,73.61311340332031
47,47,2.6591854095458984
48,48,1.401073694229126
49,49,0.7669801115989685
50,50,0.42806342244148254
51,51,73.69288635253906
52,52,1.7023558616638184
53,53,1.0682837963104248
54,54,0.7106045484542847
55,55,0.49055707454681396
56,56,73.71337127685547
57,57,0.8008906245231628
58,58,0.5555592775344849
59,59,0.41155895590782166
60,60,0.3147916793823242
61,61,73.69766998291016
62,62,1.296609878540039
63,63,0.6682814359664917
64,64,0.37362608313560486
65,65,0.2183755338191986
66,66,73.71358489990234
67,67,0.6917780637741089
68,68,0.4152899384498596
69,69,0.278717577457428
70,70,0.20053577423095703
71,71,73.7142333984375
72,72,0.6140543818473816
73,73,0.32957929372787476
74,74,0.18212677538394928
75,75,0.10664725303649902
