,n,wst_coefficients
0,0,0.2838982045650482
1,1,73.41751098632812
2,2,13.023061752319336
3,3,9.712799072265625
4,4,7.557528495788574
5,5,6.051104545593262
6,6,73.64041900634766
7,7,8.672248840332031
8,8,7.125863552093506
9,9,6.0115838050842285
10,10,5.185600280761719
11,11,73.70349884033203
12,12,4.621386528015137
13,13,4.007190227508545
14,14,3.5351107120513916
15,15,3.1769402027130127
16,16,73.71473693847656
17,17,2.0831356048583984
18,18,1.9018235206604004
19,19,1.7459039688110352
20,20,1.6130383014678955
21,21,73.71607971191406
22,22,0.8260061740875244
23,23,0.7611516714096069
24,24,0.7104847431182861
25,25,0.6708483099937439
26,26,73.65790557861328
27,27,2.0026259422302246
28,28,0.9965627789497375
29,29,0.49914053082466125
30,30,0.25424379110336304
31,31,73.70454406738281
32,32,1.195533037185669
33,33,0.7036596536636353
34,34,0.440443754196167
35,35,0.28388363122940063
36,36,73.71477508544922
37,37,0.5652478337287903
38,38,0.3579251170158386
39,39,0.24525949358940125
40,40,0.17544177174568176
41,41,73.71607208251953
42,42,0.23574887216091156
43,43,0.1517537534236908
44,44,0.10716823488473892
45,45,0.07947750389575958
46,46,73.70699310302734
47,47,0.9902270436286926
48,48,0.5196203589439392
49,49,0.28588196635246277
50,50,0.16456589102745056
51,51,73.71488952636719
52,52,0.5209378004074097
53,53,0.31998735666275024
54,54,0.21344813704490662
55,55,0.14829373359680176
56,56,73.71607208251953
57,57,0.23166866600513458
58,58,0.14842002093791962
59,59,0.10423625260591507
60,60,0.07753917574882507
61,61,73.71519470214844
62,62,0.4654289782047272
63,63,0.24846579134464264
64,64,0.13937067985534668
65,65,0.08374706655740738
66,66,73.7160873413086
67,67,0.23415791988372803
68,68,0.14193423092365265
69,69,0.09461181610822678
70,70,0.0663103386759758
71,71,73.71611785888672
72,72,0.19180160760879517
73,73,0.11319739371538162
74,74,0.06633155792951584
75,75,0.040187861770391464
