,n,wst_coefficients
0,0,0.2839072346687317
1,1,73.41805267333984
2,2,13.01278018951416
3,3,9.706236839294434
4,4,7.5528883934021
5,5,6.047637462615967
6,6,73.64056396484375
7,7,8.664897918701172
8,8,7.120345592498779
9,9,6.007192134857178
10,10,5.182005882263184
11,11,73.7035140991211
12,12,4.6176605224609375
13,13,4.004009246826172
14,14,3.5322909355163574
15,15,3.174424886703491
16,16,73.71473693847656
17,17,2.081500291824341
18,18,1.9004307985305786
19,19,1.7446421384811401
20,20,1.6118712425231934
21,21,73.71607208251953
22,22,0.8249581456184387
23,23,0.7604373097419739
24,24,0.7099030017852783
25,25,0.6703320741653442
26,26,73.65802764892578
27,27,2.0026886463165283
28,28,0.9965572357177734
29,29,0.49912792444229126
30,30,0.2542218565940857
31,31,73.70455932617188
32,32,1.1958379745483398
33,33,0.7037603259086609
34,34,0.4404940903186798
35,35,0.2839113175868988
36,36,73.71477508544922
37,37,0.5654581189155579
38,38,0.3580199182033539
39,39,0.24532419443130493
40,40,0.17548926174640656
41,41,73.71607208251953
42,42,0.23555175960063934
43,43,0.1517396718263626
44,44,0.10720432549715042
45,45,0.07951530814170837
46,46,73.7070083618164
47,47,0.9903427958488464
48,48,0.5196749567985535
49,49,0.28588563203811646
50,50,0.16454248130321503
51,51,73.71488952636719
52,52,0.5211800336837769
53,53,0.32010993361473083
54,54,0.21350237727165222
55,55,0.1483181267976761
56,56,73.71607208251953
57,57,0.23185637593269348
58,58,0.14847582578659058
59,59,0.10426004976034164
60,60,0.07754983752965927
61,61,73.71520233154297
62,62,0.4653821289539337
63,63,0.24838557839393616
64,64,0.13933047652244568
65,65,0.08372795581817627
66,66,73.7160873413086
67,67,0.23432967066764832
68,68,0.14193832874298096
69,69,0.09459821879863739
70,70,0.06631395220756531
71,71,73.71612548828125
72,72,0.19179275631904602
73,73,0.11320783197879791
74,74,0.06632234156131744
75,75,0.04016822203993797
