,n,wst_coefficients
0,0,0.2772473394870758
1,1,72.69007873535156
2,2,19.36490821838379
3,3,14.238645553588867
4,4,11.10884952545166
5,5,8.960992813110352
6,6,73.38180541992188
7,7,14.558930397033691
8,8,11.584896087646484
9,9,9.59979248046875
10,10,8.198137283325195
11,11,73.64271545410156
12,12,8.749982833862305
13,13,7.346506118774414
14,14,6.346523284912109
15,15,5.606443881988525
16,16,73.70477294921875
17,17,4.489465713500977
18,18,3.9453673362731934
19,19,3.5090384483337402
20,20,3.163755416870117
21,21,73.71491241455078
22,22,1.970080018043518
23,23,1.7999823093414307
24,24,1.651336669921875
25,25,1.5316107273101807
26,26,73.44764709472656
27,27,4.36204195022583
28,28,2.217367649078369
29,29,1.1244195699691772
30,30,0.5641345977783203
31,31,73.64794921875
32,32,2.9483964443206787
33,33,1.7593547105789185
34,34,1.116257667541504
35,35,0.7289910316467285
36,36,73.70502471923828
37,37,1.5606603622436523
38,38,1.0046294927597046
39,39,0.6920579671859741
40,40,0.4958662688732147
41,41,73.71492004394531
42,42,0.6946973204612732
43,43,0.4654068350791931
44,44,0.3340190649032593
45,45,0.2503410577774048
46,46,73.66040802001953
47,47,2.1711344718933105
48,48,1.1867196559906006
49,49,0.6666189432144165
50,50,0.3783952593803406
51,51,73.70574951171875
52,52,1.2548599243164062
53,53,0.804115891456604
54,54,0.54970383644104
55,55,0.3898923397064209
56,56,73.71495056152344
57,57,0.5744200944900513
58,58,0.39637473225593567
59,59,0.2902859151363373
60,60,0.22325947880744934
61,61,73.7080078125
62,62,0.9717036485671997
63,63,0.5247213840484619
64,64,0.2972868084907532
65,65,0.1757107675075531
66,66,73.71503448486328
67,67,0.4899134635925293
68,68,0.3101012706756592
69,69,0.21347855031490326
70,70,0.1528439223766327
71,71,73.71532440185547
72,72,0.4386845827102661
73,73,0.2394964098930359
74,74,0.1373196244239807
75,75,0.0826134979724884
